0 200 200 7 3.72019
0 180 200 7 3.72019
0 160 200 7 3.72019
0 140 200 7 3.72019
0 120 200 7 3.72019
0 100 200 7 3.72019
0 80 200 7 3.72019
0 60 200 7 3.72019
0 40 200 7 3.72019
0 20 200 7 3.72019
0 0 200 7 3.72019
0 200 200 7 3.72019
0 180 200 7 3.72019
0 160 200 7 3.72019
0 140 200 7 3.72019
0 120 200 7 3.72019
0 100 200 7 3.72019
0 80 200 7 3.72019
0 60 200 7 3.72019
0 40 200 7 3.72019
0 20 200 7 3.72019
0 0 200 7 3.72019
0 200 200 7 3.72019
0 180 200 7 3.72019
0 160 200 7 3.72019
0 140 200 7 3.72019
0 120 200 7 3.72019
0 100 200 7 3.72019
0 80 200 7 3.72019
0 60 200 7 3.72019
0 40 200 7 3.72019
0 20 200 7 3.72019
0 0 200 7 3.72019
0 200 200 7 3.72019
0 180 200 7 3.72019
0 160 200 7 3.72019
0 140 200 7 3.72019
0 120 200 7 3.72019
0 100 200 7 3.72019
0 80 200 7 3.72019
0 60 200 7 3.72019
0 40 200 7 3.72019
0 20 200 7 3.72019
0 0 200 7 3.72019
0 200 200 7 3.72019
0 180 200 7 3.72019
0 160 200 7 3.72019
0 140 200 7 3.72019
0 120 200 7 3.72019
0 100 200 7 3.72019
0 80 200 7 3.72019
0 60 200 7 3.72019
0 40 200 7 3.72019
0 20 200 7 3.72019
0 0 200 7 3.72019
0 200 200 7 3.72019
0 180 200 7 3.72019
0 160 200 7 3.72019
0 140 200 7 3.72019
0 120 200 7 3.72019
0 100 200 7 3.72019
0 80 200 7 3.72019
0 60 200 7 3.72019
0 40 200 7 3.72019
0 20 200 7 3.72019
0 0 200 7 3.72019
