0 200 200 7 8.16041
0 180 200 7 8.16041
0 160 200 7 8.16041
0 140 200 7 8.16041
0 120 200 7 8.16041
0 100 200 7 8.16041
0 80 200 7 8.16041
0 60 200 7 8.16041
0 40 200 7 8.16041
0 20 200 7 8.16041
0 0 200 7 8.16041
0 200 200 7 8.16041
0 180 200 7 8.16041
0 160 200 7 8.16041
0 140 200 7 8.16041
0 120 200 7 8.16041
0 100 200 7 8.16041
0 80 200 7 8.16041
0 60 200 7 8.16041
0 40 200 7 8.16041
0 20 200 7 8.16041
0 0 200 7 8.16041
0 200 200 7 8.16041
0 180 200 7 8.16041
0 160 200 7 8.16041
0 140 200 7 8.16041
0 120 200 7 8.16041
0 100 200 7 8.16041
0 80 200 7 8.16041
0 60 200 7 8.16041
0 40 200 7 8.16041
0 20 200 7 8.16041
0 0 200 7 8.16041
0 200 200 7 8.16041
0 180 200 7 8.16041
0 160 200 7 8.16041
0 140 200 7 8.16041
0 120 200 7 8.16041
0 100 200 7 8.16041
0 80 200 7 8.16041
0 60 200 7 8.16041
0 40 200 7 8.16041
0 20 200 7 8.16041
0 0 200 7 8.16041
0 200 200 7 8.16041
0 180 200 7 8.16041
0 160 200 7 8.16041
0 140 200 7 8.16041
0 120 200 7 8.16041
0 100 200 7 8.16041
0 80 200 7 8.16041
0 60 200 7 8.16041
0 40 200 7 8.16041
0 20 200 7 8.16041
0 0 200 7 8.16041
0 200 200 7 8.16041
0 180 200 7 8.16041
0 160 200 7 8.16041
0 140 200 7 8.16041
0 120 200 7 8.16041
0 100 200 7 8.16041
0 80 200 7 8.16041
0 60 200 7 8.16041
0 40 200 7 8.16041
0 20 200 7 8.16041
0 0 200 7 8.16041
