0.000217955 -2.82002e-05 200 6.99997 9.00045
11.0494 -1.28242 216.622 6.99997 9.00045
22.0985 -2.56476 233.244 6.99997 9.00045
33.1476 -3.84701 249.865 6.99997 9.00045
44.1964 -5.12913 266.487 6.99997 9.00045
55.2448 -6.41106 283.109 6.99998 9.00045
66.2927 -7.69282 299.732 6.99998 9.00045
77.3403 -8.97446 316.354 6.99998 9.00045
88.3874 -10.256 332.977 6.99999 9.00045
99.4341 -11.5376 349.6 6.99999 9.00045
110.481 -12.8191 366.224 6.99999 9.00045
0.000217955 -2.82002e-05 200 6.99997 9.00045
11.0494 -1.28242 216.622 6.99997 9.00045
22.0985 -2.56476 233.244 6.99997 9.00045
33.1476 -3.84701 249.865 6.99997 9.00045
44.1964 -5.12913 266.487 6.99997 9.00045
55.2448 -6.41106 283.109 6.99998 9.00045
66.2927 -7.69282 299.732 6.99998 9.00045
77.3403 -8.97446 316.354 6.99998 9.00045
88.3874 -10.256 332.977 6.99999 9.00045
99.4341 -11.5376 349.6 6.99999 9.00045
110.481 -12.8191 366.224 6.99999 9.00045
0.000217955 -2.82002e-05 200 6.99997 9.00045
11.0494 -1.28242 216.622 6.99997 9.00045
22.0985 -2.56476 233.244 6.99997 9.00045
33.1476 -3.84701 249.865 6.99997 9.00045
44.1964 -5.12913 266.487 6.99997 9.00045
55.2448 -6.41106 283.109 6.99998 9.00045
66.2927 -7.69282 299.732 6.99998 9.00045
77.3403 -8.97446 316.354 6.99998 9.00045
88.3874 -10.256 332.977 6.99999 9.00045
99.4341 -11.5376 349.6 6.99999 9.00045
110.481 -12.8191 366.224 6.99999 9.00045
0.000217955 -2.82002e-05 200 6.99997 9.00045
11.0494 -1.28242 216.622 6.99997 9.00045
22.0985 -2.56476 233.244 6.99997 9.00045
33.1476 -3.84701 249.865 6.99997 9.00045
44.1964 -5.12913 266.487 6.99997 9.00045
55.2448 -6.41106 283.109 6.99998 9.00045
66.2927 -7.69282 299.732 6.99998 9.00045
77.3403 -8.97446 316.354 6.99998 9.00045
88.3874 -10.256 332.977 6.99999 9.00045
99.4341 -11.5376 349.6 6.99999 9.00045
110.481 -12.8191 366.224 6.99999 9.00045
0.000217955 -2.82002e-05 200 6.99997 9.00045
11.0494 -1.28242 216.622 6.99997 9.00045
22.0985 -2.56476 233.244 6.99997 9.00045
33.1476 -3.84701 249.865 6.99997 9.00045
44.1964 -5.12913 266.487 6.99997 9.00045
55.2448 -6.41106 283.109 6.99998 9.00045
66.2927 -7.69282 299.732 6.99998 9.00045
77.3403 -8.97446 316.354 6.99998 9.00045
88.3874 -10.256 332.977 6.99999 9.00045
99.4341 -11.5376 349.6 6.99999 9.00045
110.481 -12.8191 366.224 6.99999 9.00045
0.000217955 -2.82002e-05 200 6.99997 9.00045
11.0494 -1.28242 216.622 6.99997 9.00045
22.0985 -2.56476 233.244 6.99997 9.00045
33.1476 -3.84701 249.865 6.99997 9.00045
44.1964 -5.12913 266.487 6.99997 9.00045
55.2448 -6.41106 283.109 6.99998 9.00045
66.2927 -7.69282 299.732 6.99998 9.00045
77.3403 -8.97446 316.354 6.99998 9.00045
88.3874 -10.256 332.977 6.99999 9.00045
99.4341 -11.5376 349.6 6.99999 9.00045
110.481 -12.8191 366.224 6.99999 9.00045
