-0.000240841 -2.00867e-06 200 6.99997 7.80039
-10.8144 1.27956 183.224 6.99998 7.80039
-21.6276 2.55944 166.448 6.99998 7.80039
-32.4395 3.8398 149.671 6.99998 7.80039
-43.2496 5.12062 132.893 6.99998 7.80039
-54.0577 6.4019 116.113 6.99998 7.80039
-64.8635 7.68356 99.3325 6.99998 7.80039
-75.6674 8.96548 82.5504 6.99999 7.80039
-86.4696 10.2476 65.7674 6.99999 7.80039
-97.2707 11.5298 48.9837 7 7.80039
-108.071 12.812 32.1996 7 7.80039
-0.000240841 -2.00867e-06 200 6.99997 7.80039
-10.8144 1.27956 183.224 6.99998 7.80039
-21.6276 2.55944 166.448 6.99998 7.80039
-32.4395 3.8398 149.671 6.99998 7.80039
-43.2496 5.12062 132.893 6.99998 7.80039
-54.0577 6.4019 116.113 6.99998 7.80039
-64.8635 7.68356 99.3325 6.99998 7.80039
-75.6674 8.96548 82.5504 6.99999 7.80039
-86.4696 10.2476 65.7674 6.99999 7.80039
-97.2707 11.5298 48.9837 7 7.80039
-108.071 12.812 32.1996 7 7.80039
-0.000240841 -2.00867e-06 200 6.99997 7.80039
-10.8144 1.27956 183.224 6.99998 7.80039
-21.6276 2.55944 166.448 6.99998 7.80039
-32.4395 3.8398 149.671 6.99998 7.80039
-43.2496 5.12062 132.893 6.99998 7.80039
-54.0577 6.4019 116.113 6.99998 7.80039
-64.8635 7.68356 99.3325 6.99998 7.80039
-75.6674 8.96548 82.5504 6.99999 7.80039
-86.4696 10.2476 65.7674 6.99999 7.80039
-97.2707 11.5298 48.9837 7 7.80039
-108.071 12.812 32.1996 7 7.80039
-0.000240841 -2.00867e-06 200 6.99997 7.80039
-10.8144 1.27956 183.224 6.99998 7.80039
-21.6276 2.55944 166.448 6.99998 7.80039
-32.4395 3.8398 149.671 6.99998 7.80039
-43.2496 5.12062 132.893 6.99998 7.80039
-54.0577 6.4019 116.113 6.99998 7.80039
-64.8635 7.68356 99.3325 6.99998 7.80039
-75.6674 8.96548 82.5504 6.99999 7.80039
-86.4696 10.2476 65.7674 6.99999 7.80039
-97.2707 11.5298 48.9837 7 7.80039
-108.071 12.812 32.1996 7 7.80039
-0.000240841 -2.00867e-06 200 6.99997 7.80039
-10.8144 1.27956 183.224 6.99998 7.80039
-21.6276 2.55944 166.448 6.99998 7.80039
-32.4395 3.8398 149.671 6.99998 7.80039
-43.2496 5.12062 132.893 6.99998 7.80039
-54.0577 6.4019 116.113 6.99998 7.80039
-64.8635 7.68356 99.3325 6.99998 7.80039
-75.6674 8.96548 82.5504 6.99999 7.80039
-86.4696 10.2476 65.7674 6.99999 7.80039
-97.2707 11.5298 48.9837 7 7.80039
-108.071 12.812 32.1996 7 7.80039
-0.000240841 -2.00867e-06 200 6.99997 7.80039
-10.8144 1.27956 183.224 6.99998 7.80039
-21.6276 2.55944 166.448 6.99998 7.80039
-32.4395 3.8398 149.671 6.99998 7.80039
-43.2496 5.12062 132.893 6.99998 7.80039
-54.0577 6.4019 116.113 6.99998 7.80039
-64.8635 7.68356 99.3325 6.99998 7.80039
-75.6674 8.96548 82.5504 6.99999 7.80039
-86.4696 10.2476 65.7674 6.99999 7.80039
-97.2707 11.5298 48.9837 7 7.80039
-108.071 12.812 32.1996 7 7.80039
