0.000203639 5.59156e-05 200 6.99997 8.22041
9.62571 2.2635 182.615 6.99997 8.22041
19.251 4.52679 165.23 6.99997 8.22041
28.876 6.78978 147.845 6.99997 8.22041
38.5008 9.0524 130.459 6.99997 8.22041
48.1254 11.3146 113.074 6.99998 8.22041
57.7502 13.5765 95.6884 6.99998 8.22041
67.3753 15.8381 78.3032 6.99998 8.22041
77.0008 18.0995 60.9181 6.99999 8.22041
86.6268 20.3609 43.5335 6.99999 8.22041
96.2535 22.6223 26.1491 7 8.22041
0.000203639 5.59156e-05 200 6.99997 8.22041
9.62571 2.2635 182.615 6.99997 8.22041
19.251 4.52679 165.23 6.99997 8.22041
28.876 6.78978 147.845 6.99997 8.22041
38.5008 9.0524 130.459 6.99997 8.22041
48.1254 11.3146 113.074 6.99998 8.22041
57.7502 13.5765 95.6884 6.99998 8.22041
67.3753 15.8381 78.3032 6.99998 8.22041
77.0008 18.0995 60.9181 6.99999 8.22041
86.6268 20.3609 43.5335 6.99999 8.22041
96.2535 22.6223 26.1491 7 8.22041
0.000203639 5.59156e-05 200 6.99997 8.22041
9.62571 2.2635 182.615 6.99997 8.22041
19.251 4.52679 165.23 6.99997 8.22041
28.876 6.78978 147.845 6.99997 8.22041
38.5008 9.0524 130.459 6.99997 8.22041
48.1254 11.3146 113.074 6.99998 8.22041
57.7502 13.5765 95.6884 6.99998 8.22041
67.3753 15.8381 78.3032 6.99998 8.22041
77.0008 18.0995 60.9181 6.99999 8.22041
86.6268 20.3609 43.5335 6.99999 8.22041
96.2535 22.6223 26.1491 7 8.22041
0.000203639 5.59156e-05 200 6.99997 8.22041
9.62571 2.2635 182.615 6.99997 8.22041
19.251 4.52679 165.23 6.99997 8.22041
28.876 6.78978 147.845 6.99997 8.22041
38.5008 9.0524 130.459 6.99997 8.22041
48.1254 11.3146 113.074 6.99998 8.22041
57.7502 13.5765 95.6884 6.99998 8.22041
67.3753 15.8381 78.3032 6.99998 8.22041
77.0008 18.0995 60.9181 6.99999 8.22041
86.6268 20.3609 43.5335 6.99999 8.22041
96.2535 22.6223 26.1491 7 8.22041
0.000203639 5.59156e-05 200 6.99997 8.22041
9.62571 2.2635 182.615 6.99997 8.22041
19.251 4.52679 165.23 6.99997 8.22041
28.876 6.78978 147.845 6.99997 8.22041
38.5008 9.0524 130.459 6.99997 8.22041
48.1254 11.3146 113.074 6.99998 8.22041
57.7502 13.5765 95.6884 6.99998 8.22041
67.3753 15.8381 78.3032 6.99998 8.22041
77.0008 18.0995 60.9181 6.99999 8.22041
86.6268 20.3609 43.5335 6.99999 8.22041
96.2535 22.6223 26.1491 7 8.22041
0.000203639 5.59156e-05 200 6.99997 8.22041
9.62571 2.2635 182.615 6.99997 8.22041
19.251 4.52679 165.23 6.99997 8.22041
28.876 6.78978 147.845 6.99997 8.22041
38.5008 9.0524 130.459 6.99997 8.22041
48.1254 11.3146 113.074 6.99998 8.22041
57.7502 13.5765 95.6884 6.99998 8.22041
67.3753 15.8381 78.3032 6.99998 8.22041
77.0008 18.0995 60.9181 6.99999 8.22041
86.6268 20.3609 43.5335 6.99999 8.22041
96.2535 22.6223 26.1491 7 8.22041
