-4.33409e-05 1.17175e-06 200 7 0.700035
3.0676 -19.1122 194.969 7 0.700035
6.13589 -38.2246 189.939 7 0.700035
9.20534 -57.3375 184.911 7 0.700035
12.2763 -76.4511 179.887 7 0.700035
15.3489 -95.5654 174.867 7 0.700035
18.4232 -114.681 169.851 7 0.700035
21.4988 -133.796 164.838 7 0.700035
24.5756 -152.913 159.829 7 0.700035
27.6533 -172.03 154.822 7 0.700035
30.7315 -191.147 149.816 7 0.700035
-4.33409e-05 1.17175e-06 200 7 0.700035
3.0676 -19.1122 194.969 7 0.700035
6.13589 -38.2246 189.939 7 0.700035
9.20534 -57.3375 184.911 7 0.700035
12.2763 -76.4511 179.887 7 0.700035
15.3489 -95.5654 174.867 7 0.700035
18.4232 -114.681 169.851 7 0.700035
21.4988 -133.796 164.838 7 0.700035
24.5756 -152.913 159.829 7 0.700035
27.6533 -172.03 154.822 7 0.700035
30.7315 -191.147 149.816 7 0.700035
-4.33409e-05 1.17175e-06 200 7 0.700035
3.0676 -19.1122 194.969 7 0.700035
6.13589 -38.2246 189.939 7 0.700035
9.20534 -57.3375 184.911 7 0.700035
12.2763 -76.4511 179.887 7 0.700035
15.3489 -95.5654 174.867 7 0.700035
18.4232 -114.681 169.851 7 0.700035
21.4988 -133.796 164.838 7 0.700035
24.5756 -152.913 159.829 7 0.700035
27.6533 -172.03 154.822 7 0.700035
30.7315 -191.147 149.816 7 0.700035
-4.33409e-05 1.17175e-06 200 7 0.700035
3.0676 -19.1122 194.969 7 0.700035
6.13589 -38.2246 189.939 7 0.700035
9.20534 -57.3375 184.911 7 0.700035
12.2763 -76.4511 179.887 7 0.700035
15.3489 -95.5654 174.867 7 0.700035
18.4232 -114.681 169.851 7 0.700035
21.4988 -133.796 164.838 7 0.700035
24.5756 -152.913 159.829 7 0.700035
27.6533 -172.03 154.822 7 0.700035
30.7315 -191.147 149.816 7 0.700035
-4.33409e-05 1.17175e-06 200 7 0.700035
3.0676 -19.1122 194.969 7 0.700035
6.13589 -38.2246 189.939 7 0.700035
9.20534 -57.3375 184.911 7 0.700035
12.2763 -76.4511 179.887 7 0.700035
15.3489 -95.5654 174.867 7 0.700035
18.4232 -114.681 169.851 7 0.700035
21.4988 -133.796 164.838 7 0.700035
24.5756 -152.913 159.829 7 0.700035
27.6533 -172.03 154.822 7 0.700035
30.7315 -191.147 149.816 7 0.700035
-4.33409e-05 1.17175e-06 200 7 0.700035
3.0676 -19.1122 194.969 7 0.700035
6.13589 -38.2246 189.939 7 0.700035
9.20534 -57.3375 184.911 7 0.700035
12.2763 -76.4511 179.887 7 0.700035
15.3489 -95.5654 174.867 7 0.700035
18.4232 -114.681 169.851 7 0.700035
21.4988 -133.796 164.838 7 0.700035
24.5756 -152.913 159.829 7 0.700035
27.6533 -172.03 154.822 7 0.700035
30.7315 -191.147 149.816 7 0.700035
