0.000393843 2.65761e-06 200 6.99997 8.74044
19.0177 0.0497564 206.193 6.99997 8.74044
38.035 0.0994878 212.385 6.99997 8.74044
57.0523 0.149186 218.578 6.99997 8.74044
76.0697 0.198827 224.77 6.99997 8.74044
95.0871 0.248424 230.962 6.99998 8.74044
114.104 0.298025 237.154 6.99998 8.74044
133.122 0.347616 243.347 6.99998 8.74044
152.139 0.397158 249.54 6.99999 8.74044
171.156 0.446649 255.733 6.99999 8.74044
190.172 0.496114 261.927 6.99999 8.74044
0.000393843 2.65761e-06 200 6.99997 8.74044
19.0177 0.0497564 206.193 6.99997 8.74044
38.035 0.0994878 212.385 6.99997 8.74044
57.0523 0.149186 218.578 6.99997 8.74044
76.0697 0.198827 224.77 6.99997 8.74044
95.0871 0.248424 230.962 6.99998 8.74044
114.104 0.298025 237.154 6.99998 8.74044
133.122 0.347616 243.347 6.99998 8.74044
152.139 0.397158 249.54 6.99999 8.74044
171.156 0.446649 255.733 6.99999 8.74044
190.172 0.496114 261.927 6.99999 8.74044
0.000393843 2.65761e-06 200 6.99997 8.74044
19.0177 0.0497564 206.193 6.99997 8.74044
38.035 0.0994878 212.385 6.99997 8.74044
57.0523 0.149186 218.578 6.99997 8.74044
76.0697 0.198827 224.77 6.99997 8.74044
95.0871 0.248424 230.962 6.99998 8.74044
114.104 0.298025 237.154 6.99998 8.74044
133.122 0.347616 243.347 6.99998 8.74044
152.139 0.397158 249.54 6.99999 8.74044
171.156 0.446649 255.733 6.99999 8.74044
190.172 0.496114 261.927 6.99999 8.74044
0.000393843 2.65761e-06 200 6.99997 8.74044
19.0177 0.0497564 206.193 6.99997 8.74044
38.035 0.0994878 212.385 6.99997 8.74044
57.0523 0.149186 218.578 6.99997 8.74044
76.0697 0.198827 224.77 6.99997 8.74044
95.0871 0.248424 230.962 6.99998 8.74044
114.104 0.298025 237.154 6.99998 8.74044
133.122 0.347616 243.347 6.99998 8.74044
152.139 0.397158 249.54 6.99999 8.74044
171.156 0.446649 255.733 6.99999 8.74044
190.172 0.496114 261.927 6.99999 8.74044
0.000393843 2.65761e-06 200 6.99997 8.74044
19.0177 0.0497564 206.193 6.99997 8.74044
38.035 0.0994878 212.385 6.99997 8.74044
57.0523 0.149186 218.578 6.99997 8.74044
76.0697 0.198827 224.77 6.99997 8.74044
95.0871 0.248424 230.962 6.99998 8.74044
114.104 0.298025 237.154 6.99998 8.74044
133.122 0.347616 243.347 6.99998 8.74044
152.139 0.397158 249.54 6.99999 8.74044
171.156 0.446649 255.733 6.99999 8.74044
190.172 0.496114 261.927 6.99999 8.74044
0.000393843 2.65761e-06 200 6.99997 8.74044
19.0177 0.0497564 206.193 6.99997 8.74044
38.035 0.0994878 212.385 6.99997 8.74044
57.0523 0.149186 218.578 6.99997 8.74044
76.0697 0.198827 224.77 6.99997 8.74044
95.0871 0.248424 230.962 6.99998 8.74044
114.104 0.298025 237.154 6.99998 8.74044
133.122 0.347616 243.347 6.99998 8.74044
152.139 0.397158 249.54 6.99999 8.74044
171.156 0.446649 255.733 6.99999 8.74044
190.172 0.496114 261.927 6.99999 8.74044
