-0.000257835 -3.54983e-05 200 6.99998 7.36037
-19.9343 -1.46415 200.703 6.99998 7.36037
-39.8684 -2.92804 201.405 6.99998 7.36037
-59.8026 -4.39152 202.105 6.99998 7.36037
-79.7369 -5.85455 202.803 6.99998 7.36037
-99.6713 -7.31704 203.499 6.99999 7.36037
-119.606 -8.77906 204.192 6.99999 7.36037
-139.54 -10.2408 204.882 6.99999 7.36037
-159.475 -11.7023 205.571 6.99999 7.36037
-179.41 -13.1639 206.259 7 7.36037
-199.345 -14.6255 206.946 7 7.36037
-0.000257835 -3.54983e-05 200 6.99998 7.36037
-19.9343 -1.46415 200.703 6.99998 7.36037
-39.8684 -2.92804 201.405 6.99998 7.36037
-59.8026 -4.39152 202.105 6.99998 7.36037
-79.7369 -5.85455 202.803 6.99998 7.36037
-99.6713 -7.31704 203.499 6.99999 7.36037
-119.606 -8.77906 204.192 6.99999 7.36037
-139.54 -10.2408 204.882 6.99999 7.36037
-159.475 -11.7023 205.571 6.99999 7.36037
-179.41 -13.1639 206.259 7 7.36037
-199.345 -14.6255 206.946 7 7.36037
-0.000257835 -3.54983e-05 200 6.99998 7.36037
-19.9343 -1.46415 200.703 6.99998 7.36037
-39.8684 -2.92804 201.405 6.99998 7.36037
-59.8026 -4.39152 202.105 6.99998 7.36037
-79.7369 -5.85455 202.803 6.99998 7.36037
-99.6713 -7.31704 203.499 6.99999 7.36037
-119.606 -8.77906 204.192 6.99999 7.36037
-139.54 -10.2408 204.882 6.99999 7.36037
-159.475 -11.7023 205.571 6.99999 7.36037
-179.41 -13.1639 206.259 7 7.36037
-199.345 -14.6255 206.946 7 7.36037
-0.000257835 -3.54983e-05 200 6.99998 7.36037
-19.9343 -1.46415 200.703 6.99998 7.36037
-39.8684 -2.92804 201.405 6.99998 7.36037
-59.8026 -4.39152 202.105 6.99998 7.36037
-79.7369 -5.85455 202.803 6.99998 7.36037
-99.6713 -7.31704 203.499 6.99999 7.36037
-119.606 -8.77906 204.192 6.99999 7.36037
-139.54 -10.2408 204.882 6.99999 7.36037
-159.475 -11.7023 205.571 6.99999 7.36037
-179.41 -13.1639 206.259 7 7.36037
-199.345 -14.6255 206.946 7 7.36037
-0.000257835 -3.54983e-05 200 6.99998 7.36037
-19.9343 -1.46415 200.703 6.99998 7.36037
-39.8684 -2.92804 201.405 6.99998 7.36037
-59.8026 -4.39152 202.105 6.99998 7.36037
-79.7369 -5.85455 202.803 6.99998 7.36037
-99.6713 -7.31704 203.499 6.99999 7.36037
-119.606 -8.77906 204.192 6.99999 7.36037
-139.54 -10.2408 204.882 6.99999 7.36037
-159.475 -11.7023 205.571 6.99999 7.36037
-179.41 -13.1639 206.259 7 7.36037
-199.345 -14.6255 206.946 7 7.36037
-0.000257835 -3.54983e-05 200 6.99998 7.36037
-19.9343 -1.46415 200.703 6.99998 7.36037
-39.8684 -2.92804 201.405 6.99998 7.36037
-59.8026 -4.39152 202.105 6.99998 7.36037
-79.7369 -5.85455 202.803 6.99998 7.36037
-99.6713 -7.31704 203.499 6.99999 7.36037
-119.606 -8.77906 204.192 6.99999 7.36037
-139.54 -10.2408 204.882 6.99999 7.36037
-159.475 -11.7023 205.571 6.99999 7.36037
-179.41 -13.1639 206.259 7 7.36037
-199.345 -14.6255 206.946 7 7.36037
