-2.22899e-05 -1.46502e-05 200 6.99999 3.14016
-9.10168 0.104288 217.809 6.99999 3.14016
-18.2034 0.208796 235.617 7 3.14016
-27.3054 0.313433 253.426 7 3.14016
-36.4076 0.418313 271.234 7 3.14016
-45.5106 0.523585 289.042 7 3.14016
-54.6141 0.628835 306.85 7 3.14016
-63.7181 0.733559 324.658 7 3.14016
-72.8224 0.837825 342.465 7 3.14016
-81.9271 0.941944 360.272 7 3.14016
-91.0322 1.04613 378.079 7 3.14016
-2.22899e-05 -1.46502e-05 200 6.99999 3.14016
-9.10168 0.104288 217.809 6.99999 3.14016
-18.2034 0.208796 235.617 7 3.14016
-27.3054 0.313433 253.426 7 3.14016
-36.4076 0.418313 271.234 7 3.14016
-45.5106 0.523585 289.042 7 3.14016
-54.6141 0.628835 306.85 7 3.14016
-63.7181 0.733559 324.658 7 3.14016
-72.8224 0.837825 342.465 7 3.14016
-81.9271 0.941944 360.272 7 3.14016
-91.0322 1.04613 378.079 7 3.14016
-2.22899e-05 -1.46502e-05 200 6.99999 3.14016
-9.10168 0.104288 217.809 6.99999 3.14016
-18.2034 0.208796 235.617 7 3.14016
-27.3054 0.313433 253.426 7 3.14016
-36.4076 0.418313 271.234 7 3.14016
-45.5106 0.523585 289.042 7 3.14016
-54.6141 0.628835 306.85 7 3.14016
-63.7181 0.733559 324.658 7 3.14016
-72.8224 0.837825 342.465 7 3.14016
-81.9271 0.941944 360.272 7 3.14016
-91.0322 1.04613 378.079 7 3.14016
-2.22899e-05 -1.46502e-05 200 6.99999 3.14016
-9.10168 0.104288 217.809 6.99999 3.14016
-18.2034 0.208796 235.617 7 3.14016
-27.3054 0.313433 253.426 7 3.14016
-36.4076 0.418313 271.234 7 3.14016
-45.5106 0.523585 289.042 7 3.14016
-54.6141 0.628835 306.85 7 3.14016
-63.7181 0.733559 324.658 7 3.14016
-72.8224 0.837825 342.465 7 3.14016
-81.9271 0.941944 360.272 7 3.14016
-91.0322 1.04613 378.079 7 3.14016
-2.22899e-05 -1.46502e-05 200 6.99999 3.14016
-9.10168 0.104288 217.809 6.99999 3.14016
-18.2034 0.208796 235.617 7 3.14016
-27.3054 0.313433 253.426 7 3.14016
-36.4076 0.418313 271.234 7 3.14016
-45.5106 0.523585 289.042 7 3.14016
-54.6141 0.628835 306.85 7 3.14016
-63.7181 0.733559 324.658 7 3.14016
-72.8224 0.837825 342.465 7 3.14016
-81.9271 0.941944 360.272 7 3.14016
-91.0322 1.04613 378.079 7 3.14016
-2.22899e-05 -1.46502e-05 200 6.99999 3.14016
-9.10168 0.104288 217.809 6.99999 3.14016
-18.2034 0.208796 235.617 7 3.14016
-27.3054 0.313433 253.426 7 3.14016
-36.4076 0.418313 271.234 7 3.14016
-45.5106 0.523585 289.042 7 3.14016
-54.6141 0.628835 306.85 7 3.14016
-63.7181 0.733559 324.658 7 3.14016
-72.8224 0.837825 342.465 7 3.14016
-81.9271 0.941944 360.272 7 3.14016
-91.0322 1.04613 378.079 7 3.14016
