-6.76937e-06 1.28583e-05 200 7 2.44012
7.58406 -6.95656 217.149 7 2.44012
15.1685 -13.9136 234.298 7 2.44012
22.7534 -20.8714 251.446 7 2.44012
30.3388 -27.8305 268.593 7 2.44012
37.9245 -34.7912 285.74 7 2.44012
45.5107 -41.754 302.885 7 2.44012
53.0974 -48.7187 320.03 7 2.44012
60.6842 -55.685 337.174 7 2.44012
68.2708 -62.6521 354.317 7 2.44012
75.857 -69.6193 371.461 7 2.44012
-6.76937e-06 1.28583e-05 200 7 2.44012
7.58406 -6.95656 217.149 7 2.44012
15.1685 -13.9136 234.298 7 2.44012
22.7534 -20.8714 251.446 7 2.44012
30.3388 -27.8305 268.593 7 2.44012
37.9245 -34.7912 285.74 7 2.44012
45.5107 -41.754 302.885 7 2.44012
53.0974 -48.7187 320.03 7 2.44012
60.6842 -55.685 337.174 7 2.44012
68.2708 -62.6521 354.317 7 2.44012
75.857 -69.6193 371.461 7 2.44012
-6.76937e-06 1.28583e-05 200 7 2.44012
7.58406 -6.95656 217.149 7 2.44012
15.1685 -13.9136 234.298 7 2.44012
22.7534 -20.8714 251.446 7 2.44012
30.3388 -27.8305 268.593 7 2.44012
37.9245 -34.7912 285.74 7 2.44012
45.5107 -41.754 302.885 7 2.44012
53.0974 -48.7187 320.03 7 2.44012
60.6842 -55.685 337.174 7 2.44012
68.2708 -62.6521 354.317 7 2.44012
75.857 -69.6193 371.461 7 2.44012
-6.76937e-06 1.28583e-05 200 7 2.44012
7.58406 -6.95656 217.149 7 2.44012
15.1685 -13.9136 234.298 7 2.44012
22.7534 -20.8714 251.446 7 2.44012
30.3388 -27.8305 268.593 7 2.44012
37.9245 -34.7912 285.74 7 2.44012
45.5107 -41.754 302.885 7 2.44012
53.0974 -48.7187 320.03 7 2.44012
60.6842 -55.685 337.174 7 2.44012
68.2708 -62.6521 354.317 7 2.44012
75.857 -69.6193 371.461 7 2.44012
-6.76937e-06 1.28583e-05 200 7 2.44012
7.58406 -6.95656 217.149 7 2.44012
15.1685 -13.9136 234.298 7 2.44012
22.7534 -20.8714 251.446 7 2.44012
30.3388 -27.8305 268.593 7 2.44012
37.9245 -34.7912 285.74 7 2.44012
45.5107 -41.754 302.885 7 2.44012
53.0974 -48.7187 320.03 7 2.44012
60.6842 -55.685 337.174 7 2.44012
68.2708 -62.6521 354.317 7 2.44012
75.857 -69.6193 371.461 7 2.44012
-6.76937e-06 1.28583e-05 200 7 2.44012
7.58406 -6.95656 217.149 7 2.44012
15.1685 -13.9136 234.298 7 2.44012
22.7534 -20.8714 251.446 7 2.44012
30.3388 -27.8305 268.593 7 2.44012
37.9245 -34.7912 285.74 7 2.44012
45.5107 -41.754 302.885 7 2.44012
53.0974 -48.7187 320.03 7 2.44012
60.6842 -55.685 337.174 7 2.44012
68.2708 -62.6521 354.317 7 2.44012
75.857 -69.6193 371.461 7 2.44012
