8.90521e-05 9.15059e-06 200 6.99999 5.60028
19.0256 1.62924 194.052 6.99999 5.60028
38.0515 3.25847 188.105 6.99999 5.60028
57.0777 4.88769 182.16 6.99999 5.60028
76.1045 6.51693 176.216 6.99999 5.60028
95.132 8.14617 170.274 6.99999 5.60028
114.16 9.77543 164.335 7 5.60028
133.189 11.4048 158.398 7 5.60028
152.219 13.0344 152.463 7 5.60028
171.249 14.6642 146.53 7 5.60028
190.279 16.294 140.597 7 5.60028
8.90521e-05 9.15059e-06 200 6.99999 5.60028
19.0256 1.62924 194.052 6.99999 5.60028
38.0515 3.25847 188.105 6.99999 5.60028
57.0777 4.88769 182.16 6.99999 5.60028
76.1045 6.51693 176.216 6.99999 5.60028
95.132 8.14617 170.274 6.99999 5.60028
114.16 9.77543 164.335 7 5.60028
133.189 11.4048 158.398 7 5.60028
152.219 13.0344 152.463 7 5.60028
171.249 14.6642 146.53 7 5.60028
190.279 16.294 140.597 7 5.60028
8.90521e-05 9.15059e-06 200 6.99999 5.60028
19.0256 1.62924 194.052 6.99999 5.60028
38.0515 3.25847 188.105 6.99999 5.60028
57.0777 4.88769 182.16 6.99999 5.60028
76.1045 6.51693 176.216 6.99999 5.60028
95.132 8.14617 170.274 6.99999 5.60028
114.16 9.77543 164.335 7 5.60028
133.189 11.4048 158.398 7 5.60028
152.219 13.0344 152.463 7 5.60028
171.249 14.6642 146.53 7 5.60028
190.279 16.294 140.597 7 5.60028
8.90521e-05 9.15059e-06 200 6.99999 5.60028
19.0256 1.62924 194.052 6.99999 5.60028
38.0515 3.25847 188.105 6.99999 5.60028
57.0777 4.88769 182.16 6.99999 5.60028
76.1045 6.51693 176.216 6.99999 5.60028
95.132 8.14617 170.274 6.99999 5.60028
114.16 9.77543 164.335 7 5.60028
133.189 11.4048 158.398 7 5.60028
152.219 13.0344 152.463 7 5.60028
171.249 14.6642 146.53 7 5.60028
190.279 16.294 140.597 7 5.60028
8.90521e-05 9.15059e-06 200 6.99999 5.60028
19.0256 1.62924 194.052 6.99999 5.60028
38.0515 3.25847 188.105 6.99999 5.60028
57.0777 4.88769 182.16 6.99999 5.60028
76.1045 6.51693 176.216 6.99999 5.60028
95.132 8.14617 170.274 6.99999 5.60028
114.16 9.77543 164.335 7 5.60028
133.189 11.4048 158.398 7 5.60028
152.219 13.0344 152.463 7 5.60028
171.249 14.6642 146.53 7 5.60028
190.279 16.294 140.597 7 5.60028
8.90521e-05 9.15059e-06 200 6.99999 5.60028
19.0256 1.62924 194.052 6.99999 5.60028
38.0515 3.25847 188.105 6.99999 5.60028
57.0777 4.88769 182.16 6.99999 5.60028
76.1045 6.51693 176.216 6.99999 5.60028
95.132 8.14617 170.274 6.99999 5.60028
114.16 9.77543 164.335 7 5.60028
133.189 11.4048 158.398 7 5.60028
152.219 13.0344 152.463 7 5.60028
171.249 14.6642 146.53 7 5.60028
190.279 16.294 140.597 7 5.60028
