-0.000230226 -2.51237e-05 200 6.99998 7.26036
-19.2365 -2.05691 205.074 6.99998 7.26036
-38.4728 -4.1138 210.147 6.99998 7.26036
-57.7092 -6.17082 215.22 6.99998 7.26036
-76.9458 -8.22802 220.291 6.99998 7.26036
-96.1828 -10.2853 225.362 6.99999 7.26036
-115.42 -12.3427 230.431 6.99999 7.26036
-134.658 -14.4 235.499 6.99999 7.26036
-153.896 -16.4572 240.565 6.99999 7.26036
-173.134 -18.5143 245.631 7 7.26036
-192.372 -20.5714 250.695 7 7.26036
-0.000230226 -2.51237e-05 200 6.99998 7.26036
-19.2365 -2.05691 205.074 6.99998 7.26036
-38.4728 -4.1138 210.147 6.99998 7.26036
-57.7092 -6.17082 215.22 6.99998 7.26036
-76.9458 -8.22802 220.291 6.99998 7.26036
-96.1828 -10.2853 225.362 6.99999 7.26036
-115.42 -12.3427 230.431 6.99999 7.26036
-134.658 -14.4 235.499 6.99999 7.26036
-153.896 -16.4572 240.565 6.99999 7.26036
-173.134 -18.5143 245.631 7 7.26036
-192.372 -20.5714 250.695 7 7.26036
-0.000230226 -2.51237e-05 200 6.99998 7.26036
-19.2365 -2.05691 205.074 6.99998 7.26036
-38.4728 -4.1138 210.147 6.99998 7.26036
-57.7092 -6.17082 215.22 6.99998 7.26036
-76.9458 -8.22802 220.291 6.99998 7.26036
-96.1828 -10.2853 225.362 6.99999 7.26036
-115.42 -12.3427 230.431 6.99999 7.26036
-134.658 -14.4 235.499 6.99999 7.26036
-153.896 -16.4572 240.565 6.99999 7.26036
-173.134 -18.5143 245.631 7 7.26036
-192.372 -20.5714 250.695 7 7.26036
-0.000230226 -2.51237e-05 200 6.99998 7.26036
-19.2365 -2.05691 205.074 6.99998 7.26036
-38.4728 -4.1138 210.147 6.99998 7.26036
-57.7092 -6.17082 215.22 6.99998 7.26036
-76.9458 -8.22802 220.291 6.99998 7.26036
-96.1828 -10.2853 225.362 6.99999 7.26036
-115.42 -12.3427 230.431 6.99999 7.26036
-134.658 -14.4 235.499 6.99999 7.26036
-153.896 -16.4572 240.565 6.99999 7.26036
-173.134 -18.5143 245.631 7 7.26036
-192.372 -20.5714 250.695 7 7.26036
-0.000230226 -2.51237e-05 200 6.99998 7.26036
-19.2365 -2.05691 205.074 6.99998 7.26036
-38.4728 -4.1138 210.147 6.99998 7.26036
-57.7092 -6.17082 215.22 6.99998 7.26036
-76.9458 -8.22802 220.291 6.99998 7.26036
-96.1828 -10.2853 225.362 6.99999 7.26036
-115.42 -12.3427 230.431 6.99999 7.26036
-134.658 -14.4 235.499 6.99999 7.26036
-153.896 -16.4572 240.565 6.99999 7.26036
-173.134 -18.5143 245.631 7 7.26036
-192.372 -20.5714 250.695 7 7.26036
-0.000230226 -2.51237e-05 200 6.99998 7.26036
-19.2365 -2.05691 205.074 6.99998 7.26036
-38.4728 -4.1138 210.147 6.99998 7.26036
-57.7092 -6.17082 215.22 6.99998 7.26036
-76.9458 -8.22802 220.291 6.99998 7.26036
-96.1828 -10.2853 225.362 6.99999 7.26036
-115.42 -12.3427 230.431 6.99999 7.26036
-134.658 -14.4 235.499 6.99999 7.26036
-153.896 -16.4572 240.565 6.99999 7.26036
-173.134 -18.5143 245.631 7 7.26036
-192.372 -20.5714 250.695 7 7.26036
