1.97459e-05 -4.69245e-05 200 7 1.54008
13.1008 -15.0916 200.785 7 1.54008
26.2017 -30.1829 201.572 7 1.54008
39.3028 -45.2738 202.362 7 1.54008
52.4041 -60.3644 203.158 7 1.54008
65.5051 -75.4549 203.958 7 1.54008
78.6058 -90.5454 204.763 7 1.54008
91.7059 -105.636 205.572 7 1.54008
104.806 -120.727 206.384 7 1.54008
117.905 -135.818 207.199 7 1.54008
131.004 -150.91 208.014 7 1.54008
1.97459e-05 -4.69245e-05 200 7 1.54008
13.1008 -15.0916 200.785 7 1.54008
26.2017 -30.1829 201.572 7 1.54008
39.3028 -45.2738 202.362 7 1.54008
52.4041 -60.3644 203.158 7 1.54008
65.5051 -75.4549 203.958 7 1.54008
78.6058 -90.5454 204.763 7 1.54008
91.7059 -105.636 205.572 7 1.54008
104.806 -120.727 206.384 7 1.54008
117.905 -135.818 207.199 7 1.54008
131.004 -150.91 208.014 7 1.54008
1.97459e-05 -4.69245e-05 200 7 1.54008
13.1008 -15.0916 200.785 7 1.54008
26.2017 -30.1829 201.572 7 1.54008
39.3028 -45.2738 202.362 7 1.54008
52.4041 -60.3644 203.158 7 1.54008
65.5051 -75.4549 203.958 7 1.54008
78.6058 -90.5454 204.763 7 1.54008
91.7059 -105.636 205.572 7 1.54008
104.806 -120.727 206.384 7 1.54008
117.905 -135.818 207.199 7 1.54008
131.004 -150.91 208.014 7 1.54008
1.97459e-05 -4.69245e-05 200 7 1.54008
13.1008 -15.0916 200.785 7 1.54008
26.2017 -30.1829 201.572 7 1.54008
39.3028 -45.2738 202.362 7 1.54008
52.4041 -60.3644 203.158 7 1.54008
65.5051 -75.4549 203.958 7 1.54008
78.6058 -90.5454 204.763 7 1.54008
91.7059 -105.636 205.572 7 1.54008
104.806 -120.727 206.384 7 1.54008
117.905 -135.818 207.199 7 1.54008
131.004 -150.91 208.014 7 1.54008
1.97459e-05 -4.69245e-05 200 7 1.54008
13.1008 -15.0916 200.785 7 1.54008
26.2017 -30.1829 201.572 7 1.54008
39.3028 -45.2738 202.362 7 1.54008
52.4041 -60.3644 203.158 7 1.54008
65.5051 -75.4549 203.958 7 1.54008
78.6058 -90.5454 204.763 7 1.54008
91.7059 -105.636 205.572 7 1.54008
104.806 -120.727 206.384 7 1.54008
117.905 -135.818 207.199 7 1.54008
131.004 -150.91 208.014 7 1.54008
1.97459e-05 -4.69245e-05 200 7 1.54008
13.1008 -15.0916 200.785 7 1.54008
26.2017 -30.1829 201.572 7 1.54008
39.3028 -45.2738 202.362 7 1.54008
52.4041 -60.3644 203.158 7 1.54008
65.5051 -75.4549 203.958 7 1.54008
78.6058 -90.5454 204.763 7 1.54008
91.7059 -105.636 205.572 7 1.54008
104.806 -120.727 206.384 7 1.54008
117.905 -135.818 207.199 7 1.54008
131.004 -150.91 208.014 7 1.54008
