-0.000126122 -3.4464e-05 200 6.99999 4.10021
-17.9234 6.48802 193.945 6.99999 4.10021
-35.8461 12.977 187.889 6.99999 4.10021
-53.7676 19.4674 181.832 6.99999 4.10021
-71.6879 25.9596 175.772 6.99999 4.10021
-89.6067 32.4536 169.71 7 4.10021
-107.524 38.9493 163.646 7 4.10021
-125.44 45.4465 157.58 7 4.10021
-143.356 51.9446 151.513 7 4.10021
-161.271 58.4431 145.445 7 4.10021
-179.185 64.942 139.376 7 4.10021
-0.000126122 -3.4464e-05 200 6.99999 4.10021
-17.9234 6.48802 193.945 6.99999 4.10021
-35.8461 12.977 187.889 6.99999 4.10021
-53.7676 19.4674 181.832 6.99999 4.10021
-71.6879 25.9596 175.772 6.99999 4.10021
-89.6067 32.4536 169.71 7 4.10021
-107.524 38.9493 163.646 7 4.10021
-125.44 45.4465 157.58 7 4.10021
-143.356 51.9446 151.513 7 4.10021
-161.271 58.4431 145.445 7 4.10021
-179.185 64.942 139.376 7 4.10021
-0.000126122 -3.4464e-05 200 6.99999 4.10021
-17.9234 6.48802 193.945 6.99999 4.10021
-35.8461 12.977 187.889 6.99999 4.10021
-53.7676 19.4674 181.832 6.99999 4.10021
-71.6879 25.9596 175.772 6.99999 4.10021
-89.6067 32.4536 169.71 7 4.10021
-107.524 38.9493 163.646 7 4.10021
-125.44 45.4465 157.58 7 4.10021
-143.356 51.9446 151.513 7 4.10021
-161.271 58.4431 145.445 7 4.10021
-179.185 64.942 139.376 7 4.10021
-0.000126122 -3.4464e-05 200 6.99999 4.10021
-17.9234 6.48802 193.945 6.99999 4.10021
-35.8461 12.977 187.889 6.99999 4.10021
-53.7676 19.4674 181.832 6.99999 4.10021
-71.6879 25.9596 175.772 6.99999 4.10021
-89.6067 32.4536 169.71 7 4.10021
-107.524 38.9493 163.646 7 4.10021
-125.44 45.4465 157.58 7 4.10021
-143.356 51.9446 151.513 7 4.10021
-161.271 58.4431 145.445 7 4.10021
-179.185 64.942 139.376 7 4.10021
-0.000126122 -3.4464e-05 200 6.99999 4.10021
-17.9234 6.48802 193.945 6.99999 4.10021
-35.8461 12.977 187.889 6.99999 4.10021
-53.7676 19.4674 181.832 6.99999 4.10021
-71.6879 25.9596 175.772 6.99999 4.10021
-89.6067 32.4536 169.71 7 4.10021
-107.524 38.9493 163.646 7 4.10021
-125.44 45.4465 157.58 7 4.10021
-143.356 51.9446 151.513 7 4.10021
-161.271 58.4431 145.445 7 4.10021
-179.185 64.942 139.376 7 4.10021
-0.000126122 -3.4464e-05 200 6.99999 4.10021
-17.9234 6.48802 193.945 6.99999 4.10021
-35.8461 12.977 187.889 6.99999 4.10021
-53.7676 19.4674 181.832 6.99999 4.10021
-71.6879 25.9596 175.772 6.99999 4.10021
-89.6067 32.4536 169.71 7 4.10021
-107.524 38.9493 163.646 7 4.10021
-125.44 45.4465 157.58 7 4.10021
-143.356 51.9446 151.513 7 4.10021
-161.271 58.4431 145.445 7 4.10021
-179.185 64.942 139.376 7 4.10021
