0.000114886 1.45141e-05 200 6.99999 5.72029
19.8832 0.775281 197.984 6.99999 5.72029
39.7663 1.55041 195.968 6.99999 5.72029
59.6496 2.32533 193.954 6.99999 5.72029
79.5329 3.10009 191.941 6.99999 5.72029
99.4164 3.87477 189.929 6.99999 5.72029
119.3 4.64946 187.918 7 5.72029
139.184 5.42421 185.909 7 5.72029
159.068 6.19903 183.902 7 5.72029
178.952 6.97393 181.895 7 5.72029
198.836 7.74888 179.889 7 5.72029
0.000114886 1.45141e-05 200 6.99999 5.72029
19.8832 0.775281 197.984 6.99999 5.72029
39.7663 1.55041 195.968 6.99999 5.72029
59.6496 2.32533 193.954 6.99999 5.72029
79.5329 3.10009 191.941 6.99999 5.72029
99.4164 3.87477 189.929 6.99999 5.72029
119.3 4.64946 187.918 7 5.72029
139.184 5.42421 185.909 7 5.72029
159.068 6.19903 183.902 7 5.72029
178.952 6.97393 181.895 7 5.72029
198.836 7.74888 179.889 7 5.72029
0.000114886 1.45141e-05 200 6.99999 5.72029
19.8832 0.775281 197.984 6.99999 5.72029
39.7663 1.55041 195.968 6.99999 5.72029
59.6496 2.32533 193.954 6.99999 5.72029
79.5329 3.10009 191.941 6.99999 5.72029
99.4164 3.87477 189.929 6.99999 5.72029
119.3 4.64946 187.918 7 5.72029
139.184 5.42421 185.909 7 5.72029
159.068 6.19903 183.902 7 5.72029
178.952 6.97393 181.895 7 5.72029
198.836 7.74888 179.889 7 5.72029
0.000114886 1.45141e-05 200 6.99999 5.72029
19.8832 0.775281 197.984 6.99999 5.72029
39.7663 1.55041 195.968 6.99999 5.72029
59.6496 2.32533 193.954 6.99999 5.72029
79.5329 3.10009 191.941 6.99999 5.72029
99.4164 3.87477 189.929 6.99999 5.72029
119.3 4.64946 187.918 7 5.72029
139.184 5.42421 185.909 7 5.72029
159.068 6.19903 183.902 7 5.72029
178.952 6.97393 181.895 7 5.72029
198.836 7.74888 179.889 7 5.72029
0.000114886 1.45141e-05 200 6.99999 5.72029
19.8832 0.775281 197.984 6.99999 5.72029
39.7663 1.55041 195.968 6.99999 5.72029
59.6496 2.32533 193.954 6.99999 5.72029
79.5329 3.10009 191.941 6.99999 5.72029
99.4164 3.87477 189.929 6.99999 5.72029
119.3 4.64946 187.918 7 5.72029
139.184 5.42421 185.909 7 5.72029
159.068 6.19903 183.902 7 5.72029
178.952 6.97393 181.895 7 5.72029
198.836 7.74888 179.889 7 5.72029
0.000114886 1.45141e-05 200 6.99999 5.72029
19.8832 0.775281 197.984 6.99999 5.72029
39.7663 1.55041 195.968 6.99999 5.72029
59.6496 2.32533 193.954 6.99999 5.72029
79.5329 3.10009 191.941 6.99999 5.72029
99.4164 3.87477 189.929 6.99999 5.72029
119.3 4.64946 187.918 7 5.72029
139.184 5.42421 185.909 7 5.72029
159.068 6.19903 183.902 7 5.72029
178.952 6.97393 181.895 7 5.72029
198.836 7.74888 179.889 7 5.72029
