7.4976e-05 -7.33375e-05 200 7 1.9401
13.7411 -11.8542 208.406 7 1.9401
27.4814 -23.7077 216.814 7 1.9401
41.2205 -35.5601 225.226 7 1.9401
54.9582 -47.4115 233.642 7 1.9401
68.6942 -59.2617 242.062 7 1.9401
82.4286 -71.1109 250.486 7 1.9401
96.1617 -82.9592 258.913 7 1.9401
109.894 -94.807 267.343 7 1.9401
123.625 -106.655 275.774 7 1.9401
137.356 -118.502 284.206 7 1.9401
7.4976e-05 -7.33375e-05 200 7 1.9401
13.7411 -11.8542 208.406 7 1.9401
27.4814 -23.7077 216.814 7 1.9401
41.2205 -35.5601 225.226 7 1.9401
54.9582 -47.4115 233.642 7 1.9401
68.6942 -59.2617 242.062 7 1.9401
82.4286 -71.1109 250.486 7 1.9401
96.1617 -82.9592 258.913 7 1.9401
109.894 -94.807 267.343 7 1.9401
123.625 -106.655 275.774 7 1.9401
137.356 -118.502 284.206 7 1.9401
7.4976e-05 -7.33375e-05 200 7 1.9401
13.7411 -11.8542 208.406 7 1.9401
27.4814 -23.7077 216.814 7 1.9401
41.2205 -35.5601 225.226 7 1.9401
54.9582 -47.4115 233.642 7 1.9401
68.6942 -59.2617 242.062 7 1.9401
82.4286 -71.1109 250.486 7 1.9401
96.1617 -82.9592 258.913 7 1.9401
109.894 -94.807 267.343 7 1.9401
123.625 -106.655 275.774 7 1.9401
137.356 -118.502 284.206 7 1.9401
7.4976e-05 -7.33375e-05 200 7 1.9401
13.7411 -11.8542 208.406 7 1.9401
27.4814 -23.7077 216.814 7 1.9401
41.2205 -35.5601 225.226 7 1.9401
54.9582 -47.4115 233.642 7 1.9401
68.6942 -59.2617 242.062 7 1.9401
82.4286 -71.1109 250.486 7 1.9401
96.1617 -82.9592 258.913 7 1.9401
109.894 -94.807 267.343 7 1.9401
123.625 -106.655 275.774 7 1.9401
137.356 -118.502 284.206 7 1.9401
7.4976e-05 -7.33375e-05 200 7 1.9401
13.7411 -11.8542 208.406 7 1.9401
27.4814 -23.7077 216.814 7 1.9401
41.2205 -35.5601 225.226 7 1.9401
54.9582 -47.4115 233.642 7 1.9401
68.6942 -59.2617 242.062 7 1.9401
82.4286 -71.1109 250.486 7 1.9401
96.1617 -82.9592 258.913 7 1.9401
109.894 -94.807 267.343 7 1.9401
123.625 -106.655 275.774 7 1.9401
137.356 -118.502 284.206 7 1.9401
7.4976e-05 -7.33375e-05 200 7 1.9401
13.7411 -11.8542 208.406 7 1.9401
27.4814 -23.7077 216.814 7 1.9401
41.2205 -35.5601 225.226 7 1.9401
54.9582 -47.4115 233.642 7 1.9401
68.6942 -59.2617 242.062 7 1.9401
82.4286 -71.1109 250.486 7 1.9401
96.1617 -82.9592 258.913 7 1.9401
109.894 -94.807 267.343 7 1.9401
123.625 -106.655 275.774 7 1.9401
137.356 -118.502 284.206 7 1.9401
