-3.3635e-05 1.49107e-06 200 7 0.80004
4.2529 -18.8167 194.723 7 0.80004
8.50637 -37.6337 189.448 7 0.80004
12.7606 -56.4511 184.175 7 0.80004
17.0159 -75.2693 178.905 7 0.80004
21.2728 -94.0884 173.64 7 0.80004
25.5314 -112.908 168.379 7 0.80004
29.7919 -131.728 163.121 7 0.80004
34.054 -150.549 157.865 7 0.80004
38.3172 -169.37 152.611 7 0.80004
42.5809 -188.191 147.358 7 0.80004
-3.3635e-05 1.49107e-06 200 7 0.80004
4.2529 -18.8167 194.723 7 0.80004
8.50637 -37.6337 189.448 7 0.80004
12.7606 -56.4511 184.175 7 0.80004
17.0159 -75.2693 178.905 7 0.80004
21.2728 -94.0884 173.64 7 0.80004
25.5314 -112.908 168.379 7 0.80004
29.7919 -131.728 163.121 7 0.80004
34.054 -150.549 157.865 7 0.80004
38.3172 -169.37 152.611 7 0.80004
42.5809 -188.191 147.358 7 0.80004
-3.3635e-05 1.49107e-06 200 7 0.80004
4.2529 -18.8167 194.723 7 0.80004
8.50637 -37.6337 189.448 7 0.80004
12.7606 -56.4511 184.175 7 0.80004
17.0159 -75.2693 178.905 7 0.80004
21.2728 -94.0884 173.64 7 0.80004
25.5314 -112.908 168.379 7 0.80004
29.7919 -131.728 163.121 7 0.80004
34.054 -150.549 157.865 7 0.80004
38.3172 -169.37 152.611 7 0.80004
42.5809 -188.191 147.358 7 0.80004
-3.3635e-05 1.49107e-06 200 7 0.80004
4.2529 -18.8167 194.723 7 0.80004
8.50637 -37.6337 189.448 7 0.80004
12.7606 -56.4511 184.175 7 0.80004
17.0159 -75.2693 178.905 7 0.80004
21.2728 -94.0884 173.64 7 0.80004
25.5314 -112.908 168.379 7 0.80004
29.7919 -131.728 163.121 7 0.80004
34.054 -150.549 157.865 7 0.80004
38.3172 -169.37 152.611 7 0.80004
42.5809 -188.191 147.358 7 0.80004
-3.3635e-05 1.49107e-06 200 7 0.80004
4.2529 -18.8167 194.723 7 0.80004
8.50637 -37.6337 189.448 7 0.80004
12.7606 -56.4511 184.175 7 0.80004
17.0159 -75.2693 178.905 7 0.80004
21.2728 -94.0884 173.64 7 0.80004
25.5314 -112.908 168.379 7 0.80004
29.7919 -131.728 163.121 7 0.80004
34.054 -150.549 157.865 7 0.80004
38.3172 -169.37 152.611 7 0.80004
42.5809 -188.191 147.358 7 0.80004
-3.3635e-05 1.49107e-06 200 7 0.80004
4.2529 -18.8167 194.723 7 0.80004
8.50637 -37.6337 189.448 7 0.80004
12.7606 -56.4511 184.175 7 0.80004
17.0159 -75.2693 178.905 7 0.80004
21.2728 -94.0884 173.64 7 0.80004
25.5314 -112.908 168.379 7 0.80004
29.7919 -131.728 163.121 7 0.80004
34.054 -150.549 157.865 7 0.80004
38.3172 -169.37 152.611 7 0.80004
42.5809 -188.191 147.358 7 0.80004
