-6.30492e-05 2.61448e-06 200 6.99999 3.58018
-17.4034 3.7891 209.098 6.99999 3.58018
-34.8068 7.57837 218.195 6.99999 3.58018
-52.2103 11.368 227.292 7 3.58018
-69.6138 15.1581 236.389 7 3.58018
-87.0176 18.9487 245.485 7 3.58018
-104.422 22.7397 254.581 7 3.58018
-121.826 26.5308 263.676 7 3.58018
-139.23 30.322 272.771 7 3.58018
-156.635 34.1133 281.864 7 3.58018
-174.04 37.9048 290.958 7 3.58018
-6.30492e-05 2.61448e-06 200 6.99999 3.58018
-17.4034 3.7891 209.098 6.99999 3.58018
-34.8068 7.57837 218.195 6.99999 3.58018
-52.2103 11.368 227.292 7 3.58018
-69.6138 15.1581 236.389 7 3.58018
-87.0176 18.9487 245.485 7 3.58018
-104.422 22.7397 254.581 7 3.58018
-121.826 26.5308 263.676 7 3.58018
-139.23 30.322 272.771 7 3.58018
-156.635 34.1133 281.864 7 3.58018
-174.04 37.9048 290.958 7 3.58018
-6.30492e-05 2.61448e-06 200 6.99999 3.58018
-17.4034 3.7891 209.098 6.99999 3.58018
-34.8068 7.57837 218.195 6.99999 3.58018
-52.2103 11.368 227.292 7 3.58018
-69.6138 15.1581 236.389 7 3.58018
-87.0176 18.9487 245.485 7 3.58018
-104.422 22.7397 254.581 7 3.58018
-121.826 26.5308 263.676 7 3.58018
-139.23 30.322 272.771 7 3.58018
-156.635 34.1133 281.864 7 3.58018
-174.04 37.9048 290.958 7 3.58018
-6.30492e-05 2.61448e-06 200 6.99999 3.58018
-17.4034 3.7891 209.098 6.99999 3.58018
-34.8068 7.57837 218.195 6.99999 3.58018
-52.2103 11.368 227.292 7 3.58018
-69.6138 15.1581 236.389 7 3.58018
-87.0176 18.9487 245.485 7 3.58018
-104.422 22.7397 254.581 7 3.58018
-121.826 26.5308 263.676 7 3.58018
-139.23 30.322 272.771 7 3.58018
-156.635 34.1133 281.864 7 3.58018
-174.04 37.9048 290.958 7 3.58018
-6.30492e-05 2.61448e-06 200 6.99999 3.58018
-17.4034 3.7891 209.098 6.99999 3.58018
-34.8068 7.57837 218.195 6.99999 3.58018
-52.2103 11.368 227.292 7 3.58018
-69.6138 15.1581 236.389 7 3.58018
-87.0176 18.9487 245.485 7 3.58018
-104.422 22.7397 254.581 7 3.58018
-121.826 26.5308 263.676 7 3.58018
-139.23 30.322 272.771 7 3.58018
-156.635 34.1133 281.864 7 3.58018
-174.04 37.9048 290.958 7 3.58018
-6.30492e-05 2.61448e-06 200 6.99999 3.58018
-17.4034 3.7891 209.098 6.99999 3.58018
-34.8068 7.57837 218.195 6.99999 3.58018
-52.2103 11.368 227.292 7 3.58018
-69.6138 15.1581 236.389 7 3.58018
-87.0176 18.9487 245.485 7 3.58018
-104.422 22.7397 254.581 7 3.58018
-121.826 26.5308 263.676 7 3.58018
-139.23 30.322 272.771 7 3.58018
-156.635 34.1133 281.864 7 3.58018
-174.04 37.9048 290.958 7 3.58018
