0.000415859 2.02455e-05 200 6.99997 8.60043
19.9526 0.861435 198.916 6.99997 8.60043
39.9049 1.72282 197.833 6.99997 8.60043
59.8571 2.58418 196.751 6.99997 8.60043
79.8095 3.44556 195.669 6.99997 8.60043
99.7618 4.30704 194.589 6.99998 8.60043
119.714 5.16868 193.51 6.99998 8.60043
139.667 6.03046 192.433 6.99998 8.60043
159.619 6.89233 191.357 6.99999 8.60043
179.572 7.75423 190.282 6.99999 8.60043
199.524 8.61614 189.208 6.99999 8.60043
0.000415859 2.02455e-05 200 6.99997 8.60043
19.9526 0.861435 198.916 6.99997 8.60043
39.9049 1.72282 197.833 6.99997 8.60043
59.8571 2.58418 196.751 6.99997 8.60043
79.8095 3.44556 195.669 6.99997 8.60043
99.7618 4.30704 194.589 6.99998 8.60043
119.714 5.16868 193.51 6.99998 8.60043
139.667 6.03046 192.433 6.99998 8.60043
159.619 6.89233 191.357 6.99999 8.60043
179.572 7.75423 190.282 6.99999 8.60043
199.524 8.61614 189.208 6.99999 8.60043
0.000415859 2.02455e-05 200 6.99997 8.60043
19.9526 0.861435 198.916 6.99997 8.60043
39.9049 1.72282 197.833 6.99997 8.60043
59.8571 2.58418 196.751 6.99997 8.60043
79.8095 3.44556 195.669 6.99997 8.60043
99.7618 4.30704 194.589 6.99998 8.60043
119.714 5.16868 193.51 6.99998 8.60043
139.667 6.03046 192.433 6.99998 8.60043
159.619 6.89233 191.357 6.99999 8.60043
179.572 7.75423 190.282 6.99999 8.60043
199.524 8.61614 189.208 6.99999 8.60043
0.000415859 2.02455e-05 200 6.99997 8.60043
19.9526 0.861435 198.916 6.99997 8.60043
39.9049 1.72282 197.833 6.99997 8.60043
59.8571 2.58418 196.751 6.99997 8.60043
79.8095 3.44556 195.669 6.99997 8.60043
99.7618 4.30704 194.589 6.99998 8.60043
119.714 5.16868 193.51 6.99998 8.60043
139.667 6.03046 192.433 6.99998 8.60043
159.619 6.89233 191.357 6.99999 8.60043
179.572 7.75423 190.282 6.99999 8.60043
199.524 8.61614 189.208 6.99999 8.60043
0.000415859 2.02455e-05 200 6.99997 8.60043
19.9526 0.861435 198.916 6.99997 8.60043
39.9049 1.72282 197.833 6.99997 8.60043
59.8571 2.58418 196.751 6.99997 8.60043
79.8095 3.44556 195.669 6.99997 8.60043
99.7618 4.30704 194.589 6.99998 8.60043
119.714 5.16868 193.51 6.99998 8.60043
139.667 6.03046 192.433 6.99998 8.60043
159.619 6.89233 191.357 6.99999 8.60043
179.572 7.75423 190.282 6.99999 8.60043
199.524 8.61614 189.208 6.99999 8.60043
0.000415859 2.02455e-05 200 6.99997 8.60043
19.9526 0.861435 198.916 6.99997 8.60043
39.9049 1.72282 197.833 6.99997 8.60043
59.8571 2.58418 196.751 6.99997 8.60043
79.8095 3.44556 195.669 6.99997 8.60043
99.7618 4.30704 194.589 6.99998 8.60043
119.714 5.16868 193.51 6.99998 8.60043
139.667 6.03046 192.433 6.99998 8.60043
159.619 6.89233 191.357 6.99999 8.60043
179.572 7.75423 190.282 6.99999 8.60043
199.524 8.61614 189.208 6.99999 8.60043
