2.57608e-05 -3.60392e-05 200 6.99997 9.22046
0.917338 -1.85712 219.893 6.99997 9.22046
1.83451 -3.71415 239.786 6.99997 9.22046
2.75138 -5.57107 259.678 6.99998 9.22046
3.66788 -7.42782 279.571 6.99998 9.22046
4.58407 -9.28436 299.464 6.99998 9.22046
5.5001 -11.1407 319.356 6.99998 9.22046
6.41599 -12.9968 339.249 6.99998 9.22046
7.33174 -14.8527 359.142 6.99999 9.22046
8.24745 -16.7086 379.034 6.99999 9.22046
9.16312 -18.5644 398.927 6.99999 9.22046
2.57608e-05 -3.60392e-05 200 6.99997 9.22046
0.917338 -1.85712 219.893 6.99997 9.22046
1.83451 -3.71415 239.786 6.99997 9.22046
2.75138 -5.57107 259.678 6.99998 9.22046
3.66788 -7.42782 279.571 6.99998 9.22046
4.58407 -9.28436 299.464 6.99998 9.22046
5.5001 -11.1407 319.356 6.99998 9.22046
6.41599 -12.9968 339.249 6.99998 9.22046
7.33174 -14.8527 359.142 6.99999 9.22046
8.24745 -16.7086 379.034 6.99999 9.22046
9.16312 -18.5644 398.927 6.99999 9.22046
2.57608e-05 -3.60392e-05 200 6.99997 9.22046
0.917338 -1.85712 219.893 6.99997 9.22046
1.83451 -3.71415 239.786 6.99997 9.22046
2.75138 -5.57107 259.678 6.99998 9.22046
3.66788 -7.42782 279.571 6.99998 9.22046
4.58407 -9.28436 299.464 6.99998 9.22046
5.5001 -11.1407 319.356 6.99998 9.22046
6.41599 -12.9968 339.249 6.99998 9.22046
7.33174 -14.8527 359.142 6.99999 9.22046
8.24745 -16.7086 379.034 6.99999 9.22046
9.16312 -18.5644 398.927 6.99999 9.22046
2.57608e-05 -3.60392e-05 200 6.99997 9.22046
0.917338 -1.85712 219.893 6.99997 9.22046
1.83451 -3.71415 239.786 6.99997 9.22046
2.75138 -5.57107 259.678 6.99998 9.22046
3.66788 -7.42782 279.571 6.99998 9.22046
4.58407 -9.28436 299.464 6.99998 9.22046
5.5001 -11.1407 319.356 6.99998 9.22046
6.41599 -12.9968 339.249 6.99998 9.22046
7.33174 -14.8527 359.142 6.99999 9.22046
8.24745 -16.7086 379.034 6.99999 9.22046
9.16312 -18.5644 398.927 6.99999 9.22046
2.57608e-05 -3.60392e-05 200 6.99997 9.22046
0.917338 -1.85712 219.893 6.99997 9.22046
1.83451 -3.71415 239.786 6.99997 9.22046
2.75138 -5.57107 259.678 6.99998 9.22046
3.66788 -7.42782 279.571 6.99998 9.22046
4.58407 -9.28436 299.464 6.99998 9.22046
5.5001 -11.1407 319.356 6.99998 9.22046
6.41599 -12.9968 339.249 6.99998 9.22046
7.33174 -14.8527 359.142 6.99999 9.22046
8.24745 -16.7086 379.034 6.99999 9.22046
9.16312 -18.5644 398.927 6.99999 9.22046
2.57608e-05 -3.60392e-05 200 6.99997 9.22046
0.917338 -1.85712 219.893 6.99997 9.22046
1.83451 -3.71415 239.786 6.99997 9.22046
2.75138 -5.57107 259.678 6.99998 9.22046
3.66788 -7.42782 279.571 6.99998 9.22046
4.58407 -9.28436 299.464 6.99998 9.22046
5.5001 -11.1407 319.356 6.99998 9.22046
6.41599 -12.9968 339.249 6.99998 9.22046
7.33174 -14.8527 359.142 6.99999 9.22046
8.24745 -16.7086 379.034 6.99999 9.22046
9.16312 -18.5644 398.927 6.99999 9.22046
