3.53537e-05 -3.35061e-05 200 7 2.50012
6.38264 -6.34086 217.862 7 2.50012
12.765 -12.6814 235.725 7 2.50012
19.1469 -19.022 253.587 7 2.50012
25.5285 -25.3629 271.45 7 2.50012
31.9096 -31.7047 289.312 7 2.50012
38.29 -38.0474 307.174 7 2.50012
44.6697 -44.3909 325.036 7 2.50012
51.0485 -50.7352 342.899 7 2.50012
57.4269 -57.08 360.761 7 2.50012
63.8051 -63.4253 378.623 7 2.50012
3.53537e-05 -3.35061e-05 200 7 2.50012
6.38264 -6.34086 217.862 7 2.50012
12.765 -12.6814 235.725 7 2.50012
19.1469 -19.022 253.587 7 2.50012
25.5285 -25.3629 271.45 7 2.50012
31.9096 -31.7047 289.312 7 2.50012
38.29 -38.0474 307.174 7 2.50012
44.6697 -44.3909 325.036 7 2.50012
51.0485 -50.7352 342.899 7 2.50012
57.4269 -57.08 360.761 7 2.50012
63.8051 -63.4253 378.623 7 2.50012
3.53537e-05 -3.35061e-05 200 7 2.50012
6.38264 -6.34086 217.862 7 2.50012
12.765 -12.6814 235.725 7 2.50012
19.1469 -19.022 253.587 7 2.50012
25.5285 -25.3629 271.45 7 2.50012
31.9096 -31.7047 289.312 7 2.50012
38.29 -38.0474 307.174 7 2.50012
44.6697 -44.3909 325.036 7 2.50012
51.0485 -50.7352 342.899 7 2.50012
57.4269 -57.08 360.761 7 2.50012
63.8051 -63.4253 378.623 7 2.50012
3.53537e-05 -3.35061e-05 200 7 2.50012
6.38264 -6.34086 217.862 7 2.50012
12.765 -12.6814 235.725 7 2.50012
19.1469 -19.022 253.587 7 2.50012
25.5285 -25.3629 271.45 7 2.50012
31.9096 -31.7047 289.312 7 2.50012
38.29 -38.0474 307.174 7 2.50012
44.6697 -44.3909 325.036 7 2.50012
51.0485 -50.7352 342.899 7 2.50012
57.4269 -57.08 360.761 7 2.50012
63.8051 -63.4253 378.623 7 2.50012
3.53537e-05 -3.35061e-05 200 7 2.50012
6.38264 -6.34086 217.862 7 2.50012
12.765 -12.6814 235.725 7 2.50012
19.1469 -19.022 253.587 7 2.50012
25.5285 -25.3629 271.45 7 2.50012
31.9096 -31.7047 289.312 7 2.50012
38.29 -38.0474 307.174 7 2.50012
44.6697 -44.3909 325.036 7 2.50012
51.0485 -50.7352 342.899 7 2.50012
57.4269 -57.08 360.761 7 2.50012
63.8051 -63.4253 378.623 7 2.50012
3.53537e-05 -3.35061e-05 200 7 2.50012
6.38264 -6.34086 217.862 7 2.50012
12.765 -12.6814 235.725 7 2.50012
19.1469 -19.022 253.587 7 2.50012
25.5285 -25.3629 271.45 7 2.50012
31.9096 -31.7047 289.312 7 2.50012
38.29 -38.0474 307.174 7 2.50012
44.6697 -44.3909 325.036 7 2.50012
51.0485 -50.7352 342.899 7 2.50012
57.4269 -57.08 360.761 7 2.50012
63.8051 -63.4253 378.623 7 2.50012
