0.000335241 2.98713e-05 200 6.99997 8.42042
17.158 1.74697 189.872 6.99997 8.42042
34.3159 3.49401 179.745 6.99997 8.42042
51.4744 5.24118 169.619 6.99997 8.42042
68.6337 6.9885 159.494 6.99997 8.42042
85.794 8.73594 149.371 6.99998 8.42042
102.955 10.4835 139.249 6.99998 8.42042
120.117 12.2311 129.13 6.99998 8.42042
137.281 13.9789 119.011 6.99999 8.42042
154.444 15.7267 108.894 6.99999 8.42042
171.608 17.4744 98.778 6.99999 8.42042
0.000335241 2.98713e-05 200 6.99997 8.42042
17.158 1.74697 189.872 6.99997 8.42042
34.3159 3.49401 179.745 6.99997 8.42042
51.4744 5.24118 169.619 6.99997 8.42042
68.6337 6.9885 159.494 6.99997 8.42042
85.794 8.73594 149.371 6.99998 8.42042
102.955 10.4835 139.249 6.99998 8.42042
120.117 12.2311 129.13 6.99998 8.42042
137.281 13.9789 119.011 6.99999 8.42042
154.444 15.7267 108.894 6.99999 8.42042
171.608 17.4744 98.778 6.99999 8.42042
0.000335241 2.98713e-05 200 6.99997 8.42042
17.158 1.74697 189.872 6.99997 8.42042
34.3159 3.49401 179.745 6.99997 8.42042
51.4744 5.24118 169.619 6.99997 8.42042
68.6337 6.9885 159.494 6.99997 8.42042
85.794 8.73594 149.371 6.99998 8.42042
102.955 10.4835 139.249 6.99998 8.42042
120.117 12.2311 129.13 6.99998 8.42042
137.281 13.9789 119.011 6.99999 8.42042
154.444 15.7267 108.894 6.99999 8.42042
171.608 17.4744 98.778 6.99999 8.42042
0.000335241 2.98713e-05 200 6.99997 8.42042
17.158 1.74697 189.872 6.99997 8.42042
34.3159 3.49401 179.745 6.99997 8.42042
51.4744 5.24118 169.619 6.99997 8.42042
68.6337 6.9885 159.494 6.99997 8.42042
85.794 8.73594 149.371 6.99998 8.42042
102.955 10.4835 139.249 6.99998 8.42042
120.117 12.2311 129.13 6.99998 8.42042
137.281 13.9789 119.011 6.99999 8.42042
154.444 15.7267 108.894 6.99999 8.42042
171.608 17.4744 98.778 6.99999 8.42042
0.000335241 2.98713e-05 200 6.99997 8.42042
17.158 1.74697 189.872 6.99997 8.42042
34.3159 3.49401 179.745 6.99997 8.42042
51.4744 5.24118 169.619 6.99997 8.42042
68.6337 6.9885 159.494 6.99997 8.42042
85.794 8.73594 149.371 6.99998 8.42042
102.955 10.4835 139.249 6.99998 8.42042
120.117 12.2311 129.13 6.99998 8.42042
137.281 13.9789 119.011 6.99999 8.42042
154.444 15.7267 108.894 6.99999 8.42042
171.608 17.4744 98.778 6.99999 8.42042
0.000335241 2.98713e-05 200 6.99997 8.42042
17.158 1.74697 189.872 6.99997 8.42042
34.3159 3.49401 179.745 6.99997 8.42042
51.4744 5.24118 169.619 6.99997 8.42042
68.6337 6.9885 159.494 6.99997 8.42042
85.794 8.73594 149.371 6.99998 8.42042
102.955 10.4835 139.249 6.99998 8.42042
120.117 12.2311 129.13 6.99998 8.42042
137.281 13.9789 119.011 6.99999 8.42042
154.444 15.7267 108.894 6.99999 8.42042
171.608 17.4744 98.778 6.99999 8.42042
