0.000130186 -1.93536e-05 200 6.99999 6.34032
10.7364 -2.89332 216.624 6.99999 6.34032
21.4719 -5.78665 233.249 6.99999 6.34032
32.206 -8.68003 249.875 6.99999 6.34032
42.9383 -11.5735 266.501 6.99999 6.34032
53.6688 -14.4672 283.129 6.99999 6.34032
64.3975 -17.3609 299.758 6.99999 6.34032
75.1247 -20.2548 316.388 7 6.34032
85.8506 -23.1489 333.019 7 6.34032
96.5756 -26.0432 349.65 7 6.34032
107.3 -28.9375 366.281 7 6.34032
0.000130186 -1.93536e-05 200 6.99999 6.34032
10.7364 -2.89332 216.624 6.99999 6.34032
21.4719 -5.78665 233.249 6.99999 6.34032
32.206 -8.68003 249.875 6.99999 6.34032
42.9383 -11.5735 266.501 6.99999 6.34032
53.6688 -14.4672 283.129 6.99999 6.34032
64.3975 -17.3609 299.758 6.99999 6.34032
75.1247 -20.2548 316.388 7 6.34032
85.8506 -23.1489 333.019 7 6.34032
96.5756 -26.0432 349.65 7 6.34032
107.3 -28.9375 366.281 7 6.34032
0.000130186 -1.93536e-05 200 6.99999 6.34032
10.7364 -2.89332 216.624 6.99999 6.34032
21.4719 -5.78665 233.249 6.99999 6.34032
32.206 -8.68003 249.875 6.99999 6.34032
42.9383 -11.5735 266.501 6.99999 6.34032
53.6688 -14.4672 283.129 6.99999 6.34032
64.3975 -17.3609 299.758 6.99999 6.34032
75.1247 -20.2548 316.388 7 6.34032
85.8506 -23.1489 333.019 7 6.34032
96.5756 -26.0432 349.65 7 6.34032
107.3 -28.9375 366.281 7 6.34032
0.000130186 -1.93536e-05 200 6.99999 6.34032
10.7364 -2.89332 216.624 6.99999 6.34032
21.4719 -5.78665 233.249 6.99999 6.34032
32.206 -8.68003 249.875 6.99999 6.34032
42.9383 -11.5735 266.501 6.99999 6.34032
53.6688 -14.4672 283.129 6.99999 6.34032
64.3975 -17.3609 299.758 6.99999 6.34032
75.1247 -20.2548 316.388 7 6.34032
85.8506 -23.1489 333.019 7 6.34032
96.5756 -26.0432 349.65 7 6.34032
107.3 -28.9375 366.281 7 6.34032
0.000130186 -1.93536e-05 200 6.99999 6.34032
10.7364 -2.89332 216.624 6.99999 6.34032
21.4719 -5.78665 233.249 6.99999 6.34032
32.206 -8.68003 249.875 6.99999 6.34032
42.9383 -11.5735 266.501 6.99999 6.34032
53.6688 -14.4672 283.129 6.99999 6.34032
64.3975 -17.3609 299.758 6.99999 6.34032
75.1247 -20.2548 316.388 7 6.34032
85.8506 -23.1489 333.019 7 6.34032
96.5756 -26.0432 349.65 7 6.34032
107.3 -28.9375 366.281 7 6.34032
0.000130186 -1.93536e-05 200 6.99999 6.34032
10.7364 -2.89332 216.624 6.99999 6.34032
21.4719 -5.78665 233.249 6.99999 6.34032
32.206 -8.68003 249.875 6.99999 6.34032
42.9383 -11.5735 266.501 6.99999 6.34032
53.6688 -14.4672 283.129 6.99999 6.34032
64.3975 -17.3609 299.758 6.99999 6.34032
75.1247 -20.2548 316.388 7 6.34032
85.8506 -23.1489 333.019 7 6.34032
96.5756 -26.0432 349.65 7 6.34032
107.3 -28.9375 366.281 7 6.34032
