-0.000279485 -1.15061e-05 200 6.99998 7.48037
-19.4272 -0.692018 195.297 6.99998 7.48037
-38.8541 -1.384 190.594 6.99998 7.48037
-58.2809 -2.07589 185.889 6.99998 7.48037
-77.7073 -2.76774 181.184 6.99998 7.48037
-97.1334 -3.45962 176.478 6.99998 7.48037
-116.559 -4.15155 171.77 6.99999 7.48037
-135.985 -4.8436 167.061 6.99999 7.48037
-155.41 -5.5358 162.351 6.99999 7.48037
-174.835 -6.22817 157.64 7 7.48037
-194.26 -6.92064 152.928 7 7.48037
-0.000279485 -1.15061e-05 200 6.99998 7.48037
-19.4272 -0.692018 195.297 6.99998 7.48037
-38.8541 -1.384 190.594 6.99998 7.48037
-58.2809 -2.07589 185.889 6.99998 7.48037
-77.7073 -2.76774 181.184 6.99998 7.48037
-97.1334 -3.45962 176.478 6.99998 7.48037
-116.559 -4.15155 171.77 6.99999 7.48037
-135.985 -4.8436 167.061 6.99999 7.48037
-155.41 -5.5358 162.351 6.99999 7.48037
-174.835 -6.22817 157.64 7 7.48037
-194.26 -6.92064 152.928 7 7.48037
-0.000279485 -1.15061e-05 200 6.99998 7.48037
-19.4272 -0.692018 195.297 6.99998 7.48037
-38.8541 -1.384 190.594 6.99998 7.48037
-58.2809 -2.07589 185.889 6.99998 7.48037
-77.7073 -2.76774 181.184 6.99998 7.48037
-97.1334 -3.45962 176.478 6.99998 7.48037
-116.559 -4.15155 171.77 6.99999 7.48037
-135.985 -4.8436 167.061 6.99999 7.48037
-155.41 -5.5358 162.351 6.99999 7.48037
-174.835 -6.22817 157.64 7 7.48037
-194.26 -6.92064 152.928 7 7.48037
-0.000279485 -1.15061e-05 200 6.99998 7.48037
-19.4272 -0.692018 195.297 6.99998 7.48037
-38.8541 -1.384 190.594 6.99998 7.48037
-58.2809 -2.07589 185.889 6.99998 7.48037
-77.7073 -2.76774 181.184 6.99998 7.48037
-97.1334 -3.45962 176.478 6.99998 7.48037
-116.559 -4.15155 171.77 6.99999 7.48037
-135.985 -4.8436 167.061 6.99999 7.48037
-155.41 -5.5358 162.351 6.99999 7.48037
-174.835 -6.22817 157.64 7 7.48037
-194.26 -6.92064 152.928 7 7.48037
-0.000279485 -1.15061e-05 200 6.99998 7.48037
-19.4272 -0.692018 195.297 6.99998 7.48037
-38.8541 -1.384 190.594 6.99998 7.48037
-58.2809 -2.07589 185.889 6.99998 7.48037
-77.7073 -2.76774 181.184 6.99998 7.48037
-97.1334 -3.45962 176.478 6.99998 7.48037
-116.559 -4.15155 171.77 6.99999 7.48037
-135.985 -4.8436 167.061 6.99999 7.48037
-155.41 -5.5358 162.351 6.99999 7.48037
-174.835 -6.22817 157.64 7 7.48037
-194.26 -6.92064 152.928 7 7.48037
-0.000279485 -1.15061e-05 200 6.99998 7.48037
-19.4272 -0.692018 195.297 6.99998 7.48037
-38.8541 -1.384 190.594 6.99998 7.48037
-58.2809 -2.07589 185.889 6.99998 7.48037
-77.7073 -2.76774 181.184 6.99998 7.48037
-97.1334 -3.45962 176.478 6.99998 7.48037
-116.559 -4.15155 171.77 6.99999 7.48037
-135.985 -4.8436 167.061 6.99999 7.48037
-155.41 -5.5358 162.351 6.99999 7.48037
-174.835 -6.22817 157.64 7 7.48037
-194.26 -6.92064 152.928 7 7.48037
