9.59673e-05 -3.06629e-05 200 6.99999 6.52033
4.47481 -3.45561 219.184 6.99999 6.52033
8.94867 -6.91115 238.369 6.99999 6.52033
13.4209 -10.3666 257.554 6.99999 6.52033
17.8908 -13.822 276.739 6.99999 6.52033
22.3582 -17.2773 295.926 6.99999 6.52033
26.823 -20.7327 315.112 6.99999 6.52033
31.2855 -24.1882 334.299 6.99999 6.52033
35.7462 -27.644 353.487 7 6.52033
40.2059 -31.0999 372.675 7 6.52033
44.6652 -34.5559 391.862 7 6.52033
9.59673e-05 -3.06629e-05 200 6.99999 6.52033
4.47481 -3.45561 219.184 6.99999 6.52033
8.94867 -6.91115 238.369 6.99999 6.52033
13.4209 -10.3666 257.554 6.99999 6.52033
17.8908 -13.822 276.739 6.99999 6.52033
22.3582 -17.2773 295.926 6.99999 6.52033
26.823 -20.7327 315.112 6.99999 6.52033
31.2855 -24.1882 334.299 6.99999 6.52033
35.7462 -27.644 353.487 7 6.52033
40.2059 -31.0999 372.675 7 6.52033
44.6652 -34.5559 391.862 7 6.52033
9.59673e-05 -3.06629e-05 200 6.99999 6.52033
4.47481 -3.45561 219.184 6.99999 6.52033
8.94867 -6.91115 238.369 6.99999 6.52033
13.4209 -10.3666 257.554 6.99999 6.52033
17.8908 -13.822 276.739 6.99999 6.52033
22.3582 -17.2773 295.926 6.99999 6.52033
26.823 -20.7327 315.112 6.99999 6.52033
31.2855 -24.1882 334.299 6.99999 6.52033
35.7462 -27.644 353.487 7 6.52033
40.2059 -31.0999 372.675 7 6.52033
44.6652 -34.5559 391.862 7 6.52033
9.59673e-05 -3.06629e-05 200 6.99999 6.52033
4.47481 -3.45561 219.184 6.99999 6.52033
8.94867 -6.91115 238.369 6.99999 6.52033
13.4209 -10.3666 257.554 6.99999 6.52033
17.8908 -13.822 276.739 6.99999 6.52033
22.3582 -17.2773 295.926 6.99999 6.52033
26.823 -20.7327 315.112 6.99999 6.52033
31.2855 -24.1882 334.299 6.99999 6.52033
35.7462 -27.644 353.487 7 6.52033
40.2059 -31.0999 372.675 7 6.52033
44.6652 -34.5559 391.862 7 6.52033
9.59673e-05 -3.06629e-05 200 6.99999 6.52033
4.47481 -3.45561 219.184 6.99999 6.52033
8.94867 -6.91115 238.369 6.99999 6.52033
13.4209 -10.3666 257.554 6.99999 6.52033
17.8908 -13.822 276.739 6.99999 6.52033
22.3582 -17.2773 295.926 6.99999 6.52033
26.823 -20.7327 315.112 6.99999 6.52033
31.2855 -24.1882 334.299 6.99999 6.52033
35.7462 -27.644 353.487 7 6.52033
40.2059 -31.0999 372.675 7 6.52033
44.6652 -34.5559 391.862 7 6.52033
9.59673e-05 -3.06629e-05 200 6.99999 6.52033
4.47481 -3.45561 219.184 6.99999 6.52033
8.94867 -6.91115 238.369 6.99999 6.52033
13.4209 -10.3666 257.554 6.99999 6.52033
17.8908 -13.822 276.739 6.99999 6.52033
22.3582 -17.2773 295.926 6.99999 6.52033
26.823 -20.7327 315.112 6.99999 6.52033
31.2855 -24.1882 334.299 6.99999 6.52033
35.7462 -27.644 353.487 7 6.52033
40.2059 -31.0999 372.675 7 6.52033
44.6652 -34.5559 391.862 7 6.52033
