4.23188e-05 -1.64317e-06 200 7 2.26011
10.6579 -8.7882 214.463 7 2.26011
21.3154 -17.5767 228.926 7 2.26011
31.9725 -26.3654 243.389 7 2.26011
42.629 -35.1546 257.853 7 2.26011
53.2852 -43.9444 272.316 7 2.26011
63.941 -52.7348 286.779 7 2.26011
74.5963 -61.5257 301.242 7 2.26011
85.2511 -70.3172 315.706 7 2.26011
95.9056 -79.1096 330.169 7 2.26011
106.56 -87.9024 344.631 7 2.26011
4.23188e-05 -1.64317e-06 200 7 2.26011
10.6579 -8.7882 214.463 7 2.26011
21.3154 -17.5767 228.926 7 2.26011
31.9725 -26.3654 243.389 7 2.26011
42.629 -35.1546 257.853 7 2.26011
53.2852 -43.9444 272.316 7 2.26011
63.941 -52.7348 286.779 7 2.26011
74.5963 -61.5257 301.242 7 2.26011
85.2511 -70.3172 315.706 7 2.26011
95.9056 -79.1096 330.169 7 2.26011
106.56 -87.9024 344.631 7 2.26011
4.23188e-05 -1.64317e-06 200 7 2.26011
10.6579 -8.7882 214.463 7 2.26011
21.3154 -17.5767 228.926 7 2.26011
31.9725 -26.3654 243.389 7 2.26011
42.629 -35.1546 257.853 7 2.26011
53.2852 -43.9444 272.316 7 2.26011
63.941 -52.7348 286.779 7 2.26011
74.5963 -61.5257 301.242 7 2.26011
85.2511 -70.3172 315.706 7 2.26011
95.9056 -79.1096 330.169 7 2.26011
106.56 -87.9024 344.631 7 2.26011
4.23188e-05 -1.64317e-06 200 7 2.26011
10.6579 -8.7882 214.463 7 2.26011
21.3154 -17.5767 228.926 7 2.26011
31.9725 -26.3654 243.389 7 2.26011
42.629 -35.1546 257.853 7 2.26011
53.2852 -43.9444 272.316 7 2.26011
63.941 -52.7348 286.779 7 2.26011
74.5963 -61.5257 301.242 7 2.26011
85.2511 -70.3172 315.706 7 2.26011
95.9056 -79.1096 330.169 7 2.26011
106.56 -87.9024 344.631 7 2.26011
4.23188e-05 -1.64317e-06 200 7 2.26011
10.6579 -8.7882 214.463 7 2.26011
21.3154 -17.5767 228.926 7 2.26011
31.9725 -26.3654 243.389 7 2.26011
42.629 -35.1546 257.853 7 2.26011
53.2852 -43.9444 272.316 7 2.26011
63.941 -52.7348 286.779 7 2.26011
74.5963 -61.5257 301.242 7 2.26011
85.2511 -70.3172 315.706 7 2.26011
95.9056 -79.1096 330.169 7 2.26011
106.56 -87.9024 344.631 7 2.26011
4.23188e-05 -1.64317e-06 200 7 2.26011
10.6579 -8.7882 214.463 7 2.26011
21.3154 -17.5767 228.926 7 2.26011
31.9725 -26.3654 243.389 7 2.26011
42.629 -35.1546 257.853 7 2.26011
53.2852 -43.9444 272.316 7 2.26011
63.941 -52.7348 286.779 7 2.26011
74.5963 -61.5257 301.242 7 2.26011
85.2511 -70.3172 315.706 7 2.26011
95.9056 -79.1096 330.169 7 2.26011
106.56 -87.9024 344.631 7 2.26011
