2.62879e-05 -3.88941e-05 200 7 0.680034
2.85173 -19.17 195.062 7 0.680034
5.70308 -38.3397 190.123 7 0.680034
8.5537 -57.5087 185.182 7 0.680034
11.4037 -76.6769 180.236 7 0.680034
14.2536 -95.8443 175.287 7 0.680034
17.1038 -115.011 170.336 7 0.680034
19.9546 -134.177 165.383 7 0.680034
22.8059 -153.343 160.427 7 0.680034
25.6577 -172.508 155.472 7 0.680034
28.51 -191.673 150.517 7 0.680034
2.62879e-05 -3.88941e-05 200 7 0.680034
2.85173 -19.17 195.062 7 0.680034
5.70308 -38.3397 190.123 7 0.680034
8.5537 -57.5087 185.182 7 0.680034
11.4037 -76.6769 180.236 7 0.680034
14.2536 -95.8443 175.287 7 0.680034
17.1038 -115.011 170.336 7 0.680034
19.9546 -134.177 165.383 7 0.680034
22.8059 -153.343 160.427 7 0.680034
25.6577 -172.508 155.472 7 0.680034
28.51 -191.673 150.517 7 0.680034
2.62879e-05 -3.88941e-05 200 7 0.680034
2.85173 -19.17 195.062 7 0.680034
5.70308 -38.3397 190.123 7 0.680034
8.5537 -57.5087 185.182 7 0.680034
11.4037 -76.6769 180.236 7 0.680034
14.2536 -95.8443 175.287 7 0.680034
17.1038 -115.011 170.336 7 0.680034
19.9546 -134.177 165.383 7 0.680034
22.8059 -153.343 160.427 7 0.680034
25.6577 -172.508 155.472 7 0.680034
28.51 -191.673 150.517 7 0.680034
2.62879e-05 -3.88941e-05 200 7 0.680034
2.85173 -19.17 195.062 7 0.680034
5.70308 -38.3397 190.123 7 0.680034
8.5537 -57.5087 185.182 7 0.680034
11.4037 -76.6769 180.236 7 0.680034
14.2536 -95.8443 175.287 7 0.680034
17.1038 -115.011 170.336 7 0.680034
19.9546 -134.177 165.383 7 0.680034
22.8059 -153.343 160.427 7 0.680034
25.6577 -172.508 155.472 7 0.680034
28.51 -191.673 150.517 7 0.680034
2.62879e-05 -3.88941e-05 200 7 0.680034
2.85173 -19.17 195.062 7 0.680034
5.70308 -38.3397 190.123 7 0.680034
8.5537 -57.5087 185.182 7 0.680034
11.4037 -76.6769 180.236 7 0.680034
14.2536 -95.8443 175.287 7 0.680034
17.1038 -115.011 170.336 7 0.680034
19.9546 -134.177 165.383 7 0.680034
22.8059 -153.343 160.427 7 0.680034
25.6577 -172.508 155.472 7 0.680034
28.51 -191.673 150.517 7 0.680034
2.62879e-05 -3.88941e-05 200 7 0.680034
2.85173 -19.17 195.062 7 0.680034
5.70308 -38.3397 190.123 7 0.680034
8.5537 -57.5087 185.182 7 0.680034
11.4037 -76.6769 180.236 7 0.680034
14.2536 -95.8443 175.287 7 0.680034
17.1038 -115.011 170.336 7 0.680034
19.9546 -134.177 165.383 7 0.680034
22.8059 -153.343 160.427 7 0.680034
25.6577 -172.508 155.472 7 0.680034
28.51 -191.673 150.517 7 0.680034
