-0.000251806 1.00556e-05 200 6.99998 7.60038
-17.3882 0.095145 190.118 6.99998 7.60038
-34.7763 0.190161 180.236 6.99998 7.60038
-52.1646 0.284979 170.354 6.99998 7.60038
-69.5529 0.379436 160.473 6.99998 7.60038
-86.9413 0.473345 150.592 6.99998 7.60038
-104.33 0.566706 140.711 6.99999 7.60038
-121.718 0.659637 130.829 6.99999 7.60038
-139.106 0.752251 120.947 6.99999 7.60038
-156.493 0.844676 111.064 7 7.60038
-173.881 0.937018 101.181 7 7.60038
-0.000251806 1.00556e-05 200 6.99998 7.60038
-17.3882 0.095145 190.118 6.99998 7.60038
-34.7763 0.190161 180.236 6.99998 7.60038
-52.1646 0.284979 170.354 6.99998 7.60038
-69.5529 0.379436 160.473 6.99998 7.60038
-86.9413 0.473345 150.592 6.99998 7.60038
-104.33 0.566706 140.711 6.99999 7.60038
-121.718 0.659637 130.829 6.99999 7.60038
-139.106 0.752251 120.947 6.99999 7.60038
-156.493 0.844676 111.064 7 7.60038
-173.881 0.937018 101.181 7 7.60038
-0.000251806 1.00556e-05 200 6.99998 7.60038
-17.3882 0.095145 190.118 6.99998 7.60038
-34.7763 0.190161 180.236 6.99998 7.60038
-52.1646 0.284979 170.354 6.99998 7.60038
-69.5529 0.379436 160.473 6.99998 7.60038
-86.9413 0.473345 150.592 6.99998 7.60038
-104.33 0.566706 140.711 6.99999 7.60038
-121.718 0.659637 130.829 6.99999 7.60038
-139.106 0.752251 120.947 6.99999 7.60038
-156.493 0.844676 111.064 7 7.60038
-173.881 0.937018 101.181 7 7.60038
-0.000251806 1.00556e-05 200 6.99998 7.60038
-17.3882 0.095145 190.118 6.99998 7.60038
-34.7763 0.190161 180.236 6.99998 7.60038
-52.1646 0.284979 170.354 6.99998 7.60038
-69.5529 0.379436 160.473 6.99998 7.60038
-86.9413 0.473345 150.592 6.99998 7.60038
-104.33 0.566706 140.711 6.99999 7.60038
-121.718 0.659637 130.829 6.99999 7.60038
-139.106 0.752251 120.947 6.99999 7.60038
-156.493 0.844676 111.064 7 7.60038
-173.881 0.937018 101.181 7 7.60038
-0.000251806 1.00556e-05 200 6.99998 7.60038
-17.3882 0.095145 190.118 6.99998 7.60038
-34.7763 0.190161 180.236 6.99998 7.60038
-52.1646 0.284979 170.354 6.99998 7.60038
-69.5529 0.379436 160.473 6.99998 7.60038
-86.9413 0.473345 150.592 6.99998 7.60038
-104.33 0.566706 140.711 6.99999 7.60038
-121.718 0.659637 130.829 6.99999 7.60038
-139.106 0.752251 120.947 6.99999 7.60038
-156.493 0.844676 111.064 7 7.60038
-173.881 0.937018 101.181 7 7.60038
-0.000251806 1.00556e-05 200 6.99998 7.60038
-17.3882 0.095145 190.118 6.99998 7.60038
-34.7763 0.190161 180.236 6.99998 7.60038
-52.1646 0.284979 170.354 6.99998 7.60038
-69.5529 0.379436 160.473 6.99998 7.60038
-86.9413 0.473345 150.592 6.99998 7.60038
-104.33 0.566706 140.711 6.99999 7.60038
-121.718 0.659637 130.829 6.99999 7.60038
-139.106 0.752251 120.947 6.99999 7.60038
-156.493 0.844676 111.064 7 7.60038
-173.881 0.937018 101.181 7 7.60038
