0.000328866 -2.42724e-05 200 6.99997 8.90045
14.8966 -0.830958 213.32 6.99997 8.90045
29.7925 -1.66179 226.64 6.99997 8.90045
44.6877 -2.49247 239.961 6.99997 8.90045
59.5819 -3.32297 253.284 6.99997 8.90045
74.475 -4.15328 266.607 6.99998 8.90045
89.3672 -4.98343 279.931 6.99998 8.90045
104.259 -5.81343 293.256 6.99998 8.90045
119.149 -6.64327 306.582 6.99999 8.90045
134.04 -7.47297 319.909 6.99999 8.90045
148.93 -8.3026 333.236 6.99999 8.90045
0.000328866 -2.42724e-05 200 6.99997 8.90045
14.8966 -0.830958 213.32 6.99997 8.90045
29.7925 -1.66179 226.64 6.99997 8.90045
44.6877 -2.49247 239.961 6.99997 8.90045
59.5819 -3.32297 253.284 6.99997 8.90045
74.475 -4.15328 266.607 6.99998 8.90045
89.3672 -4.98343 279.931 6.99998 8.90045
104.259 -5.81343 293.256 6.99998 8.90045
119.149 -6.64327 306.582 6.99999 8.90045
134.04 -7.47297 319.909 6.99999 8.90045
148.93 -8.3026 333.236 6.99999 8.90045
0.000328866 -2.42724e-05 200 6.99997 8.90045
14.8966 -0.830958 213.32 6.99997 8.90045
29.7925 -1.66179 226.64 6.99997 8.90045
44.6877 -2.49247 239.961 6.99997 8.90045
59.5819 -3.32297 253.284 6.99997 8.90045
74.475 -4.15328 266.607 6.99998 8.90045
89.3672 -4.98343 279.931 6.99998 8.90045
104.259 -5.81343 293.256 6.99998 8.90045
119.149 -6.64327 306.582 6.99999 8.90045
134.04 -7.47297 319.909 6.99999 8.90045
148.93 -8.3026 333.236 6.99999 8.90045
0.000328866 -2.42724e-05 200 6.99997 8.90045
14.8966 -0.830958 213.32 6.99997 8.90045
29.7925 -1.66179 226.64 6.99997 8.90045
44.6877 -2.49247 239.961 6.99997 8.90045
59.5819 -3.32297 253.284 6.99997 8.90045
74.475 -4.15328 266.607 6.99998 8.90045
89.3672 -4.98343 279.931 6.99998 8.90045
104.259 -5.81343 293.256 6.99998 8.90045
119.149 -6.64327 306.582 6.99999 8.90045
134.04 -7.47297 319.909 6.99999 8.90045
148.93 -8.3026 333.236 6.99999 8.90045
0.000328866 -2.42724e-05 200 6.99997 8.90045
14.8966 -0.830958 213.32 6.99997 8.90045
29.7925 -1.66179 226.64 6.99997 8.90045
44.6877 -2.49247 239.961 6.99997 8.90045
59.5819 -3.32297 253.284 6.99997 8.90045
74.475 -4.15328 266.607 6.99998 8.90045
89.3672 -4.98343 279.931 6.99998 8.90045
104.259 -5.81343 293.256 6.99998 8.90045
119.149 -6.64327 306.582 6.99999 8.90045
134.04 -7.47297 319.909 6.99999 8.90045
148.93 -8.3026 333.236 6.99999 8.90045
0.000328866 -2.42724e-05 200 6.99997 8.90045
14.8966 -0.830958 213.32 6.99997 8.90045
29.7925 -1.66179 226.64 6.99997 8.90045
44.6877 -2.49247 239.961 6.99997 8.90045
59.5819 -3.32297 253.284 6.99997 8.90045
74.475 -4.15328 266.607 6.99998 8.90045
89.3672 -4.98343 279.931 6.99998 8.90045
104.259 -5.81343 293.256 6.99998 8.90045
119.149 -6.64327 306.582 6.99999 8.90045
134.04 -7.47297 319.909 6.99999 8.90045
148.93 -8.3026 333.236 6.99999 8.90045
