0.000270731 4.51424e-05 200 6.99997 8.30042
13.0823 2.13011 185.022 6.99997 8.30042
26.1641 4.26014 170.044 6.99997 8.30042
39.246 6.3901 155.066 6.99997 8.30042
52.3279 8.51995 140.089 6.99997 8.30042
65.41 10.6496 125.111 6.99998 8.30042
78.4925 12.7791 110.134 6.99998 8.30042
91.5754 14.9083 95.1568 6.99998 8.30042
104.659 17.0373 80.1804 6.99999 8.30042
117.743 19.1662 65.2043 6.99999 8.30042
130.827 21.2951 50.2286 7 8.30042
0.000270731 4.51424e-05 200 6.99997 8.30042
13.0823 2.13011 185.022 6.99997 8.30042
26.1641 4.26014 170.044 6.99997 8.30042
39.246 6.3901 155.066 6.99997 8.30042
52.3279 8.51995 140.089 6.99997 8.30042
65.41 10.6496 125.111 6.99998 8.30042
78.4925 12.7791 110.134 6.99998 8.30042
91.5754 14.9083 95.1568 6.99998 8.30042
104.659 17.0373 80.1804 6.99999 8.30042
117.743 19.1662 65.2043 6.99999 8.30042
130.827 21.2951 50.2286 7 8.30042
0.000270731 4.51424e-05 200 6.99997 8.30042
13.0823 2.13011 185.022 6.99997 8.30042
26.1641 4.26014 170.044 6.99997 8.30042
39.246 6.3901 155.066 6.99997 8.30042
52.3279 8.51995 140.089 6.99997 8.30042
65.41 10.6496 125.111 6.99998 8.30042
78.4925 12.7791 110.134 6.99998 8.30042
91.5754 14.9083 95.1568 6.99998 8.30042
104.659 17.0373 80.1804 6.99999 8.30042
117.743 19.1662 65.2043 6.99999 8.30042
130.827 21.2951 50.2286 7 8.30042
0.000270731 4.51424e-05 200 6.99997 8.30042
13.0823 2.13011 185.022 6.99997 8.30042
26.1641 4.26014 170.044 6.99997 8.30042
39.246 6.3901 155.066 6.99997 8.30042
52.3279 8.51995 140.089 6.99997 8.30042
65.41 10.6496 125.111 6.99998 8.30042
78.4925 12.7791 110.134 6.99998 8.30042
91.5754 14.9083 95.1568 6.99998 8.30042
104.659 17.0373 80.1804 6.99999 8.30042
117.743 19.1662 65.2043 6.99999 8.30042
130.827 21.2951 50.2286 7 8.30042
0.000270731 4.51424e-05 200 6.99997 8.30042
13.0823 2.13011 185.022 6.99997 8.30042
26.1641 4.26014 170.044 6.99997 8.30042
39.246 6.3901 155.066 6.99997 8.30042
52.3279 8.51995 140.089 6.99997 8.30042
65.41 10.6496 125.111 6.99998 8.30042
78.4925 12.7791 110.134 6.99998 8.30042
91.5754 14.9083 95.1568 6.99998 8.30042
104.659 17.0373 80.1804 6.99999 8.30042
117.743 19.1662 65.2043 6.99999 8.30042
130.827 21.2951 50.2286 7 8.30042
0.000270731 4.51424e-05 200 6.99997 8.30042
13.0823 2.13011 185.022 6.99997 8.30042
26.1641 4.26014 170.044 6.99997 8.30042
39.246 6.3901 155.066 6.99997 8.30042
52.3279 8.51995 140.089 6.99997 8.30042
65.41 10.6496 125.111 6.99998 8.30042
78.4925 12.7791 110.134 6.99998 8.30042
91.5754 14.9083 95.1568 6.99998 8.30042
104.659 17.0373 80.1804 6.99999 8.30042
117.743 19.1662 65.2043 6.99999 8.30042
130.827 21.2951 50.2286 7 8.30042
