-0.00020356 -2.25279e-05 200 6.99998 9.58048
-13.6845 -1.49106 214.51 6.99998 9.58048
-27.3685 -2.98207 229.019 6.99998 9.58048
-41.0521 -4.4731 243.529 6.99998 9.58048
-54.735 -5.96417 258.04 6.99998 9.58048
-68.4173 -7.45533 272.551 6.99998 9.58048
-82.0989 -8.94659 287.063 6.99999 9.58048
-95.7799 -10.4379 301.575 6.99999 9.58048
-109.46 -11.9294 316.088 6.99999 9.58048
-123.141 -13.4207 330.601 6.99999 9.58048
-136.821 -14.9121 345.114 6.99999 9.58048
-0.00020356 -2.25279e-05 200 6.99998 9.58048
-13.6845 -1.49106 214.51 6.99998 9.58048
-27.3685 -2.98207 229.019 6.99998 9.58048
-41.0521 -4.4731 243.529 6.99998 9.58048
-54.735 -5.96417 258.04 6.99998 9.58048
-68.4173 -7.45533 272.551 6.99998 9.58048
-82.0989 -8.94659 287.063 6.99999 9.58048
-95.7799 -10.4379 301.575 6.99999 9.58048
-109.46 -11.9294 316.088 6.99999 9.58048
-123.141 -13.4207 330.601 6.99999 9.58048
-136.821 -14.9121 345.114 6.99999 9.58048
-0.00020356 -2.25279e-05 200 6.99998 9.58048
-13.6845 -1.49106 214.51 6.99998 9.58048
-27.3685 -2.98207 229.019 6.99998 9.58048
-41.0521 -4.4731 243.529 6.99998 9.58048
-54.735 -5.96417 258.04 6.99998 9.58048
-68.4173 -7.45533 272.551 6.99998 9.58048
-82.0989 -8.94659 287.063 6.99999 9.58048
-95.7799 -10.4379 301.575 6.99999 9.58048
-109.46 -11.9294 316.088 6.99999 9.58048
-123.141 -13.4207 330.601 6.99999 9.58048
-136.821 -14.9121 345.114 6.99999 9.58048
-0.00020356 -2.25279e-05 200 6.99998 9.58048
-13.6845 -1.49106 214.51 6.99998 9.58048
-27.3685 -2.98207 229.019 6.99998 9.58048
-41.0521 -4.4731 243.529 6.99998 9.58048
-54.735 -5.96417 258.04 6.99998 9.58048
-68.4173 -7.45533 272.551 6.99998 9.58048
-82.0989 -8.94659 287.063 6.99999 9.58048
-95.7799 -10.4379 301.575 6.99999 9.58048
-109.46 -11.9294 316.088 6.99999 9.58048
-123.141 -13.4207 330.601 6.99999 9.58048
-136.821 -14.9121 345.114 6.99999 9.58048
-0.00020356 -2.25279e-05 200 6.99998 9.58048
-13.6845 -1.49106 214.51 6.99998 9.58048
-27.3685 -2.98207 229.019 6.99998 9.58048
-41.0521 -4.4731 243.529 6.99998 9.58048
-54.735 -5.96417 258.04 6.99998 9.58048
-68.4173 -7.45533 272.551 6.99998 9.58048
-82.0989 -8.94659 287.063 6.99999 9.58048
-95.7799 -10.4379 301.575 6.99999 9.58048
-109.46 -11.9294 316.088 6.99999 9.58048
-123.141 -13.4207 330.601 6.99999 9.58048
-136.821 -14.9121 345.114 6.99999 9.58048
-0.00020356 -2.25279e-05 200 6.99998 9.58048
-13.6845 -1.49106 214.51 6.99998 9.58048
-27.3685 -2.98207 229.019 6.99998 9.58048
-41.0521 -4.4731 243.529 6.99998 9.58048
-54.735 -5.96417 258.04 6.99998 9.58048
-68.4173 -7.45533 272.551 6.99998 9.58048
-82.0989 -8.94659 287.063 6.99999 9.58048
-95.7799 -10.4379 301.575 6.99999 9.58048
-109.46 -11.9294 316.088 6.99999 9.58048
-123.141 -13.4207 330.601 6.99999 9.58048
-136.821 -14.9121 345.114 6.99999 9.58048
