-0.000142144 -3.00778e-05 200 6.99998 9.48047
-10.3362 -1.73163 217.035 6.99998 9.48047
-20.6724 -3.46317 234.069 6.99998 9.48047
-31.009 -5.19457 251.103 6.99998 9.48047
-41.3462 -6.92568 268.137 6.99998 9.48047
-51.684 -8.65643 285.171 6.99998 9.48047
-62.0222 -10.3868 302.204 6.99998 9.48047
-72.3606 -12.1169 319.237 6.99999 9.48047
-82.6993 -13.8468 336.27 6.99999 9.48047
-93.0379 -15.5765 353.303 6.99999 9.48047
-103.377 -17.3061 370.336 6.99999 9.48047
-0.000142144 -3.00778e-05 200 6.99998 9.48047
-10.3362 -1.73163 217.035 6.99998 9.48047
-20.6724 -3.46317 234.069 6.99998 9.48047
-31.009 -5.19457 251.103 6.99998 9.48047
-41.3462 -6.92568 268.137 6.99998 9.48047
-51.684 -8.65643 285.171 6.99998 9.48047
-62.0222 -10.3868 302.204 6.99998 9.48047
-72.3606 -12.1169 319.237 6.99999 9.48047
-82.6993 -13.8468 336.27 6.99999 9.48047
-93.0379 -15.5765 353.303 6.99999 9.48047
-103.377 -17.3061 370.336 6.99999 9.48047
-0.000142144 -3.00778e-05 200 6.99998 9.48047
-10.3362 -1.73163 217.035 6.99998 9.48047
-20.6724 -3.46317 234.069 6.99998 9.48047
-31.009 -5.19457 251.103 6.99998 9.48047
-41.3462 -6.92568 268.137 6.99998 9.48047
-51.684 -8.65643 285.171 6.99998 9.48047
-62.0222 -10.3868 302.204 6.99998 9.48047
-72.3606 -12.1169 319.237 6.99999 9.48047
-82.6993 -13.8468 336.27 6.99999 9.48047
-93.0379 -15.5765 353.303 6.99999 9.48047
-103.377 -17.3061 370.336 6.99999 9.48047
-0.000142144 -3.00778e-05 200 6.99998 9.48047
-10.3362 -1.73163 217.035 6.99998 9.48047
-20.6724 -3.46317 234.069 6.99998 9.48047
-31.009 -5.19457 251.103 6.99998 9.48047
-41.3462 -6.92568 268.137 6.99998 9.48047
-51.684 -8.65643 285.171 6.99998 9.48047
-62.0222 -10.3868 302.204 6.99998 9.48047
-72.3606 -12.1169 319.237 6.99999 9.48047
-82.6993 -13.8468 336.27 6.99999 9.48047
-93.0379 -15.5765 353.303 6.99999 9.48047
-103.377 -17.3061 370.336 6.99999 9.48047
-0.000142144 -3.00778e-05 200 6.99998 9.48047
-10.3362 -1.73163 217.035 6.99998 9.48047
-20.6724 -3.46317 234.069 6.99998 9.48047
-31.009 -5.19457 251.103 6.99998 9.48047
-41.3462 -6.92568 268.137 6.99998 9.48047
-51.684 -8.65643 285.171 6.99998 9.48047
-62.0222 -10.3868 302.204 6.99998 9.48047
-72.3606 -12.1169 319.237 6.99999 9.48047
-82.6993 -13.8468 336.27 6.99999 9.48047
-93.0379 -15.5765 353.303 6.99999 9.48047
-103.377 -17.3061 370.336 6.99999 9.48047
-0.000142144 -3.00778e-05 200 6.99998 9.48047
-10.3362 -1.73163 217.035 6.99998 9.48047
-20.6724 -3.46317 234.069 6.99998 9.48047
-31.009 -5.19457 251.103 6.99998 9.48047
-41.3462 -6.92568 268.137 6.99998 9.48047
-51.684 -8.65643 285.171 6.99998 9.48047
-62.0222 -10.3868 302.204 6.99998 9.48047
-72.3606 -12.1169 319.237 6.99999 9.48047
-82.6993 -13.8468 336.27 6.99999 9.48047
-93.0379 -15.5765 353.303 6.99999 9.48047
-103.377 -17.3061 370.336 6.99999 9.48047
