-0.000100172 -2.05598e-05 200 6.99999 3.9202
-19.127 5.80264 199.299 6.99999 3.9202
-38.2537 11.606 198.597 6.99999 3.9202
-57.3799 17.4106 197.893 6.99999 3.9202
-76.5054 23.2173 197.186 7 3.9202
-95.6301 29.026 196.476 7 3.9202
-114.754 34.8367 195.765 7 3.9202
-133.878 40.649 195.051 7 3.9202
-153.001 46.4624 194.336 7 3.9202
-172.124 52.2765 193.62 7 3.9202
-191.246 58.0908 192.904 7 3.9202
-0.000100172 -2.05598e-05 200 6.99999 3.9202
-19.127 5.80264 199.299 6.99999 3.9202
-38.2537 11.606 198.597 6.99999 3.9202
-57.3799 17.4106 197.893 6.99999 3.9202
-76.5054 23.2173 197.186 7 3.9202
-95.6301 29.026 196.476 7 3.9202
-114.754 34.8367 195.765 7 3.9202
-133.878 40.649 195.051 7 3.9202
-153.001 46.4624 194.336 7 3.9202
-172.124 52.2765 193.62 7 3.9202
-191.246 58.0908 192.904 7 3.9202
-0.000100172 -2.05598e-05 200 6.99999 3.9202
-19.127 5.80264 199.299 6.99999 3.9202
-38.2537 11.606 198.597 6.99999 3.9202
-57.3799 17.4106 197.893 6.99999 3.9202
-76.5054 23.2173 197.186 7 3.9202
-95.6301 29.026 196.476 7 3.9202
-114.754 34.8367 195.765 7 3.9202
-133.878 40.649 195.051 7 3.9202
-153.001 46.4624 194.336 7 3.9202
-172.124 52.2765 193.62 7 3.9202
-191.246 58.0908 192.904 7 3.9202
-0.000100172 -2.05598e-05 200 6.99999 3.9202
-19.127 5.80264 199.299 6.99999 3.9202
-38.2537 11.606 198.597 6.99999 3.9202
-57.3799 17.4106 197.893 6.99999 3.9202
-76.5054 23.2173 197.186 7 3.9202
-95.6301 29.026 196.476 7 3.9202
-114.754 34.8367 195.765 7 3.9202
-133.878 40.649 195.051 7 3.9202
-153.001 46.4624 194.336 7 3.9202
-172.124 52.2765 193.62 7 3.9202
-191.246 58.0908 192.904 7 3.9202
-0.000100172 -2.05598e-05 200 6.99999 3.9202
-19.127 5.80264 199.299 6.99999 3.9202
-38.2537 11.606 198.597 6.99999 3.9202
-57.3799 17.4106 197.893 6.99999 3.9202
-76.5054 23.2173 197.186 7 3.9202
-95.6301 29.026 196.476 7 3.9202
-114.754 34.8367 195.765 7 3.9202
-133.878 40.649 195.051 7 3.9202
-153.001 46.4624 194.336 7 3.9202
-172.124 52.2765 193.62 7 3.9202
-191.246 58.0908 192.904 7 3.9202
-0.000100172 -2.05598e-05 200 6.99999 3.9202
-19.127 5.80264 199.299 6.99999 3.9202
-38.2537 11.606 198.597 6.99999 3.9202
-57.3799 17.4106 197.893 6.99999 3.9202
-76.5054 23.2173 197.186 7 3.9202
-95.6301 29.026 196.476 7 3.9202
-114.754 34.8367 195.765 7 3.9202
-133.878 40.649 195.051 7 3.9202
-153.001 46.4624 194.336 7 3.9202
-172.124 52.2765 193.62 7 3.9202
-191.246 58.0908 192.904 7 3.9202
