3.37637e-05 -1.42543e-05 200 7 1.82009
14.0494 -12.9025 206.012 7 1.82009
28.0986 -25.8052 212.024 7 1.82009
42.1475 -38.7082 218.035 7 1.82009
56.1959 -51.6118 224.047 7 1.82009
70.2437 -64.5161 230.058 7 1.82009
84.2911 -77.421 236.07 7 1.82009
98.3381 -90.3263 242.081 7 1.82009
112.385 -103.232 248.093 7 1.82009
126.431 -116.138 254.104 7 1.82009
140.477 -129.043 260.116 7 1.82009
3.37637e-05 -1.42543e-05 200 7 1.82009
14.0494 -12.9025 206.012 7 1.82009
28.0986 -25.8052 212.024 7 1.82009
42.1475 -38.7082 218.035 7 1.82009
56.1959 -51.6118 224.047 7 1.82009
70.2437 -64.5161 230.058 7 1.82009
84.2911 -77.421 236.07 7 1.82009
98.3381 -90.3263 242.081 7 1.82009
112.385 -103.232 248.093 7 1.82009
126.431 -116.138 254.104 7 1.82009
140.477 -129.043 260.116 7 1.82009
3.37637e-05 -1.42543e-05 200 7 1.82009
14.0494 -12.9025 206.012 7 1.82009
28.0986 -25.8052 212.024 7 1.82009
42.1475 -38.7082 218.035 7 1.82009
56.1959 -51.6118 224.047 7 1.82009
70.2437 -64.5161 230.058 7 1.82009
84.2911 -77.421 236.07 7 1.82009
98.3381 -90.3263 242.081 7 1.82009
112.385 -103.232 248.093 7 1.82009
126.431 -116.138 254.104 7 1.82009
140.477 -129.043 260.116 7 1.82009
3.37637e-05 -1.42543e-05 200 7 1.82009
14.0494 -12.9025 206.012 7 1.82009
28.0986 -25.8052 212.024 7 1.82009
42.1475 -38.7082 218.035 7 1.82009
56.1959 -51.6118 224.047 7 1.82009
70.2437 -64.5161 230.058 7 1.82009
84.2911 -77.421 236.07 7 1.82009
98.3381 -90.3263 242.081 7 1.82009
112.385 -103.232 248.093 7 1.82009
126.431 -116.138 254.104 7 1.82009
140.477 -129.043 260.116 7 1.82009
3.37637e-05 -1.42543e-05 200 7 1.82009
14.0494 -12.9025 206.012 7 1.82009
28.0986 -25.8052 212.024 7 1.82009
42.1475 -38.7082 218.035 7 1.82009
56.1959 -51.6118 224.047 7 1.82009
70.2437 -64.5161 230.058 7 1.82009
84.2911 -77.421 236.07 7 1.82009
98.3381 -90.3263 242.081 7 1.82009
112.385 -103.232 248.093 7 1.82009
126.431 -116.138 254.104 7 1.82009
140.477 -129.043 260.116 7 1.82009
3.37637e-05 -1.42543e-05 200 7 1.82009
14.0494 -12.9025 206.012 7 1.82009
28.0986 -25.8052 212.024 7 1.82009
42.1475 -38.7082 218.035 7 1.82009
56.1959 -51.6118 224.047 7 1.82009
70.2437 -64.5161 230.058 7 1.82009
84.2911 -77.421 236.07 7 1.82009
98.3381 -90.3263 242.081 7 1.82009
112.385 -103.232 248.093 7 1.82009
126.431 -116.138 254.104 7 1.82009
140.477 -129.043 260.116 7 1.82009
