-0.000187821 3.30095e-05 200 6.99997 7.78039
-11.6244 1.17653 183.767 6.99998 7.78039
-23.2486 2.35283 167.534 6.99998 7.78039
-34.8731 3.52875 151.302 6.99998 7.78039
-46.4978 4.7042 135.07 6.99998 7.78039
-58.1225 5.87922 118.837 6.99998 7.78039
-69.7471 7.05382 102.605 6.99998 7.78039
-81.3713 8.22808 86.3719 6.99999 7.78039
-92.9948 9.40211 70.1387 6.99999 7.78039
-104.618 10.576 53.905 7 7.78039
-116.24 11.7499 37.6711 7 7.78039
-0.000187821 3.30095e-05 200 6.99997 7.78039
-11.6244 1.17653 183.767 6.99998 7.78039
-23.2486 2.35283 167.534 6.99998 7.78039
-34.8731 3.52875 151.302 6.99998 7.78039
-46.4978 4.7042 135.07 6.99998 7.78039
-58.1225 5.87922 118.837 6.99998 7.78039
-69.7471 7.05382 102.605 6.99998 7.78039
-81.3713 8.22808 86.3719 6.99999 7.78039
-92.9948 9.40211 70.1387 6.99999 7.78039
-104.618 10.576 53.905 7 7.78039
-116.24 11.7499 37.6711 7 7.78039
-0.000187821 3.30095e-05 200 6.99997 7.78039
-11.6244 1.17653 183.767 6.99998 7.78039
-23.2486 2.35283 167.534 6.99998 7.78039
-34.8731 3.52875 151.302 6.99998 7.78039
-46.4978 4.7042 135.07 6.99998 7.78039
-58.1225 5.87922 118.837 6.99998 7.78039
-69.7471 7.05382 102.605 6.99998 7.78039
-81.3713 8.22808 86.3719 6.99999 7.78039
-92.9948 9.40211 70.1387 6.99999 7.78039
-104.618 10.576 53.905 7 7.78039
-116.24 11.7499 37.6711 7 7.78039
-0.000187821 3.30095e-05 200 6.99997 7.78039
-11.6244 1.17653 183.767 6.99998 7.78039
-23.2486 2.35283 167.534 6.99998 7.78039
-34.8731 3.52875 151.302 6.99998 7.78039
-46.4978 4.7042 135.07 6.99998 7.78039
-58.1225 5.87922 118.837 6.99998 7.78039
-69.7471 7.05382 102.605 6.99998 7.78039
-81.3713 8.22808 86.3719 6.99999 7.78039
-92.9948 9.40211 70.1387 6.99999 7.78039
-104.618 10.576 53.905 7 7.78039
-116.24 11.7499 37.6711 7 7.78039
-0.000187821 3.30095e-05 200 6.99997 7.78039
-11.6244 1.17653 183.767 6.99998 7.78039
-23.2486 2.35283 167.534 6.99998 7.78039
-34.8731 3.52875 151.302 6.99998 7.78039
-46.4978 4.7042 135.07 6.99998 7.78039
-58.1225 5.87922 118.837 6.99998 7.78039
-69.7471 7.05382 102.605 6.99998 7.78039
-81.3713 8.22808 86.3719 6.99999 7.78039
-92.9948 9.40211 70.1387 6.99999 7.78039
-104.618 10.576 53.905 7 7.78039
-116.24 11.7499 37.6711 7 7.78039
-0.000187821 3.30095e-05 200 6.99997 7.78039
-11.6244 1.17653 183.767 6.99998 7.78039
-23.2486 2.35283 167.534 6.99998 7.78039
-34.8731 3.52875 151.302 6.99998 7.78039
-46.4978 4.7042 135.07 6.99998 7.78039
-58.1225 5.87922 118.837 6.99998 7.78039
-69.7471 7.05382 102.605 6.99998 7.78039
-81.3713 8.22808 86.3719 6.99999 7.78039
-92.9948 9.40211 70.1387 6.99999 7.78039
-104.618 10.576 53.905 7 7.78039
-116.24 11.7499 37.6711 7 7.78039
