0.000338541 -8.05846e-06 200 6.99997 8.84044
16.7766 -0.51682 210.877 6.99997 8.84044
33.5529 -1.03367 221.753 6.99997 8.84044
50.3294 -1.55062 232.629 6.99997 8.84044
67.1059 -2.0677 243.505 6.99997 8.84044
83.8827 -2.58497 254.381 6.99998 8.84044
100.66 -3.10239 265.256 6.99998 8.84044
117.437 -3.61987 276.131 6.99998 8.84044
134.214 -4.13736 287.006 6.99999 8.84044
150.991 -4.65483 297.881 6.99999 8.84044
167.768 -5.17228 308.756 6.99999 8.84044
0.000338541 -8.05846e-06 200 6.99997 8.84044
16.7766 -0.51682 210.877 6.99997 8.84044
33.5529 -1.03367 221.753 6.99997 8.84044
50.3294 -1.55062 232.629 6.99997 8.84044
67.1059 -2.0677 243.505 6.99997 8.84044
83.8827 -2.58497 254.381 6.99998 8.84044
100.66 -3.10239 265.256 6.99998 8.84044
117.437 -3.61987 276.131 6.99998 8.84044
134.214 -4.13736 287.006 6.99999 8.84044
150.991 -4.65483 297.881 6.99999 8.84044
167.768 -5.17228 308.756 6.99999 8.84044
0.000338541 -8.05846e-06 200 6.99997 8.84044
16.7766 -0.51682 210.877 6.99997 8.84044
33.5529 -1.03367 221.753 6.99997 8.84044
50.3294 -1.55062 232.629 6.99997 8.84044
67.1059 -2.0677 243.505 6.99997 8.84044
83.8827 -2.58497 254.381 6.99998 8.84044
100.66 -3.10239 265.256 6.99998 8.84044
117.437 -3.61987 276.131 6.99998 8.84044
134.214 -4.13736 287.006 6.99999 8.84044
150.991 -4.65483 297.881 6.99999 8.84044
167.768 -5.17228 308.756 6.99999 8.84044
0.000338541 -8.05846e-06 200 6.99997 8.84044
16.7766 -0.51682 210.877 6.99997 8.84044
33.5529 -1.03367 221.753 6.99997 8.84044
50.3294 -1.55062 232.629 6.99997 8.84044
67.1059 -2.0677 243.505 6.99997 8.84044
83.8827 -2.58497 254.381 6.99998 8.84044
100.66 -3.10239 265.256 6.99998 8.84044
117.437 -3.61987 276.131 6.99998 8.84044
134.214 -4.13736 287.006 6.99999 8.84044
150.991 -4.65483 297.881 6.99999 8.84044
167.768 -5.17228 308.756 6.99999 8.84044
0.000338541 -8.05846e-06 200 6.99997 8.84044
16.7766 -0.51682 210.877 6.99997 8.84044
33.5529 -1.03367 221.753 6.99997 8.84044
50.3294 -1.55062 232.629 6.99997 8.84044
67.1059 -2.0677 243.505 6.99997 8.84044
83.8827 -2.58497 254.381 6.99998 8.84044
100.66 -3.10239 265.256 6.99998 8.84044
117.437 -3.61987 276.131 6.99998 8.84044
134.214 -4.13736 287.006 6.99999 8.84044
150.991 -4.65483 297.881 6.99999 8.84044
167.768 -5.17228 308.756 6.99999 8.84044
0.000338541 -8.05846e-06 200 6.99997 8.84044
16.7766 -0.51682 210.877 6.99997 8.84044
33.5529 -1.03367 221.753 6.99997 8.84044
50.3294 -1.55062 232.629 6.99997 8.84044
67.1059 -2.0677 243.505 6.99997 8.84044
83.8827 -2.58497 254.381 6.99998 8.84044
100.66 -3.10239 265.256 6.99998 8.84044
117.437 -3.61987 276.131 6.99998 8.84044
134.214 -4.13736 287.006 6.99999 8.84044
150.991 -4.65483 297.881 6.99999 8.84044
167.768 -5.17228 308.756 6.99999 8.84044
