-0.00027184 4.45279e-06 200 6.99998 7.52038
-18.9176 -0.42808 193.523 6.99998 7.52038
-37.8349 -0.856316 187.045 6.99998 7.52038
-56.7522 -1.28483 180.568 6.99998 7.52038
-75.6694 -1.71369 174.09 6.99998 7.52038
-94.5865 -2.1429 167.612 6.99998 7.52038
-113.503 -2.57243 161.133 6.99999 7.52038
-132.42 -3.00216 154.654 6.99999 7.52038
-151.336 -3.43199 148.174 6.99999 7.52038
-170.252 -3.86177 141.692 7 7.52038
-189.167 -4.29145 135.21 7 7.52038
-0.00027184 4.45279e-06 200 6.99998 7.52038
-18.9176 -0.42808 193.523 6.99998 7.52038
-37.8349 -0.856316 187.045 6.99998 7.52038
-56.7522 -1.28483 180.568 6.99998 7.52038
-75.6694 -1.71369 174.09 6.99998 7.52038
-94.5865 -2.1429 167.612 6.99998 7.52038
-113.503 -2.57243 161.133 6.99999 7.52038
-132.42 -3.00216 154.654 6.99999 7.52038
-151.336 -3.43199 148.174 6.99999 7.52038
-170.252 -3.86177 141.692 7 7.52038
-189.167 -4.29145 135.21 7 7.52038
-0.00027184 4.45279e-06 200 6.99998 7.52038
-18.9176 -0.42808 193.523 6.99998 7.52038
-37.8349 -0.856316 187.045 6.99998 7.52038
-56.7522 -1.28483 180.568 6.99998 7.52038
-75.6694 -1.71369 174.09 6.99998 7.52038
-94.5865 -2.1429 167.612 6.99998 7.52038
-113.503 -2.57243 161.133 6.99999 7.52038
-132.42 -3.00216 154.654 6.99999 7.52038
-151.336 -3.43199 148.174 6.99999 7.52038
-170.252 -3.86177 141.692 7 7.52038
-189.167 -4.29145 135.21 7 7.52038
-0.00027184 4.45279e-06 200 6.99998 7.52038
-18.9176 -0.42808 193.523 6.99998 7.52038
-37.8349 -0.856316 187.045 6.99998 7.52038
-56.7522 -1.28483 180.568 6.99998 7.52038
-75.6694 -1.71369 174.09 6.99998 7.52038
-94.5865 -2.1429 167.612 6.99998 7.52038
-113.503 -2.57243 161.133 6.99999 7.52038
-132.42 -3.00216 154.654 6.99999 7.52038
-151.336 -3.43199 148.174 6.99999 7.52038
-170.252 -3.86177 141.692 7 7.52038
-189.167 -4.29145 135.21 7 7.52038
-0.00027184 4.45279e-06 200 6.99998 7.52038
-18.9176 -0.42808 193.523 6.99998 7.52038
-37.8349 -0.856316 187.045 6.99998 7.52038
-56.7522 -1.28483 180.568 6.99998 7.52038
-75.6694 -1.71369 174.09 6.99998 7.52038
-94.5865 -2.1429 167.612 6.99998 7.52038
-113.503 -2.57243 161.133 6.99999 7.52038
-132.42 -3.00216 154.654 6.99999 7.52038
-151.336 -3.43199 148.174 6.99999 7.52038
-170.252 -3.86177 141.692 7 7.52038
-189.167 -4.29145 135.21 7 7.52038
-0.00027184 4.45279e-06 200 6.99998 7.52038
-18.9176 -0.42808 193.523 6.99998 7.52038
-37.8349 -0.856316 187.045 6.99998 7.52038
-56.7522 -1.28483 180.568 6.99998 7.52038
-75.6694 -1.71369 174.09 6.99998 7.52038
-94.5865 -2.1429 167.612 6.99998 7.52038
-113.503 -2.57243 161.133 6.99999 7.52038
-132.42 -3.00216 154.654 6.99999 7.52038
-151.336 -3.43199 148.174 6.99999 7.52038
-170.252 -3.86177 141.692 7 7.52038
-189.167 -4.29145 135.21 7 7.52038
