6.92047e-05 -7.53116e-05 200 7 2.56013
5.10594 -5.72613 218.47 7 2.56013
10.211 -11.4513 236.941 7 2.56013
15.3145 -17.1749 255.412 7 2.56013
20.4156 -22.8964 273.885 7 2.56013
25.5142 -28.6158 292.359 7 2.56013
30.6103 -34.3337 310.834 7 2.56013
35.7042 -40.0505 329.311 7 2.56013
40.7959 -45.7664 347.788 7 2.56013
45.8862 -51.4818 366.265 7 2.56013
50.9759 -57.1971 384.743 7 2.56013
6.92047e-05 -7.53116e-05 200 7 2.56013
5.10594 -5.72613 218.47 7 2.56013
10.211 -11.4513 236.941 7 2.56013
15.3145 -17.1749 255.412 7 2.56013
20.4156 -22.8964 273.885 7 2.56013
25.5142 -28.6158 292.359 7 2.56013
30.6103 -34.3337 310.834 7 2.56013
35.7042 -40.0505 329.311 7 2.56013
40.7959 -45.7664 347.788 7 2.56013
45.8862 -51.4818 366.265 7 2.56013
50.9759 -57.1971 384.743 7 2.56013
6.92047e-05 -7.53116e-05 200 7 2.56013
5.10594 -5.72613 218.47 7 2.56013
10.211 -11.4513 236.941 7 2.56013
15.3145 -17.1749 255.412 7 2.56013
20.4156 -22.8964 273.885 7 2.56013
25.5142 -28.6158 292.359 7 2.56013
30.6103 -34.3337 310.834 7 2.56013
35.7042 -40.0505 329.311 7 2.56013
40.7959 -45.7664 347.788 7 2.56013
45.8862 -51.4818 366.265 7 2.56013
50.9759 -57.1971 384.743 7 2.56013
6.92047e-05 -7.53116e-05 200 7 2.56013
5.10594 -5.72613 218.47 7 2.56013
10.211 -11.4513 236.941 7 2.56013
15.3145 -17.1749 255.412 7 2.56013
20.4156 -22.8964 273.885 7 2.56013
25.5142 -28.6158 292.359 7 2.56013
30.6103 -34.3337 310.834 7 2.56013
35.7042 -40.0505 329.311 7 2.56013
40.7959 -45.7664 347.788 7 2.56013
45.8862 -51.4818 366.265 7 2.56013
50.9759 -57.1971 384.743 7 2.56013
6.92047e-05 -7.53116e-05 200 7 2.56013
5.10594 -5.72613 218.47 7 2.56013
10.211 -11.4513 236.941 7 2.56013
15.3145 -17.1749 255.412 7 2.56013
20.4156 -22.8964 273.885 7 2.56013
25.5142 -28.6158 292.359 7 2.56013
30.6103 -34.3337 310.834 7 2.56013
35.7042 -40.0505 329.311 7 2.56013
40.7959 -45.7664 347.788 7 2.56013
45.8862 -51.4818 366.265 7 2.56013
50.9759 -57.1971 384.743 7 2.56013
6.92047e-05 -7.53116e-05 200 7 2.56013
5.10594 -5.72613 218.47 7 2.56013
10.211 -11.4513 236.941 7 2.56013
15.3145 -17.1749 255.412 7 2.56013
20.4156 -22.8964 273.885 7 2.56013
25.5142 -28.6158 292.359 7 2.56013
30.6103 -34.3337 310.834 7 2.56013
35.7042 -40.0505 329.311 7 2.56013
40.7959 -45.7664 347.788 7 2.56013
45.8862 -51.4818 366.265 7 2.56013
50.9759 -57.1971 384.743 7 2.56013
