-0.00020706 -1.36281e-05 200 6.99998 9.62048
-14.8243 -1.37349 213.355 6.99998 9.62048
-29.6483 -2.74704 226.711 6.99998 9.62048
-44.4721 -4.12067 240.067 6.99998 9.62048
-59.2955 -5.49432 253.423 6.99998 9.62048
-74.1186 -6.8679 266.779 6.99998 9.62048
-88.9415 -8.24136 280.136 6.99999 9.62048
-103.764 -9.6147 293.493 6.99999 9.62048
-118.586 -10.9879 306.85 6.99999 9.62048
-133.408 -12.361 320.207 6.99999 9.62048
-148.23 -13.7341 333.565 6.99999 9.62048
-0.00020706 -1.36281e-05 200 6.99998 9.62048
-14.8243 -1.37349 213.355 6.99998 9.62048
-29.6483 -2.74704 226.711 6.99998 9.62048
-44.4721 -4.12067 240.067 6.99998 9.62048
-59.2955 -5.49432 253.423 6.99998 9.62048
-74.1186 -6.8679 266.779 6.99998 9.62048
-88.9415 -8.24136 280.136 6.99999 9.62048
-103.764 -9.6147 293.493 6.99999 9.62048
-118.586 -10.9879 306.85 6.99999 9.62048
-133.408 -12.361 320.207 6.99999 9.62048
-148.23 -13.7341 333.565 6.99999 9.62048
-0.00020706 -1.36281e-05 200 6.99998 9.62048
-14.8243 -1.37349 213.355 6.99998 9.62048
-29.6483 -2.74704 226.711 6.99998 9.62048
-44.4721 -4.12067 240.067 6.99998 9.62048
-59.2955 -5.49432 253.423 6.99998 9.62048
-74.1186 -6.8679 266.779 6.99998 9.62048
-88.9415 -8.24136 280.136 6.99999 9.62048
-103.764 -9.6147 293.493 6.99999 9.62048
-118.586 -10.9879 306.85 6.99999 9.62048
-133.408 -12.361 320.207 6.99999 9.62048
-148.23 -13.7341 333.565 6.99999 9.62048
-0.00020706 -1.36281e-05 200 6.99998 9.62048
-14.8243 -1.37349 213.355 6.99998 9.62048
-29.6483 -2.74704 226.711 6.99998 9.62048
-44.4721 -4.12067 240.067 6.99998 9.62048
-59.2955 -5.49432 253.423 6.99998 9.62048
-74.1186 -6.8679 266.779 6.99998 9.62048
-88.9415 -8.24136 280.136 6.99999 9.62048
-103.764 -9.6147 293.493 6.99999 9.62048
-118.586 -10.9879 306.85 6.99999 9.62048
-133.408 -12.361 320.207 6.99999 9.62048
-148.23 -13.7341 333.565 6.99999 9.62048
-0.00020706 -1.36281e-05 200 6.99998 9.62048
-14.8243 -1.37349 213.355 6.99998 9.62048
-29.6483 -2.74704 226.711 6.99998 9.62048
-44.4721 -4.12067 240.067 6.99998 9.62048
-59.2955 -5.49432 253.423 6.99998 9.62048
-74.1186 -6.8679 266.779 6.99998 9.62048
-88.9415 -8.24136 280.136 6.99999 9.62048
-103.764 -9.6147 293.493 6.99999 9.62048
-118.586 -10.9879 306.85 6.99999 9.62048
-133.408 -12.361 320.207 6.99999 9.62048
-148.23 -13.7341 333.565 6.99999 9.62048
-0.00020706 -1.36281e-05 200 6.99998 9.62048
-14.8243 -1.37349 213.355 6.99998 9.62048
-29.6483 -2.74704 226.711 6.99998 9.62048
-44.4721 -4.12067 240.067 6.99998 9.62048
-59.2955 -5.49432 253.423 6.99998 9.62048
-74.1186 -6.8679 266.779 6.99998 9.62048
-88.9415 -8.24136 280.136 6.99999 9.62048
-103.764 -9.6147 293.493 6.99999 9.62048
-118.586 -10.9879 306.85 6.99999 9.62048
-133.408 -12.361 320.207 6.99999 9.62048
-148.23 -13.7341 333.565 6.99999 9.62048
