7.07342e-05 -1.32175e-05 200 6.99999 6.24031
13.6574 -2.45496 214.403 6.99999 6.24031
27.3152 -4.90998 228.806 6.99999 6.24031
40.9735 -7.36516 243.208 6.99999 6.24031
54.6323 -9.8205 257.61 6.99999 6.24031
68.2913 -12.276 272.012 6.99999 6.24031
81.9506 -14.7317 286.413 6.99999 6.24031
95.61 -17.1874 300.814 7 6.24031
109.269 -19.6432 315.215 7 6.24031
122.928 -22.0991 329.617 7 6.24031
136.586 -24.555 344.019 7 6.24031
7.07342e-05 -1.32175e-05 200 6.99999 6.24031
13.6574 -2.45496 214.403 6.99999 6.24031
27.3152 -4.90998 228.806 6.99999 6.24031
40.9735 -7.36516 243.208 6.99999 6.24031
54.6323 -9.8205 257.61 6.99999 6.24031
68.2913 -12.276 272.012 6.99999 6.24031
81.9506 -14.7317 286.413 6.99999 6.24031
95.61 -17.1874 300.814 7 6.24031
109.269 -19.6432 315.215 7 6.24031
122.928 -22.0991 329.617 7 6.24031
136.586 -24.555 344.019 7 6.24031
7.07342e-05 -1.32175e-05 200 6.99999 6.24031
13.6574 -2.45496 214.403 6.99999 6.24031
27.3152 -4.90998 228.806 6.99999 6.24031
40.9735 -7.36516 243.208 6.99999 6.24031
54.6323 -9.8205 257.61 6.99999 6.24031
68.2913 -12.276 272.012 6.99999 6.24031
81.9506 -14.7317 286.413 6.99999 6.24031
95.61 -17.1874 300.814 7 6.24031
109.269 -19.6432 315.215 7 6.24031
122.928 -22.0991 329.617 7 6.24031
136.586 -24.555 344.019 7 6.24031
7.07342e-05 -1.32175e-05 200 6.99999 6.24031
13.6574 -2.45496 214.403 6.99999 6.24031
27.3152 -4.90998 228.806 6.99999 6.24031
40.9735 -7.36516 243.208 6.99999 6.24031
54.6323 -9.8205 257.61 6.99999 6.24031
68.2913 -12.276 272.012 6.99999 6.24031
81.9506 -14.7317 286.413 6.99999 6.24031
95.61 -17.1874 300.814 7 6.24031
109.269 -19.6432 315.215 7 6.24031
122.928 -22.0991 329.617 7 6.24031
136.586 -24.555 344.019 7 6.24031
7.07342e-05 -1.32175e-05 200 6.99999 6.24031
13.6574 -2.45496 214.403 6.99999 6.24031
27.3152 -4.90998 228.806 6.99999 6.24031
40.9735 -7.36516 243.208 6.99999 6.24031
54.6323 -9.8205 257.61 6.99999 6.24031
68.2913 -12.276 272.012 6.99999 6.24031
81.9506 -14.7317 286.413 6.99999 6.24031
95.61 -17.1874 300.814 7 6.24031
109.269 -19.6432 315.215 7 6.24031
122.928 -22.0991 329.617 7 6.24031
136.586 -24.555 344.019 7 6.24031
7.07342e-05 -1.32175e-05 200 6.99999 6.24031
13.6574 -2.45496 214.403 6.99999 6.24031
27.3152 -4.90998 228.806 6.99999 6.24031
40.9735 -7.36516 243.208 6.99999 6.24031
54.6323 -9.8205 257.61 6.99999 6.24031
68.2913 -12.276 272.012 6.99999 6.24031
81.9506 -14.7317 286.413 6.99999 6.24031
95.61 -17.1874 300.814 7 6.24031
109.269 -19.6432 315.215 7 6.24031
122.928 -22.0991 329.617 7 6.24031
136.586 -24.555 344.019 7 6.24031
