0.000421463 1.56196e-05 200 6.99997 8.62043
19.9866 0.748777 199.977 6.99997 8.62043
39.9727 1.49754 199.954 6.99997 8.62043
59.9589 2.24627 199.931 6.99997 8.62043
79.945 2.99484 199.908 6.99997 8.62043
99.9311 3.74319 199.885 6.99998 8.62043
119.917 4.4913 199.861 6.99998 8.62043
139.903 5.2392 199.838 6.99998 8.62043
159.889 5.98691 199.815 6.99999 8.62043
179.876 6.73453 199.792 6.99999 8.62043
199.862 7.4821 199.77 6.99999 8.62043
0.000421463 1.56196e-05 200 6.99997 8.62043
19.9866 0.748777 199.977 6.99997 8.62043
39.9727 1.49754 199.954 6.99997 8.62043
59.9589 2.24627 199.931 6.99997 8.62043
79.945 2.99484 199.908 6.99997 8.62043
99.9311 3.74319 199.885 6.99998 8.62043
119.917 4.4913 199.861 6.99998 8.62043
139.903 5.2392 199.838 6.99998 8.62043
159.889 5.98691 199.815 6.99999 8.62043
179.876 6.73453 199.792 6.99999 8.62043
199.862 7.4821 199.77 6.99999 8.62043
0.000421463 1.56196e-05 200 6.99997 8.62043
19.9866 0.748777 199.977 6.99997 8.62043
39.9727 1.49754 199.954 6.99997 8.62043
59.9589 2.24627 199.931 6.99997 8.62043
79.945 2.99484 199.908 6.99997 8.62043
99.9311 3.74319 199.885 6.99998 8.62043
119.917 4.4913 199.861 6.99998 8.62043
139.903 5.2392 199.838 6.99998 8.62043
159.889 5.98691 199.815 6.99999 8.62043
179.876 6.73453 199.792 6.99999 8.62043
199.862 7.4821 199.77 6.99999 8.62043
0.000421463 1.56196e-05 200 6.99997 8.62043
19.9866 0.748777 199.977 6.99997 8.62043
39.9727 1.49754 199.954 6.99997 8.62043
59.9589 2.24627 199.931 6.99997 8.62043
79.945 2.99484 199.908 6.99997 8.62043
99.9311 3.74319 199.885 6.99998 8.62043
119.917 4.4913 199.861 6.99998 8.62043
139.903 5.2392 199.838 6.99998 8.62043
159.889 5.98691 199.815 6.99999 8.62043
179.876 6.73453 199.792 6.99999 8.62043
199.862 7.4821 199.77 6.99999 8.62043
0.000421463 1.56196e-05 200 6.99997 8.62043
19.9866 0.748777 199.977 6.99997 8.62043
39.9727 1.49754 199.954 6.99997 8.62043
59.9589 2.24627 199.931 6.99997 8.62043
79.945 2.99484 199.908 6.99997 8.62043
99.9311 3.74319 199.885 6.99998 8.62043
119.917 4.4913 199.861 6.99998 8.62043
139.903 5.2392 199.838 6.99998 8.62043
159.889 5.98691 199.815 6.99999 8.62043
179.876 6.73453 199.792 6.99999 8.62043
199.862 7.4821 199.77 6.99999 8.62043
0.000421463 1.56196e-05 200 6.99997 8.62043
19.9866 0.748777 199.977 6.99997 8.62043
39.9727 1.49754 199.954 6.99997 8.62043
59.9589 2.24627 199.931 6.99997 8.62043
79.945 2.99484 199.908 6.99997 8.62043
99.9311 3.74319 199.885 6.99998 8.62043
119.917 4.4913 199.861 6.99998 8.62043
139.903 5.2392 199.838 6.99998 8.62043
159.889 5.98691 199.815 6.99999 8.62043
179.876 6.73453 199.792 6.99999 8.62043
199.862 7.4821 199.77 6.99999 8.62043
