0.000118703 -6.28838e-06 200 6.99999 5.74029
19.9452 0.633144 198.66 6.99999 5.74029
39.8903 1.26644 197.321 6.99999 5.74029
59.8354 1.89994 195.981 6.99999 5.74029
79.7804 2.5336 194.642 6.99999 5.74029
99.7255 3.16734 193.303 6.99999 5.74029
119.671 3.80111 191.964 7 5.74029
139.616 4.43493 190.627 7 5.74029
159.561 5.0688 189.29 7 5.74029
179.506 5.70272 187.954 7 5.74029
199.452 6.33667 186.619 7 5.74029
0.000118703 -6.28838e-06 200 6.99999 5.74029
19.9452 0.633144 198.66 6.99999 5.74029
39.8903 1.26644 197.321 6.99999 5.74029
59.8354 1.89994 195.981 6.99999 5.74029
79.7804 2.5336 194.642 6.99999 5.74029
99.7255 3.16734 193.303 6.99999 5.74029
119.671 3.80111 191.964 7 5.74029
139.616 4.43493 190.627 7 5.74029
159.561 5.0688 189.29 7 5.74029
179.506 5.70272 187.954 7 5.74029
199.452 6.33667 186.619 7 5.74029
0.000118703 -6.28838e-06 200 6.99999 5.74029
19.9452 0.633144 198.66 6.99999 5.74029
39.8903 1.26644 197.321 6.99999 5.74029
59.8354 1.89994 195.981 6.99999 5.74029
79.7804 2.5336 194.642 6.99999 5.74029
99.7255 3.16734 193.303 6.99999 5.74029
119.671 3.80111 191.964 7 5.74029
139.616 4.43493 190.627 7 5.74029
159.561 5.0688 189.29 7 5.74029
179.506 5.70272 187.954 7 5.74029
199.452 6.33667 186.619 7 5.74029
0.000118703 -6.28838e-06 200 6.99999 5.74029
19.9452 0.633144 198.66 6.99999 5.74029
39.8903 1.26644 197.321 6.99999 5.74029
59.8354 1.89994 195.981 6.99999 5.74029
79.7804 2.5336 194.642 6.99999 5.74029
99.7255 3.16734 193.303 6.99999 5.74029
119.671 3.80111 191.964 7 5.74029
139.616 4.43493 190.627 7 5.74029
159.561 5.0688 189.29 7 5.74029
179.506 5.70272 187.954 7 5.74029
199.452 6.33667 186.619 7 5.74029
0.000118703 -6.28838e-06 200 6.99999 5.74029
19.9452 0.633144 198.66 6.99999 5.74029
39.8903 1.26644 197.321 6.99999 5.74029
59.8354 1.89994 195.981 6.99999 5.74029
79.7804 2.5336 194.642 6.99999 5.74029
99.7255 3.16734 193.303 6.99999 5.74029
119.671 3.80111 191.964 7 5.74029
139.616 4.43493 190.627 7 5.74029
159.561 5.0688 189.29 7 5.74029
179.506 5.70272 187.954 7 5.74029
199.452 6.33667 186.619 7 5.74029
0.000118703 -6.28838e-06 200 6.99999 5.74029
19.9452 0.633144 198.66 6.99999 5.74029
39.8903 1.26644 197.321 6.99999 5.74029
59.8354 1.89994 195.981 6.99999 5.74029
79.7804 2.5336 194.642 6.99999 5.74029
99.7255 3.16734 193.303 6.99999 5.74029
119.671 3.80111 191.964 7 5.74029
139.616 4.43493 190.627 7 5.74029
159.561 5.0688 189.29 7 5.74029
179.506 5.70272 187.954 7 5.74029
199.452 6.33667 186.619 7 5.74029
