0.000106793 4.25483e-05 200 6.99997 8.16041
6.75943 2.29231 181.316 6.99997 8.16041
13.5191 4.58461 162.633 6.99997 8.16041
20.2796 6.87698 143.95 6.99997 8.16041
27.0412 9.16942 125.268 6.99998 8.16041
33.8042 11.4619 106.586 6.99998 8.16041
40.5688 13.7546 87.905 6.99998 8.16041
47.3352 16.0474 69.2244 6.99998 8.16041
54.1032 18.3403 50.5445 6.99999 8.16041
60.8721 20.6333 31.8649 6.99999 8.16041
67.6415 22.9262 13.1856 7 8.16041
0.000106793 4.25483e-05 200 6.99997 8.16041
6.75943 2.29231 181.316 6.99997 8.16041
13.5191 4.58461 162.633 6.99997 8.16041
20.2796 6.87698 143.95 6.99997 8.16041
27.0412 9.16942 125.268 6.99998 8.16041
33.8042 11.4619 106.586 6.99998 8.16041
40.5688 13.7546 87.905 6.99998 8.16041
47.3352 16.0474 69.2244 6.99998 8.16041
54.1032 18.3403 50.5445 6.99999 8.16041
60.8721 20.6333 31.8649 6.99999 8.16041
67.6415 22.9262 13.1856 7 8.16041
0.000106793 4.25483e-05 200 6.99997 8.16041
6.75943 2.29231 181.316 6.99997 8.16041
13.5191 4.58461 162.633 6.99997 8.16041
20.2796 6.87698 143.95 6.99997 8.16041
27.0412 9.16942 125.268 6.99998 8.16041
33.8042 11.4619 106.586 6.99998 8.16041
40.5688 13.7546 87.905 6.99998 8.16041
47.3352 16.0474 69.2244 6.99998 8.16041
54.1032 18.3403 50.5445 6.99999 8.16041
60.8721 20.6333 31.8649 6.99999 8.16041
67.6415 22.9262 13.1856 7 8.16041
0.000106793 4.25483e-05 200 6.99997 8.16041
6.75943 2.29231 181.316 6.99997 8.16041
13.5191 4.58461 162.633 6.99997 8.16041
20.2796 6.87698 143.95 6.99997 8.16041
27.0412 9.16942 125.268 6.99998 8.16041
33.8042 11.4619 106.586 6.99998 8.16041
40.5688 13.7546 87.905 6.99998 8.16041
47.3352 16.0474 69.2244 6.99998 8.16041
54.1032 18.3403 50.5445 6.99999 8.16041
60.8721 20.6333 31.8649 6.99999 8.16041
67.6415 22.9262 13.1856 7 8.16041
0.000106793 4.25483e-05 200 6.99997 8.16041
6.75943 2.29231 181.316 6.99997 8.16041
13.5191 4.58461 162.633 6.99997 8.16041
20.2796 6.87698 143.95 6.99997 8.16041
27.0412 9.16942 125.268 6.99998 8.16041
33.8042 11.4619 106.586 6.99998 8.16041
40.5688 13.7546 87.905 6.99998 8.16041
47.3352 16.0474 69.2244 6.99998 8.16041
54.1032 18.3403 50.5445 6.99999 8.16041
60.8721 20.6333 31.8649 6.99999 8.16041
67.6415 22.9262 13.1856 7 8.16041
0.000106793 4.25483e-05 200 6.99997 8.16041
6.75943 2.29231 181.316 6.99997 8.16041
13.5191 4.58461 162.633 6.99997 8.16041
20.2796 6.87698 143.95 6.99997 8.16041
27.0412 9.16942 125.268 6.99998 8.16041
33.8042 11.4619 106.586 6.99998 8.16041
40.5688 13.7546 87.905 6.99998 8.16041
47.3352 16.0474 69.2244 6.99998 8.16041
54.1032 18.3403 50.5445 6.99999 8.16041
60.8721 20.6333 31.8649 6.99999 8.16041
67.6415 22.9262 13.1856 7 8.16041
