-7.92059e-05 4.49514e-06 200 6.99999 3.80019
-19.0953 5.19521 202.895 6.99999 3.80019
-38.1906 10.3907 205.79 6.99999 3.80019
-57.2859 15.5864 208.684 6.99999 3.80019
-76.3811 20.7825 211.578 7 3.80019
-95.4764 25.979 214.471 7 3.80019
-114.572 31.176 217.363 7 3.80019
-133.667 36.3735 220.254 7 3.80019
-152.762 41.5717 223.146 7 3.80019
-171.857 46.7703 226.036 7 3.80019
-190.952 51.9691 228.926 7 3.80019
-7.92059e-05 4.49514e-06 200 6.99999 3.80019
-19.0953 5.19521 202.895 6.99999 3.80019
-38.1906 10.3907 205.79 6.99999 3.80019
-57.2859 15.5864 208.684 6.99999 3.80019
-76.3811 20.7825 211.578 7 3.80019
-95.4764 25.979 214.471 7 3.80019
-114.572 31.176 217.363 7 3.80019
-133.667 36.3735 220.254 7 3.80019
-152.762 41.5717 223.146 7 3.80019
-171.857 46.7703 226.036 7 3.80019
-190.952 51.9691 228.926 7 3.80019
-7.92059e-05 4.49514e-06 200 6.99999 3.80019
-19.0953 5.19521 202.895 6.99999 3.80019
-38.1906 10.3907 205.79 6.99999 3.80019
-57.2859 15.5864 208.684 6.99999 3.80019
-76.3811 20.7825 211.578 7 3.80019
-95.4764 25.979 214.471 7 3.80019
-114.572 31.176 217.363 7 3.80019
-133.667 36.3735 220.254 7 3.80019
-152.762 41.5717 223.146 7 3.80019
-171.857 46.7703 226.036 7 3.80019
-190.952 51.9691 228.926 7 3.80019
-7.92059e-05 4.49514e-06 200 6.99999 3.80019
-19.0953 5.19521 202.895 6.99999 3.80019
-38.1906 10.3907 205.79 6.99999 3.80019
-57.2859 15.5864 208.684 6.99999 3.80019
-76.3811 20.7825 211.578 7 3.80019
-95.4764 25.979 214.471 7 3.80019
-114.572 31.176 217.363 7 3.80019
-133.667 36.3735 220.254 7 3.80019
-152.762 41.5717 223.146 7 3.80019
-171.857 46.7703 226.036 7 3.80019
-190.952 51.9691 228.926 7 3.80019
-7.92059e-05 4.49514e-06 200 6.99999 3.80019
-19.0953 5.19521 202.895 6.99999 3.80019
-38.1906 10.3907 205.79 6.99999 3.80019
-57.2859 15.5864 208.684 6.99999 3.80019
-76.3811 20.7825 211.578 7 3.80019
-95.4764 25.979 214.471 7 3.80019
-114.572 31.176 217.363 7 3.80019
-133.667 36.3735 220.254 7 3.80019
-152.762 41.5717 223.146 7 3.80019
-171.857 46.7703 226.036 7 3.80019
-190.952 51.9691 228.926 7 3.80019
-7.92059e-05 4.49514e-06 200 6.99999 3.80019
-19.0953 5.19521 202.895 6.99999 3.80019
-38.1906 10.3907 205.79 6.99999 3.80019
-57.2859 15.5864 208.684 6.99999 3.80019
-76.3811 20.7825 211.578 7 3.80019
-95.4764 25.979 214.471 7 3.80019
-114.572 31.176 217.363 7 3.80019
-133.667 36.3735 220.254 7 3.80019
-152.762 41.5717 223.146 7 3.80019
-171.857 46.7703 226.036 7 3.80019
-190.952 51.9691 228.926 7 3.80019
