-8.51024e-06 -1.15617e-05 200 7 0.280014
0.0861979 -19.9085 198.09 7 0.280014
0.172517 -39.8169 196.181 7 0.280014
0.25899 -59.7252 194.27 7 0.280014
0.34588 -79.6333 192.357 7 0.280014
0.433538 -99.5412 190.441 7 0.280014
0.522104 -119.449 188.523 7 0.280014
0.611533 -139.356 186.603 7 0.280014
0.701783 -159.263 184.68 7 0.280014
0.792855 -179.17 182.757 7 0.280014
0.884472 -199.078 180.833 7 0.280014
-8.51024e-06 -1.15617e-05 200 7 0.280014
0.0861979 -19.9085 198.09 7 0.280014
0.172517 -39.8169 196.181 7 0.280014
0.25899 -59.7252 194.27 7 0.280014
0.34588 -79.6333 192.357 7 0.280014
0.433538 -99.5412 190.441 7 0.280014
0.522104 -119.449 188.523 7 0.280014
0.611533 -139.356 186.603 7 0.280014
0.701783 -159.263 184.68 7 0.280014
0.792855 -179.17 182.757 7 0.280014
0.884472 -199.078 180.833 7 0.280014
-8.51024e-06 -1.15617e-05 200 7 0.280014
0.0861979 -19.9085 198.09 7 0.280014
0.172517 -39.8169 196.181 7 0.280014
0.25899 -59.7252 194.27 7 0.280014
0.34588 -79.6333 192.357 7 0.280014
0.433538 -99.5412 190.441 7 0.280014
0.522104 -119.449 188.523 7 0.280014
0.611533 -139.356 186.603 7 0.280014
0.701783 -159.263 184.68 7 0.280014
0.792855 -179.17 182.757 7 0.280014
0.884472 -199.078 180.833 7 0.280014
-8.51024e-06 -1.15617e-05 200 7 0.280014
0.0861979 -19.9085 198.09 7 0.280014
0.172517 -39.8169 196.181 7 0.280014
0.25899 -59.7252 194.27 7 0.280014
0.34588 -79.6333 192.357 7 0.280014
0.433538 -99.5412 190.441 7 0.280014
0.522104 -119.449 188.523 7 0.280014
0.611533 -139.356 186.603 7 0.280014
0.701783 -159.263 184.68 7 0.280014
0.792855 -179.17 182.757 7 0.280014
0.884472 -199.078 180.833 7 0.280014
-8.51024e-06 -1.15617e-05 200 7 0.280014
0.0861979 -19.9085 198.09 7 0.280014
0.172517 -39.8169 196.181 7 0.280014
0.25899 -59.7252 194.27 7 0.280014
0.34588 -79.6333 192.357 7 0.280014
0.433538 -99.5412 190.441 7 0.280014
0.522104 -119.449 188.523 7 0.280014
0.611533 -139.356 186.603 7 0.280014
0.701783 -159.263 184.68 7 0.280014
0.792855 -179.17 182.757 7 0.280014
0.884472 -199.078 180.833 7 0.280014
-8.51024e-06 -1.15617e-05 200 7 0.280014
0.0861979 -19.9085 198.09 7 0.280014
0.172517 -39.8169 196.181 7 0.280014
0.25899 -59.7252 194.27 7 0.280014
0.34588 -79.6333 192.357 7 0.280014
0.433538 -99.5412 190.441 7 0.280014
0.522104 -119.449 188.523 7 0.280014
0.611533 -139.356 186.603 7 0.280014
0.701783 -159.263 184.68 7 0.280014
0.792855 -179.17 182.757 7 0.280014
0.884472 -199.078 180.833 7 0.280014
