-1.50807e-05 -2.45082e-05 200 7 1.28006
10.5566 -16.7383 197.104 7 1.28006
21.1137 -33.4766 194.209 7 1.28006
31.6716 -50.215 191.318 7 1.28006
42.2305 -66.9536 188.432 7 1.28006
52.7903 -83.6926 185.552 7 1.28006
63.3506 -100.432 182.677 7 1.28006
73.9114 -117.172 179.807 7 1.28006
84.4724 -133.913 176.94 7 1.28006
95.0335 -150.654 174.076 7 1.28006
105.595 -167.395 171.213 7 1.28006
-1.50807e-05 -2.45082e-05 200 7 1.28006
10.5566 -16.7383 197.104 7 1.28006
21.1137 -33.4766 194.209 7 1.28006
31.6716 -50.215 191.318 7 1.28006
42.2305 -66.9536 188.432 7 1.28006
52.7903 -83.6926 185.552 7 1.28006
63.3506 -100.432 182.677 7 1.28006
73.9114 -117.172 179.807 7 1.28006
84.4724 -133.913 176.94 7 1.28006
95.0335 -150.654 174.076 7 1.28006
105.595 -167.395 171.213 7 1.28006
-1.50807e-05 -2.45082e-05 200 7 1.28006
10.5566 -16.7383 197.104 7 1.28006
21.1137 -33.4766 194.209 7 1.28006
31.6716 -50.215 191.318 7 1.28006
42.2305 -66.9536 188.432 7 1.28006
52.7903 -83.6926 185.552 7 1.28006
63.3506 -100.432 182.677 7 1.28006
73.9114 -117.172 179.807 7 1.28006
84.4724 -133.913 176.94 7 1.28006
95.0335 -150.654 174.076 7 1.28006
105.595 -167.395 171.213 7 1.28006
-1.50807e-05 -2.45082e-05 200 7 1.28006
10.5566 -16.7383 197.104 7 1.28006
21.1137 -33.4766 194.209 7 1.28006
31.6716 -50.215 191.318 7 1.28006
42.2305 -66.9536 188.432 7 1.28006
52.7903 -83.6926 185.552 7 1.28006
63.3506 -100.432 182.677 7 1.28006
73.9114 -117.172 179.807 7 1.28006
84.4724 -133.913 176.94 7 1.28006
95.0335 -150.654 174.076 7 1.28006
105.595 -167.395 171.213 7 1.28006
-1.50807e-05 -2.45082e-05 200 7 1.28006
10.5566 -16.7383 197.104 7 1.28006
21.1137 -33.4766 194.209 7 1.28006
31.6716 -50.215 191.318 7 1.28006
42.2305 -66.9536 188.432 7 1.28006
52.7903 -83.6926 185.552 7 1.28006
63.3506 -100.432 182.677 7 1.28006
73.9114 -117.172 179.807 7 1.28006
84.4724 -133.913 176.94 7 1.28006
95.0335 -150.654 174.076 7 1.28006
105.595 -167.395 171.213 7 1.28006
-1.50807e-05 -2.45082e-05 200 7 1.28006
10.5566 -16.7383 197.104 7 1.28006
21.1137 -33.4766 194.209 7 1.28006
31.6716 -50.215 191.318 7 1.28006
42.2305 -66.9536 188.432 7 1.28006
52.7903 -83.6926 185.552 7 1.28006
63.3506 -100.432 182.677 7 1.28006
73.9114 -117.172 179.807 7 1.28006
84.4724 -133.913 176.94 7 1.28006
95.0335 -150.654 174.076 7 1.28006
105.595 -167.395 171.213 7 1.28006
