0.000119855 -1.58952e-05 200 6.99999 6.20031
14.6938 -2.25788 213.379 6.99999 6.20031
29.3872 -4.51574 226.759 6.99999 6.20031
44.0805 -6.77361 240.138 6.99999 6.20031
58.7736 -9.03153 253.518 6.99999 6.20031
73.4665 -11.2896 266.898 6.99999 6.20031
88.1591 -13.5478 280.278 6.99999 6.20031
102.851 -15.8062 293.658 7 6.20031
117.543 -18.065 307.039 7 6.20031
132.235 -20.324 320.42 7 6.20031
146.926 -22.583 333.802 7 6.20031
0.000119855 -1.58952e-05 200 6.99999 6.20031
14.6938 -2.25788 213.379 6.99999 6.20031
29.3872 -4.51574 226.759 6.99999 6.20031
44.0805 -6.77361 240.138 6.99999 6.20031
58.7736 -9.03153 253.518 6.99999 6.20031
73.4665 -11.2896 266.898 6.99999 6.20031
88.1591 -13.5478 280.278 6.99999 6.20031
102.851 -15.8062 293.658 7 6.20031
117.543 -18.065 307.039 7 6.20031
132.235 -20.324 320.42 7 6.20031
146.926 -22.583 333.802 7 6.20031
0.000119855 -1.58952e-05 200 6.99999 6.20031
14.6938 -2.25788 213.379 6.99999 6.20031
29.3872 -4.51574 226.759 6.99999 6.20031
44.0805 -6.77361 240.138 6.99999 6.20031
58.7736 -9.03153 253.518 6.99999 6.20031
73.4665 -11.2896 266.898 6.99999 6.20031
88.1591 -13.5478 280.278 6.99999 6.20031
102.851 -15.8062 293.658 7 6.20031
117.543 -18.065 307.039 7 6.20031
132.235 -20.324 320.42 7 6.20031
146.926 -22.583 333.802 7 6.20031
0.000119855 -1.58952e-05 200 6.99999 6.20031
14.6938 -2.25788 213.379 6.99999 6.20031
29.3872 -4.51574 226.759 6.99999 6.20031
44.0805 -6.77361 240.138 6.99999 6.20031
58.7736 -9.03153 253.518 6.99999 6.20031
73.4665 -11.2896 266.898 6.99999 6.20031
88.1591 -13.5478 280.278 6.99999 6.20031
102.851 -15.8062 293.658 7 6.20031
117.543 -18.065 307.039 7 6.20031
132.235 -20.324 320.42 7 6.20031
146.926 -22.583 333.802 7 6.20031
0.000119855 -1.58952e-05 200 6.99999 6.20031
14.6938 -2.25788 213.379 6.99999 6.20031
29.3872 -4.51574 226.759 6.99999 6.20031
44.0805 -6.77361 240.138 6.99999 6.20031
58.7736 -9.03153 253.518 6.99999 6.20031
73.4665 -11.2896 266.898 6.99999 6.20031
88.1591 -13.5478 280.278 6.99999 6.20031
102.851 -15.8062 293.658 7 6.20031
117.543 -18.065 307.039 7 6.20031
132.235 -20.324 320.42 7 6.20031
146.926 -22.583 333.802 7 6.20031
0.000119855 -1.58952e-05 200 6.99999 6.20031
14.6938 -2.25788 213.379 6.99999 6.20031
29.3872 -4.51574 226.759 6.99999 6.20031
44.0805 -6.77361 240.138 6.99999 6.20031
58.7736 -9.03153 253.518 6.99999 6.20031
73.4665 -11.2896 266.898 6.99999 6.20031
88.1591 -13.5478 280.278 6.99999 6.20031
102.851 -15.8062 293.658 7 6.20031
117.543 -18.065 307.039 7 6.20031
132.235 -20.324 320.42 7 6.20031
146.926 -22.583 333.802 7 6.20031
