3.44129e-05 -2.57734e-05 200 7 2.90015
-3.12038 -2.23515 219.628 7 2.90015
-6.24142 -4.47 239.257 7 2.90015
-9.36371 -6.70418 258.885 7 2.90015
-12.4876 -8.93744 278.512 7 2.90015
-15.613 -11.1699 298.14 7 2.90015
-18.7398 -13.4018 317.768 7 2.90015
-21.8677 -15.6333 337.395 7 2.90015
-24.9964 -17.8647 357.023 7 2.90015
-28.126 -20.0959 376.65 7 2.90015
-31.2561 -22.3267 396.277 7 2.90015
3.44129e-05 -2.57734e-05 200 7 2.90015
-3.12038 -2.23515 219.628 7 2.90015
-6.24142 -4.47 239.257 7 2.90015
-9.36371 -6.70418 258.885 7 2.90015
-12.4876 -8.93744 278.512 7 2.90015
-15.613 -11.1699 298.14 7 2.90015
-18.7398 -13.4018 317.768 7 2.90015
-21.8677 -15.6333 337.395 7 2.90015
-24.9964 -17.8647 357.023 7 2.90015
-28.126 -20.0959 376.65 7 2.90015
-31.2561 -22.3267 396.277 7 2.90015
3.44129e-05 -2.57734e-05 200 7 2.90015
-3.12038 -2.23515 219.628 7 2.90015
-6.24142 -4.47 239.257 7 2.90015
-9.36371 -6.70418 258.885 7 2.90015
-12.4876 -8.93744 278.512 7 2.90015
-15.613 -11.1699 298.14 7 2.90015
-18.7398 -13.4018 317.768 7 2.90015
-21.8677 -15.6333 337.395 7 2.90015
-24.9964 -17.8647 357.023 7 2.90015
-28.126 -20.0959 376.65 7 2.90015
-31.2561 -22.3267 396.277 7 2.90015
3.44129e-05 -2.57734e-05 200 7 2.90015
-3.12038 -2.23515 219.628 7 2.90015
-6.24142 -4.47 239.257 7 2.90015
-9.36371 -6.70418 258.885 7 2.90015
-12.4876 -8.93744 278.512 7 2.90015
-15.613 -11.1699 298.14 7 2.90015
-18.7398 -13.4018 317.768 7 2.90015
-21.8677 -15.6333 337.395 7 2.90015
-24.9964 -17.8647 357.023 7 2.90015
-28.126 -20.0959 376.65 7 2.90015
-31.2561 -22.3267 396.277 7 2.90015
3.44129e-05 -2.57734e-05 200 7 2.90015
-3.12038 -2.23515 219.628 7 2.90015
-6.24142 -4.47 239.257 7 2.90015
-9.36371 -6.70418 258.885 7 2.90015
-12.4876 -8.93744 278.512 7 2.90015
-15.613 -11.1699 298.14 7 2.90015
-18.7398 -13.4018 317.768 7 2.90015
-21.8677 -15.6333 337.395 7 2.90015
-24.9964 -17.8647 357.023 7 2.90015
-28.126 -20.0959 376.65 7 2.90015
-31.2561 -22.3267 396.277 7 2.90015
3.44129e-05 -2.57734e-05 200 7 2.90015
-3.12038 -2.23515 219.628 7 2.90015
-6.24142 -4.47 239.257 7 2.90015
-9.36371 -6.70418 258.885 7 2.90015
-12.4876 -8.93744 278.512 7 2.90015
-15.613 -11.1699 298.14 7 2.90015
-18.7398 -13.4018 317.768 7 2.90015
-21.8677 -15.6333 337.395 7 2.90015
-24.9964 -17.8647 357.023 7 2.90015
-28.126 -20.0959 376.65 7 2.90015
-31.2561 -22.3267 396.277 7 2.90015
