2.81097e-05 -6.42687e-05 200 6.99999 3.08015
-7.64517 -0.469071 218.475 6.99999 3.08015
-15.2912 -0.937179 236.95 7 3.08015
-22.9386 -1.40364 255.424 7 3.08015
-30.5881 -1.86808 273.898 7 3.08015
-38.2396 -2.33042 292.371 7 3.08015
-45.8931 -2.79103 310.843 7 3.08015
-53.5485 -3.25017 329.314 7 3.08015
-61.2053 -3.70848 347.784 7 3.08015
-68.8627 -4.16685 366.255 7 3.08015
-76.5204 -4.62548 384.725 7 3.08015
2.81097e-05 -6.42687e-05 200 6.99999 3.08015
-7.64517 -0.469071 218.475 6.99999 3.08015
-15.2912 -0.937179 236.95 7 3.08015
-22.9386 -1.40364 255.424 7 3.08015
-30.5881 -1.86808 273.898 7 3.08015
-38.2396 -2.33042 292.371 7 3.08015
-45.8931 -2.79103 310.843 7 3.08015
-53.5485 -3.25017 329.314 7 3.08015
-61.2053 -3.70848 347.784 7 3.08015
-68.8627 -4.16685 366.255 7 3.08015
-76.5204 -4.62548 384.725 7 3.08015
2.81097e-05 -6.42687e-05 200 6.99999 3.08015
-7.64517 -0.469071 218.475 6.99999 3.08015
-15.2912 -0.937179 236.95 7 3.08015
-22.9386 -1.40364 255.424 7 3.08015
-30.5881 -1.86808 273.898 7 3.08015
-38.2396 -2.33042 292.371 7 3.08015
-45.8931 -2.79103 310.843 7 3.08015
-53.5485 -3.25017 329.314 7 3.08015
-61.2053 -3.70848 347.784 7 3.08015
-68.8627 -4.16685 366.255 7 3.08015
-76.5204 -4.62548 384.725 7 3.08015
2.81097e-05 -6.42687e-05 200 6.99999 3.08015
-7.64517 -0.469071 218.475 6.99999 3.08015
-15.2912 -0.937179 236.95 7 3.08015
-22.9386 -1.40364 255.424 7 3.08015
-30.5881 -1.86808 273.898 7 3.08015
-38.2396 -2.33042 292.371 7 3.08015
-45.8931 -2.79103 310.843 7 3.08015
-53.5485 -3.25017 329.314 7 3.08015
-61.2053 -3.70848 347.784 7 3.08015
-68.8627 -4.16685 366.255 7 3.08015
-76.5204 -4.62548 384.725 7 3.08015
2.81097e-05 -6.42687e-05 200 6.99999 3.08015
-7.64517 -0.469071 218.475 6.99999 3.08015
-15.2912 -0.937179 236.95 7 3.08015
-22.9386 -1.40364 255.424 7 3.08015
-30.5881 -1.86808 273.898 7 3.08015
-38.2396 -2.33042 292.371 7 3.08015
-45.8931 -2.79103 310.843 7 3.08015
-53.5485 -3.25017 329.314 7 3.08015
-61.2053 -3.70848 347.784 7 3.08015
-68.8627 -4.16685 366.255 7 3.08015
-76.5204 -4.62548 384.725 7 3.08015
2.81097e-05 -6.42687e-05 200 6.99999 3.08015
-7.64517 -0.469071 218.475 6.99999 3.08015
-15.2912 -0.937179 236.95 7 3.08015
-22.9386 -1.40364 255.424 7 3.08015
-30.5881 -1.86808 273.898 7 3.08015
-38.2396 -2.33042 292.371 7 3.08015
-45.8931 -2.79103 310.843 7 3.08015
-53.5485 -3.25017 329.314 7 3.08015
-61.2053 -3.70848 347.784 7 3.08015
-68.8627 -4.16685 366.255 7 3.08015
-76.5204 -4.62548 384.725 7 3.08015
