9.56612e-05 -5.60326e-05 200 7 2.20011
11.4834 -9.38928 213.415 7 2.20011
22.9658 -18.7781 226.832 7 2.20011
34.4466 -28.166 240.251 7 2.20011
45.9252 -37.5526 253.672 7 2.20011
57.4015 -46.9376 267.097 7 2.20011
68.8757 -56.3211 280.524 7 2.20011
80.3482 -65.7037 293.953 7 2.20011
91.8193 -75.0857 307.384 7 2.20011
103.289 -84.4675 320.817 7 2.20011
114.758 -93.8491 334.249 7 2.20011
9.56612e-05 -5.60326e-05 200 7 2.20011
11.4834 -9.38928 213.415 7 2.20011
22.9658 -18.7781 226.832 7 2.20011
34.4466 -28.166 240.251 7 2.20011
45.9252 -37.5526 253.672 7 2.20011
57.4015 -46.9376 267.097 7 2.20011
68.8757 -56.3211 280.524 7 2.20011
80.3482 -65.7037 293.953 7 2.20011
91.8193 -75.0857 307.384 7 2.20011
103.289 -84.4675 320.817 7 2.20011
114.758 -93.8491 334.249 7 2.20011
9.56612e-05 -5.60326e-05 200 7 2.20011
11.4834 -9.38928 213.415 7 2.20011
22.9658 -18.7781 226.832 7 2.20011
34.4466 -28.166 240.251 7 2.20011
45.9252 -37.5526 253.672 7 2.20011
57.4015 -46.9376 267.097 7 2.20011
68.8757 -56.3211 280.524 7 2.20011
80.3482 -65.7037 293.953 7 2.20011
91.8193 -75.0857 307.384 7 2.20011
103.289 -84.4675 320.817 7 2.20011
114.758 -93.8491 334.249 7 2.20011
9.56612e-05 -5.60326e-05 200 7 2.20011
11.4834 -9.38928 213.415 7 2.20011
22.9658 -18.7781 226.832 7 2.20011
34.4466 -28.166 240.251 7 2.20011
45.9252 -37.5526 253.672 7 2.20011
57.4015 -46.9376 267.097 7 2.20011
68.8757 -56.3211 280.524 7 2.20011
80.3482 -65.7037 293.953 7 2.20011
91.8193 -75.0857 307.384 7 2.20011
103.289 -84.4675 320.817 7 2.20011
114.758 -93.8491 334.249 7 2.20011
9.56612e-05 -5.60326e-05 200 7 2.20011
11.4834 -9.38928 213.415 7 2.20011
22.9658 -18.7781 226.832 7 2.20011
34.4466 -28.166 240.251 7 2.20011
45.9252 -37.5526 253.672 7 2.20011
57.4015 -46.9376 267.097 7 2.20011
68.8757 -56.3211 280.524 7 2.20011
80.3482 -65.7037 293.953 7 2.20011
91.8193 -75.0857 307.384 7 2.20011
103.289 -84.4675 320.817 7 2.20011
114.758 -93.8491 334.249 7 2.20011
9.56612e-05 -5.60326e-05 200 7 2.20011
11.4834 -9.38928 213.415 7 2.20011
22.9658 -18.7781 226.832 7 2.20011
34.4466 -28.166 240.251 7 2.20011
45.9252 -37.5526 253.672 7 2.20011
57.4015 -46.9376 267.097 7 2.20011
68.8757 -56.3211 280.524 7 2.20011
80.3482 -65.7037 293.953 7 2.20011
91.8193 -75.0857 307.384 7 2.20011
103.289 -84.4675 320.817 7 2.20011
114.758 -93.8491 334.249 7 2.20011
