-0.000149693 -2.96778e-05 200 6.99998 7.02035
-14.0633 -3.16215 213.865 6.99998 7.02035
-28.1264 -6.32433 227.73 6.99998 7.02035
-42.1896 -9.48661 241.594 6.99999 7.02035
-56.2529 -12.649 255.459 6.99999 7.02035
-70.3163 -15.8117 269.323 6.99999 7.02035
-84.3801 -18.9744 283.187 6.99999 7.02035
-98.4445 -22.1374 297.051 6.99999 7.02035
-112.509 -25.3006 310.913 7 7.02035
-126.575 -28.464 324.775 7 7.02035
-140.641 -31.6275 338.637 7 7.02035
-0.000149693 -2.96778e-05 200 6.99998 7.02035
-14.0633 -3.16215 213.865 6.99998 7.02035
-28.1264 -6.32433 227.73 6.99998 7.02035
-42.1896 -9.48661 241.594 6.99999 7.02035
-56.2529 -12.649 255.459 6.99999 7.02035
-70.3163 -15.8117 269.323 6.99999 7.02035
-84.3801 -18.9744 283.187 6.99999 7.02035
-98.4445 -22.1374 297.051 6.99999 7.02035
-112.509 -25.3006 310.913 7 7.02035
-126.575 -28.464 324.775 7 7.02035
-140.641 -31.6275 338.637 7 7.02035
-0.000149693 -2.96778e-05 200 6.99998 7.02035
-14.0633 -3.16215 213.865 6.99998 7.02035
-28.1264 -6.32433 227.73 6.99998 7.02035
-42.1896 -9.48661 241.594 6.99999 7.02035
-56.2529 -12.649 255.459 6.99999 7.02035
-70.3163 -15.8117 269.323 6.99999 7.02035
-84.3801 -18.9744 283.187 6.99999 7.02035
-98.4445 -22.1374 297.051 6.99999 7.02035
-112.509 -25.3006 310.913 7 7.02035
-126.575 -28.464 324.775 7 7.02035
-140.641 -31.6275 338.637 7 7.02035
-0.000149693 -2.96778e-05 200 6.99998 7.02035
-14.0633 -3.16215 213.865 6.99998 7.02035
-28.1264 -6.32433 227.73 6.99998 7.02035
-42.1896 -9.48661 241.594 6.99999 7.02035
-56.2529 -12.649 255.459 6.99999 7.02035
-70.3163 -15.8117 269.323 6.99999 7.02035
-84.3801 -18.9744 283.187 6.99999 7.02035
-98.4445 -22.1374 297.051 6.99999 7.02035
-112.509 -25.3006 310.913 7 7.02035
-126.575 -28.464 324.775 7 7.02035
-140.641 -31.6275 338.637 7 7.02035
-0.000149693 -2.96778e-05 200 6.99998 7.02035
-14.0633 -3.16215 213.865 6.99998 7.02035
-28.1264 -6.32433 227.73 6.99998 7.02035
-42.1896 -9.48661 241.594 6.99999 7.02035
-56.2529 -12.649 255.459 6.99999 7.02035
-70.3163 -15.8117 269.323 6.99999 7.02035
-84.3801 -18.9744 283.187 6.99999 7.02035
-98.4445 -22.1374 297.051 6.99999 7.02035
-112.509 -25.3006 310.913 7 7.02035
-126.575 -28.464 324.775 7 7.02035
-140.641 -31.6275 338.637 7 7.02035
-0.000149693 -2.96778e-05 200 6.99998 7.02035
-14.0633 -3.16215 213.865 6.99998 7.02035
-28.1264 -6.32433 227.73 6.99998 7.02035
-42.1896 -9.48661 241.594 6.99999 7.02035
-56.2529 -12.649 255.459 6.99999 7.02035
-70.3163 -15.8117 269.323 6.99999 7.02035
-84.3801 -18.9744 283.187 6.99999 7.02035
-98.4445 -22.1374 297.051 6.99999 7.02035
-112.509 -25.3006 310.913 7 7.02035
-126.575 -28.464 324.775 7 7.02035
-140.641 -31.6275 338.637 7 7.02035
