7.75719e-05 -3.22377e-05 200 6.99999 6.56033
2.95756 -3.53604 219.462 6.99999 6.56033
5.91431 -7.07202 238.923 6.99999 6.56033
8.86988 -10.6081 258.385 6.99999 6.56033
11.8238 -14.1442 277.847 6.99999 6.56033
14.7758 -17.6805 297.31 6.99999 6.56033
17.7255 -21.2169 316.772 6.99999 6.56033
20.673 -24.7534 336.235 6.99999 6.56033
23.6187 -28.2898 355.699 7 6.56033
26.563 -31.8262 375.162 7 6.56033
29.5066 -35.3627 394.626 7 6.56033
7.75719e-05 -3.22377e-05 200 6.99999 6.56033
2.95756 -3.53604 219.462 6.99999 6.56033
5.91431 -7.07202 238.923 6.99999 6.56033
8.86988 -10.6081 258.385 6.99999 6.56033
11.8238 -14.1442 277.847 6.99999 6.56033
14.7758 -17.6805 297.31 6.99999 6.56033
17.7255 -21.2169 316.772 6.99999 6.56033
20.673 -24.7534 336.235 6.99999 6.56033
23.6187 -28.2898 355.699 7 6.56033
26.563 -31.8262 375.162 7 6.56033
29.5066 -35.3627 394.626 7 6.56033
7.75719e-05 -3.22377e-05 200 6.99999 6.56033
2.95756 -3.53604 219.462 6.99999 6.56033
5.91431 -7.07202 238.923 6.99999 6.56033
8.86988 -10.6081 258.385 6.99999 6.56033
11.8238 -14.1442 277.847 6.99999 6.56033
14.7758 -17.6805 297.31 6.99999 6.56033
17.7255 -21.2169 316.772 6.99999 6.56033
20.673 -24.7534 336.235 6.99999 6.56033
23.6187 -28.2898 355.699 7 6.56033
26.563 -31.8262 375.162 7 6.56033
29.5066 -35.3627 394.626 7 6.56033
7.75719e-05 -3.22377e-05 200 6.99999 6.56033
2.95756 -3.53604 219.462 6.99999 6.56033
5.91431 -7.07202 238.923 6.99999 6.56033
8.86988 -10.6081 258.385 6.99999 6.56033
11.8238 -14.1442 277.847 6.99999 6.56033
14.7758 -17.6805 297.31 6.99999 6.56033
17.7255 -21.2169 316.772 6.99999 6.56033
20.673 -24.7534 336.235 6.99999 6.56033
23.6187 -28.2898 355.699 7 6.56033
26.563 -31.8262 375.162 7 6.56033
29.5066 -35.3627 394.626 7 6.56033
7.75719e-05 -3.22377e-05 200 6.99999 6.56033
2.95756 -3.53604 219.462 6.99999 6.56033
5.91431 -7.07202 238.923 6.99999 6.56033
8.86988 -10.6081 258.385 6.99999 6.56033
11.8238 -14.1442 277.847 6.99999 6.56033
14.7758 -17.6805 297.31 6.99999 6.56033
17.7255 -21.2169 316.772 6.99999 6.56033
20.673 -24.7534 336.235 6.99999 6.56033
23.6187 -28.2898 355.699 7 6.56033
26.563 -31.8262 375.162 7 6.56033
29.5066 -35.3627 394.626 7 6.56033
7.75719e-05 -3.22377e-05 200 6.99999 6.56033
2.95756 -3.53604 219.462 6.99999 6.56033
5.91431 -7.07202 238.923 6.99999 6.56033
8.86988 -10.6081 258.385 6.99999 6.56033
11.8238 -14.1442 277.847 6.99999 6.56033
14.7758 -17.6805 297.31 6.99999 6.56033
17.7255 -21.2169 316.772 6.99999 6.56033
20.673 -24.7534 336.235 6.99999 6.56033
23.6187 -28.2898 355.699 7 6.56033
26.563 -31.8262 375.162 7 6.56033
29.5066 -35.3627 394.626 7 6.56033
