1.08005e-05 -7.54255e-06 200 7 1.32007
11.025 -16.5094 197.573 7 1.32007
22.0501 -33.019 195.147 7 1.32007
33.0753 -49.5289 192.725 7 1.32007
44.1008 -66.0393 190.308 7 1.32007
55.1269 -82.5501 187.895 7 1.32007
66.1536 -99.0612 185.488 7 1.32007
77.1809 -115.573 183.085 7 1.32007
88.2088 -132.084 180.687 7 1.32007
99.2371 -148.596 178.291 7 1.32007
110.265 -165.108 175.897 7 1.32007
1.08005e-05 -7.54255e-06 200 7 1.32007
11.025 -16.5094 197.573 7 1.32007
22.0501 -33.019 195.147 7 1.32007
33.0753 -49.5289 192.725 7 1.32007
44.1008 -66.0393 190.308 7 1.32007
55.1269 -82.5501 187.895 7 1.32007
66.1536 -99.0612 185.488 7 1.32007
77.1809 -115.573 183.085 7 1.32007
88.2088 -132.084 180.687 7 1.32007
99.2371 -148.596 178.291 7 1.32007
110.265 -165.108 175.897 7 1.32007
1.08005e-05 -7.54255e-06 200 7 1.32007
11.025 -16.5094 197.573 7 1.32007
22.0501 -33.019 195.147 7 1.32007
33.0753 -49.5289 192.725 7 1.32007
44.1008 -66.0393 190.308 7 1.32007
55.1269 -82.5501 187.895 7 1.32007
66.1536 -99.0612 185.488 7 1.32007
77.1809 -115.573 183.085 7 1.32007
88.2088 -132.084 180.687 7 1.32007
99.2371 -148.596 178.291 7 1.32007
110.265 -165.108 175.897 7 1.32007
1.08005e-05 -7.54255e-06 200 7 1.32007
11.025 -16.5094 197.573 7 1.32007
22.0501 -33.019 195.147 7 1.32007
33.0753 -49.5289 192.725 7 1.32007
44.1008 -66.0393 190.308 7 1.32007
55.1269 -82.5501 187.895 7 1.32007
66.1536 -99.0612 185.488 7 1.32007
77.1809 -115.573 183.085 7 1.32007
88.2088 -132.084 180.687 7 1.32007
99.2371 -148.596 178.291 7 1.32007
110.265 -165.108 175.897 7 1.32007
1.08005e-05 -7.54255e-06 200 7 1.32007
11.025 -16.5094 197.573 7 1.32007
22.0501 -33.019 195.147 7 1.32007
33.0753 -49.5289 192.725 7 1.32007
44.1008 -66.0393 190.308 7 1.32007
55.1269 -82.5501 187.895 7 1.32007
66.1536 -99.0612 185.488 7 1.32007
77.1809 -115.573 183.085 7 1.32007
88.2088 -132.084 180.687 7 1.32007
99.2371 -148.596 178.291 7 1.32007
110.265 -165.108 175.897 7 1.32007
1.08005e-05 -7.54255e-06 200 7 1.32007
11.025 -16.5094 197.573 7 1.32007
22.0501 -33.019 195.147 7 1.32007
33.0753 -49.5289 192.725 7 1.32007
44.1008 -66.0393 190.308 7 1.32007
55.1269 -82.5501 187.895 7 1.32007
66.1536 -99.0612 185.488 7 1.32007
77.1809 -115.573 183.085 7 1.32007
88.2088 -132.084 180.687 7 1.32007
99.2371 -148.596 178.291 7 1.32007
110.265 -165.108 175.897 7 1.32007
