-0.000245104 2.20436e-05 200 6.99998 7.64038
-16.3748 0.350753 188.521 6.99998 7.64038
-32.7494 0.701241 177.043 6.99998 7.64038
-49.124 1.05135 165.564 6.99998 7.64038
-65.4986 1.40108 154.086 6.99998 7.64038
-81.8732 1.75049 142.607 6.99998 7.64038
-98.2475 2.09963 131.129 6.99999 7.64038
-114.621 2.44858 119.649 6.99999 7.64038
-130.995 2.79742 108.169 6.99999 7.64038
-147.368 3.14624 96.6889 7 7.64038
-163.741 3.49511 85.2078 7 7.64038
-0.000245104 2.20436e-05 200 6.99998 7.64038
-16.3748 0.350753 188.521 6.99998 7.64038
-32.7494 0.701241 177.043 6.99998 7.64038
-49.124 1.05135 165.564 6.99998 7.64038
-65.4986 1.40108 154.086 6.99998 7.64038
-81.8732 1.75049 142.607 6.99998 7.64038
-98.2475 2.09963 131.129 6.99999 7.64038
-114.621 2.44858 119.649 6.99999 7.64038
-130.995 2.79742 108.169 6.99999 7.64038
-147.368 3.14624 96.6889 7 7.64038
-163.741 3.49511 85.2078 7 7.64038
-0.000245104 2.20436e-05 200 6.99998 7.64038
-16.3748 0.350753 188.521 6.99998 7.64038
-32.7494 0.701241 177.043 6.99998 7.64038
-49.124 1.05135 165.564 6.99998 7.64038
-65.4986 1.40108 154.086 6.99998 7.64038
-81.8732 1.75049 142.607 6.99998 7.64038
-98.2475 2.09963 131.129 6.99999 7.64038
-114.621 2.44858 119.649 6.99999 7.64038
-130.995 2.79742 108.169 6.99999 7.64038
-147.368 3.14624 96.6889 7 7.64038
-163.741 3.49511 85.2078 7 7.64038
-0.000245104 2.20436e-05 200 6.99998 7.64038
-16.3748 0.350753 188.521 6.99998 7.64038
-32.7494 0.701241 177.043 6.99998 7.64038
-49.124 1.05135 165.564 6.99998 7.64038
-65.4986 1.40108 154.086 6.99998 7.64038
-81.8732 1.75049 142.607 6.99998 7.64038
-98.2475 2.09963 131.129 6.99999 7.64038
-114.621 2.44858 119.649 6.99999 7.64038
-130.995 2.79742 108.169 6.99999 7.64038
-147.368 3.14624 96.6889 7 7.64038
-163.741 3.49511 85.2078 7 7.64038
-0.000245104 2.20436e-05 200 6.99998 7.64038
-16.3748 0.350753 188.521 6.99998 7.64038
-32.7494 0.701241 177.043 6.99998 7.64038
-49.124 1.05135 165.564 6.99998 7.64038
-65.4986 1.40108 154.086 6.99998 7.64038
-81.8732 1.75049 142.607 6.99998 7.64038
-98.2475 2.09963 131.129 6.99999 7.64038
-114.621 2.44858 119.649 6.99999 7.64038
-130.995 2.79742 108.169 6.99999 7.64038
-147.368 3.14624 96.6889 7 7.64038
-163.741 3.49511 85.2078 7 7.64038
-0.000245104 2.20436e-05 200 6.99998 7.64038
-16.3748 0.350753 188.521 6.99998 7.64038
-32.7494 0.701241 177.043 6.99998 7.64038
-49.124 1.05135 165.564 6.99998 7.64038
-65.4986 1.40108 154.086 6.99998 7.64038
-81.8732 1.75049 142.607 6.99998 7.64038
-98.2475 2.09963 131.129 6.99999 7.64038
-114.621 2.44858 119.649 6.99999 7.64038
-130.995 2.79742 108.169 6.99999 7.64038
-147.368 3.14624 96.6889 7 7.64038
-163.741 3.49511 85.2078 7 7.64038
