1.3705e-05 -3.31658e-05 200 6.99999 6.58033
2.18375 -3.56994 219.558 6.99999 6.58033
4.36757 -7.13981 239.115 6.99999 6.58033
6.55157 -10.7096 258.672 6.99999 6.58033
8.73562 -14.2795 278.23 6.99999 6.58033
10.9195 -17.8496 297.787 6.99999 6.58033
13.1031 -21.4198 317.344 6.99999 6.58033
15.2864 -24.9903 336.901 6.99999 6.58033
17.4694 -28.5611 356.459 7 6.58033
19.6518 -32.1321 376.016 7 6.58033
21.8338 -35.7032 395.573 7 6.58033
1.3705e-05 -3.31658e-05 200 6.99999 6.58033
2.18375 -3.56994 219.558 6.99999 6.58033
4.36757 -7.13981 239.115 6.99999 6.58033
6.55157 -10.7096 258.672 6.99999 6.58033
8.73562 -14.2795 278.23 6.99999 6.58033
10.9195 -17.8496 297.787 6.99999 6.58033
13.1031 -21.4198 317.344 6.99999 6.58033
15.2864 -24.9903 336.901 6.99999 6.58033
17.4694 -28.5611 356.459 7 6.58033
19.6518 -32.1321 376.016 7 6.58033
21.8338 -35.7032 395.573 7 6.58033
1.3705e-05 -3.31658e-05 200 6.99999 6.58033
2.18375 -3.56994 219.558 6.99999 6.58033
4.36757 -7.13981 239.115 6.99999 6.58033
6.55157 -10.7096 258.672 6.99999 6.58033
8.73562 -14.2795 278.23 6.99999 6.58033
10.9195 -17.8496 297.787 6.99999 6.58033
13.1031 -21.4198 317.344 6.99999 6.58033
15.2864 -24.9903 336.901 6.99999 6.58033
17.4694 -28.5611 356.459 7 6.58033
19.6518 -32.1321 376.016 7 6.58033
21.8338 -35.7032 395.573 7 6.58033
1.3705e-05 -3.31658e-05 200 6.99999 6.58033
2.18375 -3.56994 219.558 6.99999 6.58033
4.36757 -7.13981 239.115 6.99999 6.58033
6.55157 -10.7096 258.672 6.99999 6.58033
8.73562 -14.2795 278.23 6.99999 6.58033
10.9195 -17.8496 297.787 6.99999 6.58033
13.1031 -21.4198 317.344 6.99999 6.58033
15.2864 -24.9903 336.901 6.99999 6.58033
17.4694 -28.5611 356.459 7 6.58033
19.6518 -32.1321 376.016 7 6.58033
21.8338 -35.7032 395.573 7 6.58033
1.3705e-05 -3.31658e-05 200 6.99999 6.58033
2.18375 -3.56994 219.558 6.99999 6.58033
4.36757 -7.13981 239.115 6.99999 6.58033
6.55157 -10.7096 258.672 6.99999 6.58033
8.73562 -14.2795 278.23 6.99999 6.58033
10.9195 -17.8496 297.787 6.99999 6.58033
13.1031 -21.4198 317.344 6.99999 6.58033
15.2864 -24.9903 336.901 6.99999 6.58033
17.4694 -28.5611 356.459 7 6.58033
19.6518 -32.1321 376.016 7 6.58033
21.8338 -35.7032 395.573 7 6.58033
1.3705e-05 -3.31658e-05 200 6.99999 6.58033
2.18375 -3.56994 219.558 6.99999 6.58033
4.36757 -7.13981 239.115 6.99999 6.58033
6.55157 -10.7096 258.672 6.99999 6.58033
8.73562 -14.2795 278.23 6.99999 6.58033
10.9195 -17.8496 297.787 6.99999 6.58033
13.1031 -21.4198 317.344 6.99999 6.58033
15.2864 -24.9903 336.901 6.99999 6.58033
17.4694 -28.5611 356.459 7 6.58033
19.6518 -32.1321 376.016 7 6.58033
21.8338 -35.7032 395.573 7 6.58033
