0.000121685 5.46784e-06 200 6.99999 5.70029
19.7984 0.916374 197.319 6.99999 5.70029
39.5967 1.83274 194.637 6.99999 5.70029
59.395 2.7492 191.955 6.99999 5.70029
79.1931 3.66583 189.273 6.99999 5.70029
98.9912 4.58267 186.591 6.99999 5.70029
118.789 5.49972 183.908 7 5.70029
138.587 6.41687 181.224 7 5.70029
158.385 7.33405 178.541 7 5.70029
178.183 8.25128 175.857 7 5.70029
197.981 9.16852 173.173 7 5.70029
0.000121685 5.46784e-06 200 6.99999 5.70029
19.7984 0.916374 197.319 6.99999 5.70029
39.5967 1.83274 194.637 6.99999 5.70029
59.395 2.7492 191.955 6.99999 5.70029
79.1931 3.66583 189.273 6.99999 5.70029
98.9912 4.58267 186.591 6.99999 5.70029
118.789 5.49972 183.908 7 5.70029
138.587 6.41687 181.224 7 5.70029
158.385 7.33405 178.541 7 5.70029
178.183 8.25128 175.857 7 5.70029
197.981 9.16852 173.173 7 5.70029
0.000121685 5.46784e-06 200 6.99999 5.70029
19.7984 0.916374 197.319 6.99999 5.70029
39.5967 1.83274 194.637 6.99999 5.70029
59.395 2.7492 191.955 6.99999 5.70029
79.1931 3.66583 189.273 6.99999 5.70029
98.9912 4.58267 186.591 6.99999 5.70029
118.789 5.49972 183.908 7 5.70029
138.587 6.41687 181.224 7 5.70029
158.385 7.33405 178.541 7 5.70029
178.183 8.25128 175.857 7 5.70029
197.981 9.16852 173.173 7 5.70029
0.000121685 5.46784e-06 200 6.99999 5.70029
19.7984 0.916374 197.319 6.99999 5.70029
39.5967 1.83274 194.637 6.99999 5.70029
59.395 2.7492 191.955 6.99999 5.70029
79.1931 3.66583 189.273 6.99999 5.70029
98.9912 4.58267 186.591 6.99999 5.70029
118.789 5.49972 183.908 7 5.70029
138.587 6.41687 181.224 7 5.70029
158.385 7.33405 178.541 7 5.70029
178.183 8.25128 175.857 7 5.70029
197.981 9.16852 173.173 7 5.70029
0.000121685 5.46784e-06 200 6.99999 5.70029
19.7984 0.916374 197.319 6.99999 5.70029
39.5967 1.83274 194.637 6.99999 5.70029
59.395 2.7492 191.955 6.99999 5.70029
79.1931 3.66583 189.273 6.99999 5.70029
98.9912 4.58267 186.591 6.99999 5.70029
118.789 5.49972 183.908 7 5.70029
138.587 6.41687 181.224 7 5.70029
158.385 7.33405 178.541 7 5.70029
178.183 8.25128 175.857 7 5.70029
197.981 9.16852 173.173 7 5.70029
0.000121685 5.46784e-06 200 6.99999 5.70029
19.7984 0.916374 197.319 6.99999 5.70029
39.5967 1.83274 194.637 6.99999 5.70029
59.395 2.7492 191.955 6.99999 5.70029
79.1931 3.66583 189.273 6.99999 5.70029
98.9912 4.58267 186.591 6.99999 5.70029
118.789 5.49972 183.908 7 5.70029
138.587 6.41687 181.224 7 5.70029
158.385 7.33405 178.541 7 5.70029
178.183 8.25128 175.857 7 5.70029
197.981 9.16852 173.173 7 5.70029
