8.97603e-05 -8.74594e-05 200 7 2.38012
8.71077 -7.58051 216.33 7 2.38012
17.4205 -15.16 232.661 7 2.38012
26.1282 -22.7375 248.993 7 2.38012
34.8334 -30.313 265.328 7 2.38012
43.5358 -37.8864 281.666 7 2.38012
52.2354 -45.4581 298.005 7 2.38012
60.9326 -53.0284 314.347 7 2.38012
69.628 -60.5978 330.69 7 2.38012
78.3225 -68.1672 347.034 7 2.38012
87.0167 -75.7368 363.377 7 2.38012
8.97603e-05 -8.74594e-05 200 7 2.38012
8.71077 -7.58051 216.33 7 2.38012
17.4205 -15.16 232.661 7 2.38012
26.1282 -22.7375 248.993 7 2.38012
34.8334 -30.313 265.328 7 2.38012
43.5358 -37.8864 281.666 7 2.38012
52.2354 -45.4581 298.005 7 2.38012
60.9326 -53.0284 314.347 7 2.38012
69.628 -60.5978 330.69 7 2.38012
78.3225 -68.1672 347.034 7 2.38012
87.0167 -75.7368 363.377 7 2.38012
8.97603e-05 -8.74594e-05 200 7 2.38012
8.71077 -7.58051 216.33 7 2.38012
17.4205 -15.16 232.661 7 2.38012
26.1282 -22.7375 248.993 7 2.38012
34.8334 -30.313 265.328 7 2.38012
43.5358 -37.8864 281.666 7 2.38012
52.2354 -45.4581 298.005 7 2.38012
60.9326 -53.0284 314.347 7 2.38012
69.628 -60.5978 330.69 7 2.38012
78.3225 -68.1672 347.034 7 2.38012
87.0167 -75.7368 363.377 7 2.38012
8.97603e-05 -8.74594e-05 200 7 2.38012
8.71077 -7.58051 216.33 7 2.38012
17.4205 -15.16 232.661 7 2.38012
26.1282 -22.7375 248.993 7 2.38012
34.8334 -30.313 265.328 7 2.38012
43.5358 -37.8864 281.666 7 2.38012
52.2354 -45.4581 298.005 7 2.38012
60.9326 -53.0284 314.347 7 2.38012
69.628 -60.5978 330.69 7 2.38012
78.3225 -68.1672 347.034 7 2.38012
87.0167 -75.7368 363.377 7 2.38012
8.97603e-05 -8.74594e-05 200 7 2.38012
8.71077 -7.58051 216.33 7 2.38012
17.4205 -15.16 232.661 7 2.38012
26.1282 -22.7375 248.993 7 2.38012
34.8334 -30.313 265.328 7 2.38012
43.5358 -37.8864 281.666 7 2.38012
52.2354 -45.4581 298.005 7 2.38012
60.9326 -53.0284 314.347 7 2.38012
69.628 -60.5978 330.69 7 2.38012
78.3225 -68.1672 347.034 7 2.38012
87.0167 -75.7368 363.377 7 2.38012
8.97603e-05 -8.74594e-05 200 7 2.38012
8.71077 -7.58051 216.33 7 2.38012
17.4205 -15.16 232.661 7 2.38012
26.1282 -22.7375 248.993 7 2.38012
34.8334 -30.313 265.328 7 2.38012
43.5358 -37.8864 281.666 7 2.38012
52.2354 -45.4581 298.005 7 2.38012
60.9326 -53.0284 314.347 7 2.38012
69.628 -60.5978 330.69 7 2.38012
78.3225 -68.1672 347.034 7 2.38012
87.0167 -75.7368 363.377 7 2.38012
