0.000131861 -1.71903e-05 200 6.99999 6.22031
14.1891 -2.35808 213.897 6.99999 6.22031
28.3777 -4.71614 227.794 6.99999 6.22031
42.5654 -7.07422 241.692 6.99999 6.22031
56.7518 -9.4324 255.591 6.99999 6.22031
70.937 -11.7907 269.491 6.99999 6.22031
85.121 -14.1491 283.393 6.99999 6.22031
99.3039 -16.5075 297.295 7 6.22031
113.486 -18.8659 311.199 7 6.22031
127.667 -21.2242 325.103 7 6.22031
141.848 -23.5826 339.008 7 6.22031
0.000131861 -1.71903e-05 200 6.99999 6.22031
14.1891 -2.35808 213.897 6.99999 6.22031
28.3777 -4.71614 227.794 6.99999 6.22031
42.5654 -7.07422 241.692 6.99999 6.22031
56.7518 -9.4324 255.591 6.99999 6.22031
70.937 -11.7907 269.491 6.99999 6.22031
85.121 -14.1491 283.393 6.99999 6.22031
99.3039 -16.5075 297.295 7 6.22031
113.486 -18.8659 311.199 7 6.22031
127.667 -21.2242 325.103 7 6.22031
141.848 -23.5826 339.008 7 6.22031
0.000131861 -1.71903e-05 200 6.99999 6.22031
14.1891 -2.35808 213.897 6.99999 6.22031
28.3777 -4.71614 227.794 6.99999 6.22031
42.5654 -7.07422 241.692 6.99999 6.22031
56.7518 -9.4324 255.591 6.99999 6.22031
70.937 -11.7907 269.491 6.99999 6.22031
85.121 -14.1491 283.393 6.99999 6.22031
99.3039 -16.5075 297.295 7 6.22031
113.486 -18.8659 311.199 7 6.22031
127.667 -21.2242 325.103 7 6.22031
141.848 -23.5826 339.008 7 6.22031
0.000131861 -1.71903e-05 200 6.99999 6.22031
14.1891 -2.35808 213.897 6.99999 6.22031
28.3777 -4.71614 227.794 6.99999 6.22031
42.5654 -7.07422 241.692 6.99999 6.22031
56.7518 -9.4324 255.591 6.99999 6.22031
70.937 -11.7907 269.491 6.99999 6.22031
85.121 -14.1491 283.393 6.99999 6.22031
99.3039 -16.5075 297.295 7 6.22031
113.486 -18.8659 311.199 7 6.22031
127.667 -21.2242 325.103 7 6.22031
141.848 -23.5826 339.008 7 6.22031
0.000131861 -1.71903e-05 200 6.99999 6.22031
14.1891 -2.35808 213.897 6.99999 6.22031
28.3777 -4.71614 227.794 6.99999 6.22031
42.5654 -7.07422 241.692 6.99999 6.22031
56.7518 -9.4324 255.591 6.99999 6.22031
70.937 -11.7907 269.491 6.99999 6.22031
85.121 -14.1491 283.393 6.99999 6.22031
99.3039 -16.5075 297.295 7 6.22031
113.486 -18.8659 311.199 7 6.22031
127.667 -21.2242 325.103 7 6.22031
141.848 -23.5826 339.008 7 6.22031
0.000131861 -1.71903e-05 200 6.99999 6.22031
14.1891 -2.35808 213.897 6.99999 6.22031
28.3777 -4.71614 227.794 6.99999 6.22031
42.5654 -7.07422 241.692 6.99999 6.22031
56.7518 -9.4324 255.591 6.99999 6.22031
70.937 -11.7907 269.491 6.99999 6.22031
85.121 -14.1491 283.393 6.99999 6.22031
99.3039 -16.5075 297.295 7 6.22031
113.486 -18.8659 311.199 7 6.22031
127.667 -21.2242 325.103 7 6.22031
141.848 -23.5826 339.008 7 6.22031
