-4.13603e-05 5.24569e-05 200 6.99999 4.30022
-14.8633 6.9067 188.538 6.99999 4.30022
-29.7269 13.8131 177.076 6.99999 4.30022
-44.5912 20.719 165.614 6.99999 4.30022
-59.4561 27.6244 154.153 6.99999 4.30022
-74.322 34.529 142.693 7 4.30022
-89.189 41.4328 131.234 7 4.30022
-104.057 48.3359 119.776 7 4.30022
-118.925 55.2387 108.318 7 4.30022
-133.794 62.1415 96.8606 7 4.30022
-148.663 69.0443 85.403 7 4.30022
-4.13603e-05 5.24569e-05 200 6.99999 4.30022
-14.8633 6.9067 188.538 6.99999 4.30022
-29.7269 13.8131 177.076 6.99999 4.30022
-44.5912 20.719 165.614 6.99999 4.30022
-59.4561 27.6244 154.153 6.99999 4.30022
-74.322 34.529 142.693 7 4.30022
-89.189 41.4328 131.234 7 4.30022
-104.057 48.3359 119.776 7 4.30022
-118.925 55.2387 108.318 7 4.30022
-133.794 62.1415 96.8606 7 4.30022
-148.663 69.0443 85.403 7 4.30022
-4.13603e-05 5.24569e-05 200 6.99999 4.30022
-14.8633 6.9067 188.538 6.99999 4.30022
-29.7269 13.8131 177.076 6.99999 4.30022
-44.5912 20.719 165.614 6.99999 4.30022
-59.4561 27.6244 154.153 6.99999 4.30022
-74.322 34.529 142.693 7 4.30022
-89.189 41.4328 131.234 7 4.30022
-104.057 48.3359 119.776 7 4.30022
-118.925 55.2387 108.318 7 4.30022
-133.794 62.1415 96.8606 7 4.30022
-148.663 69.0443 85.403 7 4.30022
-4.13603e-05 5.24569e-05 200 6.99999 4.30022
-14.8633 6.9067 188.538 6.99999 4.30022
-29.7269 13.8131 177.076 6.99999 4.30022
-44.5912 20.719 165.614 6.99999 4.30022
-59.4561 27.6244 154.153 6.99999 4.30022
-74.322 34.529 142.693 7 4.30022
-89.189 41.4328 131.234 7 4.30022
-104.057 48.3359 119.776 7 4.30022
-118.925 55.2387 108.318 7 4.30022
-133.794 62.1415 96.8606 7 4.30022
-148.663 69.0443 85.403 7 4.30022
-4.13603e-05 5.24569e-05 200 6.99999 4.30022
-14.8633 6.9067 188.538 6.99999 4.30022
-29.7269 13.8131 177.076 6.99999 4.30022
-44.5912 20.719 165.614 6.99999 4.30022
-59.4561 27.6244 154.153 6.99999 4.30022
-74.322 34.529 142.693 7 4.30022
-89.189 41.4328 131.234 7 4.30022
-104.057 48.3359 119.776 7 4.30022
-118.925 55.2387 108.318 7 4.30022
-133.794 62.1415 96.8606 7 4.30022
-148.663 69.0443 85.403 7 4.30022
-4.13603e-05 5.24569e-05 200 6.99999 4.30022
-14.8633 6.9067 188.538 6.99999 4.30022
-29.7269 13.8131 177.076 6.99999 4.30022
-44.5912 20.719 165.614 6.99999 4.30022
-59.4561 27.6244 154.153 6.99999 4.30022
-74.322 34.529 142.693 7 4.30022
-89.189 41.4328 131.234 7 4.30022
-104.057 48.3359 119.776 7 4.30022
-118.925 55.2387 108.318 7 4.30022
-133.794 62.1415 96.8606 7 4.30022
-148.663 69.0443 85.403 7 4.30022
