-1.09542e-05 6.56821e-05 200 7 2.40012
8.33878 -7.36439 216.62 7 2.40012
16.678 -14.7301 233.24 7 2.40012
25.018 -22.0977 249.858 7 2.40012
33.3589 -29.4678 266.474 7 2.40012
41.7009 -36.8405 283.089 7 2.40012
50.0441 -44.2156 299.703 7 2.40012
58.3879 -51.5924 316.315 7 2.40012
66.7319 -58.9705 332.926 7 2.40012
75.076 -66.3498 349.537 7 2.40012
83.4199 -73.7295 366.148 7 2.40012
-1.09542e-05 6.56821e-05 200 7 2.40012
8.33878 -7.36439 216.62 7 2.40012
16.678 -14.7301 233.24 7 2.40012
25.018 -22.0977 249.858 7 2.40012
33.3589 -29.4678 266.474 7 2.40012
41.7009 -36.8405 283.089 7 2.40012
50.0441 -44.2156 299.703 7 2.40012
58.3879 -51.5924 316.315 7 2.40012
66.7319 -58.9705 332.926 7 2.40012
75.076 -66.3498 349.537 7 2.40012
83.4199 -73.7295 366.148 7 2.40012
-1.09542e-05 6.56821e-05 200 7 2.40012
8.33878 -7.36439 216.62 7 2.40012
16.678 -14.7301 233.24 7 2.40012
25.018 -22.0977 249.858 7 2.40012
33.3589 -29.4678 266.474 7 2.40012
41.7009 -36.8405 283.089 7 2.40012
50.0441 -44.2156 299.703 7 2.40012
58.3879 -51.5924 316.315 7 2.40012
66.7319 -58.9705 332.926 7 2.40012
75.076 -66.3498 349.537 7 2.40012
83.4199 -73.7295 366.148 7 2.40012
-1.09542e-05 6.56821e-05 200 7 2.40012
8.33878 -7.36439 216.62 7 2.40012
16.678 -14.7301 233.24 7 2.40012
25.018 -22.0977 249.858 7 2.40012
33.3589 -29.4678 266.474 7 2.40012
41.7009 -36.8405 283.089 7 2.40012
50.0441 -44.2156 299.703 7 2.40012
58.3879 -51.5924 316.315 7 2.40012
66.7319 -58.9705 332.926 7 2.40012
75.076 -66.3498 349.537 7 2.40012
83.4199 -73.7295 366.148 7 2.40012
-1.09542e-05 6.56821e-05 200 7 2.40012
8.33878 -7.36439 216.62 7 2.40012
16.678 -14.7301 233.24 7 2.40012
25.018 -22.0977 249.858 7 2.40012
33.3589 -29.4678 266.474 7 2.40012
41.7009 -36.8405 283.089 7 2.40012
50.0441 -44.2156 299.703 7 2.40012
58.3879 -51.5924 316.315 7 2.40012
66.7319 -58.9705 332.926 7 2.40012
75.076 -66.3498 349.537 7 2.40012
83.4199 -73.7295 366.148 7 2.40012
-1.09542e-05 6.56821e-05 200 7 2.40012
8.33878 -7.36439 216.62 7 2.40012
16.678 -14.7301 233.24 7 2.40012
25.018 -22.0977 249.858 7 2.40012
33.3589 -29.4678 266.474 7 2.40012
41.7009 -36.8405 283.089 7 2.40012
50.0441 -44.2156 299.703 7 2.40012
58.3879 -51.5924 316.315 7 2.40012
66.7319 -58.9705 332.926 7 2.40012
75.076 -66.3498 349.537 7 2.40012
83.4199 -73.7295 366.148 7 2.40012
