0.000108002 8.3165e-06 200 6.99999 5.48027
17.3889 2.47901 190.435 6.99999 5.48027
34.7775 4.95809 180.87 6.99999 5.48027
52.1657 7.4373 171.304 6.99999 5.48027
69.5534 9.9167 161.737 6.99999 5.48027
86.9406 12.3963 152.17 6.99999 5.48027
104.328 14.8761 142.602 7 5.48027
121.715 17.356 133.034 7 5.48027
139.102 19.8362 123.467 7 5.48027
156.489 22.3164 113.899 7 5.48027
173.876 24.7968 104.332 7 5.48027
0.000108002 8.3165e-06 200 6.99999 5.48027
17.3889 2.47901 190.435 6.99999 5.48027
34.7775 4.95809 180.87 6.99999 5.48027
52.1657 7.4373 171.304 6.99999 5.48027
69.5534 9.9167 161.737 6.99999 5.48027
86.9406 12.3963 152.17 6.99999 5.48027
104.328 14.8761 142.602 7 5.48027
121.715 17.356 133.034 7 5.48027
139.102 19.8362 123.467 7 5.48027
156.489 22.3164 113.899 7 5.48027
173.876 24.7968 104.332 7 5.48027
0.000108002 8.3165e-06 200 6.99999 5.48027
17.3889 2.47901 190.435 6.99999 5.48027
34.7775 4.95809 180.87 6.99999 5.48027
52.1657 7.4373 171.304 6.99999 5.48027
69.5534 9.9167 161.737 6.99999 5.48027
86.9406 12.3963 152.17 6.99999 5.48027
104.328 14.8761 142.602 7 5.48027
121.715 17.356 133.034 7 5.48027
139.102 19.8362 123.467 7 5.48027
156.489 22.3164 113.899 7 5.48027
173.876 24.7968 104.332 7 5.48027
0.000108002 8.3165e-06 200 6.99999 5.48027
17.3889 2.47901 190.435 6.99999 5.48027
34.7775 4.95809 180.87 6.99999 5.48027
52.1657 7.4373 171.304 6.99999 5.48027
69.5534 9.9167 161.737 6.99999 5.48027
86.9406 12.3963 152.17 6.99999 5.48027
104.328 14.8761 142.602 7 5.48027
121.715 17.356 133.034 7 5.48027
139.102 19.8362 123.467 7 5.48027
156.489 22.3164 113.899 7 5.48027
173.876 24.7968 104.332 7 5.48027
0.000108002 8.3165e-06 200 6.99999 5.48027
17.3889 2.47901 190.435 6.99999 5.48027
34.7775 4.95809 180.87 6.99999 5.48027
52.1657 7.4373 171.304 6.99999 5.48027
69.5534 9.9167 161.737 6.99999 5.48027
86.9406 12.3963 152.17 6.99999 5.48027
104.328 14.8761 142.602 7 5.48027
121.715 17.356 133.034 7 5.48027
139.102 19.8362 123.467 7 5.48027
156.489 22.3164 113.899 7 5.48027
173.876 24.7968 104.332 7 5.48027
0.000108002 8.3165e-06 200 6.99999 5.48027
17.3889 2.47901 190.435 6.99999 5.48027
34.7775 4.95809 180.87 6.99999 5.48027
52.1657 7.4373 171.304 6.99999 5.48027
69.5534 9.9167 161.737 6.99999 5.48027
86.9406 12.3963 152.17 6.99999 5.48027
104.328 14.8761 142.602 7 5.48027
121.715 17.356 133.034 7 5.48027
139.102 19.8362 123.467 7 5.48027
156.489 22.3164 113.899 7 5.48027
173.876 24.7968 104.332 7 5.48027
