5.52122e-05 -1.93602e-05 200 6.99999 6.36032
10.0927 -2.97081 217.009 6.99999 6.36032
20.1856 -5.94165 234.019 6.99999 6.36032
30.2787 -8.9126 251.028 6.99999 6.36032
40.3718 -11.8837 268.036 6.99999 6.36032
50.4651 -14.855 285.045 6.99999 6.36032
60.5584 -17.8263 302.054 6.99999 6.36032
70.6515 -20.7978 319.063 7 6.36032
80.7443 -23.7691 336.072 7 6.36032
90.8365 -26.7404 353.081 7 6.36032
100.928 -29.7117 370.091 7 6.36032
5.52122e-05 -1.93602e-05 200 6.99999 6.36032
10.0927 -2.97081 217.009 6.99999 6.36032
20.1856 -5.94165 234.019 6.99999 6.36032
30.2787 -8.9126 251.028 6.99999 6.36032
40.3718 -11.8837 268.036 6.99999 6.36032
50.4651 -14.855 285.045 6.99999 6.36032
60.5584 -17.8263 302.054 6.99999 6.36032
70.6515 -20.7978 319.063 7 6.36032
80.7443 -23.7691 336.072 7 6.36032
90.8365 -26.7404 353.081 7 6.36032
100.928 -29.7117 370.091 7 6.36032
5.52122e-05 -1.93602e-05 200 6.99999 6.36032
10.0927 -2.97081 217.009 6.99999 6.36032
20.1856 -5.94165 234.019 6.99999 6.36032
30.2787 -8.9126 251.028 6.99999 6.36032
40.3718 -11.8837 268.036 6.99999 6.36032
50.4651 -14.855 285.045 6.99999 6.36032
60.5584 -17.8263 302.054 6.99999 6.36032
70.6515 -20.7978 319.063 7 6.36032
80.7443 -23.7691 336.072 7 6.36032
90.8365 -26.7404 353.081 7 6.36032
100.928 -29.7117 370.091 7 6.36032
5.52122e-05 -1.93602e-05 200 6.99999 6.36032
10.0927 -2.97081 217.009 6.99999 6.36032
20.1856 -5.94165 234.019 6.99999 6.36032
30.2787 -8.9126 251.028 6.99999 6.36032
40.3718 -11.8837 268.036 6.99999 6.36032
50.4651 -14.855 285.045 6.99999 6.36032
60.5584 -17.8263 302.054 6.99999 6.36032
70.6515 -20.7978 319.063 7 6.36032
80.7443 -23.7691 336.072 7 6.36032
90.8365 -26.7404 353.081 7 6.36032
100.928 -29.7117 370.091 7 6.36032
5.52122e-05 -1.93602e-05 200 6.99999 6.36032
10.0927 -2.97081 217.009 6.99999 6.36032
20.1856 -5.94165 234.019 6.99999 6.36032
30.2787 -8.9126 251.028 6.99999 6.36032
40.3718 -11.8837 268.036 6.99999 6.36032
50.4651 -14.855 285.045 6.99999 6.36032
60.5584 -17.8263 302.054 6.99999 6.36032
70.6515 -20.7978 319.063 7 6.36032
80.7443 -23.7691 336.072 7 6.36032
90.8365 -26.7404 353.081 7 6.36032
100.928 -29.7117 370.091 7 6.36032
5.52122e-05 -1.93602e-05 200 6.99999 6.36032
10.0927 -2.97081 217.009 6.99999 6.36032
20.1856 -5.94165 234.019 6.99999 6.36032
30.2787 -8.9126 251.028 6.99999 6.36032
40.3718 -11.8837 268.036 6.99999 6.36032
50.4651 -14.855 285.045 6.99999 6.36032
60.5584 -17.8263 302.054 6.99999 6.36032
70.6515 -20.7978 319.063 7 6.36032
80.7443 -23.7691 336.072 7 6.36032
90.8365 -26.7404 353.081 7 6.36032
100.928 -29.7117 370.091 7 6.36032
