2.33342e-05 5.13037e-05 200 6.99997 8.0404
0.679574 2.17213 180.129 6.99997 8.0404
1.35897 4.34405 160.259 6.99997 8.0404
2.03808 6.5157 140.389 6.99997 8.0404
2.71686 8.68698 120.518 6.99998 8.0404
3.39549 10.8579 100.648 6.99998 8.0404
4.0743 13.0285 80.7777 6.99998 8.0404
4.75362 15.1988 60.9073 6.99999 8.0404
5.43361 17.3688 41.037 6.99999 8.0404
6.11417 19.5386 21.1666 6.99999 8.0404
6.79517 21.7083 1.2963 7 8.0404
2.33342e-05 5.13037e-05 200 6.99997 8.0404
0.679574 2.17213 180.129 6.99997 8.0404
1.35897 4.34405 160.259 6.99997 8.0404
2.03808 6.5157 140.389 6.99997 8.0404
2.71686 8.68698 120.518 6.99998 8.0404
3.39549 10.8579 100.648 6.99998 8.0404
4.0743 13.0285 80.7777 6.99998 8.0404
4.75362 15.1988 60.9073 6.99999 8.0404
5.43361 17.3688 41.037 6.99999 8.0404
6.11417 19.5386 21.1666 6.99999 8.0404
6.79517 21.7083 1.2963 7 8.0404
2.33342e-05 5.13037e-05 200 6.99997 8.0404
0.679574 2.17213 180.129 6.99997 8.0404
1.35897 4.34405 160.259 6.99997 8.0404
2.03808 6.5157 140.389 6.99997 8.0404
2.71686 8.68698 120.518 6.99998 8.0404
3.39549 10.8579 100.648 6.99998 8.0404
4.0743 13.0285 80.7777 6.99998 8.0404
4.75362 15.1988 60.9073 6.99999 8.0404
5.43361 17.3688 41.037 6.99999 8.0404
6.11417 19.5386 21.1666 6.99999 8.0404
6.79517 21.7083 1.2963 7 8.0404
2.33342e-05 5.13037e-05 200 6.99997 8.0404
0.679574 2.17213 180.129 6.99997 8.0404
1.35897 4.34405 160.259 6.99997 8.0404
2.03808 6.5157 140.389 6.99997 8.0404
2.71686 8.68698 120.518 6.99998 8.0404
3.39549 10.8579 100.648 6.99998 8.0404
4.0743 13.0285 80.7777 6.99998 8.0404
4.75362 15.1988 60.9073 6.99999 8.0404
5.43361 17.3688 41.037 6.99999 8.0404
6.11417 19.5386 21.1666 6.99999 8.0404
6.79517 21.7083 1.2963 7 8.0404
2.33342e-05 5.13037e-05 200 6.99997 8.0404
0.679574 2.17213 180.129 6.99997 8.0404
1.35897 4.34405 160.259 6.99997 8.0404
2.03808 6.5157 140.389 6.99997 8.0404
2.71686 8.68698 120.518 6.99998 8.0404
3.39549 10.8579 100.648 6.99998 8.0404
4.0743 13.0285 80.7777 6.99998 8.0404
4.75362 15.1988 60.9073 6.99999 8.0404
5.43361 17.3688 41.037 6.99999 8.0404
6.11417 19.5386 21.1666 6.99999 8.0404
6.79517 21.7083 1.2963 7 8.0404
2.33342e-05 5.13037e-05 200 6.99997 8.0404
0.679574 2.17213 180.129 6.99997 8.0404
1.35897 4.34405 160.259 6.99997 8.0404
2.03808 6.5157 140.389 6.99997 8.0404
2.71686 8.68698 120.518 6.99998 8.0404
3.39549 10.8579 100.648 6.99998 8.0404
4.0743 13.0285 80.7777 6.99998 8.0404
4.75362 15.1988 60.9073 6.99999 8.0404
5.43361 17.3688 41.037 6.99999 8.0404
6.11417 19.5386 21.1666 6.99999 8.0404
6.79517 21.7083 1.2963 7 8.0404
