-8.90016e-05 -3.19685e-05 200 6.99997 9.32047
-3.73191 -1.90576 219.557 6.99997 9.32047
-7.46334 -3.81149 239.113 6.99998 9.32047
-11.1941 -5.71724 258.669 6.99998 9.32047
-14.9237 -7.62311 278.226 6.99998 9.32047
-18.6524 -9.52913 297.783 6.99998 9.32047
-22.3802 -11.4353 317.34 6.99998 9.32047
-26.1073 -13.3415 336.897 6.99999 9.32047
-29.8339 -15.2477 356.454 6.99999 9.32047
-33.5602 -17.1539 376.011 6.99999 9.32047
-37.2864 -19.06 395.568 6.99999 9.32047
-8.90016e-05 -3.19685e-05 200 6.99997 9.32047
-3.73191 -1.90576 219.557 6.99997 9.32047
-7.46334 -3.81149 239.113 6.99998 9.32047
-11.1941 -5.71724 258.669 6.99998 9.32047
-14.9237 -7.62311 278.226 6.99998 9.32047
-18.6524 -9.52913 297.783 6.99998 9.32047
-22.3802 -11.4353 317.34 6.99998 9.32047
-26.1073 -13.3415 336.897 6.99999 9.32047
-29.8339 -15.2477 356.454 6.99999 9.32047
-33.5602 -17.1539 376.011 6.99999 9.32047
-37.2864 -19.06 395.568 6.99999 9.32047
-8.90016e-05 -3.19685e-05 200 6.99997 9.32047
-3.73191 -1.90576 219.557 6.99997 9.32047
-7.46334 -3.81149 239.113 6.99998 9.32047
-11.1941 -5.71724 258.669 6.99998 9.32047
-14.9237 -7.62311 278.226 6.99998 9.32047
-18.6524 -9.52913 297.783 6.99998 9.32047
-22.3802 -11.4353 317.34 6.99998 9.32047
-26.1073 -13.3415 336.897 6.99999 9.32047
-29.8339 -15.2477 356.454 6.99999 9.32047
-33.5602 -17.1539 376.011 6.99999 9.32047
-37.2864 -19.06 395.568 6.99999 9.32047
-8.90016e-05 -3.19685e-05 200 6.99997 9.32047
-3.73191 -1.90576 219.557 6.99997 9.32047
-7.46334 -3.81149 239.113 6.99998 9.32047
-11.1941 -5.71724 258.669 6.99998 9.32047
-14.9237 -7.62311 278.226 6.99998 9.32047
-18.6524 -9.52913 297.783 6.99998 9.32047
-22.3802 -11.4353 317.34 6.99998 9.32047
-26.1073 -13.3415 336.897 6.99999 9.32047
-29.8339 -15.2477 356.454 6.99999 9.32047
-33.5602 -17.1539 376.011 6.99999 9.32047
-37.2864 -19.06 395.568 6.99999 9.32047
-8.90016e-05 -3.19685e-05 200 6.99997 9.32047
-3.73191 -1.90576 219.557 6.99997 9.32047
-7.46334 -3.81149 239.113 6.99998 9.32047
-11.1941 -5.71724 258.669 6.99998 9.32047
-14.9237 -7.62311 278.226 6.99998 9.32047
-18.6524 -9.52913 297.783 6.99998 9.32047
-22.3802 -11.4353 317.34 6.99998 9.32047
-26.1073 -13.3415 336.897 6.99999 9.32047
-29.8339 -15.2477 356.454 6.99999 9.32047
-33.5602 -17.1539 376.011 6.99999 9.32047
-37.2864 -19.06 395.568 6.99999 9.32047
-8.90016e-05 -3.19685e-05 200 6.99997 9.32047
-3.73191 -1.90576 219.557 6.99997 9.32047
-7.46334 -3.81149 239.113 6.99998 9.32047
-11.1941 -5.71724 258.669 6.99998 9.32047
-14.9237 -7.62311 278.226 6.99998 9.32047
-18.6524 -9.52913 297.783 6.99998 9.32047
-22.3802 -11.4353 317.34 6.99998 9.32047
-26.1073 -13.3415 336.897 6.99999 9.32047
-29.8339 -15.2477 356.454 6.99999 9.32047
-33.5602 -17.1539 376.011 6.99999 9.32047
-37.2864 -19.06 395.568 6.99999 9.32047
