2.18534e-05 -2.65352e-05 200 6.99999 6.62033
0.630876 -3.62458 219.659 6.99999 6.62033
1.2615 -7.24921 239.318 6.99999 6.62033
1.89164 -10.874 258.976 6.99999 6.62033
2.52103 -14.4988 278.635 6.99999 6.62033
3.14949 -18.1237 298.294 6.99999 6.62033
3.77692 -21.7487 317.953 6.99999 6.62033
4.40312 -25.3738 337.612 6.99999 6.62033
5.02803 -28.9988 357.27 7 6.62033
5.65193 -32.6238 376.929 7 6.62033
6.27534 -36.2487 396.588 7 6.62033
2.18534e-05 -2.65352e-05 200 6.99999 6.62033
0.630876 -3.62458 219.659 6.99999 6.62033
1.2615 -7.24921 239.318 6.99999 6.62033
1.89164 -10.874 258.976 6.99999 6.62033
2.52103 -14.4988 278.635 6.99999 6.62033
3.14949 -18.1237 298.294 6.99999 6.62033
3.77692 -21.7487 317.953 6.99999 6.62033
4.40312 -25.3738 337.612 6.99999 6.62033
5.02803 -28.9988 357.27 7 6.62033
5.65193 -32.6238 376.929 7 6.62033
6.27534 -36.2487 396.588 7 6.62033
2.18534e-05 -2.65352e-05 200 6.99999 6.62033
0.630876 -3.62458 219.659 6.99999 6.62033
1.2615 -7.24921 239.318 6.99999 6.62033
1.89164 -10.874 258.976 6.99999 6.62033
2.52103 -14.4988 278.635 6.99999 6.62033
3.14949 -18.1237 298.294 6.99999 6.62033
3.77692 -21.7487 317.953 6.99999 6.62033
4.40312 -25.3738 337.612 6.99999 6.62033
5.02803 -28.9988 357.27 7 6.62033
5.65193 -32.6238 376.929 7 6.62033
6.27534 -36.2487 396.588 7 6.62033
2.18534e-05 -2.65352e-05 200 6.99999 6.62033
0.630876 -3.62458 219.659 6.99999 6.62033
1.2615 -7.24921 239.318 6.99999 6.62033
1.89164 -10.874 258.976 6.99999 6.62033
2.52103 -14.4988 278.635 6.99999 6.62033
3.14949 -18.1237 298.294 6.99999 6.62033
3.77692 -21.7487 317.953 6.99999 6.62033
4.40312 -25.3738 337.612 6.99999 6.62033
5.02803 -28.9988 357.27 7 6.62033
5.65193 -32.6238 376.929 7 6.62033
6.27534 -36.2487 396.588 7 6.62033
2.18534e-05 -2.65352e-05 200 6.99999 6.62033
0.630876 -3.62458 219.659 6.99999 6.62033
1.2615 -7.24921 239.318 6.99999 6.62033
1.89164 -10.874 258.976 6.99999 6.62033
2.52103 -14.4988 278.635 6.99999 6.62033
3.14949 -18.1237 298.294 6.99999 6.62033
3.77692 -21.7487 317.953 6.99999 6.62033
4.40312 -25.3738 337.612 6.99999 6.62033
5.02803 -28.9988 357.27 7 6.62033
5.65193 -32.6238 376.929 7 6.62033
6.27534 -36.2487 396.588 7 6.62033
2.18534e-05 -2.65352e-05 200 6.99999 6.62033
0.630876 -3.62458 219.659 6.99999 6.62033
1.2615 -7.24921 239.318 6.99999 6.62033
1.89164 -10.874 258.976 6.99999 6.62033
2.52103 -14.4988 278.635 6.99999 6.62033
3.14949 -18.1237 298.294 6.99999 6.62033
3.77692 -21.7487 317.953 6.99999 6.62033
4.40312 -25.3738 337.612 6.99999 6.62033
5.02803 -28.9988 357.27 7 6.62033
5.65193 -32.6238 376.929 7 6.62033
6.27534 -36.2487 396.588 7 6.62033
