9.79302e-05 1.3174e-05 200 6.99999 5.64028
19.4019 1.34407 195.334 6.99999 5.64028
38.8039 2.68807 190.67 6.99999 5.64028
58.2064 4.03198 186.008 6.99999 5.64028
77.6095 5.37584 181.348 6.99999 5.64028
97.0133 6.71969 176.69 6.99999 5.64028
116.418 8.0636 172.036 7 5.64028
135.823 9.40759 167.383 7 5.64028
155.228 10.7516 162.733 7 5.64028
174.633 12.0955 158.083 7 5.64028
194.039 13.4394 153.433 7 5.64028
9.79302e-05 1.3174e-05 200 6.99999 5.64028
19.4019 1.34407 195.334 6.99999 5.64028
38.8039 2.68807 190.67 6.99999 5.64028
58.2064 4.03198 186.008 6.99999 5.64028
77.6095 5.37584 181.348 6.99999 5.64028
97.0133 6.71969 176.69 6.99999 5.64028
116.418 8.0636 172.036 7 5.64028
135.823 9.40759 167.383 7 5.64028
155.228 10.7516 162.733 7 5.64028
174.633 12.0955 158.083 7 5.64028
194.039 13.4394 153.433 7 5.64028
9.79302e-05 1.3174e-05 200 6.99999 5.64028
19.4019 1.34407 195.334 6.99999 5.64028
38.8039 2.68807 190.67 6.99999 5.64028
58.2064 4.03198 186.008 6.99999 5.64028
77.6095 5.37584 181.348 6.99999 5.64028
97.0133 6.71969 176.69 6.99999 5.64028
116.418 8.0636 172.036 7 5.64028
135.823 9.40759 167.383 7 5.64028
155.228 10.7516 162.733 7 5.64028
174.633 12.0955 158.083 7 5.64028
194.039 13.4394 153.433 7 5.64028
9.79302e-05 1.3174e-05 200 6.99999 5.64028
19.4019 1.34407 195.334 6.99999 5.64028
38.8039 2.68807 190.67 6.99999 5.64028
58.2064 4.03198 186.008 6.99999 5.64028
77.6095 5.37584 181.348 6.99999 5.64028
97.0133 6.71969 176.69 6.99999 5.64028
116.418 8.0636 172.036 7 5.64028
135.823 9.40759 167.383 7 5.64028
155.228 10.7516 162.733 7 5.64028
174.633 12.0955 158.083 7 5.64028
194.039 13.4394 153.433 7 5.64028
9.79302e-05 1.3174e-05 200 6.99999 5.64028
19.4019 1.34407 195.334 6.99999 5.64028
38.8039 2.68807 190.67 6.99999 5.64028
58.2064 4.03198 186.008 6.99999 5.64028
77.6095 5.37584 181.348 6.99999 5.64028
97.0133 6.71969 176.69 6.99999 5.64028
116.418 8.0636 172.036 7 5.64028
135.823 9.40759 167.383 7 5.64028
155.228 10.7516 162.733 7 5.64028
174.633 12.0955 158.083 7 5.64028
194.039 13.4394 153.433 7 5.64028
9.79302e-05 1.3174e-05 200 6.99999 5.64028
19.4019 1.34407 195.334 6.99999 5.64028
38.8039 2.68807 190.67 6.99999 5.64028
58.2064 4.03198 186.008 6.99999 5.64028
77.6095 5.37584 181.348 6.99999 5.64028
97.0133 6.71969 176.69 6.99999 5.64028
116.418 8.0636 172.036 7 5.64028
135.823 9.40759 167.383 7 5.64028
155.228 10.7516 162.733 7 5.64028
174.633 12.0955 158.083 7 5.64028
194.039 13.4394 153.433 7 5.64028
