-6.68356e-05 2.44841e-05 200 7 0.660033
2.63101 -19.2178 195.126 7 0.660033
5.26306 -38.4361 190.255 7 0.660033
7.89665 -57.6552 185.388 7 0.660033
10.532 -76.8754 180.526 7 0.660033
13.1694 -96.0967 175.669 7 0.660033
15.809 -115.319 170.818 7 0.660033
18.4505 -134.542 165.971 7 0.660033
21.0935 -153.766 161.127 7 0.660033
23.7377 -172.99 156.284 7 0.660033
26.3823 -192.214 151.442 7 0.660033
-6.68356e-05 2.44841e-05 200 7 0.660033
2.63101 -19.2178 195.126 7 0.660033
5.26306 -38.4361 190.255 7 0.660033
7.89665 -57.6552 185.388 7 0.660033
10.532 -76.8754 180.526 7 0.660033
13.1694 -96.0967 175.669 7 0.660033
15.809 -115.319 170.818 7 0.660033
18.4505 -134.542 165.971 7 0.660033
21.0935 -153.766 161.127 7 0.660033
23.7377 -172.99 156.284 7 0.660033
26.3823 -192.214 151.442 7 0.660033
-6.68356e-05 2.44841e-05 200 7 0.660033
2.63101 -19.2178 195.126 7 0.660033
5.26306 -38.4361 190.255 7 0.660033
7.89665 -57.6552 185.388 7 0.660033
10.532 -76.8754 180.526 7 0.660033
13.1694 -96.0967 175.669 7 0.660033
15.809 -115.319 170.818 7 0.660033
18.4505 -134.542 165.971 7 0.660033
21.0935 -153.766 161.127 7 0.660033
23.7377 -172.99 156.284 7 0.660033
26.3823 -192.214 151.442 7 0.660033
-6.68356e-05 2.44841e-05 200 7 0.660033
2.63101 -19.2178 195.126 7 0.660033
5.26306 -38.4361 190.255 7 0.660033
7.89665 -57.6552 185.388 7 0.660033
10.532 -76.8754 180.526 7 0.660033
13.1694 -96.0967 175.669 7 0.660033
15.809 -115.319 170.818 7 0.660033
18.4505 -134.542 165.971 7 0.660033
21.0935 -153.766 161.127 7 0.660033
23.7377 -172.99 156.284 7 0.660033
26.3823 -192.214 151.442 7 0.660033
-6.68356e-05 2.44841e-05 200 7 0.660033
2.63101 -19.2178 195.126 7 0.660033
5.26306 -38.4361 190.255 7 0.660033
7.89665 -57.6552 185.388 7 0.660033
10.532 -76.8754 180.526 7 0.660033
13.1694 -96.0967 175.669 7 0.660033
15.809 -115.319 170.818 7 0.660033
18.4505 -134.542 165.971 7 0.660033
21.0935 -153.766 161.127 7 0.660033
23.7377 -172.99 156.284 7 0.660033
26.3823 -192.214 151.442 7 0.660033
-6.68356e-05 2.44841e-05 200 7 0.660033
2.63101 -19.2178 195.126 7 0.660033
5.26306 -38.4361 190.255 7 0.660033
7.89665 -57.6552 185.388 7 0.660033
10.532 -76.8754 180.526 7 0.660033
13.1694 -96.0967 175.669 7 0.660033
15.809 -115.319 170.818 7 0.660033
18.4505 -134.542 165.971 7 0.660033
21.0935 -153.766 161.127 7 0.660033
23.7377 -172.99 156.284 7 0.660033
26.3823 -192.214 151.442 7 0.660033
