1.17012e-05 2.25412e-05 200 7 2.1001
12.6016 -10.3561 211.574 7 2.1001
25.2035 -20.7129 223.147 7 2.1001
37.8059 -31.0708 234.718 7 2.1001
50.4083 -41.4301 246.288 7 2.1001
63.0107 -51.7908 257.857 7 2.1001
75.6128 -62.1531 269.424 7 2.1001
88.2145 -72.5169 280.991 7 2.1001
100.816 -82.8815 292.558 7 2.1001
113.416 -93.2464 304.125 7 2.1001
126.016 -103.612 315.692 7 2.1001
1.17012e-05 2.25412e-05 200 7 2.1001
12.6016 -10.3561 211.574 7 2.1001
25.2035 -20.7129 223.147 7 2.1001
37.8059 -31.0708 234.718 7 2.1001
50.4083 -41.4301 246.288 7 2.1001
63.0107 -51.7908 257.857 7 2.1001
75.6128 -62.1531 269.424 7 2.1001
88.2145 -72.5169 280.991 7 2.1001
100.816 -82.8815 292.558 7 2.1001
113.416 -93.2464 304.125 7 2.1001
126.016 -103.612 315.692 7 2.1001
1.17012e-05 2.25412e-05 200 7 2.1001
12.6016 -10.3561 211.574 7 2.1001
25.2035 -20.7129 223.147 7 2.1001
37.8059 -31.0708 234.718 7 2.1001
50.4083 -41.4301 246.288 7 2.1001
63.0107 -51.7908 257.857 7 2.1001
75.6128 -62.1531 269.424 7 2.1001
88.2145 -72.5169 280.991 7 2.1001
100.816 -82.8815 292.558 7 2.1001
113.416 -93.2464 304.125 7 2.1001
126.016 -103.612 315.692 7 2.1001
1.17012e-05 2.25412e-05 200 7 2.1001
12.6016 -10.3561 211.574 7 2.1001
25.2035 -20.7129 223.147 7 2.1001
37.8059 -31.0708 234.718 7 2.1001
50.4083 -41.4301 246.288 7 2.1001
63.0107 -51.7908 257.857 7 2.1001
75.6128 -62.1531 269.424 7 2.1001
88.2145 -72.5169 280.991 7 2.1001
100.816 -82.8815 292.558 7 2.1001
113.416 -93.2464 304.125 7 2.1001
126.016 -103.612 315.692 7 2.1001
1.17012e-05 2.25412e-05 200 7 2.1001
12.6016 -10.3561 211.574 7 2.1001
25.2035 -20.7129 223.147 7 2.1001
37.8059 -31.0708 234.718 7 2.1001
50.4083 -41.4301 246.288 7 2.1001
63.0107 -51.7908 257.857 7 2.1001
75.6128 -62.1531 269.424 7 2.1001
88.2145 -72.5169 280.991 7 2.1001
100.816 -82.8815 292.558 7 2.1001
113.416 -93.2464 304.125 7 2.1001
126.016 -103.612 315.692 7 2.1001
1.17012e-05 2.25412e-05 200 7 2.1001
12.6016 -10.3561 211.574 7 2.1001
25.2035 -20.7129 223.147 7 2.1001
37.8059 -31.0708 234.718 7 2.1001
50.4083 -41.4301 246.288 7 2.1001
63.0107 -51.7908 257.857 7 2.1001
75.6128 -62.1531 269.424 7 2.1001
88.2145 -72.5169 280.991 7 2.1001
100.816 -82.8815 292.558 7 2.1001
113.416 -93.2464 304.125 7 2.1001
126.016 -103.612 315.692 7 2.1001
