0.000407761 6.71479e-06 200 6.99997 8.70044
19.5597 0.284056 204.167 6.99997 8.70044
39.119 0.568097 208.333 6.99997 8.70044
58.6784 0.85213 212.499 6.99997 8.70044
78.2378 1.13611 216.666 6.99997 8.70044
97.7972 1.41994 220.831 6.99998 8.70044
117.357 1.70357 224.996 6.99998 8.70044
136.916 1.98702 229.162 6.99998 8.70044
156.476 2.27034 233.327 6.99999 8.70044
176.035 2.55362 237.492 6.99999 8.70044
195.595 2.83689 241.657 6.99999 8.70044
0.000407761 6.71479e-06 200 6.99997 8.70044
19.5597 0.284056 204.167 6.99997 8.70044
39.119 0.568097 208.333 6.99997 8.70044
58.6784 0.85213 212.499 6.99997 8.70044
78.2378 1.13611 216.666 6.99997 8.70044
97.7972 1.41994 220.831 6.99998 8.70044
117.357 1.70357 224.996 6.99998 8.70044
136.916 1.98702 229.162 6.99998 8.70044
156.476 2.27034 233.327 6.99999 8.70044
176.035 2.55362 237.492 6.99999 8.70044
195.595 2.83689 241.657 6.99999 8.70044
0.000407761 6.71479e-06 200 6.99997 8.70044
19.5597 0.284056 204.167 6.99997 8.70044
39.119 0.568097 208.333 6.99997 8.70044
58.6784 0.85213 212.499 6.99997 8.70044
78.2378 1.13611 216.666 6.99997 8.70044
97.7972 1.41994 220.831 6.99998 8.70044
117.357 1.70357 224.996 6.99998 8.70044
136.916 1.98702 229.162 6.99998 8.70044
156.476 2.27034 233.327 6.99999 8.70044
176.035 2.55362 237.492 6.99999 8.70044
195.595 2.83689 241.657 6.99999 8.70044
0.000407761 6.71479e-06 200 6.99997 8.70044
19.5597 0.284056 204.167 6.99997 8.70044
39.119 0.568097 208.333 6.99997 8.70044
58.6784 0.85213 212.499 6.99997 8.70044
78.2378 1.13611 216.666 6.99997 8.70044
97.7972 1.41994 220.831 6.99998 8.70044
117.357 1.70357 224.996 6.99998 8.70044
136.916 1.98702 229.162 6.99998 8.70044
156.476 2.27034 233.327 6.99999 8.70044
176.035 2.55362 237.492 6.99999 8.70044
195.595 2.83689 241.657 6.99999 8.70044
0.000407761 6.71479e-06 200 6.99997 8.70044
19.5597 0.284056 204.167 6.99997 8.70044
39.119 0.568097 208.333 6.99997 8.70044
58.6784 0.85213 212.499 6.99997 8.70044
78.2378 1.13611 216.666 6.99997 8.70044
97.7972 1.41994 220.831 6.99998 8.70044
117.357 1.70357 224.996 6.99998 8.70044
136.916 1.98702 229.162 6.99998 8.70044
156.476 2.27034 233.327 6.99999 8.70044
176.035 2.55362 237.492 6.99999 8.70044
195.595 2.83689 241.657 6.99999 8.70044
0.000407761 6.71479e-06 200 6.99997 8.70044
19.5597 0.284056 204.167 6.99997 8.70044
39.119 0.568097 208.333 6.99997 8.70044
58.6784 0.85213 212.499 6.99997 8.70044
78.2378 1.13611 216.666 6.99997 8.70044
97.7972 1.41994 220.831 6.99998 8.70044
117.357 1.70357 224.996 6.99998 8.70044
136.916 1.98702 229.162 6.99998 8.70044
156.476 2.27034 233.327 6.99999 8.70044
176.035 2.55362 237.492 6.99999 8.70044
195.595 2.83689 241.657 6.99999 8.70044
