-0.000194499 -1.98051e-05 200 6.99998 9.54048
-12.4292 -1.5968 215.588 6.99998 9.54048
-24.858 -3.19363 231.176 6.99998 9.54048
-37.2862 -4.79059 246.764 6.99998 9.54048
-49.7138 -6.38771 262.353 6.99998 9.54048
-62.1404 -7.98499 277.942 6.99998 9.54048
-74.5662 -9.58242 293.532 6.99998 9.54048
-86.9912 -11.1799 309.123 6.99999 9.54048
-99.4155 -12.7775 324.714 6.99999 9.54048
-111.839 -14.3751 340.306 6.99999 9.54048
-124.263 -15.9727 355.898 6.99999 9.54048
-0.000194499 -1.98051e-05 200 6.99998 9.54048
-12.4292 -1.5968 215.588 6.99998 9.54048
-24.858 -3.19363 231.176 6.99998 9.54048
-37.2862 -4.79059 246.764 6.99998 9.54048
-49.7138 -6.38771 262.353 6.99998 9.54048
-62.1404 -7.98499 277.942 6.99998 9.54048
-74.5662 -9.58242 293.532 6.99998 9.54048
-86.9912 -11.1799 309.123 6.99999 9.54048
-99.4155 -12.7775 324.714 6.99999 9.54048
-111.839 -14.3751 340.306 6.99999 9.54048
-124.263 -15.9727 355.898 6.99999 9.54048
-0.000194499 -1.98051e-05 200 6.99998 9.54048
-12.4292 -1.5968 215.588 6.99998 9.54048
-24.858 -3.19363 231.176 6.99998 9.54048
-37.2862 -4.79059 246.764 6.99998 9.54048
-49.7138 -6.38771 262.353 6.99998 9.54048
-62.1404 -7.98499 277.942 6.99998 9.54048
-74.5662 -9.58242 293.532 6.99998 9.54048
-86.9912 -11.1799 309.123 6.99999 9.54048
-99.4155 -12.7775 324.714 6.99999 9.54048
-111.839 -14.3751 340.306 6.99999 9.54048
-124.263 -15.9727 355.898 6.99999 9.54048
-0.000194499 -1.98051e-05 200 6.99998 9.54048
-12.4292 -1.5968 215.588 6.99998 9.54048
-24.858 -3.19363 231.176 6.99998 9.54048
-37.2862 -4.79059 246.764 6.99998 9.54048
-49.7138 -6.38771 262.353 6.99998 9.54048
-62.1404 -7.98499 277.942 6.99998 9.54048
-74.5662 -9.58242 293.532 6.99998 9.54048
-86.9912 -11.1799 309.123 6.99999 9.54048
-99.4155 -12.7775 324.714 6.99999 9.54048
-111.839 -14.3751 340.306 6.99999 9.54048
-124.263 -15.9727 355.898 6.99999 9.54048
-0.000194499 -1.98051e-05 200 6.99998 9.54048
-12.4292 -1.5968 215.588 6.99998 9.54048
-24.858 -3.19363 231.176 6.99998 9.54048
-37.2862 -4.79059 246.764 6.99998 9.54048
-49.7138 -6.38771 262.353 6.99998 9.54048
-62.1404 -7.98499 277.942 6.99998 9.54048
-74.5662 -9.58242 293.532 6.99998 9.54048
-86.9912 -11.1799 309.123 6.99999 9.54048
-99.4155 -12.7775 324.714 6.99999 9.54048
-111.839 -14.3751 340.306 6.99999 9.54048
-124.263 -15.9727 355.898 6.99999 9.54048
-0.000194499 -1.98051e-05 200 6.99998 9.54048
-12.4292 -1.5968 215.588 6.99998 9.54048
-24.858 -3.19363 231.176 6.99998 9.54048
-37.2862 -4.79059 246.764 6.99998 9.54048
-49.7138 -6.38771 262.353 6.99998 9.54048
-62.1404 -7.98499 277.942 6.99998 9.54048
-74.5662 -9.58242 293.532 6.99998 9.54048
-86.9912 -11.1799 309.123 6.99999 9.54048
-99.4155 -12.7775 324.714 6.99999 9.54048
-111.839 -14.3751 340.306 6.99999 9.54048
-124.263 -15.9727 355.898 6.99999 9.54048
