-1.72019e-05 -1.3147e-05 200 6.99999 3.12016
-8.62107 -0.084994 218.046 6.99999 3.12016
-17.2423 -0.16979 236.093 7 3.12016
-25.864 -0.254257 254.139 7 3.12016
-34.4866 -0.338256 272.184 7 3.12016
-43.1104 -0.421547 290.229 7 3.12016
-51.7355 -0.504145 308.274 7 3.12016
-60.3618 -0.586178 326.318 7 3.12016
-68.9893 -0.667429 344.361 7 3.12016
-77.6178 -0.747984 362.404 7 3.12016
-86.2468 -0.828265 380.446 7 3.12016
-1.72019e-05 -1.3147e-05 200 6.99999 3.12016
-8.62107 -0.084994 218.046 6.99999 3.12016
-17.2423 -0.16979 236.093 7 3.12016
-25.864 -0.254257 254.139 7 3.12016
-34.4866 -0.338256 272.184 7 3.12016
-43.1104 -0.421547 290.229 7 3.12016
-51.7355 -0.504145 308.274 7 3.12016
-60.3618 -0.586178 326.318 7 3.12016
-68.9893 -0.667429 344.361 7 3.12016
-77.6178 -0.747984 362.404 7 3.12016
-86.2468 -0.828265 380.446 7 3.12016
-1.72019e-05 -1.3147e-05 200 6.99999 3.12016
-8.62107 -0.084994 218.046 6.99999 3.12016
-17.2423 -0.16979 236.093 7 3.12016
-25.864 -0.254257 254.139 7 3.12016
-34.4866 -0.338256 272.184 7 3.12016
-43.1104 -0.421547 290.229 7 3.12016
-51.7355 -0.504145 308.274 7 3.12016
-60.3618 -0.586178 326.318 7 3.12016
-68.9893 -0.667429 344.361 7 3.12016
-77.6178 -0.747984 362.404 7 3.12016
-86.2468 -0.828265 380.446 7 3.12016
-1.72019e-05 -1.3147e-05 200 6.99999 3.12016
-8.62107 -0.084994 218.046 6.99999 3.12016
-17.2423 -0.16979 236.093 7 3.12016
-25.864 -0.254257 254.139 7 3.12016
-34.4866 -0.338256 272.184 7 3.12016
-43.1104 -0.421547 290.229 7 3.12016
-51.7355 -0.504145 308.274 7 3.12016
-60.3618 -0.586178 326.318 7 3.12016
-68.9893 -0.667429 344.361 7 3.12016
-77.6178 -0.747984 362.404 7 3.12016
-86.2468 -0.828265 380.446 7 3.12016
-1.72019e-05 -1.3147e-05 200 6.99999 3.12016
-8.62107 -0.084994 218.046 6.99999 3.12016
-17.2423 -0.16979 236.093 7 3.12016
-25.864 -0.254257 254.139 7 3.12016
-34.4866 -0.338256 272.184 7 3.12016
-43.1104 -0.421547 290.229 7 3.12016
-51.7355 -0.504145 308.274 7 3.12016
-60.3618 -0.586178 326.318 7 3.12016
-68.9893 -0.667429 344.361 7 3.12016
-77.6178 -0.747984 362.404 7 3.12016
-86.2468 -0.828265 380.446 7 3.12016
-1.72019e-05 -1.3147e-05 200 6.99999 3.12016
-8.62107 -0.084994 218.046 6.99999 3.12016
-17.2423 -0.16979 236.093 7 3.12016
-25.864 -0.254257 254.139 7 3.12016
-34.4866 -0.338256 272.184 7 3.12016
-43.1104 -0.421547 290.229 7 3.12016
-51.7355 -0.504145 308.274 7 3.12016
-60.3618 -0.586178 326.318 7 3.12016
-68.9893 -0.667429 344.361 7 3.12016
-77.6178 -0.747984 362.404 7 3.12016
-86.2468 -0.828265 380.446 7 3.12016
