3.04695e-05 3.24169e-05 200 7 2.14011
12.189 -9.96845 212.331 7 2.14011
24.378 -19.9378 224.662 7 2.14011
36.5671 -29.9086 236.991 7 2.14011
48.7567 -39.8816 249.318 7 2.14011
60.9469 -49.8568 261.643 7 2.14011
73.1377 -59.8342 273.965 7 2.14011
85.3288 -69.8133 286.285 7 2.14011
97.5199 -79.7935 298.605 7 2.14011
109.711 -89.7747 310.924 7 2.14011
121.902 -99.7562 323.243 7 2.14011
3.04695e-05 3.24169e-05 200 7 2.14011
12.189 -9.96845 212.331 7 2.14011
24.378 -19.9378 224.662 7 2.14011
36.5671 -29.9086 236.991 7 2.14011
48.7567 -39.8816 249.318 7 2.14011
60.9469 -49.8568 261.643 7 2.14011
73.1377 -59.8342 273.965 7 2.14011
85.3288 -69.8133 286.285 7 2.14011
97.5199 -79.7935 298.605 7 2.14011
109.711 -89.7747 310.924 7 2.14011
121.902 -99.7562 323.243 7 2.14011
3.04695e-05 3.24169e-05 200 7 2.14011
12.189 -9.96845 212.331 7 2.14011
24.378 -19.9378 224.662 7 2.14011
36.5671 -29.9086 236.991 7 2.14011
48.7567 -39.8816 249.318 7 2.14011
60.9469 -49.8568 261.643 7 2.14011
73.1377 -59.8342 273.965 7 2.14011
85.3288 -69.8133 286.285 7 2.14011
97.5199 -79.7935 298.605 7 2.14011
109.711 -89.7747 310.924 7 2.14011
121.902 -99.7562 323.243 7 2.14011
3.04695e-05 3.24169e-05 200 7 2.14011
12.189 -9.96845 212.331 7 2.14011
24.378 -19.9378 224.662 7 2.14011
36.5671 -29.9086 236.991 7 2.14011
48.7567 -39.8816 249.318 7 2.14011
60.9469 -49.8568 261.643 7 2.14011
73.1377 -59.8342 273.965 7 2.14011
85.3288 -69.8133 286.285 7 2.14011
97.5199 -79.7935 298.605 7 2.14011
109.711 -89.7747 310.924 7 2.14011
121.902 -99.7562 323.243 7 2.14011
3.04695e-05 3.24169e-05 200 7 2.14011
12.189 -9.96845 212.331 7 2.14011
24.378 -19.9378 224.662 7 2.14011
36.5671 -29.9086 236.991 7 2.14011
48.7567 -39.8816 249.318 7 2.14011
60.9469 -49.8568 261.643 7 2.14011
73.1377 -59.8342 273.965 7 2.14011
85.3288 -69.8133 286.285 7 2.14011
97.5199 -79.7935 298.605 7 2.14011
109.711 -89.7747 310.924 7 2.14011
121.902 -99.7562 323.243 7 2.14011
3.04695e-05 3.24169e-05 200 7 2.14011
12.189 -9.96845 212.331 7 2.14011
24.378 -19.9378 224.662 7 2.14011
36.5671 -29.9086 236.991 7 2.14011
48.7567 -39.8816 249.318 7 2.14011
60.9469 -49.8568 261.643 7 2.14011
73.1377 -59.8342 273.965 7 2.14011
85.3288 -69.8133 286.285 7 2.14011
97.5199 -79.7935 298.605 7 2.14011
109.711 -89.7747 310.924 7 2.14011
121.902 -99.7562 323.243 7 2.14011
