9.23819e-05 -2.14148e-05 200 6.99999 6.40032
8.76981 -3.1152 217.703 6.99999 6.40032
17.5392 -6.23042 235.406 6.99999 6.40032
26.3078 -9.34565 253.109 6.99999 6.40032
35.0757 -12.4609 270.813 6.99999 6.40032
43.8429 -15.5761 288.517 6.99999 6.40032
52.6092 -18.6913 306.222 6.99999 6.40032
61.3748 -21.8067 323.926 7 6.40032
70.1397 -24.9223 341.632 7 6.40032
78.904 -28.0381 359.337 7 6.40032
87.6681 -31.1539 377.042 7 6.40032
9.23819e-05 -2.14148e-05 200 6.99999 6.40032
8.76981 -3.1152 217.703 6.99999 6.40032
17.5392 -6.23042 235.406 6.99999 6.40032
26.3078 -9.34565 253.109 6.99999 6.40032
35.0757 -12.4609 270.813 6.99999 6.40032
43.8429 -15.5761 288.517 6.99999 6.40032
52.6092 -18.6913 306.222 6.99999 6.40032
61.3748 -21.8067 323.926 7 6.40032
70.1397 -24.9223 341.632 7 6.40032
78.904 -28.0381 359.337 7 6.40032
87.6681 -31.1539 377.042 7 6.40032
9.23819e-05 -2.14148e-05 200 6.99999 6.40032
8.76981 -3.1152 217.703 6.99999 6.40032
17.5392 -6.23042 235.406 6.99999 6.40032
26.3078 -9.34565 253.109 6.99999 6.40032
35.0757 -12.4609 270.813 6.99999 6.40032
43.8429 -15.5761 288.517 6.99999 6.40032
52.6092 -18.6913 306.222 6.99999 6.40032
61.3748 -21.8067 323.926 7 6.40032
70.1397 -24.9223 341.632 7 6.40032
78.904 -28.0381 359.337 7 6.40032
87.6681 -31.1539 377.042 7 6.40032
9.23819e-05 -2.14148e-05 200 6.99999 6.40032
8.76981 -3.1152 217.703 6.99999 6.40032
17.5392 -6.23042 235.406 6.99999 6.40032
26.3078 -9.34565 253.109 6.99999 6.40032
35.0757 -12.4609 270.813 6.99999 6.40032
43.8429 -15.5761 288.517 6.99999 6.40032
52.6092 -18.6913 306.222 6.99999 6.40032
61.3748 -21.8067 323.926 7 6.40032
70.1397 -24.9223 341.632 7 6.40032
78.904 -28.0381 359.337 7 6.40032
87.6681 -31.1539 377.042 7 6.40032
9.23819e-05 -2.14148e-05 200 6.99999 6.40032
8.76981 -3.1152 217.703 6.99999 6.40032
17.5392 -6.23042 235.406 6.99999 6.40032
26.3078 -9.34565 253.109 6.99999 6.40032
35.0757 -12.4609 270.813 6.99999 6.40032
43.8429 -15.5761 288.517 6.99999 6.40032
52.6092 -18.6913 306.222 6.99999 6.40032
61.3748 -21.8067 323.926 7 6.40032
70.1397 -24.9223 341.632 7 6.40032
78.904 -28.0381 359.337 7 6.40032
87.6681 -31.1539 377.042 7 6.40032
9.23819e-05 -2.14148e-05 200 6.99999 6.40032
8.76981 -3.1152 217.703 6.99999 6.40032
17.5392 -6.23042 235.406 6.99999 6.40032
26.3078 -9.34565 253.109 6.99999 6.40032
35.0757 -12.4609 270.813 6.99999 6.40032
43.8429 -15.5761 288.517 6.99999 6.40032
52.6092 -18.6913 306.222 6.99999 6.40032
61.3748 -21.8067 323.926 7 6.40032
70.1397 -24.9223 341.632 7 6.40032
78.904 -28.0381 359.337 7 6.40032
87.6681 -31.1539 377.042 7 6.40032
