-0.000202023 -1.8887e-05 200 6.99998 9.74049
-17.5386 -0.966997 209.564 6.99998 9.74049
-35.0771 -1.93387 219.128 6.99998 9.74049
-52.6158 -2.90057 228.692 6.99998 9.74049
-70.1549 -3.867 238.255 6.99998 9.74049
-87.6942 -4.8331 247.817 6.99999 9.74049
-105.234 -5.79885 257.379 6.99999 9.74049
-122.774 -6.76428 266.941 6.99999 9.74049
-140.314 -7.72943 276.502 6.99999 9.74049
-157.854 -8.69439 286.064 6.99999 9.74049
-175.394 -9.65927 295.625 6.99999 9.74049
-0.000202023 -1.8887e-05 200 6.99998 9.74049
-17.5386 -0.966997 209.564 6.99998 9.74049
-35.0771 -1.93387 219.128 6.99998 9.74049
-52.6158 -2.90057 228.692 6.99998 9.74049
-70.1549 -3.867 238.255 6.99998 9.74049
-87.6942 -4.8331 247.817 6.99999 9.74049
-105.234 -5.79885 257.379 6.99999 9.74049
-122.774 -6.76428 266.941 6.99999 9.74049
-140.314 -7.72943 276.502 6.99999 9.74049
-157.854 -8.69439 286.064 6.99999 9.74049
-175.394 -9.65927 295.625 6.99999 9.74049
-0.000202023 -1.8887e-05 200 6.99998 9.74049
-17.5386 -0.966997 209.564 6.99998 9.74049
-35.0771 -1.93387 219.128 6.99998 9.74049
-52.6158 -2.90057 228.692 6.99998 9.74049
-70.1549 -3.867 238.255 6.99998 9.74049
-87.6942 -4.8331 247.817 6.99999 9.74049
-105.234 -5.79885 257.379 6.99999 9.74049
-122.774 -6.76428 266.941 6.99999 9.74049
-140.314 -7.72943 276.502 6.99999 9.74049
-157.854 -8.69439 286.064 6.99999 9.74049
-175.394 -9.65927 295.625 6.99999 9.74049
-0.000202023 -1.8887e-05 200 6.99998 9.74049
-17.5386 -0.966997 209.564 6.99998 9.74049
-35.0771 -1.93387 219.128 6.99998 9.74049
-52.6158 -2.90057 228.692 6.99998 9.74049
-70.1549 -3.867 238.255 6.99998 9.74049
-87.6942 -4.8331 247.817 6.99999 9.74049
-105.234 -5.79885 257.379 6.99999 9.74049
-122.774 -6.76428 266.941 6.99999 9.74049
-140.314 -7.72943 276.502 6.99999 9.74049
-157.854 -8.69439 286.064 6.99999 9.74049
-175.394 -9.65927 295.625 6.99999 9.74049
-0.000202023 -1.8887e-05 200 6.99998 9.74049
-17.5386 -0.966997 209.564 6.99998 9.74049
-35.0771 -1.93387 219.128 6.99998 9.74049
-52.6158 -2.90057 228.692 6.99998 9.74049
-70.1549 -3.867 238.255 6.99998 9.74049
-87.6942 -4.8331 247.817 6.99999 9.74049
-105.234 -5.79885 257.379 6.99999 9.74049
-122.774 -6.76428 266.941 6.99999 9.74049
-140.314 -7.72943 276.502 6.99999 9.74049
-157.854 -8.69439 286.064 6.99999 9.74049
-175.394 -9.65927 295.625 6.99999 9.74049
-0.000202023 -1.8887e-05 200 6.99998 9.74049
-17.5386 -0.966997 209.564 6.99998 9.74049
-35.0771 -1.93387 219.128 6.99998 9.74049
-52.6158 -2.90057 228.692 6.99998 9.74049
-70.1549 -3.867 238.255 6.99998 9.74049
-87.6942 -4.8331 247.817 6.99999 9.74049
-105.234 -5.79885 257.379 6.99999 9.74049
-122.774 -6.76428 266.941 6.99999 9.74049
-140.314 -7.72943 276.502 6.99999 9.74049
-157.854 -8.69439 286.064 6.99999 9.74049
-175.394 -9.65927 295.625 6.99999 9.74049
