2.52478e-05 -4.36284e-06 200 7 1.74009
14.0066 -13.5667 204.446 7 1.74009
28.0131 -27.1337 208.89 7 1.74009
42.0196 -40.7012 213.333 7 1.74009
56.026 -54.2698 217.774 7 1.74009
70.032 -67.8395 222.211 7 1.74009
84.0377 -81.4108 226.646 7 1.74009
98.0429 -94.9834 231.077 7 1.74009
112.048 -108.557 235.507 7 1.74009
126.052 -122.131 239.936 7 1.74009
140.056 -135.706 244.366 7 1.74009
2.52478e-05 -4.36284e-06 200 7 1.74009
14.0066 -13.5667 204.446 7 1.74009
28.0131 -27.1337 208.89 7 1.74009
42.0196 -40.7012 213.333 7 1.74009
56.026 -54.2698 217.774 7 1.74009
70.032 -67.8395 222.211 7 1.74009
84.0377 -81.4108 226.646 7 1.74009
98.0429 -94.9834 231.077 7 1.74009
112.048 -108.557 235.507 7 1.74009
126.052 -122.131 239.936 7 1.74009
140.056 -135.706 244.366 7 1.74009
2.52478e-05 -4.36284e-06 200 7 1.74009
14.0066 -13.5667 204.446 7 1.74009
28.0131 -27.1337 208.89 7 1.74009
42.0196 -40.7012 213.333 7 1.74009
56.026 -54.2698 217.774 7 1.74009
70.032 -67.8395 222.211 7 1.74009
84.0377 -81.4108 226.646 7 1.74009
98.0429 -94.9834 231.077 7 1.74009
112.048 -108.557 235.507 7 1.74009
126.052 -122.131 239.936 7 1.74009
140.056 -135.706 244.366 7 1.74009
2.52478e-05 -4.36284e-06 200 7 1.74009
14.0066 -13.5667 204.446 7 1.74009
28.0131 -27.1337 208.89 7 1.74009
42.0196 -40.7012 213.333 7 1.74009
56.026 -54.2698 217.774 7 1.74009
70.032 -67.8395 222.211 7 1.74009
84.0377 -81.4108 226.646 7 1.74009
98.0429 -94.9834 231.077 7 1.74009
112.048 -108.557 235.507 7 1.74009
126.052 -122.131 239.936 7 1.74009
140.056 -135.706 244.366 7 1.74009
2.52478e-05 -4.36284e-06 200 7 1.74009
14.0066 -13.5667 204.446 7 1.74009
28.0131 -27.1337 208.89 7 1.74009
42.0196 -40.7012 213.333 7 1.74009
56.026 -54.2698 217.774 7 1.74009
70.032 -67.8395 222.211 7 1.74009
84.0377 -81.4108 226.646 7 1.74009
98.0429 -94.9834 231.077 7 1.74009
112.048 -108.557 235.507 7 1.74009
126.052 -122.131 239.936 7 1.74009
140.056 -135.706 244.366 7 1.74009
2.52478e-05 -4.36284e-06 200 7 1.74009
14.0066 -13.5667 204.446 7 1.74009
28.0131 -27.1337 208.89 7 1.74009
42.0196 -40.7012 213.333 7 1.74009
56.026 -54.2698 217.774 7 1.74009
70.032 -67.8395 222.211 7 1.74009
84.0377 -81.4108 226.646 7 1.74009
98.0429 -94.9834 231.077 7 1.74009
112.048 -108.557 235.507 7 1.74009
126.052 -122.131 239.936 7 1.74009
140.056 -135.706 244.366 7 1.74009
