-0.00011926 1.18712e-06 200 6.99999 4.54023
-9.15915 6.89392 183.611 6.99999 4.54023
-18.3171 13.7883 167.222 6.99999 4.54023
-27.4733 20.6836 150.833 6.99999 4.54023
-36.627 27.5801 134.442 6.99999 4.54023
-45.7779 34.478 118.051 7 4.54023
-54.9262 41.377 101.658 7 4.54023
-64.0722 48.2771 85.2648 7 4.54023
-73.2165 55.1776 68.8708 7 4.54023
-82.3596 62.0786 52.4763 7 4.54023
-91.5022 68.9799 36.0815 7 4.54023
-0.00011926 1.18712e-06 200 6.99999 4.54023
-9.15915 6.89392 183.611 6.99999 4.54023
-18.3171 13.7883 167.222 6.99999 4.54023
-27.4733 20.6836 150.833 6.99999 4.54023
-36.627 27.5801 134.442 6.99999 4.54023
-45.7779 34.478 118.051 7 4.54023
-54.9262 41.377 101.658 7 4.54023
-64.0722 48.2771 85.2648 7 4.54023
-73.2165 55.1776 68.8708 7 4.54023
-82.3596 62.0786 52.4763 7 4.54023
-91.5022 68.9799 36.0815 7 4.54023
-0.00011926 1.18712e-06 200 6.99999 4.54023
-9.15915 6.89392 183.611 6.99999 4.54023
-18.3171 13.7883 167.222 6.99999 4.54023
-27.4733 20.6836 150.833 6.99999 4.54023
-36.627 27.5801 134.442 6.99999 4.54023
-45.7779 34.478 118.051 7 4.54023
-54.9262 41.377 101.658 7 4.54023
-64.0722 48.2771 85.2648 7 4.54023
-73.2165 55.1776 68.8708 7 4.54023
-82.3596 62.0786 52.4763 7 4.54023
-91.5022 68.9799 36.0815 7 4.54023
-0.00011926 1.18712e-06 200 6.99999 4.54023
-9.15915 6.89392 183.611 6.99999 4.54023
-18.3171 13.7883 167.222 6.99999 4.54023
-27.4733 20.6836 150.833 6.99999 4.54023
-36.627 27.5801 134.442 6.99999 4.54023
-45.7779 34.478 118.051 7 4.54023
-54.9262 41.377 101.658 7 4.54023
-64.0722 48.2771 85.2648 7 4.54023
-73.2165 55.1776 68.8708 7 4.54023
-82.3596 62.0786 52.4763 7 4.54023
-91.5022 68.9799 36.0815 7 4.54023
-0.00011926 1.18712e-06 200 6.99999 4.54023
-9.15915 6.89392 183.611 6.99999 4.54023
-18.3171 13.7883 167.222 6.99999 4.54023
-27.4733 20.6836 150.833 6.99999 4.54023
-36.627 27.5801 134.442 6.99999 4.54023
-45.7779 34.478 118.051 7 4.54023
-54.9262 41.377 101.658 7 4.54023
-64.0722 48.2771 85.2648 7 4.54023
-73.2165 55.1776 68.8708 7 4.54023
-82.3596 62.0786 52.4763 7 4.54023
-91.5022 68.9799 36.0815 7 4.54023
-0.00011926 1.18712e-06 200 6.99999 4.54023
-9.15915 6.89392 183.611 6.99999 4.54023
-18.3171 13.7883 167.222 6.99999 4.54023
-27.4733 20.6836 150.833 6.99999 4.54023
-36.627 27.5801 134.442 6.99999 4.54023
-45.7779 34.478 118.051 7 4.54023
-54.9262 41.377 101.658 7 4.54023
-64.0722 48.2771 85.2648 7 4.54023
-73.2165 55.1776 68.8708 7 4.54023
-82.3596 62.0786 52.4763 7 4.54023
-91.5022 68.9799 36.0815 7 4.54023
