-9.45332e-05 -1.70981e-05 200 6.99999 3.9602
-18.9892 5.98085 198.091 6.99999 3.9602
-37.9781 11.9623 196.182 6.99999 3.9602
-56.9665 17.9447 194.271 6.99999 3.9602
-75.9544 23.9285 192.359 7 3.9602
-94.9416 29.9138 190.445 7 3.9602
-113.928 35.9004 188.529 7 3.9602
-132.914 41.8882 186.611 7 3.9602
-151.9 47.8766 184.691 7 3.9602
-170.885 53.8658 182.771 7 3.9602
-189.87 59.8553 180.85 7 3.9602
-9.45332e-05 -1.70981e-05 200 6.99999 3.9602
-18.9892 5.98085 198.091 6.99999 3.9602
-37.9781 11.9623 196.182 6.99999 3.9602
-56.9665 17.9447 194.271 6.99999 3.9602
-75.9544 23.9285 192.359 7 3.9602
-94.9416 29.9138 190.445 7 3.9602
-113.928 35.9004 188.529 7 3.9602
-132.914 41.8882 186.611 7 3.9602
-151.9 47.8766 184.691 7 3.9602
-170.885 53.8658 182.771 7 3.9602
-189.87 59.8553 180.85 7 3.9602
-9.45332e-05 -1.70981e-05 200 6.99999 3.9602
-18.9892 5.98085 198.091 6.99999 3.9602
-37.9781 11.9623 196.182 6.99999 3.9602
-56.9665 17.9447 194.271 6.99999 3.9602
-75.9544 23.9285 192.359 7 3.9602
-94.9416 29.9138 190.445 7 3.9602
-113.928 35.9004 188.529 7 3.9602
-132.914 41.8882 186.611 7 3.9602
-151.9 47.8766 184.691 7 3.9602
-170.885 53.8658 182.771 7 3.9602
-189.87 59.8553 180.85 7 3.9602
-9.45332e-05 -1.70981e-05 200 6.99999 3.9602
-18.9892 5.98085 198.091 6.99999 3.9602
-37.9781 11.9623 196.182 6.99999 3.9602
-56.9665 17.9447 194.271 6.99999 3.9602
-75.9544 23.9285 192.359 7 3.9602
-94.9416 29.9138 190.445 7 3.9602
-113.928 35.9004 188.529 7 3.9602
-132.914 41.8882 186.611 7 3.9602
-151.9 47.8766 184.691 7 3.9602
-170.885 53.8658 182.771 7 3.9602
-189.87 59.8553 180.85 7 3.9602
-9.45332e-05 -1.70981e-05 200 6.99999 3.9602
-18.9892 5.98085 198.091 6.99999 3.9602
-37.9781 11.9623 196.182 6.99999 3.9602
-56.9665 17.9447 194.271 6.99999 3.9602
-75.9544 23.9285 192.359 7 3.9602
-94.9416 29.9138 190.445 7 3.9602
-113.928 35.9004 188.529 7 3.9602
-132.914 41.8882 186.611 7 3.9602
-151.9 47.8766 184.691 7 3.9602
-170.885 53.8658 182.771 7 3.9602
-189.87 59.8553 180.85 7 3.9602
-9.45332e-05 -1.70981e-05 200 6.99999 3.9602
-18.9892 5.98085 198.091 6.99999 3.9602
-37.9781 11.9623 196.182 6.99999 3.9602
-56.9665 17.9447 194.271 6.99999 3.9602
-75.9544 23.9285 192.359 7 3.9602
-94.9416 29.9138 190.445 7 3.9602
-113.928 35.9004 188.529 7 3.9602
-132.914 41.8882 186.611 7 3.9602
-151.9 47.8766 184.691 7 3.9602
-170.885 53.8658 182.771 7 3.9602
-189.87 59.8553 180.85 7 3.9602
