9.65771e-05 1.09275e-05 200 6.99999 5.52028
18.0159 2.19752 191.597 6.99999 5.52028
36.0318 4.39506 183.195 6.99999 5.52028
54.0478 6.59263 174.793 6.99999 5.52028
72.064 8.79027 166.391 6.99999 5.52028
90.0803 10.988 157.99 6.99999 5.52028
108.097 13.186 149.589 7 5.52028
126.113 15.3843 141.188 7 5.52028
144.13 17.5829 132.788 7 5.52028
162.147 19.7817 124.388 7 5.52028
180.164 21.9805 115.988 7 5.52028
9.65771e-05 1.09275e-05 200 6.99999 5.52028
18.0159 2.19752 191.597 6.99999 5.52028
36.0318 4.39506 183.195 6.99999 5.52028
54.0478 6.59263 174.793 6.99999 5.52028
72.064 8.79027 166.391 6.99999 5.52028
90.0803 10.988 157.99 6.99999 5.52028
108.097 13.186 149.589 7 5.52028
126.113 15.3843 141.188 7 5.52028
144.13 17.5829 132.788 7 5.52028
162.147 19.7817 124.388 7 5.52028
180.164 21.9805 115.988 7 5.52028
9.65771e-05 1.09275e-05 200 6.99999 5.52028
18.0159 2.19752 191.597 6.99999 5.52028
36.0318 4.39506 183.195 6.99999 5.52028
54.0478 6.59263 174.793 6.99999 5.52028
72.064 8.79027 166.391 6.99999 5.52028
90.0803 10.988 157.99 6.99999 5.52028
108.097 13.186 149.589 7 5.52028
126.113 15.3843 141.188 7 5.52028
144.13 17.5829 132.788 7 5.52028
162.147 19.7817 124.388 7 5.52028
180.164 21.9805 115.988 7 5.52028
9.65771e-05 1.09275e-05 200 6.99999 5.52028
18.0159 2.19752 191.597 6.99999 5.52028
36.0318 4.39506 183.195 6.99999 5.52028
54.0478 6.59263 174.793 6.99999 5.52028
72.064 8.79027 166.391 6.99999 5.52028
90.0803 10.988 157.99 6.99999 5.52028
108.097 13.186 149.589 7 5.52028
126.113 15.3843 141.188 7 5.52028
144.13 17.5829 132.788 7 5.52028
162.147 19.7817 124.388 7 5.52028
180.164 21.9805 115.988 7 5.52028
9.65771e-05 1.09275e-05 200 6.99999 5.52028
18.0159 2.19752 191.597 6.99999 5.52028
36.0318 4.39506 183.195 6.99999 5.52028
54.0478 6.59263 174.793 6.99999 5.52028
72.064 8.79027 166.391 6.99999 5.52028
90.0803 10.988 157.99 6.99999 5.52028
108.097 13.186 149.589 7 5.52028
126.113 15.3843 141.188 7 5.52028
144.13 17.5829 132.788 7 5.52028
162.147 19.7817 124.388 7 5.52028
180.164 21.9805 115.988 7 5.52028
9.65771e-05 1.09275e-05 200 6.99999 5.52028
18.0159 2.19752 191.597 6.99999 5.52028
36.0318 4.39506 183.195 6.99999 5.52028
54.0478 6.59263 174.793 6.99999 5.52028
72.064 8.79027 166.391 6.99999 5.52028
90.0803 10.988 157.99 6.99999 5.52028
108.097 13.186 149.589 7 5.52028
126.113 15.3843 141.188 7 5.52028
144.13 17.5829 132.788 7 5.52028
162.147 19.7817 124.388 7 5.52028
180.164 21.9805 115.988 7 5.52028
