0.000422694 5.75622e-06 200 6.99997 8.64043
19.9641 0.633291 201.029 6.99997 8.64043
39.9277 1.26668 202.059 6.99997 8.64043
59.8912 1.90024 203.09 6.99997 8.64043
79.8546 2.53394 204.123 6.99997 8.64043
99.8179 3.16778 205.158 6.99998 8.64043
119.781 3.80174 206.194 6.99998 8.64043
139.744 4.43579 207.232 6.99998 8.64043
159.707 5.06988 208.271 6.99999 8.64043
179.67 5.70398 209.311 6.99999 8.64043
199.633 6.33808 210.352 6.99999 8.64043
0.000422694 5.75622e-06 200 6.99997 8.64043
19.9641 0.633291 201.029 6.99997 8.64043
39.9277 1.26668 202.059 6.99997 8.64043
59.8912 1.90024 203.09 6.99997 8.64043
79.8546 2.53394 204.123 6.99997 8.64043
99.8179 3.16778 205.158 6.99998 8.64043
119.781 3.80174 206.194 6.99998 8.64043
139.744 4.43579 207.232 6.99998 8.64043
159.707 5.06988 208.271 6.99999 8.64043
179.67 5.70398 209.311 6.99999 8.64043
199.633 6.33808 210.352 6.99999 8.64043
0.000422694 5.75622e-06 200 6.99997 8.64043
19.9641 0.633291 201.029 6.99997 8.64043
39.9277 1.26668 202.059 6.99997 8.64043
59.8912 1.90024 203.09 6.99997 8.64043
79.8546 2.53394 204.123 6.99997 8.64043
99.8179 3.16778 205.158 6.99998 8.64043
119.781 3.80174 206.194 6.99998 8.64043
139.744 4.43579 207.232 6.99998 8.64043
159.707 5.06988 208.271 6.99999 8.64043
179.67 5.70398 209.311 6.99999 8.64043
199.633 6.33808 210.352 6.99999 8.64043
0.000422694 5.75622e-06 200 6.99997 8.64043
19.9641 0.633291 201.029 6.99997 8.64043
39.9277 1.26668 202.059 6.99997 8.64043
59.8912 1.90024 203.09 6.99997 8.64043
79.8546 2.53394 204.123 6.99997 8.64043
99.8179 3.16778 205.158 6.99998 8.64043
119.781 3.80174 206.194 6.99998 8.64043
139.744 4.43579 207.232 6.99998 8.64043
159.707 5.06988 208.271 6.99999 8.64043
179.67 5.70398 209.311 6.99999 8.64043
199.633 6.33808 210.352 6.99999 8.64043
0.000422694 5.75622e-06 200 6.99997 8.64043
19.9641 0.633291 201.029 6.99997 8.64043
39.9277 1.26668 202.059 6.99997 8.64043
59.8912 1.90024 203.09 6.99997 8.64043
79.8546 2.53394 204.123 6.99997 8.64043
99.8179 3.16778 205.158 6.99998 8.64043
119.781 3.80174 206.194 6.99998 8.64043
139.744 4.43579 207.232 6.99998 8.64043
159.707 5.06988 208.271 6.99999 8.64043
179.67 5.70398 209.311 6.99999 8.64043
199.633 6.33808 210.352 6.99999 8.64043
0.000422694 5.75622e-06 200 6.99997 8.64043
19.9641 0.633291 201.029 6.99997 8.64043
39.9277 1.26668 202.059 6.99997 8.64043
59.8912 1.90024 203.09 6.99997 8.64043
79.8546 2.53394 204.123 6.99997 8.64043
99.8179 3.16778 205.158 6.99998 8.64043
119.781 3.80174 206.194 6.99998 8.64043
139.744 4.43579 207.232 6.99998 8.64043
159.707 5.06988 208.271 6.99999 8.64043
179.67 5.70398 209.311 6.99999 8.64043
199.633 6.33808 210.352 6.99999 8.64043
