4.18015e-05 -4.21309e-05 200 7 2.74014
0.895203 -3.8637 219.603 7 2.74014
1.78981 -7.7269 239.206 7 2.74014
2.68365 -11.5896 258.809 7 2.74014
3.57643 -15.4516 278.412 7 2.74014
4.46766 -19.3126 298.016 7 2.74014
5.35689 -23.1721 317.62 7 2.74014
6.24422 -27.0306 337.224 7 2.74014
7.13004 -30.8887 356.828 7 2.74014
8.0147 -34.7465 376.433 7 2.74014
8.89884 -38.6044 396.037 7 2.74014
4.18015e-05 -4.21309e-05 200 7 2.74014
0.895203 -3.8637 219.603 7 2.74014
1.78981 -7.7269 239.206 7 2.74014
2.68365 -11.5896 258.809 7 2.74014
3.57643 -15.4516 278.412 7 2.74014
4.46766 -19.3126 298.016 7 2.74014
5.35689 -23.1721 317.62 7 2.74014
6.24422 -27.0306 337.224 7 2.74014
7.13004 -30.8887 356.828 7 2.74014
8.0147 -34.7465 376.433 7 2.74014
8.89884 -38.6044 396.037 7 2.74014
4.18015e-05 -4.21309e-05 200 7 2.74014
0.895203 -3.8637 219.603 7 2.74014
1.78981 -7.7269 239.206 7 2.74014
2.68365 -11.5896 258.809 7 2.74014
3.57643 -15.4516 278.412 7 2.74014
4.46766 -19.3126 298.016 7 2.74014
5.35689 -23.1721 317.62 7 2.74014
6.24422 -27.0306 337.224 7 2.74014
7.13004 -30.8887 356.828 7 2.74014
8.0147 -34.7465 376.433 7 2.74014
8.89884 -38.6044 396.037 7 2.74014
4.18015e-05 -4.21309e-05 200 7 2.74014
0.895203 -3.8637 219.603 7 2.74014
1.78981 -7.7269 239.206 7 2.74014
2.68365 -11.5896 258.809 7 2.74014
3.57643 -15.4516 278.412 7 2.74014
4.46766 -19.3126 298.016 7 2.74014
5.35689 -23.1721 317.62 7 2.74014
6.24422 -27.0306 337.224 7 2.74014
7.13004 -30.8887 356.828 7 2.74014
8.0147 -34.7465 376.433 7 2.74014
8.89884 -38.6044 396.037 7 2.74014
4.18015e-05 -4.21309e-05 200 7 2.74014
0.895203 -3.8637 219.603 7 2.74014
1.78981 -7.7269 239.206 7 2.74014
2.68365 -11.5896 258.809 7 2.74014
3.57643 -15.4516 278.412 7 2.74014
4.46766 -19.3126 298.016 7 2.74014
5.35689 -23.1721 317.62 7 2.74014
6.24422 -27.0306 337.224 7 2.74014
7.13004 -30.8887 356.828 7 2.74014
8.0147 -34.7465 376.433 7 2.74014
8.89884 -38.6044 396.037 7 2.74014
4.18015e-05 -4.21309e-05 200 7 2.74014
0.895203 -3.8637 219.603 7 2.74014
1.78981 -7.7269 239.206 7 2.74014
2.68365 -11.5896 258.809 7 2.74014
3.57643 -15.4516 278.412 7 2.74014
4.46766 -19.3126 298.016 7 2.74014
5.35689 -23.1721 317.62 7 2.74014
6.24422 -27.0306 337.224 7 2.74014
7.13004 -30.8887 356.828 7 2.74014
8.0147 -34.7465 376.433 7 2.74014
8.89884 -38.6044 396.037 7 2.74014
