1.36741e-05 -2.76755e-05 200 7 1.22006
9.82147 -17.0651 196.49 7 1.22006
19.6429 -34.1302 192.979 7 1.22006
29.4643 -51.1952 189.468 7 1.22006
39.2855 -68.26 185.956 7 1.22006
49.1062 -85.3249 182.443 7 1.22006
58.9266 -102.39 178.929 7 1.22006
68.7464 -119.455 175.416 7 1.22006
78.5655 -136.521 171.901 7 1.22006
88.3843 -153.587 168.387 7 1.22006
98.2029 -170.652 164.872 7 1.22006
1.36741e-05 -2.76755e-05 200 7 1.22006
9.82147 -17.0651 196.49 7 1.22006
19.6429 -34.1302 192.979 7 1.22006
29.4643 -51.1952 189.468 7 1.22006
39.2855 -68.26 185.956 7 1.22006
49.1062 -85.3249 182.443 7 1.22006
58.9266 -102.39 178.929 7 1.22006
68.7464 -119.455 175.416 7 1.22006
78.5655 -136.521 171.901 7 1.22006
88.3843 -153.587 168.387 7 1.22006
98.2029 -170.652 164.872 7 1.22006
1.36741e-05 -2.76755e-05 200 7 1.22006
9.82147 -17.0651 196.49 7 1.22006
19.6429 -34.1302 192.979 7 1.22006
29.4643 -51.1952 189.468 7 1.22006
39.2855 -68.26 185.956 7 1.22006
49.1062 -85.3249 182.443 7 1.22006
58.9266 -102.39 178.929 7 1.22006
68.7464 -119.455 175.416 7 1.22006
78.5655 -136.521 171.901 7 1.22006
88.3843 -153.587 168.387 7 1.22006
98.2029 -170.652 164.872 7 1.22006
1.36741e-05 -2.76755e-05 200 7 1.22006
9.82147 -17.0651 196.49 7 1.22006
19.6429 -34.1302 192.979 7 1.22006
29.4643 -51.1952 189.468 7 1.22006
39.2855 -68.26 185.956 7 1.22006
49.1062 -85.3249 182.443 7 1.22006
58.9266 -102.39 178.929 7 1.22006
68.7464 -119.455 175.416 7 1.22006
78.5655 -136.521 171.901 7 1.22006
88.3843 -153.587 168.387 7 1.22006
98.2029 -170.652 164.872 7 1.22006
1.36741e-05 -2.76755e-05 200 7 1.22006
9.82147 -17.0651 196.49 7 1.22006
19.6429 -34.1302 192.979 7 1.22006
29.4643 -51.1952 189.468 7 1.22006
39.2855 -68.26 185.956 7 1.22006
49.1062 -85.3249 182.443 7 1.22006
58.9266 -102.39 178.929 7 1.22006
68.7464 -119.455 175.416 7 1.22006
78.5655 -136.521 171.901 7 1.22006
88.3843 -153.587 168.387 7 1.22006
98.2029 -170.652 164.872 7 1.22006
1.36741e-05 -2.76755e-05 200 7 1.22006
9.82147 -17.0651 196.49 7 1.22006
19.6429 -34.1302 192.979 7 1.22006
29.4643 -51.1952 189.468 7 1.22006
39.2855 -68.26 185.956 7 1.22006
49.1062 -85.3249 182.443 7 1.22006
58.9266 -102.39 178.929 7 1.22006
68.7464 -119.455 175.416 7 1.22006
78.5655 -136.521 171.901 7 1.22006
88.3843 -153.587 168.387 7 1.22006
98.2029 -170.652 164.872 7 1.22006
