-1.57163e-06 -3.57866e-05 200 7 0.380019
0.435112 -19.7873 197.123 7 0.380019
0.870261 -39.5743 194.245 7 0.380019
1.30554 -59.3609 191.364 7 0.380019
1.74088 -79.1469 188.478 7 0.380019
2.17624 -98.9324 185.59 7 0.380019
2.61158 -118.717 182.698 7 0.380019
3.04703 -138.502 179.803 7 0.380019
3.4829 -158.286 176.906 7 0.380019
3.91952 -178.071 174.009 7 0.380019
4.35674 -197.855 171.112 7 0.380019
-1.57163e-06 -3.57866e-05 200 7 0.380019
0.435112 -19.7873 197.123 7 0.380019
0.870261 -39.5743 194.245 7 0.380019
1.30554 -59.3609 191.364 7 0.380019
1.74088 -79.1469 188.478 7 0.380019
2.17624 -98.9324 185.59 7 0.380019
2.61158 -118.717 182.698 7 0.380019
3.04703 -138.502 179.803 7 0.380019
3.4829 -158.286 176.906 7 0.380019
3.91952 -178.071 174.009 7 0.380019
4.35674 -197.855 171.112 7 0.380019
-1.57163e-06 -3.57866e-05 200 7 0.380019
0.435112 -19.7873 197.123 7 0.380019
0.870261 -39.5743 194.245 7 0.380019
1.30554 -59.3609 191.364 7 0.380019
1.74088 -79.1469 188.478 7 0.380019
2.17624 -98.9324 185.59 7 0.380019
2.61158 -118.717 182.698 7 0.380019
3.04703 -138.502 179.803 7 0.380019
3.4829 -158.286 176.906 7 0.380019
3.91952 -178.071 174.009 7 0.380019
4.35674 -197.855 171.112 7 0.380019
-1.57163e-06 -3.57866e-05 200 7 0.380019
0.435112 -19.7873 197.123 7 0.380019
0.870261 -39.5743 194.245 7 0.380019
1.30554 -59.3609 191.364 7 0.380019
1.74088 -79.1469 188.478 7 0.380019
2.17624 -98.9324 185.59 7 0.380019
2.61158 -118.717 182.698 7 0.380019
3.04703 -138.502 179.803 7 0.380019
3.4829 -158.286 176.906 7 0.380019
3.91952 -178.071 174.009 7 0.380019
4.35674 -197.855 171.112 7 0.380019
-1.57163e-06 -3.57866e-05 200 7 0.380019
0.435112 -19.7873 197.123 7 0.380019
0.870261 -39.5743 194.245 7 0.380019
1.30554 -59.3609 191.364 7 0.380019
1.74088 -79.1469 188.478 7 0.380019
2.17624 -98.9324 185.59 7 0.380019
2.61158 -118.717 182.698 7 0.380019
3.04703 -138.502 179.803 7 0.380019
3.4829 -158.286 176.906 7 0.380019
3.91952 -178.071 174.009 7 0.380019
4.35674 -197.855 171.112 7 0.380019
-1.57163e-06 -3.57866e-05 200 7 0.380019
0.435112 -19.7873 197.123 7 0.380019
0.870261 -39.5743 194.245 7 0.380019
1.30554 -59.3609 191.364 7 0.380019
1.74088 -79.1469 188.478 7 0.380019
2.17624 -98.9324 185.59 7 0.380019
2.61158 -118.717 182.698 7 0.380019
3.04703 -138.502 179.803 7 0.380019
3.4829 -158.286 176.906 7 0.380019
3.91952 -178.071 174.009 7 0.380019
4.35674 -197.855 171.112 7 0.380019
