-0.000146202 -4.64661e-05 200 6.99998 7.10036
-16.2579 -2.85504 211.293 6.99998 7.10036
-32.5163 -5.70984 222.586 6.99998 7.10036
-48.7755 -8.56431 233.877 6.99998 7.10036
-65.0357 -11.4185 245.167 6.99999 7.10036
-81.2971 -14.2724 256.455 6.99999 7.10036
-97.5598 -17.1261 267.742 6.99999 7.10036
-113.824 -19.9797 279.027 6.99999 7.10036
-130.088 -22.8333 290.31 6.99999 7.10036
-146.353 -25.6869 301.593 7 7.10036
-162.619 -28.5405 312.875 7 7.10036
-0.000146202 -4.64661e-05 200 6.99998 7.10036
-16.2579 -2.85504 211.293 6.99998 7.10036
-32.5163 -5.70984 222.586 6.99998 7.10036
-48.7755 -8.56431 233.877 6.99998 7.10036
-65.0357 -11.4185 245.167 6.99999 7.10036
-81.2971 -14.2724 256.455 6.99999 7.10036
-97.5598 -17.1261 267.742 6.99999 7.10036
-113.824 -19.9797 279.027 6.99999 7.10036
-130.088 -22.8333 290.31 6.99999 7.10036
-146.353 -25.6869 301.593 7 7.10036
-162.619 -28.5405 312.875 7 7.10036
-0.000146202 -4.64661e-05 200 6.99998 7.10036
-16.2579 -2.85504 211.293 6.99998 7.10036
-32.5163 -5.70984 222.586 6.99998 7.10036
-48.7755 -8.56431 233.877 6.99998 7.10036
-65.0357 -11.4185 245.167 6.99999 7.10036
-81.2971 -14.2724 256.455 6.99999 7.10036
-97.5598 -17.1261 267.742 6.99999 7.10036
-113.824 -19.9797 279.027 6.99999 7.10036
-130.088 -22.8333 290.31 6.99999 7.10036
-146.353 -25.6869 301.593 7 7.10036
-162.619 -28.5405 312.875 7 7.10036
-0.000146202 -4.64661e-05 200 6.99998 7.10036
-16.2579 -2.85504 211.293 6.99998 7.10036
-32.5163 -5.70984 222.586 6.99998 7.10036
-48.7755 -8.56431 233.877 6.99998 7.10036
-65.0357 -11.4185 245.167 6.99999 7.10036
-81.2971 -14.2724 256.455 6.99999 7.10036
-97.5598 -17.1261 267.742 6.99999 7.10036
-113.824 -19.9797 279.027 6.99999 7.10036
-130.088 -22.8333 290.31 6.99999 7.10036
-146.353 -25.6869 301.593 7 7.10036
-162.619 -28.5405 312.875 7 7.10036
-0.000146202 -4.64661e-05 200 6.99998 7.10036
-16.2579 -2.85504 211.293 6.99998 7.10036
-32.5163 -5.70984 222.586 6.99998 7.10036
-48.7755 -8.56431 233.877 6.99998 7.10036
-65.0357 -11.4185 245.167 6.99999 7.10036
-81.2971 -14.2724 256.455 6.99999 7.10036
-97.5598 -17.1261 267.742 6.99999 7.10036
-113.824 -19.9797 279.027 6.99999 7.10036
-130.088 -22.8333 290.31 6.99999 7.10036
-146.353 -25.6869 301.593 7 7.10036
-162.619 -28.5405 312.875 7 7.10036
-0.000146202 -4.64661e-05 200 6.99998 7.10036
-16.2579 -2.85504 211.293 6.99998 7.10036
-32.5163 -5.70984 222.586 6.99998 7.10036
-48.7755 -8.56431 233.877 6.99998 7.10036
-65.0357 -11.4185 245.167 6.99999 7.10036
-81.2971 -14.2724 256.455 6.99999 7.10036
-97.5598 -17.1261 267.742 6.99999 7.10036
-113.824 -19.9797 279.027 6.99999 7.10036
-130.088 -22.8333 290.31 6.99999 7.10036
-146.353 -25.6869 301.593 7 7.10036
-162.619 -28.5405 312.875 7 7.10036
