0.000305732 -1.44911e-05 200 6.99997 8.88044
15.561 -0.728797 212.544 6.99997 8.88044
31.1218 -1.45758 225.087 6.99997 8.88044
46.683 -2.18641 237.63 6.99997 8.88044
62.2445 -2.91531 250.173 6.99997 8.88044
77.8065 -3.64431 262.715 6.99998 8.88044
93.3687 -4.37343 275.256 6.99998 8.88044
108.931 -5.1027 287.797 6.99998 8.88044
124.494 -5.83211 300.338 6.99999 8.88044
140.056 -6.56161 312.879 6.99999 8.88044
155.619 -7.29115 325.421 6.99999 8.88044
0.000305732 -1.44911e-05 200 6.99997 8.88044
15.561 -0.728797 212.544 6.99997 8.88044
31.1218 -1.45758 225.087 6.99997 8.88044
46.683 -2.18641 237.63 6.99997 8.88044
62.2445 -2.91531 250.173 6.99997 8.88044
77.8065 -3.64431 262.715 6.99998 8.88044
93.3687 -4.37343 275.256 6.99998 8.88044
108.931 -5.1027 287.797 6.99998 8.88044
124.494 -5.83211 300.338 6.99999 8.88044
140.056 -6.56161 312.879 6.99999 8.88044
155.619 -7.29115 325.421 6.99999 8.88044
0.000305732 -1.44911e-05 200 6.99997 8.88044
15.561 -0.728797 212.544 6.99997 8.88044
31.1218 -1.45758 225.087 6.99997 8.88044
46.683 -2.18641 237.63 6.99997 8.88044
62.2445 -2.91531 250.173 6.99997 8.88044
77.8065 -3.64431 262.715 6.99998 8.88044
93.3687 -4.37343 275.256 6.99998 8.88044
108.931 -5.1027 287.797 6.99998 8.88044
124.494 -5.83211 300.338 6.99999 8.88044
140.056 -6.56161 312.879 6.99999 8.88044
155.619 -7.29115 325.421 6.99999 8.88044
0.000305732 -1.44911e-05 200 6.99997 8.88044
15.561 -0.728797 212.544 6.99997 8.88044
31.1218 -1.45758 225.087 6.99997 8.88044
46.683 -2.18641 237.63 6.99997 8.88044
62.2445 -2.91531 250.173 6.99997 8.88044
77.8065 -3.64431 262.715 6.99998 8.88044
93.3687 -4.37343 275.256 6.99998 8.88044
108.931 -5.1027 287.797 6.99998 8.88044
124.494 -5.83211 300.338 6.99999 8.88044
140.056 -6.56161 312.879 6.99999 8.88044
155.619 -7.29115 325.421 6.99999 8.88044
0.000305732 -1.44911e-05 200 6.99997 8.88044
15.561 -0.728797 212.544 6.99997 8.88044
31.1218 -1.45758 225.087 6.99997 8.88044
46.683 -2.18641 237.63 6.99997 8.88044
62.2445 -2.91531 250.173 6.99997 8.88044
77.8065 -3.64431 262.715 6.99998 8.88044
93.3687 -4.37343 275.256 6.99998 8.88044
108.931 -5.1027 287.797 6.99998 8.88044
124.494 -5.83211 300.338 6.99999 8.88044
140.056 -6.56161 312.879 6.99999 8.88044
155.619 -7.29115 325.421 6.99999 8.88044
0.000305732 -1.44911e-05 200 6.99997 8.88044
15.561 -0.728797 212.544 6.99997 8.88044
31.1218 -1.45758 225.087 6.99997 8.88044
46.683 -2.18641 237.63 6.99997 8.88044
62.2445 -2.91531 250.173 6.99997 8.88044
77.8065 -3.64431 262.715 6.99998 8.88044
93.3687 -4.37343 275.256 6.99998 8.88044
108.931 -5.1027 287.797 6.99998 8.88044
124.494 -5.83211 300.338 6.99999 8.88044
140.056 -6.56161 312.879 6.99999 8.88044
155.619 -7.29115 325.421 6.99999 8.88044
