-7.35212e-05 -1.76291e-05 200 6.99999 3.74019
-18.8366 4.84433 204.661 6.99999 3.74019
-37.6731 9.68922 209.32 6.99999 3.74019
-56.5098 14.5351 213.979 6.99999 3.74019
-75.3465 19.3823 218.635 7 3.74019
-94.1834 24.231 223.289 7 3.74019
-113.02 29.0812 227.942 7 3.74019
-131.857 33.9329 232.593 7 3.74019
-150.694 38.786 237.242 7 3.74019
-169.531 43.64 241.89 7 3.74019
-188.368 48.4942 246.538 7 3.74019
-7.35212e-05 -1.76291e-05 200 6.99999 3.74019
-18.8366 4.84433 204.661 6.99999 3.74019
-37.6731 9.68922 209.32 6.99999 3.74019
-56.5098 14.5351 213.979 6.99999 3.74019
-75.3465 19.3823 218.635 7 3.74019
-94.1834 24.231 223.289 7 3.74019
-113.02 29.0812 227.942 7 3.74019
-131.857 33.9329 232.593 7 3.74019
-150.694 38.786 237.242 7 3.74019
-169.531 43.64 241.89 7 3.74019
-188.368 48.4942 246.538 7 3.74019
-7.35212e-05 -1.76291e-05 200 6.99999 3.74019
-18.8366 4.84433 204.661 6.99999 3.74019
-37.6731 9.68922 209.32 6.99999 3.74019
-56.5098 14.5351 213.979 6.99999 3.74019
-75.3465 19.3823 218.635 7 3.74019
-94.1834 24.231 223.289 7 3.74019
-113.02 29.0812 227.942 7 3.74019
-131.857 33.9329 232.593 7 3.74019
-150.694 38.786 237.242 7 3.74019
-169.531 43.64 241.89 7 3.74019
-188.368 48.4942 246.538 7 3.74019
-7.35212e-05 -1.76291e-05 200 6.99999 3.74019
-18.8366 4.84433 204.661 6.99999 3.74019
-37.6731 9.68922 209.32 6.99999 3.74019
-56.5098 14.5351 213.979 6.99999 3.74019
-75.3465 19.3823 218.635 7 3.74019
-94.1834 24.231 223.289 7 3.74019
-113.02 29.0812 227.942 7 3.74019
-131.857 33.9329 232.593 7 3.74019
-150.694 38.786 237.242 7 3.74019
-169.531 43.64 241.89 7 3.74019
-188.368 48.4942 246.538 7 3.74019
-7.35212e-05 -1.76291e-05 200 6.99999 3.74019
-18.8366 4.84433 204.661 6.99999 3.74019
-37.6731 9.68922 209.32 6.99999 3.74019
-56.5098 14.5351 213.979 6.99999 3.74019
-75.3465 19.3823 218.635 7 3.74019
-94.1834 24.231 223.289 7 3.74019
-113.02 29.0812 227.942 7 3.74019
-131.857 33.9329 232.593 7 3.74019
-150.694 38.786 237.242 7 3.74019
-169.531 43.64 241.89 7 3.74019
-188.368 48.4942 246.538 7 3.74019
-7.35212e-05 -1.76291e-05 200 6.99999 3.74019
-18.8366 4.84433 204.661 6.99999 3.74019
-37.6731 9.68922 209.32 6.99999 3.74019
-56.5098 14.5351 213.979 6.99999 3.74019
-75.3465 19.3823 218.635 7 3.74019
-94.1834 24.231 223.289 7 3.74019
-113.02 29.0812 227.942 7 3.74019
-131.857 33.9329 232.593 7 3.74019
-150.694 38.786 237.242 7 3.74019
-169.531 43.64 241.89 7 3.74019
-188.368 48.4942 246.538 7 3.74019
