3.93255e-05 8.71015e-07 200 7 1.88009
13.9509 -12.3826 207.214 7 1.88009
27.9016 -24.7655 214.428 7 1.88009
41.852 -37.1492 221.642 7 1.88009
55.8021 -49.5339 228.854 7 1.88009
69.7517 -61.9198 236.065 7 1.88009
83.7009 -74.3071 243.274 7 1.88009
97.6498 -86.6954 250.482 7 1.88009
111.598 -99.0845 257.69 7 1.88009
125.547 -111.474 264.897 7 1.88009
139.495 -123.863 272.105 7 1.88009
3.93255e-05 8.71015e-07 200 7 1.88009
13.9509 -12.3826 207.214 7 1.88009
27.9016 -24.7655 214.428 7 1.88009
41.852 -37.1492 221.642 7 1.88009
55.8021 -49.5339 228.854 7 1.88009
69.7517 -61.9198 236.065 7 1.88009
83.7009 -74.3071 243.274 7 1.88009
97.6498 -86.6954 250.482 7 1.88009
111.598 -99.0845 257.69 7 1.88009
125.547 -111.474 264.897 7 1.88009
139.495 -123.863 272.105 7 1.88009
3.93255e-05 8.71015e-07 200 7 1.88009
13.9509 -12.3826 207.214 7 1.88009
27.9016 -24.7655 214.428 7 1.88009
41.852 -37.1492 221.642 7 1.88009
55.8021 -49.5339 228.854 7 1.88009
69.7517 -61.9198 236.065 7 1.88009
83.7009 -74.3071 243.274 7 1.88009
97.6498 -86.6954 250.482 7 1.88009
111.598 -99.0845 257.69 7 1.88009
125.547 -111.474 264.897 7 1.88009
139.495 -123.863 272.105 7 1.88009
3.93255e-05 8.71015e-07 200 7 1.88009
13.9509 -12.3826 207.214 7 1.88009
27.9016 -24.7655 214.428 7 1.88009
41.852 -37.1492 221.642 7 1.88009
55.8021 -49.5339 228.854 7 1.88009
69.7517 -61.9198 236.065 7 1.88009
83.7009 -74.3071 243.274 7 1.88009
97.6498 -86.6954 250.482 7 1.88009
111.598 -99.0845 257.69 7 1.88009
125.547 -111.474 264.897 7 1.88009
139.495 -123.863 272.105 7 1.88009
3.93255e-05 8.71015e-07 200 7 1.88009
13.9509 -12.3826 207.214 7 1.88009
27.9016 -24.7655 214.428 7 1.88009
41.852 -37.1492 221.642 7 1.88009
55.8021 -49.5339 228.854 7 1.88009
69.7517 -61.9198 236.065 7 1.88009
83.7009 -74.3071 243.274 7 1.88009
97.6498 -86.6954 250.482 7 1.88009
111.598 -99.0845 257.69 7 1.88009
125.547 -111.474 264.897 7 1.88009
139.495 -123.863 272.105 7 1.88009
3.93255e-05 8.71015e-07 200 7 1.88009
13.9509 -12.3826 207.214 7 1.88009
27.9016 -24.7655 214.428 7 1.88009
41.852 -37.1492 221.642 7 1.88009
55.8021 -49.5339 228.854 7 1.88009
69.7517 -61.9198 236.065 7 1.88009
83.7009 -74.3071 243.274 7 1.88009
97.6498 -86.6954 250.482 7 1.88009
111.598 -99.0845 257.69 7 1.88009
125.547 -111.474 264.897 7 1.88009
139.495 -123.863 272.105 7 1.88009
