3.99765e-05 -3.703e-05 200 6.99997 9.20046
1.86742 -1.83115 219.829 6.99997 9.20046
3.7347 -3.6622 239.657 6.99997 9.20046
5.60183 -5.49315 259.486 6.99998 9.20046
7.46884 -7.32399 279.314 6.99998 9.20046
9.33561 -9.15474 299.143 6.99998 9.20046
11.2021 -10.9854 318.971 6.99998 9.20046
13.0683 -12.816 338.8 6.99998 9.20046
14.9343 -14.6465 358.628 6.99999 9.20046
16.8003 -16.4771 378.457 6.99999 9.20046
18.6662 -18.3077 398.285 6.99999 9.20046
3.99765e-05 -3.703e-05 200 6.99997 9.20046
1.86742 -1.83115 219.829 6.99997 9.20046
3.7347 -3.6622 239.657 6.99997 9.20046
5.60183 -5.49315 259.486 6.99998 9.20046
7.46884 -7.32399 279.314 6.99998 9.20046
9.33561 -9.15474 299.143 6.99998 9.20046
11.2021 -10.9854 318.971 6.99998 9.20046
13.0683 -12.816 338.8 6.99998 9.20046
14.9343 -14.6465 358.628 6.99999 9.20046
16.8003 -16.4771 378.457 6.99999 9.20046
18.6662 -18.3077 398.285 6.99999 9.20046
3.99765e-05 -3.703e-05 200 6.99997 9.20046
1.86742 -1.83115 219.829 6.99997 9.20046
3.7347 -3.6622 239.657 6.99997 9.20046
5.60183 -5.49315 259.486 6.99998 9.20046
7.46884 -7.32399 279.314 6.99998 9.20046
9.33561 -9.15474 299.143 6.99998 9.20046
11.2021 -10.9854 318.971 6.99998 9.20046
13.0683 -12.816 338.8 6.99998 9.20046
14.9343 -14.6465 358.628 6.99999 9.20046
16.8003 -16.4771 378.457 6.99999 9.20046
18.6662 -18.3077 398.285 6.99999 9.20046
3.99765e-05 -3.703e-05 200 6.99997 9.20046
1.86742 -1.83115 219.829 6.99997 9.20046
3.7347 -3.6622 239.657 6.99997 9.20046
5.60183 -5.49315 259.486 6.99998 9.20046
7.46884 -7.32399 279.314 6.99998 9.20046
9.33561 -9.15474 299.143 6.99998 9.20046
11.2021 -10.9854 318.971 6.99998 9.20046
13.0683 -12.816 338.8 6.99998 9.20046
14.9343 -14.6465 358.628 6.99999 9.20046
16.8003 -16.4771 378.457 6.99999 9.20046
18.6662 -18.3077 398.285 6.99999 9.20046
3.99765e-05 -3.703e-05 200 6.99997 9.20046
1.86742 -1.83115 219.829 6.99997 9.20046
3.7347 -3.6622 239.657 6.99997 9.20046
5.60183 -5.49315 259.486 6.99998 9.20046
7.46884 -7.32399 279.314 6.99998 9.20046
9.33561 -9.15474 299.143 6.99998 9.20046
11.2021 -10.9854 318.971 6.99998 9.20046
13.0683 -12.816 338.8 6.99998 9.20046
14.9343 -14.6465 358.628 6.99999 9.20046
16.8003 -16.4771 378.457 6.99999 9.20046
18.6662 -18.3077 398.285 6.99999 9.20046
3.99765e-05 -3.703e-05 200 6.99997 9.20046
1.86742 -1.83115 219.829 6.99997 9.20046
3.7347 -3.6622 239.657 6.99997 9.20046
5.60183 -5.49315 259.486 6.99998 9.20046
7.46884 -7.32399 279.314 6.99998 9.20046
9.33561 -9.15474 299.143 6.99998 9.20046
11.2021 -10.9854 318.971 6.99998 9.20046
13.0683 -12.816 338.8 6.99998 9.20046
14.9343 -14.6465 358.628 6.99999 9.20046
16.8003 -16.4771 378.457 6.99999 9.20046
18.6662 -18.3077 398.285 6.99999 9.20046
