-7.63789e-05 -8.3661e-06 200 6.99999 3.78019
-19.0268 5.0816 203.488 6.99999 3.78019
-38.0535 10.1636 206.975 6.99999 3.78019
-57.0802 15.2462 210.461 6.99999 3.78019
-76.1069 20.3294 213.946 7 3.78019
-95.1335 25.4134 217.43 7 3.78019
-114.16 30.4979 220.914 7 3.78019
-133.187 35.5827 224.396 7 3.78019
-152.214 40.6678 227.877 7 3.78019
-171.241 45.7528 231.359 7 3.78019
-190.268 50.8376 234.84 7 3.78019
-7.63789e-05 -8.3661e-06 200 6.99999 3.78019
-19.0268 5.0816 203.488 6.99999 3.78019
-38.0535 10.1636 206.975 6.99999 3.78019
-57.0802 15.2462 210.461 6.99999 3.78019
-76.1069 20.3294 213.946 7 3.78019
-95.1335 25.4134 217.43 7 3.78019
-114.16 30.4979 220.914 7 3.78019
-133.187 35.5827 224.396 7 3.78019
-152.214 40.6678 227.877 7 3.78019
-171.241 45.7528 231.359 7 3.78019
-190.268 50.8376 234.84 7 3.78019
-7.63789e-05 -8.3661e-06 200 6.99999 3.78019
-19.0268 5.0816 203.488 6.99999 3.78019
-38.0535 10.1636 206.975 6.99999 3.78019
-57.0802 15.2462 210.461 6.99999 3.78019
-76.1069 20.3294 213.946 7 3.78019
-95.1335 25.4134 217.43 7 3.78019
-114.16 30.4979 220.914 7 3.78019
-133.187 35.5827 224.396 7 3.78019
-152.214 40.6678 227.877 7 3.78019
-171.241 45.7528 231.359 7 3.78019
-190.268 50.8376 234.84 7 3.78019
-7.63789e-05 -8.3661e-06 200 6.99999 3.78019
-19.0268 5.0816 203.488 6.99999 3.78019
-38.0535 10.1636 206.975 6.99999 3.78019
-57.0802 15.2462 210.461 6.99999 3.78019
-76.1069 20.3294 213.946 7 3.78019
-95.1335 25.4134 217.43 7 3.78019
-114.16 30.4979 220.914 7 3.78019
-133.187 35.5827 224.396 7 3.78019
-152.214 40.6678 227.877 7 3.78019
-171.241 45.7528 231.359 7 3.78019
-190.268 50.8376 234.84 7 3.78019
-7.63789e-05 -8.3661e-06 200 6.99999 3.78019
-19.0268 5.0816 203.488 6.99999 3.78019
-38.0535 10.1636 206.975 6.99999 3.78019
-57.0802 15.2462 210.461 6.99999 3.78019
-76.1069 20.3294 213.946 7 3.78019
-95.1335 25.4134 217.43 7 3.78019
-114.16 30.4979 220.914 7 3.78019
-133.187 35.5827 224.396 7 3.78019
-152.214 40.6678 227.877 7 3.78019
-171.241 45.7528 231.359 7 3.78019
-190.268 50.8376 234.84 7 3.78019
-7.63789e-05 -8.3661e-06 200 6.99999 3.78019
-19.0268 5.0816 203.488 6.99999 3.78019
-38.0535 10.1636 206.975 6.99999 3.78019
-57.0802 15.2462 210.461 6.99999 3.78019
-76.1069 20.3294 213.946 7 3.78019
-95.1335 25.4134 217.43 7 3.78019
-114.16 30.4979 220.914 7 3.78019
-133.187 35.5827 224.396 7 3.78019
-152.214 40.6678 227.877 7 3.78019
-171.241 45.7528 231.359 7 3.78019
-190.268 50.8376 234.84 7 3.78019
