-2.01121e-05 2.91128e-06 200 7 0.620031
2.22218 -19.3183 195.324 7 0.620031
4.44468 -38.6368 190.649 7 0.620031
6.66813 -57.9561 185.977 7 0.620031
8.89331 -77.2762 181.31 7 0.620031
11.1207 -96.5973 176.648 7 0.620031
13.3506 -115.919 171.991 7 0.620031
15.5829 -135.242 167.34 7 0.620031
17.8172 -154.566 162.692 7 0.620031
20.0528 -173.89 158.046 7 0.620031
22.289 -193.214 153.402 7 0.620031
-2.01121e-05 2.91128e-06 200 7 0.620031
2.22218 -19.3183 195.324 7 0.620031
4.44468 -38.6368 190.649 7 0.620031
6.66813 -57.9561 185.977 7 0.620031
8.89331 -77.2762 181.31 7 0.620031
11.1207 -96.5973 176.648 7 0.620031
13.3506 -115.919 171.991 7 0.620031
15.5829 -135.242 167.34 7 0.620031
17.8172 -154.566 162.692 7 0.620031
20.0528 -173.89 158.046 7 0.620031
22.289 -193.214 153.402 7 0.620031
-2.01121e-05 2.91128e-06 200 7 0.620031
2.22218 -19.3183 195.324 7 0.620031
4.44468 -38.6368 190.649 7 0.620031
6.66813 -57.9561 185.977 7 0.620031
8.89331 -77.2762 181.31 7 0.620031
11.1207 -96.5973 176.648 7 0.620031
13.3506 -115.919 171.991 7 0.620031
15.5829 -135.242 167.34 7 0.620031
17.8172 -154.566 162.692 7 0.620031
20.0528 -173.89 158.046 7 0.620031
22.289 -193.214 153.402 7 0.620031
-2.01121e-05 2.91128e-06 200 7 0.620031
2.22218 -19.3183 195.324 7 0.620031
4.44468 -38.6368 190.649 7 0.620031
6.66813 -57.9561 185.977 7 0.620031
8.89331 -77.2762 181.31 7 0.620031
11.1207 -96.5973 176.648 7 0.620031
13.3506 -115.919 171.991 7 0.620031
15.5829 -135.242 167.34 7 0.620031
17.8172 -154.566 162.692 7 0.620031
20.0528 -173.89 158.046 7 0.620031
22.289 -193.214 153.402 7 0.620031
-2.01121e-05 2.91128e-06 200 7 0.620031
2.22218 -19.3183 195.324 7 0.620031
4.44468 -38.6368 190.649 7 0.620031
6.66813 -57.9561 185.977 7 0.620031
8.89331 -77.2762 181.31 7 0.620031
11.1207 -96.5973 176.648 7 0.620031
13.3506 -115.919 171.991 7 0.620031
15.5829 -135.242 167.34 7 0.620031
17.8172 -154.566 162.692 7 0.620031
20.0528 -173.89 158.046 7 0.620031
22.289 -193.214 153.402 7 0.620031
-2.01121e-05 2.91128e-06 200 7 0.620031
2.22218 -19.3183 195.324 7 0.620031
4.44468 -38.6368 190.649 7 0.620031
6.66813 -57.9561 185.977 7 0.620031
8.89331 -77.2762 181.31 7 0.620031
11.1207 -96.5973 176.648 7 0.620031
13.3506 -115.919 171.991 7 0.620031
15.5829 -135.242 167.34 7 0.620031
17.8172 -154.566 162.692 7 0.620031
20.0528 -173.89 158.046 7 0.620031
22.289 -193.214 153.402 7 0.620031
