-5.35063e-05 -3.44799e-05 200 6.99998 6.88034
-9.39276 -3.53484 217.3 6.99999 6.88034
-18.786 -7.06965 234.6 6.99999 6.88034
-28.1803 -10.6045 251.899 6.99999 6.88034
-37.5759 -14.1392 269.197 6.99999 6.88034
-46.9731 -17.6738 286.494 6.99999 6.88034
-56.3722 -21.2083 303.791 6.99999 6.88034
-65.7732 -24.7425 321.086 6.99999 6.88034
-75.1759 -28.2766 338.381 7 6.88034
-84.5796 -31.8108 355.675 7 6.88034
-93.9839 -35.345 372.968 7 6.88034
-5.35063e-05 -3.44799e-05 200 6.99998 6.88034
-9.39276 -3.53484 217.3 6.99999 6.88034
-18.786 -7.06965 234.6 6.99999 6.88034
-28.1803 -10.6045 251.899 6.99999 6.88034
-37.5759 -14.1392 269.197 6.99999 6.88034
-46.9731 -17.6738 286.494 6.99999 6.88034
-56.3722 -21.2083 303.791 6.99999 6.88034
-65.7732 -24.7425 321.086 6.99999 6.88034
-75.1759 -28.2766 338.381 7 6.88034
-84.5796 -31.8108 355.675 7 6.88034
-93.9839 -35.345 372.968 7 6.88034
-5.35063e-05 -3.44799e-05 200 6.99998 6.88034
-9.39276 -3.53484 217.3 6.99999 6.88034
-18.786 -7.06965 234.6 6.99999 6.88034
-28.1803 -10.6045 251.899 6.99999 6.88034
-37.5759 -14.1392 269.197 6.99999 6.88034
-46.9731 -17.6738 286.494 6.99999 6.88034
-56.3722 -21.2083 303.791 6.99999 6.88034
-65.7732 -24.7425 321.086 6.99999 6.88034
-75.1759 -28.2766 338.381 7 6.88034
-84.5796 -31.8108 355.675 7 6.88034
-93.9839 -35.345 372.968 7 6.88034
-5.35063e-05 -3.44799e-05 200 6.99998 6.88034
-9.39276 -3.53484 217.3 6.99999 6.88034
-18.786 -7.06965 234.6 6.99999 6.88034
-28.1803 -10.6045 251.899 6.99999 6.88034
-37.5759 -14.1392 269.197 6.99999 6.88034
-46.9731 -17.6738 286.494 6.99999 6.88034
-56.3722 -21.2083 303.791 6.99999 6.88034
-65.7732 -24.7425 321.086 6.99999 6.88034
-75.1759 -28.2766 338.381 7 6.88034
-84.5796 -31.8108 355.675 7 6.88034
-93.9839 -35.345 372.968 7 6.88034
-5.35063e-05 -3.44799e-05 200 6.99998 6.88034
-9.39276 -3.53484 217.3 6.99999 6.88034
-18.786 -7.06965 234.6 6.99999 6.88034
-28.1803 -10.6045 251.899 6.99999 6.88034
-37.5759 -14.1392 269.197 6.99999 6.88034
-46.9731 -17.6738 286.494 6.99999 6.88034
-56.3722 -21.2083 303.791 6.99999 6.88034
-65.7732 -24.7425 321.086 6.99999 6.88034
-75.1759 -28.2766 338.381 7 6.88034
-84.5796 -31.8108 355.675 7 6.88034
-93.9839 -35.345 372.968 7 6.88034
-5.35063e-05 -3.44799e-05 200 6.99998 6.88034
-9.39276 -3.53484 217.3 6.99999 6.88034
-18.786 -7.06965 234.6 6.99999 6.88034
-28.1803 -10.6045 251.899 6.99999 6.88034
-37.5759 -14.1392 269.197 6.99999 6.88034
-46.9731 -17.6738 286.494 6.99999 6.88034
-56.3722 -21.2083 303.791 6.99999 6.88034
-65.7732 -24.7425 321.086 6.99999 6.88034
-75.1759 -28.2766 338.381 7 6.88034
-84.5796 -31.8108 355.675 7 6.88034
-93.9839 -35.345 372.968 7 6.88034
