0.000347414 -1.50406e-05 200 6.99997 8.86044
16.1922 -0.624855 211.724 6.99997 8.86044
32.3838 -1.24966 223.448 6.99997 8.86044
48.5749 -1.8744 235.172 6.99997 8.86044
64.7653 -2.49902 246.898 6.99997 8.86044
80.9548 -3.12344 258.624 6.99998 8.86044
97.1434 -3.7476 270.352 6.99998 8.86044
113.331 -4.37151 282.081 6.99998 8.86044
129.518 -4.99525 293.812 6.99999 8.86044
145.705 -5.6189 305.542 6.99999 8.86044
161.891 -6.24253 317.273 6.99999 8.86044
0.000347414 -1.50406e-05 200 6.99997 8.86044
16.1922 -0.624855 211.724 6.99997 8.86044
32.3838 -1.24966 223.448 6.99997 8.86044
48.5749 -1.8744 235.172 6.99997 8.86044
64.7653 -2.49902 246.898 6.99997 8.86044
80.9548 -3.12344 258.624 6.99998 8.86044
97.1434 -3.7476 270.352 6.99998 8.86044
113.331 -4.37151 282.081 6.99998 8.86044
129.518 -4.99525 293.812 6.99999 8.86044
145.705 -5.6189 305.542 6.99999 8.86044
161.891 -6.24253 317.273 6.99999 8.86044
0.000347414 -1.50406e-05 200 6.99997 8.86044
16.1922 -0.624855 211.724 6.99997 8.86044
32.3838 -1.24966 223.448 6.99997 8.86044
48.5749 -1.8744 235.172 6.99997 8.86044
64.7653 -2.49902 246.898 6.99997 8.86044
80.9548 -3.12344 258.624 6.99998 8.86044
97.1434 -3.7476 270.352 6.99998 8.86044
113.331 -4.37151 282.081 6.99998 8.86044
129.518 -4.99525 293.812 6.99999 8.86044
145.705 -5.6189 305.542 6.99999 8.86044
161.891 -6.24253 317.273 6.99999 8.86044
0.000347414 -1.50406e-05 200 6.99997 8.86044
16.1922 -0.624855 211.724 6.99997 8.86044
32.3838 -1.24966 223.448 6.99997 8.86044
48.5749 -1.8744 235.172 6.99997 8.86044
64.7653 -2.49902 246.898 6.99997 8.86044
80.9548 -3.12344 258.624 6.99998 8.86044
97.1434 -3.7476 270.352 6.99998 8.86044
113.331 -4.37151 282.081 6.99998 8.86044
129.518 -4.99525 293.812 6.99999 8.86044
145.705 -5.6189 305.542 6.99999 8.86044
161.891 -6.24253 317.273 6.99999 8.86044
0.000347414 -1.50406e-05 200 6.99997 8.86044
16.1922 -0.624855 211.724 6.99997 8.86044
32.3838 -1.24966 223.448 6.99997 8.86044
48.5749 -1.8744 235.172 6.99997 8.86044
64.7653 -2.49902 246.898 6.99997 8.86044
80.9548 -3.12344 258.624 6.99998 8.86044
97.1434 -3.7476 270.352 6.99998 8.86044
113.331 -4.37151 282.081 6.99998 8.86044
129.518 -4.99525 293.812 6.99999 8.86044
145.705 -5.6189 305.542 6.99999 8.86044
161.891 -6.24253 317.273 6.99999 8.86044
0.000347414 -1.50406e-05 200 6.99997 8.86044
16.1922 -0.624855 211.724 6.99997 8.86044
32.3838 -1.24966 223.448 6.99997 8.86044
48.5749 -1.8744 235.172 6.99997 8.86044
64.7653 -2.49902 246.898 6.99997 8.86044
80.9548 -3.12344 258.624 6.99998 8.86044
97.1434 -3.7476 270.352 6.99998 8.86044
113.331 -4.37151 282.081 6.99998 8.86044
129.518 -4.99525 293.812 6.99999 8.86044
145.705 -5.6189 305.542 6.99999 8.86044
161.891 -6.24253 317.273 6.99999 8.86044
