0.000227882 5.20764e-05 200 6.99997 8.26041
11.4145 2.20988 183.726 6.99997 8.26041
22.8288 4.41961 167.452 6.99997 8.26041
34.2432 6.62912 151.178 6.99997 8.26041
45.6574 8.83837 134.904 6.99997 8.26041
57.0715 11.0473 118.63 6.99998 8.26041
68.4856 13.256 102.356 6.99998 8.26041
79.8999 15.4643 86.0822 6.99998 8.26041
91.3144 17.6725 69.8084 6.99999 8.26041
102.729 19.8804 53.5348 6.99999 8.26041
114.144 22.0883 37.2614 7 8.26041
0.000227882 5.20764e-05 200 6.99997 8.26041
11.4145 2.20988 183.726 6.99997 8.26041
22.8288 4.41961 167.452 6.99997 8.26041
34.2432 6.62912 151.178 6.99997 8.26041
45.6574 8.83837 134.904 6.99997 8.26041
57.0715 11.0473 118.63 6.99998 8.26041
68.4856 13.256 102.356 6.99998 8.26041
79.8999 15.4643 86.0822 6.99998 8.26041
91.3144 17.6725 69.8084 6.99999 8.26041
102.729 19.8804 53.5348 6.99999 8.26041
114.144 22.0883 37.2614 7 8.26041
0.000227882 5.20764e-05 200 6.99997 8.26041
11.4145 2.20988 183.726 6.99997 8.26041
22.8288 4.41961 167.452 6.99997 8.26041
34.2432 6.62912 151.178 6.99997 8.26041
45.6574 8.83837 134.904 6.99997 8.26041
57.0715 11.0473 118.63 6.99998 8.26041
68.4856 13.256 102.356 6.99998 8.26041
79.8999 15.4643 86.0822 6.99998 8.26041
91.3144 17.6725 69.8084 6.99999 8.26041
102.729 19.8804 53.5348 6.99999 8.26041
114.144 22.0883 37.2614 7 8.26041
0.000227882 5.20764e-05 200 6.99997 8.26041
11.4145 2.20988 183.726 6.99997 8.26041
22.8288 4.41961 167.452 6.99997 8.26041
34.2432 6.62912 151.178 6.99997 8.26041
45.6574 8.83837 134.904 6.99997 8.26041
57.0715 11.0473 118.63 6.99998 8.26041
68.4856 13.256 102.356 6.99998 8.26041
79.8999 15.4643 86.0822 6.99998 8.26041
91.3144 17.6725 69.8084 6.99999 8.26041
102.729 19.8804 53.5348 6.99999 8.26041
114.144 22.0883 37.2614 7 8.26041
0.000227882 5.20764e-05 200 6.99997 8.26041
11.4145 2.20988 183.726 6.99997 8.26041
22.8288 4.41961 167.452 6.99997 8.26041
34.2432 6.62912 151.178 6.99997 8.26041
45.6574 8.83837 134.904 6.99997 8.26041
57.0715 11.0473 118.63 6.99998 8.26041
68.4856 13.256 102.356 6.99998 8.26041
79.8999 15.4643 86.0822 6.99998 8.26041
91.3144 17.6725 69.8084 6.99999 8.26041
102.729 19.8804 53.5348 6.99999 8.26041
114.144 22.0883 37.2614 7 8.26041
0.000227882 5.20764e-05 200 6.99997 8.26041
11.4145 2.20988 183.726 6.99997 8.26041
22.8288 4.41961 167.452 6.99997 8.26041
34.2432 6.62912 151.178 6.99997 8.26041
45.6574 8.83837 134.904 6.99997 8.26041
57.0715 11.0473 118.63 6.99998 8.26041
68.4856 13.256 102.356 6.99998 8.26041
79.8999 15.4643 86.0822 6.99998 8.26041
91.3144 17.6725 69.8084 6.99999 8.26041
102.729 19.8804 53.5348 6.99999 8.26041
114.144 22.0883 37.2614 7 8.26041
