5.88225e-05 -4.74859e-05 200 7 1.9801
13.5344 -11.4895 209.209 7 1.9801
27.0684 -22.9788 218.42 7 1.9801
40.6016 -34.4672 227.632 7 1.9801
54.1334 -45.9545 236.848 7 1.9801
67.6635 -57.4404 246.068 7 1.9801
81.1919 -68.9255 255.292 7 1.9801
94.7186 -80.41 264.519 7 1.9801
108.244 -91.8941 273.748 7 1.9801
121.768 -103.378 282.979 7 1.9801
135.291 -114.863 292.211 7 1.9801
5.88225e-05 -4.74859e-05 200 7 1.9801
13.5344 -11.4895 209.209 7 1.9801
27.0684 -22.9788 218.42 7 1.9801
40.6016 -34.4672 227.632 7 1.9801
54.1334 -45.9545 236.848 7 1.9801
67.6635 -57.4404 246.068 7 1.9801
81.1919 -68.9255 255.292 7 1.9801
94.7186 -80.41 264.519 7 1.9801
108.244 -91.8941 273.748 7 1.9801
121.768 -103.378 282.979 7 1.9801
135.291 -114.863 292.211 7 1.9801
5.88225e-05 -4.74859e-05 200 7 1.9801
13.5344 -11.4895 209.209 7 1.9801
27.0684 -22.9788 218.42 7 1.9801
40.6016 -34.4672 227.632 7 1.9801
54.1334 -45.9545 236.848 7 1.9801
67.6635 -57.4404 246.068 7 1.9801
81.1919 -68.9255 255.292 7 1.9801
94.7186 -80.41 264.519 7 1.9801
108.244 -91.8941 273.748 7 1.9801
121.768 -103.378 282.979 7 1.9801
135.291 -114.863 292.211 7 1.9801
5.88225e-05 -4.74859e-05 200 7 1.9801
13.5344 -11.4895 209.209 7 1.9801
27.0684 -22.9788 218.42 7 1.9801
40.6016 -34.4672 227.632 7 1.9801
54.1334 -45.9545 236.848 7 1.9801
67.6635 -57.4404 246.068 7 1.9801
81.1919 -68.9255 255.292 7 1.9801
94.7186 -80.41 264.519 7 1.9801
108.244 -91.8941 273.748 7 1.9801
121.768 -103.378 282.979 7 1.9801
135.291 -114.863 292.211 7 1.9801
5.88225e-05 -4.74859e-05 200 7 1.9801
13.5344 -11.4895 209.209 7 1.9801
27.0684 -22.9788 218.42 7 1.9801
40.6016 -34.4672 227.632 7 1.9801
54.1334 -45.9545 236.848 7 1.9801
67.6635 -57.4404 246.068 7 1.9801
81.1919 -68.9255 255.292 7 1.9801
94.7186 -80.41 264.519 7 1.9801
108.244 -91.8941 273.748 7 1.9801
121.768 -103.378 282.979 7 1.9801
135.291 -114.863 292.211 7 1.9801
5.88225e-05 -4.74859e-05 200 7 1.9801
13.5344 -11.4895 209.209 7 1.9801
27.0684 -22.9788 218.42 7 1.9801
40.6016 -34.4672 227.632 7 1.9801
54.1334 -45.9545 236.848 7 1.9801
67.6635 -57.4404 246.068 7 1.9801
81.1919 -68.9255 255.292 7 1.9801
94.7186 -80.41 264.519 7 1.9801
108.244 -91.8941 273.748 7 1.9801
121.768 -103.378 282.979 7 1.9801
135.291 -114.863 292.211 7 1.9801
