4.0851e-05 3.6323e-05 200 6.99999 4.78024
-1.93268 6.35655 181.136 6.99999 4.78024
-3.86614 12.713 162.271 6.99999 4.78024
-5.80103 19.0693 143.407 6.99999 4.78024
-7.73781 25.4252 124.543 6.99999 4.78024
-9.67636 31.7809 105.679 6.99999 4.78024
-11.6162 38.1364 86.8154 7 4.78024
-13.5569 44.4917 67.9515 7 4.78024
-15.498 50.8471 49.0878 7 4.78024
-17.4392 57.2026 30.2241 7 4.78024
-19.3801 63.5584 11.3604 7 4.78024
4.0851e-05 3.6323e-05 200 6.99999 4.78024
-1.93268 6.35655 181.136 6.99999 4.78024
-3.86614 12.713 162.271 6.99999 4.78024
-5.80103 19.0693 143.407 6.99999 4.78024
-7.73781 25.4252 124.543 6.99999 4.78024
-9.67636 31.7809 105.679 6.99999 4.78024
-11.6162 38.1364 86.8154 7 4.78024
-13.5569 44.4917 67.9515 7 4.78024
-15.498 50.8471 49.0878 7 4.78024
-17.4392 57.2026 30.2241 7 4.78024
-19.3801 63.5584 11.3604 7 4.78024
4.0851e-05 3.6323e-05 200 6.99999 4.78024
-1.93268 6.35655 181.136 6.99999 4.78024
-3.86614 12.713 162.271 6.99999 4.78024
-5.80103 19.0693 143.407 6.99999 4.78024
-7.73781 25.4252 124.543 6.99999 4.78024
-9.67636 31.7809 105.679 6.99999 4.78024
-11.6162 38.1364 86.8154 7 4.78024
-13.5569 44.4917 67.9515 7 4.78024
-15.498 50.8471 49.0878 7 4.78024
-17.4392 57.2026 30.2241 7 4.78024
-19.3801 63.5584 11.3604 7 4.78024
4.0851e-05 3.6323e-05 200 6.99999 4.78024
-1.93268 6.35655 181.136 6.99999 4.78024
-3.86614 12.713 162.271 6.99999 4.78024
-5.80103 19.0693 143.407 6.99999 4.78024
-7.73781 25.4252 124.543 6.99999 4.78024
-9.67636 31.7809 105.679 6.99999 4.78024
-11.6162 38.1364 86.8154 7 4.78024
-13.5569 44.4917 67.9515 7 4.78024
-15.498 50.8471 49.0878 7 4.78024
-17.4392 57.2026 30.2241 7 4.78024
-19.3801 63.5584 11.3604 7 4.78024
4.0851e-05 3.6323e-05 200 6.99999 4.78024
-1.93268 6.35655 181.136 6.99999 4.78024
-3.86614 12.713 162.271 6.99999 4.78024
-5.80103 19.0693 143.407 6.99999 4.78024
-7.73781 25.4252 124.543 6.99999 4.78024
-9.67636 31.7809 105.679 6.99999 4.78024
-11.6162 38.1364 86.8154 7 4.78024
-13.5569 44.4917 67.9515 7 4.78024
-15.498 50.8471 49.0878 7 4.78024
-17.4392 57.2026 30.2241 7 4.78024
-19.3801 63.5584 11.3604 7 4.78024
4.0851e-05 3.6323e-05 200 6.99999 4.78024
-1.93268 6.35655 181.136 6.99999 4.78024
-3.86614 12.713 162.271 6.99999 4.78024
-5.80103 19.0693 143.407 6.99999 4.78024
-7.73781 25.4252 124.543 6.99999 4.78024
-9.67636 31.7809 105.679 6.99999 4.78024
-11.6162 38.1364 86.8154 7 4.78024
-13.5569 44.4917 67.9515 7 4.78024
-15.498 50.8471 49.0878 7 4.78024
-17.4392 57.2026 30.2241 7 4.78024
-19.3801 63.5584 11.3604 7 4.78024
