-1.28583e-05 4.57087e-05 200 6.99999 4.56023
-8.59259 6.87283 183.299 6.99999 4.56023
-17.1856 13.7454 166.597 6.99999 4.56023
-25.7794 20.6177 149.897 6.99999 4.56023
-34.3745 27.4895 133.196 6.99999 4.56023
-42.9713 34.3606 116.496 7 4.56023
-51.5698 41.2313 99.7972 7 4.56023
-60.1694 48.1016 83.0985 7 4.56023
-68.7697 54.9719 66.4002 7 4.56023
-77.3704 61.8423 49.7021 7 4.56023
-85.9711 68.7127 33.004 7 4.56023
-1.28583e-05 4.57087e-05 200 6.99999 4.56023
-8.59259 6.87283 183.299 6.99999 4.56023
-17.1856 13.7454 166.597 6.99999 4.56023
-25.7794 20.6177 149.897 6.99999 4.56023
-34.3745 27.4895 133.196 6.99999 4.56023
-42.9713 34.3606 116.496 7 4.56023
-51.5698 41.2313 99.7972 7 4.56023
-60.1694 48.1016 83.0985 7 4.56023
-68.7697 54.9719 66.4002 7 4.56023
-77.3704 61.8423 49.7021 7 4.56023
-85.9711 68.7127 33.004 7 4.56023
-1.28583e-05 4.57087e-05 200 6.99999 4.56023
-8.59259 6.87283 183.299 6.99999 4.56023
-17.1856 13.7454 166.597 6.99999 4.56023
-25.7794 20.6177 149.897 6.99999 4.56023
-34.3745 27.4895 133.196 6.99999 4.56023
-42.9713 34.3606 116.496 7 4.56023
-51.5698 41.2313 99.7972 7 4.56023
-60.1694 48.1016 83.0985 7 4.56023
-68.7697 54.9719 66.4002 7 4.56023
-77.3704 61.8423 49.7021 7 4.56023
-85.9711 68.7127 33.004 7 4.56023
-1.28583e-05 4.57087e-05 200 6.99999 4.56023
-8.59259 6.87283 183.299 6.99999 4.56023
-17.1856 13.7454 166.597 6.99999 4.56023
-25.7794 20.6177 149.897 6.99999 4.56023
-34.3745 27.4895 133.196 6.99999 4.56023
-42.9713 34.3606 116.496 7 4.56023
-51.5698 41.2313 99.7972 7 4.56023
-60.1694 48.1016 83.0985 7 4.56023
-68.7697 54.9719 66.4002 7 4.56023
-77.3704 61.8423 49.7021 7 4.56023
-85.9711 68.7127 33.004 7 4.56023
-1.28583e-05 4.57087e-05 200 6.99999 4.56023
-8.59259 6.87283 183.299 6.99999 4.56023
-17.1856 13.7454 166.597 6.99999 4.56023
-25.7794 20.6177 149.897 6.99999 4.56023
-34.3745 27.4895 133.196 6.99999 4.56023
-42.9713 34.3606 116.496 7 4.56023
-51.5698 41.2313 99.7972 7 4.56023
-60.1694 48.1016 83.0985 7 4.56023
-68.7697 54.9719 66.4002 7 4.56023
-77.3704 61.8423 49.7021 7 4.56023
-85.9711 68.7127 33.004 7 4.56023
-1.28583e-05 4.57087e-05 200 6.99999 4.56023
-8.59259 6.87283 183.299 6.99999 4.56023
-17.1856 13.7454 166.597 6.99999 4.56023
-25.7794 20.6177 149.897 6.99999 4.56023
-34.3745 27.4895 133.196 6.99999 4.56023
-42.9713 34.3606 116.496 7 4.56023
-51.5698 41.2313 99.7972 7 4.56023
-60.1694 48.1016 83.0985 7 4.56023
-68.7697 54.9719 66.4002 7 4.56023
-77.3704 61.8423 49.7021 7 4.56023
-85.9711 68.7127 33.004 7 4.56023
