-4.17025e-05 -4.83246e-05 200 6.99999 3.52018
-16.607 3.34456 210.631 6.99999 3.52018
-33.2143 6.69005 221.262 6.99999 3.52018
-49.8222 10.0371 231.891 7 3.52018
-66.4308 13.386 242.518 7 3.52018
-83.04 16.7366 253.144 7 3.52018
-99.6501 20.0887 263.768 7 3.52018
-116.261 23.4423 274.39 7 3.52018
-132.873 26.7967 285.011 7 3.52018
-149.485 30.1515 295.631 7 3.52018
-166.097 33.5065 306.251 7 3.52018
-4.17025e-05 -4.83246e-05 200 6.99999 3.52018
-16.607 3.34456 210.631 6.99999 3.52018
-33.2143 6.69005 221.262 6.99999 3.52018
-49.8222 10.0371 231.891 7 3.52018
-66.4308 13.386 242.518 7 3.52018
-83.04 16.7366 253.144 7 3.52018
-99.6501 20.0887 263.768 7 3.52018
-116.261 23.4423 274.39 7 3.52018
-132.873 26.7967 285.011 7 3.52018
-149.485 30.1515 295.631 7 3.52018
-166.097 33.5065 306.251 7 3.52018
-4.17025e-05 -4.83246e-05 200 6.99999 3.52018
-16.607 3.34456 210.631 6.99999 3.52018
-33.2143 6.69005 221.262 6.99999 3.52018
-49.8222 10.0371 231.891 7 3.52018
-66.4308 13.386 242.518 7 3.52018
-83.04 16.7366 253.144 7 3.52018
-99.6501 20.0887 263.768 7 3.52018
-116.261 23.4423 274.39 7 3.52018
-132.873 26.7967 285.011 7 3.52018
-149.485 30.1515 295.631 7 3.52018
-166.097 33.5065 306.251 7 3.52018
-4.17025e-05 -4.83246e-05 200 6.99999 3.52018
-16.607 3.34456 210.631 6.99999 3.52018
-33.2143 6.69005 221.262 6.99999 3.52018
-49.8222 10.0371 231.891 7 3.52018
-66.4308 13.386 242.518 7 3.52018
-83.04 16.7366 253.144 7 3.52018
-99.6501 20.0887 263.768 7 3.52018
-116.261 23.4423 274.39 7 3.52018
-132.873 26.7967 285.011 7 3.52018
-149.485 30.1515 295.631 7 3.52018
-166.097 33.5065 306.251 7 3.52018
-4.17025e-05 -4.83246e-05 200 6.99999 3.52018
-16.607 3.34456 210.631 6.99999 3.52018
-33.2143 6.69005 221.262 6.99999 3.52018
-49.8222 10.0371 231.891 7 3.52018
-66.4308 13.386 242.518 7 3.52018
-83.04 16.7366 253.144 7 3.52018
-99.6501 20.0887 263.768 7 3.52018
-116.261 23.4423 274.39 7 3.52018
-132.873 26.7967 285.011 7 3.52018
-149.485 30.1515 295.631 7 3.52018
-166.097 33.5065 306.251 7 3.52018
-4.17025e-05 -4.83246e-05 200 6.99999 3.52018
-16.607 3.34456 210.631 6.99999 3.52018
-33.2143 6.69005 221.262 6.99999 3.52018
-49.8222 10.0371 231.891 7 3.52018
-66.4308 13.386 242.518 7 3.52018
-83.04 16.7366 253.144 7 3.52018
-99.6501 20.0887 263.768 7 3.52018
-116.261 23.4423 274.39 7 3.52018
-132.873 26.7967 285.011 7 3.52018
-149.485 30.1515 295.631 7 3.52018
-166.097 33.5065 306.251 7 3.52018
