0.000152176 5.06941e-05 200 6.99997 8.18041
7.73634 2.28993 181.699 6.99997 8.18041
15.4725 4.57972 163.398 6.99997 8.18041
23.2088 6.86938 145.098 6.99997 8.18041
30.9452 9.15882 126.797 6.99997 8.18041
38.6819 11.448 108.497 6.99998 8.18041
46.4191 13.7369 90.1962 6.99998 8.18041
54.1567 16.0255 71.896 6.99998 8.18041
61.8949 18.3137 53.5961 6.99999 8.18041
69.6337 20.6017 35.2964 6.99999 8.18041
77.3729 22.8895 16.9969 7 8.18041
0.000152176 5.06941e-05 200 6.99997 8.18041
7.73634 2.28993 181.699 6.99997 8.18041
15.4725 4.57972 163.398 6.99997 8.18041
23.2088 6.86938 145.098 6.99997 8.18041
30.9452 9.15882 126.797 6.99997 8.18041
38.6819 11.448 108.497 6.99998 8.18041
46.4191 13.7369 90.1962 6.99998 8.18041
54.1567 16.0255 71.896 6.99998 8.18041
61.8949 18.3137 53.5961 6.99999 8.18041
69.6337 20.6017 35.2964 6.99999 8.18041
77.3729 22.8895 16.9969 7 8.18041
0.000152176 5.06941e-05 200 6.99997 8.18041
7.73634 2.28993 181.699 6.99997 8.18041
15.4725 4.57972 163.398 6.99997 8.18041
23.2088 6.86938 145.098 6.99997 8.18041
30.9452 9.15882 126.797 6.99997 8.18041
38.6819 11.448 108.497 6.99998 8.18041
46.4191 13.7369 90.1962 6.99998 8.18041
54.1567 16.0255 71.896 6.99998 8.18041
61.8949 18.3137 53.5961 6.99999 8.18041
69.6337 20.6017 35.2964 6.99999 8.18041
77.3729 22.8895 16.9969 7 8.18041
0.000152176 5.06941e-05 200 6.99997 8.18041
7.73634 2.28993 181.699 6.99997 8.18041
15.4725 4.57972 163.398 6.99997 8.18041
23.2088 6.86938 145.098 6.99997 8.18041
30.9452 9.15882 126.797 6.99997 8.18041
38.6819 11.448 108.497 6.99998 8.18041
46.4191 13.7369 90.1962 6.99998 8.18041
54.1567 16.0255 71.896 6.99998 8.18041
61.8949 18.3137 53.5961 6.99999 8.18041
69.6337 20.6017 35.2964 6.99999 8.18041
77.3729 22.8895 16.9969 7 8.18041
0.000152176 5.06941e-05 200 6.99997 8.18041
7.73634 2.28993 181.699 6.99997 8.18041
15.4725 4.57972 163.398 6.99997 8.18041
23.2088 6.86938 145.098 6.99997 8.18041
30.9452 9.15882 126.797 6.99997 8.18041
38.6819 11.448 108.497 6.99998 8.18041
46.4191 13.7369 90.1962 6.99998 8.18041
54.1567 16.0255 71.896 6.99998 8.18041
61.8949 18.3137 53.5961 6.99999 8.18041
69.6337 20.6017 35.2964 6.99999 8.18041
77.3729 22.8895 16.9969 7 8.18041
0.000152176 5.06941e-05 200 6.99997 8.18041
7.73634 2.28993 181.699 6.99997 8.18041
15.4725 4.57972 163.398 6.99997 8.18041
23.2088 6.86938 145.098 6.99997 8.18041
30.9452 9.15882 126.797 6.99997 8.18041
38.6819 11.448 108.497 6.99998 8.18041
46.4191 13.7369 90.1962 6.99998 8.18041
54.1567 16.0255 71.896 6.99998 8.18041
61.8949 18.3137 53.5961 6.99999 8.18041
69.6337 20.6017 35.2964 6.99999 8.18041
77.3729 22.8895 16.9969 7 8.18041
