5.9548e-06 -2.46429e-05 200 7 0.240012
0.0221789 -19.9444 198.51 7 0.240012
0.0442535 -39.8887 197.018 7 0.240012
0.0659949 -59.8326 195.521 7 0.240012
0.0874832 -79.7762 194.02 7 0.240012
0.108882 -99.7194 192.515 7 0.240012
0.130432 -119.662 191.005 7 0.240012
0.152546 -139.605 189.491 7 0.240012
0.17567 -159.547 187.975 7 0.240012
0.199915 -179.49 186.459 7 0.240012
0.224873 -199.432 184.943 7 0.240012
5.9548e-06 -2.46429e-05 200 7 0.240012
0.0221789 -19.9444 198.51 7 0.240012
0.0442535 -39.8887 197.018 7 0.240012
0.0659949 -59.8326 195.521 7 0.240012
0.0874832 -79.7762 194.02 7 0.240012
0.108882 -99.7194 192.515 7 0.240012
0.130432 -119.662 191.005 7 0.240012
0.152546 -139.605 189.491 7 0.240012
0.17567 -159.547 187.975 7 0.240012
0.199915 -179.49 186.459 7 0.240012
0.224873 -199.432 184.943 7 0.240012
5.9548e-06 -2.46429e-05 200 7 0.240012
0.0221789 -19.9444 198.51 7 0.240012
0.0442535 -39.8887 197.018 7 0.240012
0.0659949 -59.8326 195.521 7 0.240012
0.0874832 -79.7762 194.02 7 0.240012
0.108882 -99.7194 192.515 7 0.240012
0.130432 -119.662 191.005 7 0.240012
0.152546 -139.605 189.491 7 0.240012
0.17567 -159.547 187.975 7 0.240012
0.199915 -179.49 186.459 7 0.240012
0.224873 -199.432 184.943 7 0.240012
5.9548e-06 -2.46429e-05 200 7 0.240012
0.0221789 -19.9444 198.51 7 0.240012
0.0442535 -39.8887 197.018 7 0.240012
0.0659949 -59.8326 195.521 7 0.240012
0.0874832 -79.7762 194.02 7 0.240012
0.108882 -99.7194 192.515 7 0.240012
0.130432 -119.662 191.005 7 0.240012
0.152546 -139.605 189.491 7 0.240012
0.17567 -159.547 187.975 7 0.240012
0.199915 -179.49 186.459 7 0.240012
0.224873 -199.432 184.943 7 0.240012
5.9548e-06 -2.46429e-05 200 7 0.240012
0.0221789 -19.9444 198.51 7 0.240012
0.0442535 -39.8887 197.018 7 0.240012
0.0659949 -59.8326 195.521 7 0.240012
0.0874832 -79.7762 194.02 7 0.240012
0.108882 -99.7194 192.515 7 0.240012
0.130432 -119.662 191.005 7 0.240012
0.152546 -139.605 189.491 7 0.240012
0.17567 -159.547 187.975 7 0.240012
0.199915 -179.49 186.459 7 0.240012
0.224873 -199.432 184.943 7 0.240012
5.9548e-06 -2.46429e-05 200 7 0.240012
0.0221789 -19.9444 198.51 7 0.240012
0.0442535 -39.8887 197.018 7 0.240012
0.0659949 -59.8326 195.521 7 0.240012
0.0874832 -79.7762 194.02 7 0.240012
0.108882 -99.7194 192.515 7 0.240012
0.130432 -119.662 191.005 7 0.240012
0.152546 -139.605 189.491 7 0.240012
0.17567 -159.547 187.975 7 0.240012
0.199915 -179.49 186.459 7 0.240012
0.224873 -199.432 184.943 7 0.240012
