-1.83677e-05 -1.48208e-05 200 7 0.760038
3.76511 -18.9414 194.799 7 0.760038
7.53055 -37.8829 189.599 7 0.760038
11.2966 -56.8244 184.399 7 0.760038
15.0636 -75.766 179.201 7 0.760038
18.8317 -94.7076 174.003 7 0.760038
22.601 -113.649 168.806 7 0.760038
26.3714 -132.591 163.612 7 0.760038
30.1428 -151.534 158.42 7 0.760038
33.9148 -170.477 153.229 7 0.760038
37.6869 -189.419 148.038 7 0.760038
-1.83677e-05 -1.48208e-05 200 7 0.760038
3.76511 -18.9414 194.799 7 0.760038
7.53055 -37.8829 189.599 7 0.760038
11.2966 -56.8244 184.399 7 0.760038
15.0636 -75.766 179.201 7 0.760038
18.8317 -94.7076 174.003 7 0.760038
22.601 -113.649 168.806 7 0.760038
26.3714 -132.591 163.612 7 0.760038
30.1428 -151.534 158.42 7 0.760038
33.9148 -170.477 153.229 7 0.760038
37.6869 -189.419 148.038 7 0.760038
-1.83677e-05 -1.48208e-05 200 7 0.760038
3.76511 -18.9414 194.799 7 0.760038
7.53055 -37.8829 189.599 7 0.760038
11.2966 -56.8244 184.399 7 0.760038
15.0636 -75.766 179.201 7 0.760038
18.8317 -94.7076 174.003 7 0.760038
22.601 -113.649 168.806 7 0.760038
26.3714 -132.591 163.612 7 0.760038
30.1428 -151.534 158.42 7 0.760038
33.9148 -170.477 153.229 7 0.760038
37.6869 -189.419 148.038 7 0.760038
-1.83677e-05 -1.48208e-05 200 7 0.760038
3.76511 -18.9414 194.799 7 0.760038
7.53055 -37.8829 189.599 7 0.760038
11.2966 -56.8244 184.399 7 0.760038
15.0636 -75.766 179.201 7 0.760038
18.8317 -94.7076 174.003 7 0.760038
22.601 -113.649 168.806 7 0.760038
26.3714 -132.591 163.612 7 0.760038
30.1428 -151.534 158.42 7 0.760038
33.9148 -170.477 153.229 7 0.760038
37.6869 -189.419 148.038 7 0.760038
-1.83677e-05 -1.48208e-05 200 7 0.760038
3.76511 -18.9414 194.799 7 0.760038
7.53055 -37.8829 189.599 7 0.760038
11.2966 -56.8244 184.399 7 0.760038
15.0636 -75.766 179.201 7 0.760038
18.8317 -94.7076 174.003 7 0.760038
22.601 -113.649 168.806 7 0.760038
26.3714 -132.591 163.612 7 0.760038
30.1428 -151.534 158.42 7 0.760038
33.9148 -170.477 153.229 7 0.760038
37.6869 -189.419 148.038 7 0.760038
-1.83677e-05 -1.48208e-05 200 7 0.760038
3.76511 -18.9414 194.799 7 0.760038
7.53055 -37.8829 189.599 7 0.760038
11.2966 -56.8244 184.399 7 0.760038
15.0636 -75.766 179.201 7 0.760038
18.8317 -94.7076 174.003 7 0.760038
22.601 -113.649 168.806 7 0.760038
26.3714 -132.591 163.612 7 0.760038
30.1428 -151.534 158.42 7 0.760038
33.9148 -170.477 153.229 7 0.760038
37.6869 -189.419 148.038 7 0.760038
