-2.67898e-05 2.35871e-05 200 6.99999 2.94015
-4.13998 -1.83152 219.481 7 2.94015
-8.27976 -3.66348 238.962 7 2.94015
-12.4196 -5.49579 258.443 7 2.94015
-16.5595 -7.32855 277.924 7 2.94015
-20.6995 -9.16207 297.404 7 2.94015
-24.8401 -10.9963 316.885 7 2.94015
-28.9813 -12.8312 336.365 7 2.94015
-33.1233 -14.6667 355.845 7 2.94015
-37.2656 -16.5028 375.325 7 2.94015
-41.408 -18.3393 394.805 7 2.94015
-2.67898e-05 2.35871e-05 200 6.99999 2.94015
-4.13998 -1.83152 219.481 7 2.94015
-8.27976 -3.66348 238.962 7 2.94015
-12.4196 -5.49579 258.443 7 2.94015
-16.5595 -7.32855 277.924 7 2.94015
-20.6995 -9.16207 297.404 7 2.94015
-24.8401 -10.9963 316.885 7 2.94015
-28.9813 -12.8312 336.365 7 2.94015
-33.1233 -14.6667 355.845 7 2.94015
-37.2656 -16.5028 375.325 7 2.94015
-41.408 -18.3393 394.805 7 2.94015
-2.67898e-05 2.35871e-05 200 6.99999 2.94015
-4.13998 -1.83152 219.481 7 2.94015
-8.27976 -3.66348 238.962 7 2.94015
-12.4196 -5.49579 258.443 7 2.94015
-16.5595 -7.32855 277.924 7 2.94015
-20.6995 -9.16207 297.404 7 2.94015
-24.8401 -10.9963 316.885 7 2.94015
-28.9813 -12.8312 336.365 7 2.94015
-33.1233 -14.6667 355.845 7 2.94015
-37.2656 -16.5028 375.325 7 2.94015
-41.408 -18.3393 394.805 7 2.94015
-2.67898e-05 2.35871e-05 200 6.99999 2.94015
-4.13998 -1.83152 219.481 7 2.94015
-8.27976 -3.66348 238.962 7 2.94015
-12.4196 -5.49579 258.443 7 2.94015
-16.5595 -7.32855 277.924 7 2.94015
-20.6995 -9.16207 297.404 7 2.94015
-24.8401 -10.9963 316.885 7 2.94015
-28.9813 -12.8312 336.365 7 2.94015
-33.1233 -14.6667 355.845 7 2.94015
-37.2656 -16.5028 375.325 7 2.94015
-41.408 -18.3393 394.805 7 2.94015
-2.67898e-05 2.35871e-05 200 6.99999 2.94015
-4.13998 -1.83152 219.481 7 2.94015
-8.27976 -3.66348 238.962 7 2.94015
-12.4196 -5.49579 258.443 7 2.94015
-16.5595 -7.32855 277.924 7 2.94015
-20.6995 -9.16207 297.404 7 2.94015
-24.8401 -10.9963 316.885 7 2.94015
-28.9813 -12.8312 336.365 7 2.94015
-33.1233 -14.6667 355.845 7 2.94015
-37.2656 -16.5028 375.325 7 2.94015
-41.408 -18.3393 394.805 7 2.94015
-2.67898e-05 2.35871e-05 200 6.99999 2.94015
-4.13998 -1.83152 219.481 7 2.94015
-8.27976 -3.66348 238.962 7 2.94015
-12.4196 -5.49579 258.443 7 2.94015
-16.5595 -7.32855 277.924 7 2.94015
-20.6995 -9.16207 297.404 7 2.94015
-24.8401 -10.9963 316.885 7 2.94015
-28.9813 -12.8312 336.365 7 2.94015
-33.1233 -14.6667 355.845 7 2.94015
-37.2656 -16.5028 375.325 7 2.94015
-41.408 -18.3393 394.805 7 2.94015
