1.63656e-05 -2.55129e-05 200 7 1.40007
11.8876 -16.0255 198.632 7 1.40007
23.7751 -32.0509 197.264 7 1.40007
35.6627 -48.0763 195.896 7 1.40007
47.5502 -64.102 194.529 7 1.40007
59.4374 -80.1279 193.164 7 1.40007
71.3241 -96.1543 191.8 7 1.40007
83.2104 -112.181 190.437 7 1.40007
95.0964 -128.208 189.076 7 1.40007
106.982 -144.236 187.717 7 1.40007
118.868 -160.263 186.359 7 1.40007
1.63656e-05 -2.55129e-05 200 7 1.40007
11.8876 -16.0255 198.632 7 1.40007
23.7751 -32.0509 197.264 7 1.40007
35.6627 -48.0763 195.896 7 1.40007
47.5502 -64.102 194.529 7 1.40007
59.4374 -80.1279 193.164 7 1.40007
71.3241 -96.1543 191.8 7 1.40007
83.2104 -112.181 190.437 7 1.40007
95.0964 -128.208 189.076 7 1.40007
106.982 -144.236 187.717 7 1.40007
118.868 -160.263 186.359 7 1.40007
1.63656e-05 -2.55129e-05 200 7 1.40007
11.8876 -16.0255 198.632 7 1.40007
23.7751 -32.0509 197.264 7 1.40007
35.6627 -48.0763 195.896 7 1.40007
47.5502 -64.102 194.529 7 1.40007
59.4374 -80.1279 193.164 7 1.40007
71.3241 -96.1543 191.8 7 1.40007
83.2104 -112.181 190.437 7 1.40007
95.0964 -128.208 189.076 7 1.40007
106.982 -144.236 187.717 7 1.40007
118.868 -160.263 186.359 7 1.40007
1.63656e-05 -2.55129e-05 200 7 1.40007
11.8876 -16.0255 198.632 7 1.40007
23.7751 -32.0509 197.264 7 1.40007
35.6627 -48.0763 195.896 7 1.40007
47.5502 -64.102 194.529 7 1.40007
59.4374 -80.1279 193.164 7 1.40007
71.3241 -96.1543 191.8 7 1.40007
83.2104 -112.181 190.437 7 1.40007
95.0964 -128.208 189.076 7 1.40007
106.982 -144.236 187.717 7 1.40007
118.868 -160.263 186.359 7 1.40007
1.63656e-05 -2.55129e-05 200 7 1.40007
11.8876 -16.0255 198.632 7 1.40007
23.7751 -32.0509 197.264 7 1.40007
35.6627 -48.0763 195.896 7 1.40007
47.5502 -64.102 194.529 7 1.40007
59.4374 -80.1279 193.164 7 1.40007
71.3241 -96.1543 191.8 7 1.40007
83.2104 -112.181 190.437 7 1.40007
95.0964 -128.208 189.076 7 1.40007
106.982 -144.236 187.717 7 1.40007
118.868 -160.263 186.359 7 1.40007
1.63656e-05 -2.55129e-05 200 7 1.40007
11.8876 -16.0255 198.632 7 1.40007
23.7751 -32.0509 197.264 7 1.40007
35.6627 -48.0763 195.896 7 1.40007
47.5502 -64.102 194.529 7 1.40007
59.4374 -80.1279 193.164 7 1.40007
71.3241 -96.1543 191.8 7 1.40007
83.2104 -112.181 190.437 7 1.40007
95.0964 -128.208 189.076 7 1.40007
106.982 -144.236 187.717 7 1.40007
118.868 -160.263 186.359 7 1.40007
