-9.18354e-05 1.51203e-05 200 6.99999 4.40022
-12.7283 6.96636 186.235 6.99999 4.40022
-25.456 13.9329 172.47 6.99999 4.40022
-38.183 20.9 158.705 6.99999 4.40022
-50.9085 27.8679 144.939 6.99999 4.40022
-63.6323 34.8368 131.171 7 4.40022
-76.3543 41.8068 117.403 7 4.40022
-89.0747 48.7776 103.633 7 4.40022
-101.794 55.749 89.8629 7 4.40022
-114.512 62.7209 76.0916 7 4.40022
-127.229 69.6931 62.3201 7 4.40022
-9.18354e-05 1.51203e-05 200 6.99999 4.40022
-12.7283 6.96636 186.235 6.99999 4.40022
-25.456 13.9329 172.47 6.99999 4.40022
-38.183 20.9 158.705 6.99999 4.40022
-50.9085 27.8679 144.939 6.99999 4.40022
-63.6323 34.8368 131.171 7 4.40022
-76.3543 41.8068 117.403 7 4.40022
-89.0747 48.7776 103.633 7 4.40022
-101.794 55.749 89.8629 7 4.40022
-114.512 62.7209 76.0916 7 4.40022
-127.229 69.6931 62.3201 7 4.40022
-9.18354e-05 1.51203e-05 200 6.99999 4.40022
-12.7283 6.96636 186.235 6.99999 4.40022
-25.456 13.9329 172.47 6.99999 4.40022
-38.183 20.9 158.705 6.99999 4.40022
-50.9085 27.8679 144.939 6.99999 4.40022
-63.6323 34.8368 131.171 7 4.40022
-76.3543 41.8068 117.403 7 4.40022
-89.0747 48.7776 103.633 7 4.40022
-101.794 55.749 89.8629 7 4.40022
-114.512 62.7209 76.0916 7 4.40022
-127.229 69.6931 62.3201 7 4.40022
-9.18354e-05 1.51203e-05 200 6.99999 4.40022
-12.7283 6.96636 186.235 6.99999 4.40022
-25.456 13.9329 172.47 6.99999 4.40022
-38.183 20.9 158.705 6.99999 4.40022
-50.9085 27.8679 144.939 6.99999 4.40022
-63.6323 34.8368 131.171 7 4.40022
-76.3543 41.8068 117.403 7 4.40022
-89.0747 48.7776 103.633 7 4.40022
-101.794 55.749 89.8629 7 4.40022
-114.512 62.7209 76.0916 7 4.40022
-127.229 69.6931 62.3201 7 4.40022
-9.18354e-05 1.51203e-05 200 6.99999 4.40022
-12.7283 6.96636 186.235 6.99999 4.40022
-25.456 13.9329 172.47 6.99999 4.40022
-38.183 20.9 158.705 6.99999 4.40022
-50.9085 27.8679 144.939 6.99999 4.40022
-63.6323 34.8368 131.171 7 4.40022
-76.3543 41.8068 117.403 7 4.40022
-89.0747 48.7776 103.633 7 4.40022
-101.794 55.749 89.8629 7 4.40022
-114.512 62.7209 76.0916 7 4.40022
-127.229 69.6931 62.3201 7 4.40022
-9.18354e-05 1.51203e-05 200 6.99999 4.40022
-12.7283 6.96636 186.235 6.99999 4.40022
-25.456 13.9329 172.47 6.99999 4.40022
-38.183 20.9 158.705 6.99999 4.40022
-50.9085 27.8679 144.939 6.99999 4.40022
-63.6323 34.8368 131.171 7 4.40022
-76.3543 41.8068 117.403 7 4.40022
-89.0747 48.7776 103.633 7 4.40022
-101.794 55.749 89.8629 7 4.40022
-114.512 62.7209 76.0916 7 4.40022
-127.229 69.6931 62.3201 7 4.40022
