-0.00026919 -4.39725e-06 200 6.99998 7.42037
-19.8702 -1.08192 197.995 6.99998 7.42037
-39.7401 -2.16398 195.989 6.99998 7.42037
-59.6099 -3.24624 193.984 6.99998 7.42037
-79.4798 -4.32875 191.979 6.99998 7.42037
-99.3496 -5.41152 189.973 6.99998 7.42037
-119.219 -6.49466 187.967 6.99999 7.42037
-139.089 -7.57823 185.962 6.99999 7.42037
-158.959 -8.66219 183.955 6.99999 7.42037
-178.828 -9.74639 181.948 7 7.42037
-198.698 -10.8307 179.941 7 7.42037
-0.00026919 -4.39725e-06 200 6.99998 7.42037
-19.8702 -1.08192 197.995 6.99998 7.42037
-39.7401 -2.16398 195.989 6.99998 7.42037
-59.6099 -3.24624 193.984 6.99998 7.42037
-79.4798 -4.32875 191.979 6.99998 7.42037
-99.3496 -5.41152 189.973 6.99998 7.42037
-119.219 -6.49466 187.967 6.99999 7.42037
-139.089 -7.57823 185.962 6.99999 7.42037
-158.959 -8.66219 183.955 6.99999 7.42037
-178.828 -9.74639 181.948 7 7.42037
-198.698 -10.8307 179.941 7 7.42037
-0.00026919 -4.39725e-06 200 6.99998 7.42037
-19.8702 -1.08192 197.995 6.99998 7.42037
-39.7401 -2.16398 195.989 6.99998 7.42037
-59.6099 -3.24624 193.984 6.99998 7.42037
-79.4798 -4.32875 191.979 6.99998 7.42037
-99.3496 -5.41152 189.973 6.99998 7.42037
-119.219 -6.49466 187.967 6.99999 7.42037
-139.089 -7.57823 185.962 6.99999 7.42037
-158.959 -8.66219 183.955 6.99999 7.42037
-178.828 -9.74639 181.948 7 7.42037
-198.698 -10.8307 179.941 7 7.42037
-0.00026919 -4.39725e-06 200 6.99998 7.42037
-19.8702 -1.08192 197.995 6.99998 7.42037
-39.7401 -2.16398 195.989 6.99998 7.42037
-59.6099 -3.24624 193.984 6.99998 7.42037
-79.4798 -4.32875 191.979 6.99998 7.42037
-99.3496 -5.41152 189.973 6.99998 7.42037
-119.219 -6.49466 187.967 6.99999 7.42037
-139.089 -7.57823 185.962 6.99999 7.42037
-158.959 -8.66219 183.955 6.99999 7.42037
-178.828 -9.74639 181.948 7 7.42037
-198.698 -10.8307 179.941 7 7.42037
-0.00026919 -4.39725e-06 200 6.99998 7.42037
-19.8702 -1.08192 197.995 6.99998 7.42037
-39.7401 -2.16398 195.989 6.99998 7.42037
-59.6099 -3.24624 193.984 6.99998 7.42037
-79.4798 -4.32875 191.979 6.99998 7.42037
-99.3496 -5.41152 189.973 6.99998 7.42037
-119.219 -6.49466 187.967 6.99999 7.42037
-139.089 -7.57823 185.962 6.99999 7.42037
-158.959 -8.66219 183.955 6.99999 7.42037
-178.828 -9.74639 181.948 7 7.42037
-198.698 -10.8307 179.941 7 7.42037
-0.00026919 -4.39725e-06 200 6.99998 7.42037
-19.8702 -1.08192 197.995 6.99998 7.42037
-39.7401 -2.16398 195.989 6.99998 7.42037
-59.6099 -3.24624 193.984 6.99998 7.42037
-79.4798 -4.32875 191.979 6.99998 7.42037
-99.3496 -5.41152 189.973 6.99998 7.42037
-119.219 -6.49466 187.967 6.99999 7.42037
-139.089 -7.57823 185.962 6.99999 7.42037
-158.959 -8.66219 183.955 6.99999 7.42037
-178.828 -9.74639 181.948 7 7.42037
-198.698 -10.8307 179.941 7 7.42037
