-1.41605e-06 -1.60819e-05 200 7 0.340017
0.264123 -19.8406 197.493 7 0.340017
0.528268 -39.6811 194.986 7 0.340017
0.792666 -59.5215 192.479 7 0.340017
1.05762 -79.3618 189.971 7 0.340017
1.32328 -99.202 187.462 7 0.340017
1.58974 -119.042 184.951 7 0.340017
1.85698 -138.882 182.438 7 0.340017
2.1249 -158.721 179.924 7 0.340017
2.39329 -178.561 177.41 7 0.340017
2.66197 -198.4 174.895 7 0.340017
-1.41605e-06 -1.60819e-05 200 7 0.340017
0.264123 -19.8406 197.493 7 0.340017
0.528268 -39.6811 194.986 7 0.340017
0.792666 -59.5215 192.479 7 0.340017
1.05762 -79.3618 189.971 7 0.340017
1.32328 -99.202 187.462 7 0.340017
1.58974 -119.042 184.951 7 0.340017
1.85698 -138.882 182.438 7 0.340017
2.1249 -158.721 179.924 7 0.340017
2.39329 -178.561 177.41 7 0.340017
2.66197 -198.4 174.895 7 0.340017
-1.41605e-06 -1.60819e-05 200 7 0.340017
0.264123 -19.8406 197.493 7 0.340017
0.528268 -39.6811 194.986 7 0.340017
0.792666 -59.5215 192.479 7 0.340017
1.05762 -79.3618 189.971 7 0.340017
1.32328 -99.202 187.462 7 0.340017
1.58974 -119.042 184.951 7 0.340017
1.85698 -138.882 182.438 7 0.340017
2.1249 -158.721 179.924 7 0.340017
2.39329 -178.561 177.41 7 0.340017
2.66197 -198.4 174.895 7 0.340017
-1.41605e-06 -1.60819e-05 200 7 0.340017
0.264123 -19.8406 197.493 7 0.340017
0.528268 -39.6811 194.986 7 0.340017
0.792666 -59.5215 192.479 7 0.340017
1.05762 -79.3618 189.971 7 0.340017
1.32328 -99.202 187.462 7 0.340017
1.58974 -119.042 184.951 7 0.340017
1.85698 -138.882 182.438 7 0.340017
2.1249 -158.721 179.924 7 0.340017
2.39329 -178.561 177.41 7 0.340017
2.66197 -198.4 174.895 7 0.340017
-1.41605e-06 -1.60819e-05 200 7 0.340017
0.264123 -19.8406 197.493 7 0.340017
0.528268 -39.6811 194.986 7 0.340017
0.792666 -59.5215 192.479 7 0.340017
1.05762 -79.3618 189.971 7 0.340017
1.32328 -99.202 187.462 7 0.340017
1.58974 -119.042 184.951 7 0.340017
1.85698 -138.882 182.438 7 0.340017
2.1249 -158.721 179.924 7 0.340017
2.39329 -178.561 177.41 7 0.340017
2.66197 -198.4 174.895 7 0.340017
-1.41605e-06 -1.60819e-05 200 7 0.340017
0.264123 -19.8406 197.493 7 0.340017
0.528268 -39.6811 194.986 7 0.340017
0.792666 -59.5215 192.479 7 0.340017
1.05762 -79.3618 189.971 7 0.340017
1.32328 -99.202 187.462 7 0.340017
1.58974 -119.042 184.951 7 0.340017
1.85698 -138.882 182.438 7 0.340017
2.1249 -158.721 179.924 7 0.340017
2.39329 -178.561 177.41 7 0.340017
2.66197 -198.4 174.895 7 0.340017
