-2.68668e-05 5.12979e-05 200 6.99999 4.38022
-13.1799 6.96489 186.666 6.99999 4.38022
-26.3602 13.9294 173.333 6.99999 4.38022
-39.5415 20.8934 160.001 6.99999 4.38022
-52.724 27.8566 146.669 6.99999 4.38022
-65.9073 34.8192 133.337 7 4.38022
-79.0914 41.7816 120.007 7 4.38022
-92.2762 48.7438 106.677 7 4.38022
-105.461 55.7059 93.3471 7 4.38022
-118.647 62.6683 80.0176 7 4.38022
-131.832 69.6308 66.688 7 4.38022
-2.68668e-05 5.12979e-05 200 6.99999 4.38022
-13.1799 6.96489 186.666 6.99999 4.38022
-26.3602 13.9294 173.333 6.99999 4.38022
-39.5415 20.8934 160.001 6.99999 4.38022
-52.724 27.8566 146.669 6.99999 4.38022
-65.9073 34.8192 133.337 7 4.38022
-79.0914 41.7816 120.007 7 4.38022
-92.2762 48.7438 106.677 7 4.38022
-105.461 55.7059 93.3471 7 4.38022
-118.647 62.6683 80.0176 7 4.38022
-131.832 69.6308 66.688 7 4.38022
-2.68668e-05 5.12979e-05 200 6.99999 4.38022
-13.1799 6.96489 186.666 6.99999 4.38022
-26.3602 13.9294 173.333 6.99999 4.38022
-39.5415 20.8934 160.001 6.99999 4.38022
-52.724 27.8566 146.669 6.99999 4.38022
-65.9073 34.8192 133.337 7 4.38022
-79.0914 41.7816 120.007 7 4.38022
-92.2762 48.7438 106.677 7 4.38022
-105.461 55.7059 93.3471 7 4.38022
-118.647 62.6683 80.0176 7 4.38022
-131.832 69.6308 66.688 7 4.38022
-2.68668e-05 5.12979e-05 200 6.99999 4.38022
-13.1799 6.96489 186.666 6.99999 4.38022
-26.3602 13.9294 173.333 6.99999 4.38022
-39.5415 20.8934 160.001 6.99999 4.38022
-52.724 27.8566 146.669 6.99999 4.38022
-65.9073 34.8192 133.337 7 4.38022
-79.0914 41.7816 120.007 7 4.38022
-92.2762 48.7438 106.677 7 4.38022
-105.461 55.7059 93.3471 7 4.38022
-118.647 62.6683 80.0176 7 4.38022
-131.832 69.6308 66.688 7 4.38022
-2.68668e-05 5.12979e-05 200 6.99999 4.38022
-13.1799 6.96489 186.666 6.99999 4.38022
-26.3602 13.9294 173.333 6.99999 4.38022
-39.5415 20.8934 160.001 6.99999 4.38022
-52.724 27.8566 146.669 6.99999 4.38022
-65.9073 34.8192 133.337 7 4.38022
-79.0914 41.7816 120.007 7 4.38022
-92.2762 48.7438 106.677 7 4.38022
-105.461 55.7059 93.3471 7 4.38022
-118.647 62.6683 80.0176 7 4.38022
-131.832 69.6308 66.688 7 4.38022
-2.68668e-05 5.12979e-05 200 6.99999 4.38022
-13.1799 6.96489 186.666 6.99999 4.38022
-26.3602 13.9294 173.333 6.99999 4.38022
-39.5415 20.8934 160.001 6.99999 4.38022
-52.724 27.8566 146.669 6.99999 4.38022
-65.9073 34.8192 133.337 7 4.38022
-79.0914 41.7816 120.007 7 4.38022
-92.2762 48.7438 106.677 7 4.38022
-105.461 55.7059 93.3471 7 4.38022
-118.647 62.6683 80.0176 7 4.38022
-131.832 69.6308 66.688 7 4.38022
