0.0001252 9.394e-07 200 6.99999 5.76029
19.9831 0.492784 199.337 6.99999 5.76029
39.9661 0.9856 198.675 6.99999 5.76029
59.9491 1.47847 198.012 6.99999 5.76029
79.9321 1.97136 197.35 6.99999 5.76029
99.9152 2.4642 196.689 6.99999 5.76029
119.898 2.957 196.028 7 5.76029
139.881 3.44974 195.368 7 5.76029
159.864 3.94241 194.707 7 5.76029
179.847 4.435 194.047 7 5.76029
199.83 4.92754 193.388 7 5.76029
0.0001252 9.394e-07 200 6.99999 5.76029
19.9831 0.492784 199.337 6.99999 5.76029
39.9661 0.9856 198.675 6.99999 5.76029
59.9491 1.47847 198.012 6.99999 5.76029
79.9321 1.97136 197.35 6.99999 5.76029
99.9152 2.4642 196.689 6.99999 5.76029
119.898 2.957 196.028 7 5.76029
139.881 3.44974 195.368 7 5.76029
159.864 3.94241 194.707 7 5.76029
179.847 4.435 194.047 7 5.76029
199.83 4.92754 193.388 7 5.76029
0.0001252 9.394e-07 200 6.99999 5.76029
19.9831 0.492784 199.337 6.99999 5.76029
39.9661 0.9856 198.675 6.99999 5.76029
59.9491 1.47847 198.012 6.99999 5.76029
79.9321 1.97136 197.35 6.99999 5.76029
99.9152 2.4642 196.689 6.99999 5.76029
119.898 2.957 196.028 7 5.76029
139.881 3.44974 195.368 7 5.76029
159.864 3.94241 194.707 7 5.76029
179.847 4.435 194.047 7 5.76029
199.83 4.92754 193.388 7 5.76029
0.0001252 9.394e-07 200 6.99999 5.76029
19.9831 0.492784 199.337 6.99999 5.76029
39.9661 0.9856 198.675 6.99999 5.76029
59.9491 1.47847 198.012 6.99999 5.76029
79.9321 1.97136 197.35 6.99999 5.76029
99.9152 2.4642 196.689 6.99999 5.76029
119.898 2.957 196.028 7 5.76029
139.881 3.44974 195.368 7 5.76029
159.864 3.94241 194.707 7 5.76029
179.847 4.435 194.047 7 5.76029
199.83 4.92754 193.388 7 5.76029
0.0001252 9.394e-07 200 6.99999 5.76029
19.9831 0.492784 199.337 6.99999 5.76029
39.9661 0.9856 198.675 6.99999 5.76029
59.9491 1.47847 198.012 6.99999 5.76029
79.9321 1.97136 197.35 6.99999 5.76029
99.9152 2.4642 196.689 6.99999 5.76029
119.898 2.957 196.028 7 5.76029
139.881 3.44974 195.368 7 5.76029
159.864 3.94241 194.707 7 5.76029
179.847 4.435 194.047 7 5.76029
199.83 4.92754 193.388 7 5.76029
0.0001252 9.394e-07 200 6.99999 5.76029
19.9831 0.492784 199.337 6.99999 5.76029
39.9661 0.9856 198.675 6.99999 5.76029
59.9491 1.47847 198.012 6.99999 5.76029
79.9321 1.97136 197.35 6.99999 5.76029
99.9152 2.4642 196.689 6.99999 5.76029
119.898 2.957 196.028 7 5.76029
139.881 3.44974 195.368 7 5.76029
159.864 3.94241 194.707 7 5.76029
179.847 4.435 194.047 7 5.76029
199.83 4.92754 193.388 7 5.76029
