-2.78127e-05 -1.28679e-05 200 7 0.780039
4.00884 -18.8815 194.764 7 0.780039
8.01814 -37.763 189.528 7 0.780039
12.0279 -56.6443 184.291 7 0.780039
16.0378 -75.5254 179.055 7 0.780039
20.0478 -94.4062 173.817 7 0.780039
24.0578 -113.287 168.578 7 0.780039
28.0679 -132.167 163.338 7 0.780039
32.0782 -151.047 158.098 7 0.780039
36.0889 -169.927 152.858 7 0.780039
40.0997 -188.807 147.617 7 0.780039
-2.78127e-05 -1.28679e-05 200 7 0.780039
4.00884 -18.8815 194.764 7 0.780039
8.01814 -37.763 189.528 7 0.780039
12.0279 -56.6443 184.291 7 0.780039
16.0378 -75.5254 179.055 7 0.780039
20.0478 -94.4062 173.817 7 0.780039
24.0578 -113.287 168.578 7 0.780039
28.0679 -132.167 163.338 7 0.780039
32.0782 -151.047 158.098 7 0.780039
36.0889 -169.927 152.858 7 0.780039
40.0997 -188.807 147.617 7 0.780039
-2.78127e-05 -1.28679e-05 200 7 0.780039
4.00884 -18.8815 194.764 7 0.780039
8.01814 -37.763 189.528 7 0.780039
12.0279 -56.6443 184.291 7 0.780039
16.0378 -75.5254 179.055 7 0.780039
20.0478 -94.4062 173.817 7 0.780039
24.0578 -113.287 168.578 7 0.780039
28.0679 -132.167 163.338 7 0.780039
32.0782 -151.047 158.098 7 0.780039
36.0889 -169.927 152.858 7 0.780039
40.0997 -188.807 147.617 7 0.780039
-2.78127e-05 -1.28679e-05 200 7 0.780039
4.00884 -18.8815 194.764 7 0.780039
8.01814 -37.763 189.528 7 0.780039
12.0279 -56.6443 184.291 7 0.780039
16.0378 -75.5254 179.055 7 0.780039
20.0478 -94.4062 173.817 7 0.780039
24.0578 -113.287 168.578 7 0.780039
28.0679 -132.167 163.338 7 0.780039
32.0782 -151.047 158.098 7 0.780039
36.0889 -169.927 152.858 7 0.780039
40.0997 -188.807 147.617 7 0.780039
-2.78127e-05 -1.28679e-05 200 7 0.780039
4.00884 -18.8815 194.764 7 0.780039
8.01814 -37.763 189.528 7 0.780039
12.0279 -56.6443 184.291 7 0.780039
16.0378 -75.5254 179.055 7 0.780039
20.0478 -94.4062 173.817 7 0.780039
24.0578 -113.287 168.578 7 0.780039
28.0679 -132.167 163.338 7 0.780039
32.0782 -151.047 158.098 7 0.780039
36.0889 -169.927 152.858 7 0.780039
40.0997 -188.807 147.617 7 0.780039
-2.78127e-05 -1.28679e-05 200 7 0.780039
4.00884 -18.8815 194.764 7 0.780039
8.01814 -37.763 189.528 7 0.780039
12.0279 -56.6443 184.291 7 0.780039
16.0378 -75.5254 179.055 7 0.780039
20.0478 -94.4062 173.817 7 0.780039
24.0578 -113.287 168.578 7 0.780039
28.0679 -132.167 163.338 7 0.780039
32.0782 -151.047 158.098 7 0.780039
36.0889 -169.927 152.858 7 0.780039
40.0997 -188.807 147.617 7 0.780039
