-5.85972e-05 2.06256e-05 200 7 0.840042
4.75698 -18.6857 194.688 7 0.840042
9.51489 -37.3718 189.379 7 0.840042
14.2743 -56.0587 184.073 7 0.840042
19.0358 -74.7465 178.773 7 0.840042
23.7992 -93.4354 173.478 7 0.840042
28.5645 -112.125 168.188 7 0.840042
33.331 -130.816 162.902 7 0.840042
38.0985 -149.507 157.62 7 0.840042
42.867 -168.199 152.34 7 0.840042
47.6358 -186.891 147.061 7 0.840042
-5.85972e-05 2.06256e-05 200 7 0.840042
4.75698 -18.6857 194.688 7 0.840042
9.51489 -37.3718 189.379 7 0.840042
14.2743 -56.0587 184.073 7 0.840042
19.0358 -74.7465 178.773 7 0.840042
23.7992 -93.4354 173.478 7 0.840042
28.5645 -112.125 168.188 7 0.840042
33.331 -130.816 162.902 7 0.840042
38.0985 -149.507 157.62 7 0.840042
42.867 -168.199 152.34 7 0.840042
47.6358 -186.891 147.061 7 0.840042
-5.85972e-05 2.06256e-05 200 7 0.840042
4.75698 -18.6857 194.688 7 0.840042
9.51489 -37.3718 189.379 7 0.840042
14.2743 -56.0587 184.073 7 0.840042
19.0358 -74.7465 178.773 7 0.840042
23.7992 -93.4354 173.478 7 0.840042
28.5645 -112.125 168.188 7 0.840042
33.331 -130.816 162.902 7 0.840042
38.0985 -149.507 157.62 7 0.840042
42.867 -168.199 152.34 7 0.840042
47.6358 -186.891 147.061 7 0.840042
-5.85972e-05 2.06256e-05 200 7 0.840042
4.75698 -18.6857 194.688 7 0.840042
9.51489 -37.3718 189.379 7 0.840042
14.2743 -56.0587 184.073 7 0.840042
19.0358 -74.7465 178.773 7 0.840042
23.7992 -93.4354 173.478 7 0.840042
28.5645 -112.125 168.188 7 0.840042
33.331 -130.816 162.902 7 0.840042
38.0985 -149.507 157.62 7 0.840042
42.867 -168.199 152.34 7 0.840042
47.6358 -186.891 147.061 7 0.840042
-5.85972e-05 2.06256e-05 200 7 0.840042
4.75698 -18.6857 194.688 7 0.840042
9.51489 -37.3718 189.379 7 0.840042
14.2743 -56.0587 184.073 7 0.840042
19.0358 -74.7465 178.773 7 0.840042
23.7992 -93.4354 173.478 7 0.840042
28.5645 -112.125 168.188 7 0.840042
33.331 -130.816 162.902 7 0.840042
38.0985 -149.507 157.62 7 0.840042
42.867 -168.199 152.34 7 0.840042
47.6358 -186.891 147.061 7 0.840042
-5.85972e-05 2.06256e-05 200 7 0.840042
4.75698 -18.6857 194.688 7 0.840042
9.51489 -37.3718 189.379 7 0.840042
14.2743 -56.0587 184.073 7 0.840042
19.0358 -74.7465 178.773 7 0.840042
23.7992 -93.4354 173.478 7 0.840042
28.5645 -112.125 168.188 7 0.840042
33.331 -130.816 162.902 7 0.840042
38.0985 -149.507 157.62 7 0.840042
42.867 -168.199 152.34 7 0.840042
47.6358 -186.891 147.061 7 0.840042
