-6.65139e-06 1.63478e-05 200 7 2.76014
0.397389 -3.65182 219.66 7 2.76014
0.794902 -7.30405 239.32 7 2.76014
1.1928 -10.9573 258.979 7 2.76014
1.59127 -14.6121 278.638 7 2.76014
1.99045 -18.2688 298.297 7 2.76014
2.39031 -21.9277 317.956 7 2.76014
2.79076 -25.5885 337.614 7 2.76014
3.19142 -29.2511 357.271 7 2.76014
3.59181 -32.9146 376.929 7 2.76014
3.99186 -36.5784 396.586 7 2.76014
-6.65139e-06 1.63478e-05 200 7 2.76014
0.397389 -3.65182 219.66 7 2.76014
0.794902 -7.30405 239.32 7 2.76014
1.1928 -10.9573 258.979 7 2.76014
1.59127 -14.6121 278.638 7 2.76014
1.99045 -18.2688 298.297 7 2.76014
2.39031 -21.9277 317.956 7 2.76014
2.79076 -25.5885 337.614 7 2.76014
3.19142 -29.2511 357.271 7 2.76014
3.59181 -32.9146 376.929 7 2.76014
3.99186 -36.5784 396.586 7 2.76014
-6.65139e-06 1.63478e-05 200 7 2.76014
0.397389 -3.65182 219.66 7 2.76014
0.794902 -7.30405 239.32 7 2.76014
1.1928 -10.9573 258.979 7 2.76014
1.59127 -14.6121 278.638 7 2.76014
1.99045 -18.2688 298.297 7 2.76014
2.39031 -21.9277 317.956 7 2.76014
2.79076 -25.5885 337.614 7 2.76014
3.19142 -29.2511 357.271 7 2.76014
3.59181 -32.9146 376.929 7 2.76014
3.99186 -36.5784 396.586 7 2.76014
-6.65139e-06 1.63478e-05 200 7 2.76014
0.397389 -3.65182 219.66 7 2.76014
0.794902 -7.30405 239.32 7 2.76014
1.1928 -10.9573 258.979 7 2.76014
1.59127 -14.6121 278.638 7 2.76014
1.99045 -18.2688 298.297 7 2.76014
2.39031 -21.9277 317.956 7 2.76014
2.79076 -25.5885 337.614 7 2.76014
3.19142 -29.2511 357.271 7 2.76014
3.59181 -32.9146 376.929 7 2.76014
3.99186 -36.5784 396.586 7 2.76014
-6.65139e-06 1.63478e-05 200 7 2.76014
0.397389 -3.65182 219.66 7 2.76014
0.794902 -7.30405 239.32 7 2.76014
1.1928 -10.9573 258.979 7 2.76014
1.59127 -14.6121 278.638 7 2.76014
1.99045 -18.2688 298.297 7 2.76014
2.39031 -21.9277 317.956 7 2.76014
2.79076 -25.5885 337.614 7 2.76014
3.19142 -29.2511 357.271 7 2.76014
3.59181 -32.9146 376.929 7 2.76014
3.99186 -36.5784 396.586 7 2.76014
-6.65139e-06 1.63478e-05 200 7 2.76014
0.397389 -3.65182 219.66 7 2.76014
0.794902 -7.30405 239.32 7 2.76014
1.1928 -10.9573 258.979 7 2.76014
1.59127 -14.6121 278.638 7 2.76014
1.99045 -18.2688 298.297 7 2.76014
2.39031 -21.9277 317.956 7 2.76014
2.79076 -25.5885 337.614 7 2.76014
3.19142 -29.2511 357.271 7 2.76014
3.59181 -32.9146 376.929 7 2.76014
3.99186 -36.5784 396.586 7 2.76014
