0.000370597 -1.5194e-05 200 6.99997 8.82044
17.3214 -0.407836 209.991 6.99997 8.82044
34.6423 -0.815558 219.983 6.99997 8.82044
51.9627 -1.22309 229.975 6.99997 8.82044
69.2826 -1.63039 239.968 6.99997 8.82044
86.6019 -2.03751 249.962 6.99998 8.82044
103.921 -2.44453 259.957 6.99998 8.82044
121.239 -2.85148 269.953 6.99998 8.82044
138.557 -3.2584 279.95 6.99999 8.82044
155.874 -3.6653 289.947 6.99999 8.82044
173.191 -4.07219 299.945 6.99999 8.82044
0.000370597 -1.5194e-05 200 6.99997 8.82044
17.3214 -0.407836 209.991 6.99997 8.82044
34.6423 -0.815558 219.983 6.99997 8.82044
51.9627 -1.22309 229.975 6.99997 8.82044
69.2826 -1.63039 239.968 6.99997 8.82044
86.6019 -2.03751 249.962 6.99998 8.82044
103.921 -2.44453 259.957 6.99998 8.82044
121.239 -2.85148 269.953 6.99998 8.82044
138.557 -3.2584 279.95 6.99999 8.82044
155.874 -3.6653 289.947 6.99999 8.82044
173.191 -4.07219 299.945 6.99999 8.82044
0.000370597 -1.5194e-05 200 6.99997 8.82044
17.3214 -0.407836 209.991 6.99997 8.82044
34.6423 -0.815558 219.983 6.99997 8.82044
51.9627 -1.22309 229.975 6.99997 8.82044
69.2826 -1.63039 239.968 6.99997 8.82044
86.6019 -2.03751 249.962 6.99998 8.82044
103.921 -2.44453 259.957 6.99998 8.82044
121.239 -2.85148 269.953 6.99998 8.82044
138.557 -3.2584 279.95 6.99999 8.82044
155.874 -3.6653 289.947 6.99999 8.82044
173.191 -4.07219 299.945 6.99999 8.82044
0.000370597 -1.5194e-05 200 6.99997 8.82044
17.3214 -0.407836 209.991 6.99997 8.82044
34.6423 -0.815558 219.983 6.99997 8.82044
51.9627 -1.22309 229.975 6.99997 8.82044
69.2826 -1.63039 239.968 6.99997 8.82044
86.6019 -2.03751 249.962 6.99998 8.82044
103.921 -2.44453 259.957 6.99998 8.82044
121.239 -2.85148 269.953 6.99998 8.82044
138.557 -3.2584 279.95 6.99999 8.82044
155.874 -3.6653 289.947 6.99999 8.82044
173.191 -4.07219 299.945 6.99999 8.82044
0.000370597 -1.5194e-05 200 6.99997 8.82044
17.3214 -0.407836 209.991 6.99997 8.82044
34.6423 -0.815558 219.983 6.99997 8.82044
51.9627 -1.22309 229.975 6.99997 8.82044
69.2826 -1.63039 239.968 6.99997 8.82044
86.6019 -2.03751 249.962 6.99998 8.82044
103.921 -2.44453 259.957 6.99998 8.82044
121.239 -2.85148 269.953 6.99998 8.82044
138.557 -3.2584 279.95 6.99999 8.82044
155.874 -3.6653 289.947 6.99999 8.82044
173.191 -4.07219 299.945 6.99999 8.82044
0.000370597 -1.5194e-05 200 6.99997 8.82044
17.3214 -0.407836 209.991 6.99997 8.82044
34.6423 -0.815558 219.983 6.99997 8.82044
51.9627 -1.22309 229.975 6.99997 8.82044
69.2826 -1.63039 239.968 6.99997 8.82044
86.6019 -2.03751 249.962 6.99998 8.82044
103.921 -2.44453 259.957 6.99998 8.82044
121.239 -2.85148 269.953 6.99998 8.82044
138.557 -3.2584 279.95 6.99999 8.82044
155.874 -3.6653 289.947 6.99999 8.82044
173.191 -4.07219 299.945 6.99999 8.82044
