-0.000122625 -3.28412e-05 200 6.99998 9.40047
-7.20042 -1.8548 218.567 6.99998 9.40047
-14.4006 -3.7095 237.134 6.99998 9.40047
-21.6006 -5.56411 255.7 6.99998 9.40047
-28.8003 -7.41858 274.267 6.99998 9.40047
-35.9997 -9.27297 292.834 6.99998 9.40047
-43.1987 -11.1273 311.402 6.99998 9.40047
-50.3974 -12.9816 329.969 6.99999 9.40047
-57.5957 -14.8358 348.536 6.99999 9.40047
-64.7937 -16.6901 367.104 6.99999 9.40047
-71.9916 -18.5443 385.671 6.99999 9.40047
-0.000122625 -3.28412e-05 200 6.99998 9.40047
-7.20042 -1.8548 218.567 6.99998 9.40047
-14.4006 -3.7095 237.134 6.99998 9.40047
-21.6006 -5.56411 255.7 6.99998 9.40047
-28.8003 -7.41858 274.267 6.99998 9.40047
-35.9997 -9.27297 292.834 6.99998 9.40047
-43.1987 -11.1273 311.402 6.99998 9.40047
-50.3974 -12.9816 329.969 6.99999 9.40047
-57.5957 -14.8358 348.536 6.99999 9.40047
-64.7937 -16.6901 367.104 6.99999 9.40047
-71.9916 -18.5443 385.671 6.99999 9.40047
-0.000122625 -3.28412e-05 200 6.99998 9.40047
-7.20042 -1.8548 218.567 6.99998 9.40047
-14.4006 -3.7095 237.134 6.99998 9.40047
-21.6006 -5.56411 255.7 6.99998 9.40047
-28.8003 -7.41858 274.267 6.99998 9.40047
-35.9997 -9.27297 292.834 6.99998 9.40047
-43.1987 -11.1273 311.402 6.99998 9.40047
-50.3974 -12.9816 329.969 6.99999 9.40047
-57.5957 -14.8358 348.536 6.99999 9.40047
-64.7937 -16.6901 367.104 6.99999 9.40047
-71.9916 -18.5443 385.671 6.99999 9.40047
-0.000122625 -3.28412e-05 200 6.99998 9.40047
-7.20042 -1.8548 218.567 6.99998 9.40047
-14.4006 -3.7095 237.134 6.99998 9.40047
-21.6006 -5.56411 255.7 6.99998 9.40047
-28.8003 -7.41858 274.267 6.99998 9.40047
-35.9997 -9.27297 292.834 6.99998 9.40047
-43.1987 -11.1273 311.402 6.99998 9.40047
-50.3974 -12.9816 329.969 6.99999 9.40047
-57.5957 -14.8358 348.536 6.99999 9.40047
-64.7937 -16.6901 367.104 6.99999 9.40047
-71.9916 -18.5443 385.671 6.99999 9.40047
-0.000122625 -3.28412e-05 200 6.99998 9.40047
-7.20042 -1.8548 218.567 6.99998 9.40047
-14.4006 -3.7095 237.134 6.99998 9.40047
-21.6006 -5.56411 255.7 6.99998 9.40047
-28.8003 -7.41858 274.267 6.99998 9.40047
-35.9997 -9.27297 292.834 6.99998 9.40047
-43.1987 -11.1273 311.402 6.99998 9.40047
-50.3974 -12.9816 329.969 6.99999 9.40047
-57.5957 -14.8358 348.536 6.99999 9.40047
-64.7937 -16.6901 367.104 6.99999 9.40047
-71.9916 -18.5443 385.671 6.99999 9.40047
-0.000122625 -3.28412e-05 200 6.99998 9.40047
-7.20042 -1.8548 218.567 6.99998 9.40047
-14.4006 -3.7095 237.134 6.99998 9.40047
-21.6006 -5.56411 255.7 6.99998 9.40047
-28.8003 -7.41858 274.267 6.99998 9.40047
-35.9997 -9.27297 292.834 6.99998 9.40047
-43.1987 -11.1273 311.402 6.99998 9.40047
-50.3974 -12.9816 329.969 6.99999 9.40047
-57.5957 -14.8358 348.536 6.99999 9.40047
-64.7937 -16.6901 367.104 6.99999 9.40047
-71.9916 -18.5443 385.671 6.99999 9.40047
