0.000283085 4.427e-05 200 6.99997 8.34042
14.6073 2.02552 186.489 6.99997 8.34042
29.2145 4.05095 172.978 6.99997 8.34042
43.822 6.07627 159.468 6.99997 8.34042
58.43 8.10151 145.959 6.99997 8.34042
73.0385 10.1267 132.449 6.99998 8.34042
87.6477 12.1518 118.941 6.99998 8.34042
102.258 14.177 105.434 6.99998 8.34042
116.868 16.2022 91.9267 6.99999 8.34042
131.479 18.2274 78.4206 6.99999 8.34042
146.091 20.2527 64.9149 6.99999 8.34042
0.000283085 4.427e-05 200 6.99997 8.34042
14.6073 2.02552 186.489 6.99997 8.34042
29.2145 4.05095 172.978 6.99997 8.34042
43.822 6.07627 159.468 6.99997 8.34042
58.43 8.10151 145.959 6.99997 8.34042
73.0385 10.1267 132.449 6.99998 8.34042
87.6477 12.1518 118.941 6.99998 8.34042
102.258 14.177 105.434 6.99998 8.34042
116.868 16.2022 91.9267 6.99999 8.34042
131.479 18.2274 78.4206 6.99999 8.34042
146.091 20.2527 64.9149 6.99999 8.34042
0.000283085 4.427e-05 200 6.99997 8.34042
14.6073 2.02552 186.489 6.99997 8.34042
29.2145 4.05095 172.978 6.99997 8.34042
43.822 6.07627 159.468 6.99997 8.34042
58.43 8.10151 145.959 6.99997 8.34042
73.0385 10.1267 132.449 6.99998 8.34042
87.6477 12.1518 118.941 6.99998 8.34042
102.258 14.177 105.434 6.99998 8.34042
116.868 16.2022 91.9267 6.99999 8.34042
131.479 18.2274 78.4206 6.99999 8.34042
146.091 20.2527 64.9149 6.99999 8.34042
0.000283085 4.427e-05 200 6.99997 8.34042
14.6073 2.02552 186.489 6.99997 8.34042
29.2145 4.05095 172.978 6.99997 8.34042
43.822 6.07627 159.468 6.99997 8.34042
58.43 8.10151 145.959 6.99997 8.34042
73.0385 10.1267 132.449 6.99998 8.34042
87.6477 12.1518 118.941 6.99998 8.34042
102.258 14.177 105.434 6.99998 8.34042
116.868 16.2022 91.9267 6.99999 8.34042
131.479 18.2274 78.4206 6.99999 8.34042
146.091 20.2527 64.9149 6.99999 8.34042
0.000283085 4.427e-05 200 6.99997 8.34042
14.6073 2.02552 186.489 6.99997 8.34042
29.2145 4.05095 172.978 6.99997 8.34042
43.822 6.07627 159.468 6.99997 8.34042
58.43 8.10151 145.959 6.99997 8.34042
73.0385 10.1267 132.449 6.99998 8.34042
87.6477 12.1518 118.941 6.99998 8.34042
102.258 14.177 105.434 6.99998 8.34042
116.868 16.2022 91.9267 6.99999 8.34042
131.479 18.2274 78.4206 6.99999 8.34042
146.091 20.2527 64.9149 6.99999 8.34042
0.000283085 4.427e-05 200 6.99997 8.34042
14.6073 2.02552 186.489 6.99997 8.34042
29.2145 4.05095 172.978 6.99997 8.34042
43.822 6.07627 159.468 6.99997 8.34042
58.43 8.10151 145.959 6.99997 8.34042
73.0385 10.1267 132.449 6.99998 8.34042
87.6477 12.1518 118.941 6.99998 8.34042
102.258 14.177 105.434 6.99998 8.34042
116.868 16.2022 91.9267 6.99999 8.34042
131.479 18.2274 78.4206 6.99999 8.34042
146.091 20.2527 64.9149 6.99999 8.34042
