9.7982e-05 4.94002e-06 200 6.99999 5.56028
18.5627 1.91374 192.805 6.99999 5.56028
37.1254 3.82757 185.61 6.99999 5.56028
55.6883 5.74157 178.416 6.99999 5.56028
74.2519 7.65578 171.223 6.99999 5.56028
92.816 9.57021 164.032 6.99999 5.56028
111.381 11.4848 156.843 7 5.56028
129.946 13.3994 149.655 7 5.56028
148.511 15.3139 142.467 7 5.56028
167.077 17.2284 135.281 7 5.56028
185.643 19.1429 128.095 7 5.56028
9.7982e-05 4.94002e-06 200 6.99999 5.56028
18.5627 1.91374 192.805 6.99999 5.56028
37.1254 3.82757 185.61 6.99999 5.56028
55.6883 5.74157 178.416 6.99999 5.56028
74.2519 7.65578 171.223 6.99999 5.56028
92.816 9.57021 164.032 6.99999 5.56028
111.381 11.4848 156.843 7 5.56028
129.946 13.3994 149.655 7 5.56028
148.511 15.3139 142.467 7 5.56028
167.077 17.2284 135.281 7 5.56028
185.643 19.1429 128.095 7 5.56028
9.7982e-05 4.94002e-06 200 6.99999 5.56028
18.5627 1.91374 192.805 6.99999 5.56028
37.1254 3.82757 185.61 6.99999 5.56028
55.6883 5.74157 178.416 6.99999 5.56028
74.2519 7.65578 171.223 6.99999 5.56028
92.816 9.57021 164.032 6.99999 5.56028
111.381 11.4848 156.843 7 5.56028
129.946 13.3994 149.655 7 5.56028
148.511 15.3139 142.467 7 5.56028
167.077 17.2284 135.281 7 5.56028
185.643 19.1429 128.095 7 5.56028
9.7982e-05 4.94002e-06 200 6.99999 5.56028
18.5627 1.91374 192.805 6.99999 5.56028
37.1254 3.82757 185.61 6.99999 5.56028
55.6883 5.74157 178.416 6.99999 5.56028
74.2519 7.65578 171.223 6.99999 5.56028
92.816 9.57021 164.032 6.99999 5.56028
111.381 11.4848 156.843 7 5.56028
129.946 13.3994 149.655 7 5.56028
148.511 15.3139 142.467 7 5.56028
167.077 17.2284 135.281 7 5.56028
185.643 19.1429 128.095 7 5.56028
9.7982e-05 4.94002e-06 200 6.99999 5.56028
18.5627 1.91374 192.805 6.99999 5.56028
37.1254 3.82757 185.61 6.99999 5.56028
55.6883 5.74157 178.416 6.99999 5.56028
74.2519 7.65578 171.223 6.99999 5.56028
92.816 9.57021 164.032 6.99999 5.56028
111.381 11.4848 156.843 7 5.56028
129.946 13.3994 149.655 7 5.56028
148.511 15.3139 142.467 7 5.56028
167.077 17.2284 135.281 7 5.56028
185.643 19.1429 128.095 7 5.56028
9.7982e-05 4.94002e-06 200 6.99999 5.56028
18.5627 1.91374 192.805 6.99999 5.56028
37.1254 3.82757 185.61 6.99999 5.56028
55.6883 5.74157 178.416 6.99999 5.56028
74.2519 7.65578 171.223 6.99999 5.56028
92.816 9.57021 164.032 6.99999 5.56028
111.381 11.4848 156.843 7 5.56028
129.946 13.3994 149.655 7 5.56028
148.511 15.3139 142.467 7 5.56028
167.077 17.2284 135.281 7 5.56028
185.643 19.1429 128.095 7 5.56028
