-0.000204009 -1.86402e-05 200 6.99998 9.64048
-15.3503 -1.31089 212.754 6.99998 9.64048
-30.7004 -2.62175 225.508 6.99998 9.64048
-46.0504 -3.93257 238.262 6.99998 9.64048
-61.4002 -5.24336 251.016 6.99998 9.64048
-76.7498 -6.55412 263.77 6.99998 9.64048
-92.0993 -7.86486 276.525 6.99999 9.64048
-107.449 -9.17557 289.28 6.99999 9.64048
-122.798 -10.4862 302.034 6.99999 9.64048
-138.147 -11.7969 314.789 6.99999 9.64048
-153.496 -13.1075 327.544 6.99999 9.64048
-0.000204009 -1.86402e-05 200 6.99998 9.64048
-15.3503 -1.31089 212.754 6.99998 9.64048
-30.7004 -2.62175 225.508 6.99998 9.64048
-46.0504 -3.93257 238.262 6.99998 9.64048
-61.4002 -5.24336 251.016 6.99998 9.64048
-76.7498 -6.55412 263.77 6.99998 9.64048
-92.0993 -7.86486 276.525 6.99999 9.64048
-107.449 -9.17557 289.28 6.99999 9.64048
-122.798 -10.4862 302.034 6.99999 9.64048
-138.147 -11.7969 314.789 6.99999 9.64048
-153.496 -13.1075 327.544 6.99999 9.64048
-0.000204009 -1.86402e-05 200 6.99998 9.64048
-15.3503 -1.31089 212.754 6.99998 9.64048
-30.7004 -2.62175 225.508 6.99998 9.64048
-46.0504 -3.93257 238.262 6.99998 9.64048
-61.4002 -5.24336 251.016 6.99998 9.64048
-76.7498 -6.55412 263.77 6.99998 9.64048
-92.0993 -7.86486 276.525 6.99999 9.64048
-107.449 -9.17557 289.28 6.99999 9.64048
-122.798 -10.4862 302.034 6.99999 9.64048
-138.147 -11.7969 314.789 6.99999 9.64048
-153.496 -13.1075 327.544 6.99999 9.64048
-0.000204009 -1.86402e-05 200 6.99998 9.64048
-15.3503 -1.31089 212.754 6.99998 9.64048
-30.7004 -2.62175 225.508 6.99998 9.64048
-46.0504 -3.93257 238.262 6.99998 9.64048
-61.4002 -5.24336 251.016 6.99998 9.64048
-76.7498 -6.55412 263.77 6.99998 9.64048
-92.0993 -7.86486 276.525 6.99999 9.64048
-107.449 -9.17557 289.28 6.99999 9.64048
-122.798 -10.4862 302.034 6.99999 9.64048
-138.147 -11.7969 314.789 6.99999 9.64048
-153.496 -13.1075 327.544 6.99999 9.64048
-0.000204009 -1.86402e-05 200 6.99998 9.64048
-15.3503 -1.31089 212.754 6.99998 9.64048
-30.7004 -2.62175 225.508 6.99998 9.64048
-46.0504 -3.93257 238.262 6.99998 9.64048
-61.4002 -5.24336 251.016 6.99998 9.64048
-76.7498 -6.55412 263.77 6.99998 9.64048
-92.0993 -7.86486 276.525 6.99999 9.64048
-107.449 -9.17557 289.28 6.99999 9.64048
-122.798 -10.4862 302.034 6.99999 9.64048
-138.147 -11.7969 314.789 6.99999 9.64048
-153.496 -13.1075 327.544 6.99999 9.64048
-0.000204009 -1.86402e-05 200 6.99998 9.64048
-15.3503 -1.31089 212.754 6.99998 9.64048
-30.7004 -2.62175 225.508 6.99998 9.64048
-46.0504 -3.93257 238.262 6.99998 9.64048
-61.4002 -5.24336 251.016 6.99998 9.64048
-76.7498 -6.55412 263.77 6.99998 9.64048
-92.0993 -7.86486 276.525 6.99999 9.64048
-107.449 -9.17557 289.28 6.99999 9.64048
-122.798 -10.4862 302.034 6.99999 9.64048
-138.147 -11.7969 314.789 6.99999 9.64048
-153.496 -13.1075 327.544 6.99999 9.64048
