7.26975e-05 -3.0062e-05 200 7 2.46012
7.19735 -6.75568 217.394 7 2.46012
14.3939 -13.5112 234.789 7 2.46012
21.5893 -20.2665 252.184 7 2.46012
28.7831 -27.0214 269.58 7 2.46012
35.975 -33.7754 286.977 7 2.46012
43.1651 -40.5286 304.376 7 2.46012
50.3537 -47.2814 321.775 7 2.46012
57.5412 -54.0339 339.174 7 2.46012
64.728 -60.7862 356.574 7 2.46012
71.9142 -67.5385 373.974 7 2.46012
7.26975e-05 -3.0062e-05 200 7 2.46012
7.19735 -6.75568 217.394 7 2.46012
14.3939 -13.5112 234.789 7 2.46012
21.5893 -20.2665 252.184 7 2.46012
28.7831 -27.0214 269.58 7 2.46012
35.975 -33.7754 286.977 7 2.46012
43.1651 -40.5286 304.376 7 2.46012
50.3537 -47.2814 321.775 7 2.46012
57.5412 -54.0339 339.174 7 2.46012
64.728 -60.7862 356.574 7 2.46012
71.9142 -67.5385 373.974 7 2.46012
7.26975e-05 -3.0062e-05 200 7 2.46012
7.19735 -6.75568 217.394 7 2.46012
14.3939 -13.5112 234.789 7 2.46012
21.5893 -20.2665 252.184 7 2.46012
28.7831 -27.0214 269.58 7 2.46012
35.975 -33.7754 286.977 7 2.46012
43.1651 -40.5286 304.376 7 2.46012
50.3537 -47.2814 321.775 7 2.46012
57.5412 -54.0339 339.174 7 2.46012
64.728 -60.7862 356.574 7 2.46012
71.9142 -67.5385 373.974 7 2.46012
7.26975e-05 -3.0062e-05 200 7 2.46012
7.19735 -6.75568 217.394 7 2.46012
14.3939 -13.5112 234.789 7 2.46012
21.5893 -20.2665 252.184 7 2.46012
28.7831 -27.0214 269.58 7 2.46012
35.975 -33.7754 286.977 7 2.46012
43.1651 -40.5286 304.376 7 2.46012
50.3537 -47.2814 321.775 7 2.46012
57.5412 -54.0339 339.174 7 2.46012
64.728 -60.7862 356.574 7 2.46012
71.9142 -67.5385 373.974 7 2.46012
7.26975e-05 -3.0062e-05 200 7 2.46012
7.19735 -6.75568 217.394 7 2.46012
14.3939 -13.5112 234.789 7 2.46012
21.5893 -20.2665 252.184 7 2.46012
28.7831 -27.0214 269.58 7 2.46012
35.975 -33.7754 286.977 7 2.46012
43.1651 -40.5286 304.376 7 2.46012
50.3537 -47.2814 321.775 7 2.46012
57.5412 -54.0339 339.174 7 2.46012
64.728 -60.7862 356.574 7 2.46012
71.9142 -67.5385 373.974 7 2.46012
7.26975e-05 -3.0062e-05 200 7 2.46012
7.19735 -6.75568 217.394 7 2.46012
14.3939 -13.5112 234.789 7 2.46012
21.5893 -20.2665 252.184 7 2.46012
28.7831 -27.0214 269.58 7 2.46012
35.975 -33.7754 286.977 7 2.46012
43.1651 -40.5286 304.376 7 2.46012
50.3537 -47.2814 321.775 7 2.46012
57.5412 -54.0339 339.174 7 2.46012
64.728 -60.7862 356.574 7 2.46012
71.9142 -67.5385 373.974 7 2.46012
