-3.84326e-05 2.76424e-05 200 6.99999 4.66023
-5.67366 6.68961 182.026 6.99999 4.66023
-11.3471 13.3793 164.052 6.99999 4.66023
-17.0204 20.0691 146.078 6.99999 4.66023
-22.6933 26.7593 128.104 6.99999 4.66023
-28.3654 33.4497 110.13 7 4.66023
-34.0365 40.1405 92.156 7 4.66023
-39.7067 46.8316 74.1816 7 4.66023
-45.3763 53.5227 56.207 7 4.66023
-51.0452 60.2141 38.2323 7 4.66023
-56.7137 66.9056 20.2576 7 4.66023
-3.84326e-05 2.76424e-05 200 6.99999 4.66023
-5.67366 6.68961 182.026 6.99999 4.66023
-11.3471 13.3793 164.052 6.99999 4.66023
-17.0204 20.0691 146.078 6.99999 4.66023
-22.6933 26.7593 128.104 6.99999 4.66023
-28.3654 33.4497 110.13 7 4.66023
-34.0365 40.1405 92.156 7 4.66023
-39.7067 46.8316 74.1816 7 4.66023
-45.3763 53.5227 56.207 7 4.66023
-51.0452 60.2141 38.2323 7 4.66023
-56.7137 66.9056 20.2576 7 4.66023
-3.84326e-05 2.76424e-05 200 6.99999 4.66023
-5.67366 6.68961 182.026 6.99999 4.66023
-11.3471 13.3793 164.052 6.99999 4.66023
-17.0204 20.0691 146.078 6.99999 4.66023
-22.6933 26.7593 128.104 6.99999 4.66023
-28.3654 33.4497 110.13 7 4.66023
-34.0365 40.1405 92.156 7 4.66023
-39.7067 46.8316 74.1816 7 4.66023
-45.3763 53.5227 56.207 7 4.66023
-51.0452 60.2141 38.2323 7 4.66023
-56.7137 66.9056 20.2576 7 4.66023
-3.84326e-05 2.76424e-05 200 6.99999 4.66023
-5.67366 6.68961 182.026 6.99999 4.66023
-11.3471 13.3793 164.052 6.99999 4.66023
-17.0204 20.0691 146.078 6.99999 4.66023
-22.6933 26.7593 128.104 6.99999 4.66023
-28.3654 33.4497 110.13 7 4.66023
-34.0365 40.1405 92.156 7 4.66023
-39.7067 46.8316 74.1816 7 4.66023
-45.3763 53.5227 56.207 7 4.66023
-51.0452 60.2141 38.2323 7 4.66023
-56.7137 66.9056 20.2576 7 4.66023
-3.84326e-05 2.76424e-05 200 6.99999 4.66023
-5.67366 6.68961 182.026 6.99999 4.66023
-11.3471 13.3793 164.052 6.99999 4.66023
-17.0204 20.0691 146.078 6.99999 4.66023
-22.6933 26.7593 128.104 6.99999 4.66023
-28.3654 33.4497 110.13 7 4.66023
-34.0365 40.1405 92.156 7 4.66023
-39.7067 46.8316 74.1816 7 4.66023
-45.3763 53.5227 56.207 7 4.66023
-51.0452 60.2141 38.2323 7 4.66023
-56.7137 66.9056 20.2576 7 4.66023
-3.84326e-05 2.76424e-05 200 6.99999 4.66023
-5.67366 6.68961 182.026 6.99999 4.66023
-11.3471 13.3793 164.052 6.99999 4.66023
-17.0204 20.0691 146.078 6.99999 4.66023
-22.6933 26.7593 128.104 6.99999 4.66023
-28.3654 33.4497 110.13 7 4.66023
-34.0365 40.1405 92.156 7 4.66023
-39.7067 46.8316 74.1816 7 4.66023
-45.3763 53.5227 56.207 7 4.66023
-51.0452 60.2141 38.2323 7 4.66023
-56.7137 66.9056 20.2576 7 4.66023
