-3.14293e-05 6.3048e-05 200 7 2.66013
2.81758 -4.68156 219.239 7 2.66013
5.63576 -9.36428 238.478 7 2.66013
8.45474 -14.0487 257.716 7 2.66013
11.2743 -18.7347 276.954 7 2.66013
14.0942 -23.4225 296.191 7 2.66013
16.9148 -28.112 315.428 7 2.66013
19.7357 -32.8028 334.665 7 2.66013
22.5566 -37.4942 353.901 7 2.66013
25.3772 -42.1861 373.137 7 2.66013
28.1977 -46.8783 392.373 7 2.66013
-3.14293e-05 6.3048e-05 200 7 2.66013
2.81758 -4.68156 219.239 7 2.66013
5.63576 -9.36428 238.478 7 2.66013
8.45474 -14.0487 257.716 7 2.66013
11.2743 -18.7347 276.954 7 2.66013
14.0942 -23.4225 296.191 7 2.66013
16.9148 -28.112 315.428 7 2.66013
19.7357 -32.8028 334.665 7 2.66013
22.5566 -37.4942 353.901 7 2.66013
25.3772 -42.1861 373.137 7 2.66013
28.1977 -46.8783 392.373 7 2.66013
-3.14293e-05 6.3048e-05 200 7 2.66013
2.81758 -4.68156 219.239 7 2.66013
5.63576 -9.36428 238.478 7 2.66013
8.45474 -14.0487 257.716 7 2.66013
11.2743 -18.7347 276.954 7 2.66013
14.0942 -23.4225 296.191 7 2.66013
16.9148 -28.112 315.428 7 2.66013
19.7357 -32.8028 334.665 7 2.66013
22.5566 -37.4942 353.901 7 2.66013
25.3772 -42.1861 373.137 7 2.66013
28.1977 -46.8783 392.373 7 2.66013
-3.14293e-05 6.3048e-05 200 7 2.66013
2.81758 -4.68156 219.239 7 2.66013
5.63576 -9.36428 238.478 7 2.66013
8.45474 -14.0487 257.716 7 2.66013
11.2743 -18.7347 276.954 7 2.66013
14.0942 -23.4225 296.191 7 2.66013
16.9148 -28.112 315.428 7 2.66013
19.7357 -32.8028 334.665 7 2.66013
22.5566 -37.4942 353.901 7 2.66013
25.3772 -42.1861 373.137 7 2.66013
28.1977 -46.8783 392.373 7 2.66013
-3.14293e-05 6.3048e-05 200 7 2.66013
2.81758 -4.68156 219.239 7 2.66013
5.63576 -9.36428 238.478 7 2.66013
8.45474 -14.0487 257.716 7 2.66013
11.2743 -18.7347 276.954 7 2.66013
14.0942 -23.4225 296.191 7 2.66013
16.9148 -28.112 315.428 7 2.66013
19.7357 -32.8028 334.665 7 2.66013
22.5566 -37.4942 353.901 7 2.66013
25.3772 -42.1861 373.137 7 2.66013
28.1977 -46.8783 392.373 7 2.66013
-3.14293e-05 6.3048e-05 200 7 2.66013
2.81758 -4.68156 219.239 7 2.66013
5.63576 -9.36428 238.478 7 2.66013
8.45474 -14.0487 257.716 7 2.66013
11.2743 -18.7347 276.954 7 2.66013
14.0942 -23.4225 296.191 7 2.66013
16.9148 -28.112 315.428 7 2.66013
19.7357 -32.8028 334.665 7 2.66013
22.5566 -37.4942 353.901 7 2.66013
25.3772 -42.1861 373.137 7 2.66013
28.1977 -46.8783 392.373 7 2.66013
