-0.000206506 -6.3619e-06 200 6.99998 9.88049
-19.3994 -0.431416 204.846 6.99998 9.88049
-38.7987 -0.8628 209.693 6.99998 9.88049
-58.1979 -1.29412 214.539 6.99998 9.88049
-77.5971 -1.72536 219.386 6.99999 9.88049
-96.9963 -2.15649 224.232 6.99999 9.88049
-116.396 -2.5874 229.079 6.99999 9.88049
-135.795 -3.01809 233.925 6.99999 9.88049
-155.194 -3.4486 238.771 6.99999 9.88049
-174.593 -3.87901 243.618 6.99999 9.88049
-193.992 -4.30938 248.465 7 9.88049
-0.000206506 -6.3619e-06 200 6.99998 9.88049
-19.3994 -0.431416 204.846 6.99998 9.88049
-38.7987 -0.8628 209.693 6.99998 9.88049
-58.1979 -1.29412 214.539 6.99998 9.88049
-77.5971 -1.72536 219.386 6.99999 9.88049
-96.9963 -2.15649 224.232 6.99999 9.88049
-116.396 -2.5874 229.079 6.99999 9.88049
-135.795 -3.01809 233.925 6.99999 9.88049
-155.194 -3.4486 238.771 6.99999 9.88049
-174.593 -3.87901 243.618 6.99999 9.88049
-193.992 -4.30938 248.465 7 9.88049
-0.000206506 -6.3619e-06 200 6.99998 9.88049
-19.3994 -0.431416 204.846 6.99998 9.88049
-38.7987 -0.8628 209.693 6.99998 9.88049
-58.1979 -1.29412 214.539 6.99998 9.88049
-77.5971 -1.72536 219.386 6.99999 9.88049
-96.9963 -2.15649 224.232 6.99999 9.88049
-116.396 -2.5874 229.079 6.99999 9.88049
-135.795 -3.01809 233.925 6.99999 9.88049
-155.194 -3.4486 238.771 6.99999 9.88049
-174.593 -3.87901 243.618 6.99999 9.88049
-193.992 -4.30938 248.465 7 9.88049
-0.000206506 -6.3619e-06 200 6.99998 9.88049
-19.3994 -0.431416 204.846 6.99998 9.88049
-38.7987 -0.8628 209.693 6.99998 9.88049
-58.1979 -1.29412 214.539 6.99998 9.88049
-77.5971 -1.72536 219.386 6.99999 9.88049
-96.9963 -2.15649 224.232 6.99999 9.88049
-116.396 -2.5874 229.079 6.99999 9.88049
-135.795 -3.01809 233.925 6.99999 9.88049
-155.194 -3.4486 238.771 6.99999 9.88049
-174.593 -3.87901 243.618 6.99999 9.88049
-193.992 -4.30938 248.465 7 9.88049
-0.000206506 -6.3619e-06 200 6.99998 9.88049
-19.3994 -0.431416 204.846 6.99998 9.88049
-38.7987 -0.8628 209.693 6.99998 9.88049
-58.1979 -1.29412 214.539 6.99998 9.88049
-77.5971 -1.72536 219.386 6.99999 9.88049
-96.9963 -2.15649 224.232 6.99999 9.88049
-116.396 -2.5874 229.079 6.99999 9.88049
-135.795 -3.01809 233.925 6.99999 9.88049
-155.194 -3.4486 238.771 6.99999 9.88049
-174.593 -3.87901 243.618 6.99999 9.88049
-193.992 -4.30938 248.465 7 9.88049
-0.000206506 -6.3619e-06 200 6.99998 9.88049
-19.3994 -0.431416 204.846 6.99998 9.88049
-38.7987 -0.8628 209.693 6.99998 9.88049
-58.1979 -1.29412 214.539 6.99998 9.88049
-77.5971 -1.72536 219.386 6.99999 9.88049
-96.9963 -2.15649 224.232 6.99999 9.88049
-116.396 -2.5874 229.079 6.99999 9.88049
-135.795 -3.01809 233.925 6.99999 9.88049
-155.194 -3.4486 238.771 6.99999 9.88049
-174.593 -3.87901 243.618 6.99999 9.88049
-193.992 -4.30938 248.465 7 9.88049
