-7.77453e-05 6.81128e-05 200 6.99999 3.68018
-18.4226 4.47701 206.369 6.99999 3.68018
-36.8451 8.95324 212.739 6.99999 3.68018
-55.2675 13.428 219.11 6.99999 3.68018
-73.69 17.9007 225.483 7 3.68018
-92.1124 22.3714 231.857 7 3.68018
-110.535 26.8405 238.232 7 3.68018
-128.957 31.3083 244.608 7 3.68018
-147.379 35.7755 250.985 7 3.68018
-165.802 40.2425 257.362 7 3.68018
-184.224 44.7095 263.739 7 3.68018
-7.77453e-05 6.81128e-05 200 6.99999 3.68018
-18.4226 4.47701 206.369 6.99999 3.68018
-36.8451 8.95324 212.739 6.99999 3.68018
-55.2675 13.428 219.11 6.99999 3.68018
-73.69 17.9007 225.483 7 3.68018
-92.1124 22.3714 231.857 7 3.68018
-110.535 26.8405 238.232 7 3.68018
-128.957 31.3083 244.608 7 3.68018
-147.379 35.7755 250.985 7 3.68018
-165.802 40.2425 257.362 7 3.68018
-184.224 44.7095 263.739 7 3.68018
-7.77453e-05 6.81128e-05 200 6.99999 3.68018
-18.4226 4.47701 206.369 6.99999 3.68018
-36.8451 8.95324 212.739 6.99999 3.68018
-55.2675 13.428 219.11 6.99999 3.68018
-73.69 17.9007 225.483 7 3.68018
-92.1124 22.3714 231.857 7 3.68018
-110.535 26.8405 238.232 7 3.68018
-128.957 31.3083 244.608 7 3.68018
-147.379 35.7755 250.985 7 3.68018
-165.802 40.2425 257.362 7 3.68018
-184.224 44.7095 263.739 7 3.68018
-7.77453e-05 6.81128e-05 200 6.99999 3.68018
-18.4226 4.47701 206.369 6.99999 3.68018
-36.8451 8.95324 212.739 6.99999 3.68018
-55.2675 13.428 219.11 6.99999 3.68018
-73.69 17.9007 225.483 7 3.68018
-92.1124 22.3714 231.857 7 3.68018
-110.535 26.8405 238.232 7 3.68018
-128.957 31.3083 244.608 7 3.68018
-147.379 35.7755 250.985 7 3.68018
-165.802 40.2425 257.362 7 3.68018
-184.224 44.7095 263.739 7 3.68018
-7.77453e-05 6.81128e-05 200 6.99999 3.68018
-18.4226 4.47701 206.369 6.99999 3.68018
-36.8451 8.95324 212.739 6.99999 3.68018
-55.2675 13.428 219.11 6.99999 3.68018
-73.69 17.9007 225.483 7 3.68018
-92.1124 22.3714 231.857 7 3.68018
-110.535 26.8405 238.232 7 3.68018
-128.957 31.3083 244.608 7 3.68018
-147.379 35.7755 250.985 7 3.68018
-165.802 40.2425 257.362 7 3.68018
-184.224 44.7095 263.739 7 3.68018
-7.77453e-05 6.81128e-05 200 6.99999 3.68018
-18.4226 4.47701 206.369 6.99999 3.68018
-36.8451 8.95324 212.739 6.99999 3.68018
-55.2675 13.428 219.11 6.99999 3.68018
-73.69 17.9007 225.483 7 3.68018
-92.1124 22.3714 231.857 7 3.68018
-110.535 26.8405 238.232 7 3.68018
-128.957 31.3083 244.608 7 3.68018
-147.379 35.7755 250.985 7 3.68018
-165.802 40.2425 257.362 7 3.68018
-184.224 44.7095 263.739 7 3.68018
