4.30345e-05 -5.25719e-05 200 7 2.86014
-2.10385 -2.64069 219.713 7 2.86014
-4.20845 -5.28068 239.426 7 2.86014
-6.31437 -7.91955 259.139 7 2.86014
-8.42215 -10.5571 278.852 7 2.86014
-10.5323 -13.1929 298.565 7 2.86014
-12.6452 -15.8266 318.278 7 2.86014
-14.7607 -18.4583 337.991 7 2.86014
-16.8779 -21.0888 357.704 7 2.86014
-18.9964 -23.7185 377.417 7 2.86014
-21.1155 -26.3479 397.129 7 2.86014
4.30345e-05 -5.25719e-05 200 7 2.86014
-2.10385 -2.64069 219.713 7 2.86014
-4.20845 -5.28068 239.426 7 2.86014
-6.31437 -7.91955 259.139 7 2.86014
-8.42215 -10.5571 278.852 7 2.86014
-10.5323 -13.1929 298.565 7 2.86014
-12.6452 -15.8266 318.278 7 2.86014
-14.7607 -18.4583 337.991 7 2.86014
-16.8779 -21.0888 357.704 7 2.86014
-18.9964 -23.7185 377.417 7 2.86014
-21.1155 -26.3479 397.129 7 2.86014
4.30345e-05 -5.25719e-05 200 7 2.86014
-2.10385 -2.64069 219.713 7 2.86014
-4.20845 -5.28068 239.426 7 2.86014
-6.31437 -7.91955 259.139 7 2.86014
-8.42215 -10.5571 278.852 7 2.86014
-10.5323 -13.1929 298.565 7 2.86014
-12.6452 -15.8266 318.278 7 2.86014
-14.7607 -18.4583 337.991 7 2.86014
-16.8779 -21.0888 357.704 7 2.86014
-18.9964 -23.7185 377.417 7 2.86014
-21.1155 -26.3479 397.129 7 2.86014
4.30345e-05 -5.25719e-05 200 7 2.86014
-2.10385 -2.64069 219.713 7 2.86014
-4.20845 -5.28068 239.426 7 2.86014
-6.31437 -7.91955 259.139 7 2.86014
-8.42215 -10.5571 278.852 7 2.86014
-10.5323 -13.1929 298.565 7 2.86014
-12.6452 -15.8266 318.278 7 2.86014
-14.7607 -18.4583 337.991 7 2.86014
-16.8779 -21.0888 357.704 7 2.86014
-18.9964 -23.7185 377.417 7 2.86014
-21.1155 -26.3479 397.129 7 2.86014
4.30345e-05 -5.25719e-05 200 7 2.86014
-2.10385 -2.64069 219.713 7 2.86014
-4.20845 -5.28068 239.426 7 2.86014
-6.31437 -7.91955 259.139 7 2.86014
-8.42215 -10.5571 278.852 7 2.86014
-10.5323 -13.1929 298.565 7 2.86014
-12.6452 -15.8266 318.278 7 2.86014
-14.7607 -18.4583 337.991 7 2.86014
-16.8779 -21.0888 357.704 7 2.86014
-18.9964 -23.7185 377.417 7 2.86014
-21.1155 -26.3479 397.129 7 2.86014
4.30345e-05 -5.25719e-05 200 7 2.86014
-2.10385 -2.64069 219.713 7 2.86014
-4.20845 -5.28068 239.426 7 2.86014
-6.31437 -7.91955 259.139 7 2.86014
-8.42215 -10.5571 278.852 7 2.86014
-10.5323 -13.1929 298.565 7 2.86014
-12.6452 -15.8266 318.278 7 2.86014
-14.7607 -18.4583 337.991 7 2.86014
-16.8779 -21.0888 357.704 7 2.86014
-18.9964 -23.7185 377.417 7 2.86014
-21.1155 -26.3479 397.129 7 2.86014
