8.14043e-05 -7.67251e-05 200 7 2.16011
11.97 -9.78268 212.689 7 2.16011
23.9392 -19.5646 225.38 7 2.16011
35.9072 -29.3453 238.073 7 2.16011
47.8734 -39.1247 250.768 7 2.16011
59.8374 -48.9028 263.467 7 2.16011
71.7989 -58.6793 276.169 7 2.16011
83.7581 -68.4542 288.874 7 2.16011
95.7155 -78.228 301.582 7 2.16011
107.672 -88.0013 314.292 7 2.16011
119.627 -97.7744 327.002 7 2.16011
8.14043e-05 -7.67251e-05 200 7 2.16011
11.97 -9.78268 212.689 7 2.16011
23.9392 -19.5646 225.38 7 2.16011
35.9072 -29.3453 238.073 7 2.16011
47.8734 -39.1247 250.768 7 2.16011
59.8374 -48.9028 263.467 7 2.16011
71.7989 -58.6793 276.169 7 2.16011
83.7581 -68.4542 288.874 7 2.16011
95.7155 -78.228 301.582 7 2.16011
107.672 -88.0013 314.292 7 2.16011
119.627 -97.7744 327.002 7 2.16011
8.14043e-05 -7.67251e-05 200 7 2.16011
11.97 -9.78268 212.689 7 2.16011
23.9392 -19.5646 225.38 7 2.16011
35.9072 -29.3453 238.073 7 2.16011
47.8734 -39.1247 250.768 7 2.16011
59.8374 -48.9028 263.467 7 2.16011
71.7989 -58.6793 276.169 7 2.16011
83.7581 -68.4542 288.874 7 2.16011
95.7155 -78.228 301.582 7 2.16011
107.672 -88.0013 314.292 7 2.16011
119.627 -97.7744 327.002 7 2.16011
8.14043e-05 -7.67251e-05 200 7 2.16011
11.97 -9.78268 212.689 7 2.16011
23.9392 -19.5646 225.38 7 2.16011
35.9072 -29.3453 238.073 7 2.16011
47.8734 -39.1247 250.768 7 2.16011
59.8374 -48.9028 263.467 7 2.16011
71.7989 -58.6793 276.169 7 2.16011
83.7581 -68.4542 288.874 7 2.16011
95.7155 -78.228 301.582 7 2.16011
107.672 -88.0013 314.292 7 2.16011
119.627 -97.7744 327.002 7 2.16011
8.14043e-05 -7.67251e-05 200 7 2.16011
11.97 -9.78268 212.689 7 2.16011
23.9392 -19.5646 225.38 7 2.16011
35.9072 -29.3453 238.073 7 2.16011
47.8734 -39.1247 250.768 7 2.16011
59.8374 -48.9028 263.467 7 2.16011
71.7989 -58.6793 276.169 7 2.16011
83.7581 -68.4542 288.874 7 2.16011
95.7155 -78.228 301.582 7 2.16011
107.672 -88.0013 314.292 7 2.16011
119.627 -97.7744 327.002 7 2.16011
8.14043e-05 -7.67251e-05 200 7 2.16011
11.97 -9.78268 212.689 7 2.16011
23.9392 -19.5646 225.38 7 2.16011
35.9072 -29.3453 238.073 7 2.16011
47.8734 -39.1247 250.768 7 2.16011
59.8374 -48.9028 263.467 7 2.16011
71.7989 -58.6793 276.169 7 2.16011
83.7581 -68.4542 288.874 7 2.16011
95.7155 -78.228 301.582 7 2.16011
107.672 -88.0013 314.292 7 2.16011
119.627 -97.7744 327.002 7 2.16011
