0.000213285 4.0797e-05 200 6.99997 8.28041
12.2614 2.17243 184.349 6.99997 8.28041
24.5231 4.34487 168.698 6.99997 8.28041
36.7858 6.51735 153.049 6.99997 8.28041
49.0498 8.68989 137.4 6.99997 8.28041
61.3153 10.8625 121.752 6.99998 8.28041
73.5823 13.0351 106.106 6.99998 8.28041
85.8511 15.208 90.4614 6.99998 8.28041
98.1212 17.381 74.8177 6.99999 8.28041
110.392 19.5541 59.1748 6.99999 8.28041
122.664 21.7272 43.5322 7 8.28041
0.000213285 4.0797e-05 200 6.99997 8.28041
12.2614 2.17243 184.349 6.99997 8.28041
24.5231 4.34487 168.698 6.99997 8.28041
36.7858 6.51735 153.049 6.99997 8.28041
49.0498 8.68989 137.4 6.99997 8.28041
61.3153 10.8625 121.752 6.99998 8.28041
73.5823 13.0351 106.106 6.99998 8.28041
85.8511 15.208 90.4614 6.99998 8.28041
98.1212 17.381 74.8177 6.99999 8.28041
110.392 19.5541 59.1748 6.99999 8.28041
122.664 21.7272 43.5322 7 8.28041
0.000213285 4.0797e-05 200 6.99997 8.28041
12.2614 2.17243 184.349 6.99997 8.28041
24.5231 4.34487 168.698 6.99997 8.28041
36.7858 6.51735 153.049 6.99997 8.28041
49.0498 8.68989 137.4 6.99997 8.28041
61.3153 10.8625 121.752 6.99998 8.28041
73.5823 13.0351 106.106 6.99998 8.28041
85.8511 15.208 90.4614 6.99998 8.28041
98.1212 17.381 74.8177 6.99999 8.28041
110.392 19.5541 59.1748 6.99999 8.28041
122.664 21.7272 43.5322 7 8.28041
0.000213285 4.0797e-05 200 6.99997 8.28041
12.2614 2.17243 184.349 6.99997 8.28041
24.5231 4.34487 168.698 6.99997 8.28041
36.7858 6.51735 153.049 6.99997 8.28041
49.0498 8.68989 137.4 6.99997 8.28041
61.3153 10.8625 121.752 6.99998 8.28041
73.5823 13.0351 106.106 6.99998 8.28041
85.8511 15.208 90.4614 6.99998 8.28041
98.1212 17.381 74.8177 6.99999 8.28041
110.392 19.5541 59.1748 6.99999 8.28041
122.664 21.7272 43.5322 7 8.28041
0.000213285 4.0797e-05 200 6.99997 8.28041
12.2614 2.17243 184.349 6.99997 8.28041
24.5231 4.34487 168.698 6.99997 8.28041
36.7858 6.51735 153.049 6.99997 8.28041
49.0498 8.68989 137.4 6.99997 8.28041
61.3153 10.8625 121.752 6.99998 8.28041
73.5823 13.0351 106.106 6.99998 8.28041
85.8511 15.208 90.4614 6.99998 8.28041
98.1212 17.381 74.8177 6.99999 8.28041
110.392 19.5541 59.1748 6.99999 8.28041
122.664 21.7272 43.5322 7 8.28041
0.000213285 4.0797e-05 200 6.99997 8.28041
12.2614 2.17243 184.349 6.99997 8.28041
24.5231 4.34487 168.698 6.99997 8.28041
36.7858 6.51735 153.049 6.99997 8.28041
49.0498 8.68989 137.4 6.99997 8.28041
61.3153 10.8625 121.752 6.99998 8.28041
73.5823 13.0351 106.106 6.99998 8.28041
85.8511 15.208 90.4614 6.99998 8.28041
98.1212 17.381 74.8177 6.99999 8.28041
110.392 19.5541 59.1748 6.99999 8.28041
122.664 21.7272 43.5322 7 8.28041
