4.38583e-05 -8.67215e-06 200 7 1.64008
13.6897 -14.3562 202.548 7 1.64008
27.379 -28.7126 205.097 7 1.64008
41.068 -43.0692 207.647 7 1.64008
54.7565 -57.426 210.198 7 1.64008
68.4446 -71.7827 212.751 7 1.64008
82.1324 -86.1393 215.307 7 1.64008
95.8199 -100.496 217.865 7 1.64008
109.507 -114.852 220.425 7 1.64008
123.194 -129.209 222.986 7 1.64008
136.88 -143.566 225.549 7 1.64008
4.38583e-05 -8.67215e-06 200 7 1.64008
13.6897 -14.3562 202.548 7 1.64008
27.379 -28.7126 205.097 7 1.64008
41.068 -43.0692 207.647 7 1.64008
54.7565 -57.426 210.198 7 1.64008
68.4446 -71.7827 212.751 7 1.64008
82.1324 -86.1393 215.307 7 1.64008
95.8199 -100.496 217.865 7 1.64008
109.507 -114.852 220.425 7 1.64008
123.194 -129.209 222.986 7 1.64008
136.88 -143.566 225.549 7 1.64008
4.38583e-05 -8.67215e-06 200 7 1.64008
13.6897 -14.3562 202.548 7 1.64008
27.379 -28.7126 205.097 7 1.64008
41.068 -43.0692 207.647 7 1.64008
54.7565 -57.426 210.198 7 1.64008
68.4446 -71.7827 212.751 7 1.64008
82.1324 -86.1393 215.307 7 1.64008
95.8199 -100.496 217.865 7 1.64008
109.507 -114.852 220.425 7 1.64008
123.194 -129.209 222.986 7 1.64008
136.88 -143.566 225.549 7 1.64008
4.38583e-05 -8.67215e-06 200 7 1.64008
13.6897 -14.3562 202.548 7 1.64008
27.379 -28.7126 205.097 7 1.64008
41.068 -43.0692 207.647 7 1.64008
54.7565 -57.426 210.198 7 1.64008
68.4446 -71.7827 212.751 7 1.64008
82.1324 -86.1393 215.307 7 1.64008
95.8199 -100.496 217.865 7 1.64008
109.507 -114.852 220.425 7 1.64008
123.194 -129.209 222.986 7 1.64008
136.88 -143.566 225.549 7 1.64008
4.38583e-05 -8.67215e-06 200 7 1.64008
13.6897 -14.3562 202.548 7 1.64008
27.379 -28.7126 205.097 7 1.64008
41.068 -43.0692 207.647 7 1.64008
54.7565 -57.426 210.198 7 1.64008
68.4446 -71.7827 212.751 7 1.64008
82.1324 -86.1393 215.307 7 1.64008
95.8199 -100.496 217.865 7 1.64008
109.507 -114.852 220.425 7 1.64008
123.194 -129.209 222.986 7 1.64008
136.88 -143.566 225.549 7 1.64008
4.38583e-05 -8.67215e-06 200 7 1.64008
13.6897 -14.3562 202.548 7 1.64008
27.379 -28.7126 205.097 7 1.64008
41.068 -43.0692 207.647 7 1.64008
54.7565 -57.426 210.198 7 1.64008
68.4446 -71.7827 212.751 7 1.64008
82.1324 -86.1393 215.307 7 1.64008
95.8199 -100.496 217.865 7 1.64008
109.507 -114.852 220.425 7 1.64008
123.194 -129.209 222.986 7 1.64008
136.88 -143.566 225.549 7 1.64008
