0.000117194 1.54274e-05 200 6.99999 5.40027
15.9053 3.03366 188.26 6.99999 5.40027
31.8102 6.06732 176.52 6.99999 5.40027
47.7145 9.10098 164.779 6.99999 5.40027
63.618 12.1346 153.037 6.99999 5.40027
79.5206 15.1682 141.293 6.99999 5.40027
95.4226 18.202 129.549 7 5.40027
111.324 21.236 117.805 7 5.40027
127.225 24.2704 106.06 7 5.40027
143.126 27.305 94.3146 7 5.40027
159.028 30.3397 82.5697 7 5.40027
0.000117194 1.54274e-05 200 6.99999 5.40027
15.9053 3.03366 188.26 6.99999 5.40027
31.8102 6.06732 176.52 6.99999 5.40027
47.7145 9.10098 164.779 6.99999 5.40027
63.618 12.1346 153.037 6.99999 5.40027
79.5206 15.1682 141.293 6.99999 5.40027
95.4226 18.202 129.549 7 5.40027
111.324 21.236 117.805 7 5.40027
127.225 24.2704 106.06 7 5.40027
143.126 27.305 94.3146 7 5.40027
159.028 30.3397 82.5697 7 5.40027
0.000117194 1.54274e-05 200 6.99999 5.40027
15.9053 3.03366 188.26 6.99999 5.40027
31.8102 6.06732 176.52 6.99999 5.40027
47.7145 9.10098 164.779 6.99999 5.40027
63.618 12.1346 153.037 6.99999 5.40027
79.5206 15.1682 141.293 6.99999 5.40027
95.4226 18.202 129.549 7 5.40027
111.324 21.236 117.805 7 5.40027
127.225 24.2704 106.06 7 5.40027
143.126 27.305 94.3146 7 5.40027
159.028 30.3397 82.5697 7 5.40027
0.000117194 1.54274e-05 200 6.99999 5.40027
15.9053 3.03366 188.26 6.99999 5.40027
31.8102 6.06732 176.52 6.99999 5.40027
47.7145 9.10098 164.779 6.99999 5.40027
63.618 12.1346 153.037 6.99999 5.40027
79.5206 15.1682 141.293 6.99999 5.40027
95.4226 18.202 129.549 7 5.40027
111.324 21.236 117.805 7 5.40027
127.225 24.2704 106.06 7 5.40027
143.126 27.305 94.3146 7 5.40027
159.028 30.3397 82.5697 7 5.40027
0.000117194 1.54274e-05 200 6.99999 5.40027
15.9053 3.03366 188.26 6.99999 5.40027
31.8102 6.06732 176.52 6.99999 5.40027
47.7145 9.10098 164.779 6.99999 5.40027
63.618 12.1346 153.037 6.99999 5.40027
79.5206 15.1682 141.293 6.99999 5.40027
95.4226 18.202 129.549 7 5.40027
111.324 21.236 117.805 7 5.40027
127.225 24.2704 106.06 7 5.40027
143.126 27.305 94.3146 7 5.40027
159.028 30.3397 82.5697 7 5.40027
0.000117194 1.54274e-05 200 6.99999 5.40027
15.9053 3.03366 188.26 6.99999 5.40027
31.8102 6.06732 176.52 6.99999 5.40027
47.7145 9.10098 164.779 6.99999 5.40027
63.618 12.1346 153.037 6.99999 5.40027
79.5206 15.1682 141.293 6.99999 5.40027
95.4226 18.202 129.549 7 5.40027
111.324 21.236 117.805 7 5.40027
127.225 24.2704 106.06 7 5.40027
143.126 27.305 94.3146 7 5.40027
159.028 30.3397 82.5697 7 5.40027
