-0.000151607 -3.74731e-05 200 6.99998 9.52048
-11.756 -1.64629 216.097 6.99998 9.52048
-23.5121 -3.29234 232.193 6.99998 9.52048
-35.2687 -4.93806 248.289 6.99998 9.52048
-47.026 -6.58339 264.384 6.99998 9.52048
-58.7838 -8.22836 280.479 6.99998 9.52048
-70.5422 -9.87304 296.574 6.99998 9.52048
-82.3011 -11.5175 312.668 6.99999 9.52048
-94.0604 -13.1616 328.762 6.99999 9.52048
-105.82 -14.8057 344.856 6.99999 9.52048
-117.579 -16.4496 360.95 6.99999 9.52048
-0.000151607 -3.74731e-05 200 6.99998 9.52048
-11.756 -1.64629 216.097 6.99998 9.52048
-23.5121 -3.29234 232.193 6.99998 9.52048
-35.2687 -4.93806 248.289 6.99998 9.52048
-47.026 -6.58339 264.384 6.99998 9.52048
-58.7838 -8.22836 280.479 6.99998 9.52048
-70.5422 -9.87304 296.574 6.99998 9.52048
-82.3011 -11.5175 312.668 6.99999 9.52048
-94.0604 -13.1616 328.762 6.99999 9.52048
-105.82 -14.8057 344.856 6.99999 9.52048
-117.579 -16.4496 360.95 6.99999 9.52048
-0.000151607 -3.74731e-05 200 6.99998 9.52048
-11.756 -1.64629 216.097 6.99998 9.52048
-23.5121 -3.29234 232.193 6.99998 9.52048
-35.2687 -4.93806 248.289 6.99998 9.52048
-47.026 -6.58339 264.384 6.99998 9.52048
-58.7838 -8.22836 280.479 6.99998 9.52048
-70.5422 -9.87304 296.574 6.99998 9.52048
-82.3011 -11.5175 312.668 6.99999 9.52048
-94.0604 -13.1616 328.762 6.99999 9.52048
-105.82 -14.8057 344.856 6.99999 9.52048
-117.579 -16.4496 360.95 6.99999 9.52048
-0.000151607 -3.74731e-05 200 6.99998 9.52048
-11.756 -1.64629 216.097 6.99998 9.52048
-23.5121 -3.29234 232.193 6.99998 9.52048
-35.2687 -4.93806 248.289 6.99998 9.52048
-47.026 -6.58339 264.384 6.99998 9.52048
-58.7838 -8.22836 280.479 6.99998 9.52048
-70.5422 -9.87304 296.574 6.99998 9.52048
-82.3011 -11.5175 312.668 6.99999 9.52048
-94.0604 -13.1616 328.762 6.99999 9.52048
-105.82 -14.8057 344.856 6.99999 9.52048
-117.579 -16.4496 360.95 6.99999 9.52048
-0.000151607 -3.74731e-05 200 6.99998 9.52048
-11.756 -1.64629 216.097 6.99998 9.52048
-23.5121 -3.29234 232.193 6.99998 9.52048
-35.2687 -4.93806 248.289 6.99998 9.52048
-47.026 -6.58339 264.384 6.99998 9.52048
-58.7838 -8.22836 280.479 6.99998 9.52048
-70.5422 -9.87304 296.574 6.99998 9.52048
-82.3011 -11.5175 312.668 6.99999 9.52048
-94.0604 -13.1616 328.762 6.99999 9.52048
-105.82 -14.8057 344.856 6.99999 9.52048
-117.579 -16.4496 360.95 6.99999 9.52048
-0.000151607 -3.74731e-05 200 6.99998 9.52048
-11.756 -1.64629 216.097 6.99998 9.52048
-23.5121 -3.29234 232.193 6.99998 9.52048
-35.2687 -4.93806 248.289 6.99998 9.52048
-47.026 -6.58339 264.384 6.99998 9.52048
-58.7838 -8.22836 280.479 6.99998 9.52048
-70.5422 -9.87304 296.574 6.99998 9.52048
-82.3011 -11.5175 312.668 6.99999 9.52048
-94.0604 -13.1616 328.762 6.99999 9.52048
-105.82 -14.8057 344.856 6.99999 9.52048
-117.579 -16.4496 360.95 6.99999 9.52048
