-2.11462e-05 4.64827e-05 200 6.99997 8.0004
-1.36981 2.07965 180.155 6.99997 8.0004
-2.73964 4.15914 160.311 6.99997 8.0004
-4.10943 6.23844 140.466 6.99997 8.0004
-5.47919 8.31745 120.621 6.99998 8.0004
-6.84894 10.3961 100.777 6.99998 8.0004
-8.21871 12.4742 80.9322 6.99998 8.0004
-9.58831 14.5519 61.0875 6.99999 8.0004
-10.9574 16.6292 41.2428 6.99999 8.0004
-12.326 18.7065 21.3981 6.99999 8.0004
-13.6941 20.7837 1.55332 7 8.0004
-2.11462e-05 4.64827e-05 200 6.99997 8.0004
-1.36981 2.07965 180.155 6.99997 8.0004
-2.73964 4.15914 160.311 6.99997 8.0004
-4.10943 6.23844 140.466 6.99997 8.0004
-5.47919 8.31745 120.621 6.99998 8.0004
-6.84894 10.3961 100.777 6.99998 8.0004
-8.21871 12.4742 80.9322 6.99998 8.0004
-9.58831 14.5519 61.0875 6.99999 8.0004
-10.9574 16.6292 41.2428 6.99999 8.0004
-12.326 18.7065 21.3981 6.99999 8.0004
-13.6941 20.7837 1.55332 7 8.0004
-2.11462e-05 4.64827e-05 200 6.99997 8.0004
-1.36981 2.07965 180.155 6.99997 8.0004
-2.73964 4.15914 160.311 6.99997 8.0004
-4.10943 6.23844 140.466 6.99997 8.0004
-5.47919 8.31745 120.621 6.99998 8.0004
-6.84894 10.3961 100.777 6.99998 8.0004
-8.21871 12.4742 80.9322 6.99998 8.0004
-9.58831 14.5519 61.0875 6.99999 8.0004
-10.9574 16.6292 41.2428 6.99999 8.0004
-12.326 18.7065 21.3981 6.99999 8.0004
-13.6941 20.7837 1.55332 7 8.0004
-2.11462e-05 4.64827e-05 200 6.99997 8.0004
-1.36981 2.07965 180.155 6.99997 8.0004
-2.73964 4.15914 160.311 6.99997 8.0004
-4.10943 6.23844 140.466 6.99997 8.0004
-5.47919 8.31745 120.621 6.99998 8.0004
-6.84894 10.3961 100.777 6.99998 8.0004
-8.21871 12.4742 80.9322 6.99998 8.0004
-9.58831 14.5519 61.0875 6.99999 8.0004
-10.9574 16.6292 41.2428 6.99999 8.0004
-12.326 18.7065 21.3981 6.99999 8.0004
-13.6941 20.7837 1.55332 7 8.0004
-2.11462e-05 4.64827e-05 200 6.99997 8.0004
-1.36981 2.07965 180.155 6.99997 8.0004
-2.73964 4.15914 160.311 6.99997 8.0004
-4.10943 6.23844 140.466 6.99997 8.0004
-5.47919 8.31745 120.621 6.99998 8.0004
-6.84894 10.3961 100.777 6.99998 8.0004
-8.21871 12.4742 80.9322 6.99998 8.0004
-9.58831 14.5519 61.0875 6.99999 8.0004
-10.9574 16.6292 41.2428 6.99999 8.0004
-12.326 18.7065 21.3981 6.99999 8.0004
-13.6941 20.7837 1.55332 7 8.0004
-2.11462e-05 4.64827e-05 200 6.99997 8.0004
-1.36981 2.07965 180.155 6.99997 8.0004
-2.73964 4.15914 160.311 6.99997 8.0004
-4.10943 6.23844 140.466 6.99997 8.0004
-5.47919 8.31745 120.621 6.99998 8.0004
-6.84894 10.3961 100.777 6.99998 8.0004
-8.21871 12.4742 80.9322 6.99998 8.0004
-9.58831 14.5519 61.0875 6.99999 8.0004
-10.9574 16.6292 41.2428 6.99999 8.0004
-12.326 18.7065 21.3981 6.99999 8.0004
-13.6941 20.7837 1.55332 7 8.0004
