-4.71439e-05 -2.68255e-05 200 6.99999 6.72034
-3.30377 -3.6821 219.379 6.99999 6.72034
-6.60725 -7.36427 238.757 6.99999 6.72034
-9.91022 -11.0466 258.136 6.99999 6.72034
-13.2126 -14.7292 277.515 6.99999 6.72034
-16.5144 -18.4122 296.894 6.99999 6.72034
-19.8158 -22.0955 316.272 6.99999 6.72034
-23.1167 -25.7793 335.651 6.99999 6.72034
-26.4172 -29.4634 355.03 7 6.72034
-29.718 -33.1478 374.408 7 6.72034
-33.0191 -36.8322 393.787 7 6.72034
-4.71439e-05 -2.68255e-05 200 6.99999 6.72034
-3.30377 -3.6821 219.379 6.99999 6.72034
-6.60725 -7.36427 238.757 6.99999 6.72034
-9.91022 -11.0466 258.136 6.99999 6.72034
-13.2126 -14.7292 277.515 6.99999 6.72034
-16.5144 -18.4122 296.894 6.99999 6.72034
-19.8158 -22.0955 316.272 6.99999 6.72034
-23.1167 -25.7793 335.651 6.99999 6.72034
-26.4172 -29.4634 355.03 7 6.72034
-29.718 -33.1478 374.408 7 6.72034
-33.0191 -36.8322 393.787 7 6.72034
-4.71439e-05 -2.68255e-05 200 6.99999 6.72034
-3.30377 -3.6821 219.379 6.99999 6.72034
-6.60725 -7.36427 238.757 6.99999 6.72034
-9.91022 -11.0466 258.136 6.99999 6.72034
-13.2126 -14.7292 277.515 6.99999 6.72034
-16.5144 -18.4122 296.894 6.99999 6.72034
-19.8158 -22.0955 316.272 6.99999 6.72034
-23.1167 -25.7793 335.651 6.99999 6.72034
-26.4172 -29.4634 355.03 7 6.72034
-29.718 -33.1478 374.408 7 6.72034
-33.0191 -36.8322 393.787 7 6.72034
-4.71439e-05 -2.68255e-05 200 6.99999 6.72034
-3.30377 -3.6821 219.379 6.99999 6.72034
-6.60725 -7.36427 238.757 6.99999 6.72034
-9.91022 -11.0466 258.136 6.99999 6.72034
-13.2126 -14.7292 277.515 6.99999 6.72034
-16.5144 -18.4122 296.894 6.99999 6.72034
-19.8158 -22.0955 316.272 6.99999 6.72034
-23.1167 -25.7793 335.651 6.99999 6.72034
-26.4172 -29.4634 355.03 7 6.72034
-29.718 -33.1478 374.408 7 6.72034
-33.0191 -36.8322 393.787 7 6.72034
-4.71439e-05 -2.68255e-05 200 6.99999 6.72034
-3.30377 -3.6821 219.379 6.99999 6.72034
-6.60725 -7.36427 238.757 6.99999 6.72034
-9.91022 -11.0466 258.136 6.99999 6.72034
-13.2126 -14.7292 277.515 6.99999 6.72034
-16.5144 -18.4122 296.894 6.99999 6.72034
-19.8158 -22.0955 316.272 6.99999 6.72034
-23.1167 -25.7793 335.651 6.99999 6.72034
-26.4172 -29.4634 355.03 7 6.72034
-29.718 -33.1478 374.408 7 6.72034
-33.0191 -36.8322 393.787 7 6.72034
-4.71439e-05 -2.68255e-05 200 6.99999 6.72034
-3.30377 -3.6821 219.379 6.99999 6.72034
-6.60725 -7.36427 238.757 6.99999 6.72034
-9.91022 -11.0466 258.136 6.99999 6.72034
-13.2126 -14.7292 277.515 6.99999 6.72034
-16.5144 -18.4122 296.894 6.99999 6.72034
-19.8158 -22.0955 316.272 6.99999 6.72034
-23.1167 -25.7793 335.651 6.99999 6.72034
-26.4172 -29.4634 355.03 7 6.72034
-29.718 -33.1478 374.408 7 6.72034
-33.0191 -36.8322 393.787 7 6.72034
