-7.15303e-05 4.50578e-05 200 6.99999 4.0402
-18.4884 6.29708 195.695 6.99999 4.0402
-36.9769 12.5939 191.391 6.99999 4.0402
-55.4655 18.8905 187.087 6.99999 4.0402
-73.954 25.1871 182.782 6.99999 4.0402
-92.4427 31.4833 178.478 7 4.0402
-110.932 37.7791 174.174 7 4.0402
-129.421 44.0745 169.87 7 4.0402
-147.91 50.3695 165.567 7 4.0402
-166.399 56.6643 161.263 7 4.0402
-184.888 62.9591 156.959 7 4.0402
-7.15303e-05 4.50578e-05 200 6.99999 4.0402
-18.4884 6.29708 195.695 6.99999 4.0402
-36.9769 12.5939 191.391 6.99999 4.0402
-55.4655 18.8905 187.087 6.99999 4.0402
-73.954 25.1871 182.782 6.99999 4.0402
-92.4427 31.4833 178.478 7 4.0402
-110.932 37.7791 174.174 7 4.0402
-129.421 44.0745 169.87 7 4.0402
-147.91 50.3695 165.567 7 4.0402
-166.399 56.6643 161.263 7 4.0402
-184.888 62.9591 156.959 7 4.0402
-7.15303e-05 4.50578e-05 200 6.99999 4.0402
-18.4884 6.29708 195.695 6.99999 4.0402
-36.9769 12.5939 191.391 6.99999 4.0402
-55.4655 18.8905 187.087 6.99999 4.0402
-73.954 25.1871 182.782 6.99999 4.0402
-92.4427 31.4833 178.478 7 4.0402
-110.932 37.7791 174.174 7 4.0402
-129.421 44.0745 169.87 7 4.0402
-147.91 50.3695 165.567 7 4.0402
-166.399 56.6643 161.263 7 4.0402
-184.888 62.9591 156.959 7 4.0402
-7.15303e-05 4.50578e-05 200 6.99999 4.0402
-18.4884 6.29708 195.695 6.99999 4.0402
-36.9769 12.5939 191.391 6.99999 4.0402
-55.4655 18.8905 187.087 6.99999 4.0402
-73.954 25.1871 182.782 6.99999 4.0402
-92.4427 31.4833 178.478 7 4.0402
-110.932 37.7791 174.174 7 4.0402
-129.421 44.0745 169.87 7 4.0402
-147.91 50.3695 165.567 7 4.0402
-166.399 56.6643 161.263 7 4.0402
-184.888 62.9591 156.959 7 4.0402
-7.15303e-05 4.50578e-05 200 6.99999 4.0402
-18.4884 6.29708 195.695 6.99999 4.0402
-36.9769 12.5939 191.391 6.99999 4.0402
-55.4655 18.8905 187.087 6.99999 4.0402
-73.954 25.1871 182.782 6.99999 4.0402
-92.4427 31.4833 178.478 7 4.0402
-110.932 37.7791 174.174 7 4.0402
-129.421 44.0745 169.87 7 4.0402
-147.91 50.3695 165.567 7 4.0402
-166.399 56.6643 161.263 7 4.0402
-184.888 62.9591 156.959 7 4.0402
-7.15303e-05 4.50578e-05 200 6.99999 4.0402
-18.4884 6.29708 195.695 6.99999 4.0402
-36.9769 12.5939 191.391 6.99999 4.0402
-55.4655 18.8905 187.087 6.99999 4.0402
-73.954 25.1871 182.782 6.99999 4.0402
-92.4427 31.4833 178.478 7 4.0402
-110.932 37.7791 174.174 7 4.0402
-129.421 44.0745 169.87 7 4.0402
-147.91 50.3695 165.567 7 4.0402
-166.399 56.6643 161.263 7 4.0402
-184.888 62.9591 156.959 7 4.0402
