-1.92012e-05 8.27665e-07 200 7 0.540027
1.49176 -19.501 195.819 7 0.540027
2.98381 -39.0022 191.638 7 0.540027
4.47638 -58.5036 187.458 7 0.540027
5.96973 -78.0051 183.279 7 0.540027
7.46437 -97.5066 179.101 7 0.540027
8.96069 -117.008 174.925 7 0.540027
10.4587 -136.51 170.749 7 0.540027
11.9579 -156.012 166.574 7 0.540027
13.458 -175.514 162.398 7 0.540027
14.9586 -195.015 158.223 7 0.540027
-1.92012e-05 8.27665e-07 200 7 0.540027
1.49176 -19.501 195.819 7 0.540027
2.98381 -39.0022 191.638 7 0.540027
4.47638 -58.5036 187.458 7 0.540027
5.96973 -78.0051 183.279 7 0.540027
7.46437 -97.5066 179.101 7 0.540027
8.96069 -117.008 174.925 7 0.540027
10.4587 -136.51 170.749 7 0.540027
11.9579 -156.012 166.574 7 0.540027
13.458 -175.514 162.398 7 0.540027
14.9586 -195.015 158.223 7 0.540027
-1.92012e-05 8.27665e-07 200 7 0.540027
1.49176 -19.501 195.819 7 0.540027
2.98381 -39.0022 191.638 7 0.540027
4.47638 -58.5036 187.458 7 0.540027
5.96973 -78.0051 183.279 7 0.540027
7.46437 -97.5066 179.101 7 0.540027
8.96069 -117.008 174.925 7 0.540027
10.4587 -136.51 170.749 7 0.540027
11.9579 -156.012 166.574 7 0.540027
13.458 -175.514 162.398 7 0.540027
14.9586 -195.015 158.223 7 0.540027
-1.92012e-05 8.27665e-07 200 7 0.540027
1.49176 -19.501 195.819 7 0.540027
2.98381 -39.0022 191.638 7 0.540027
4.47638 -58.5036 187.458 7 0.540027
5.96973 -78.0051 183.279 7 0.540027
7.46437 -97.5066 179.101 7 0.540027
8.96069 -117.008 174.925 7 0.540027
10.4587 -136.51 170.749 7 0.540027
11.9579 -156.012 166.574 7 0.540027
13.458 -175.514 162.398 7 0.540027
14.9586 -195.015 158.223 7 0.540027
-1.92012e-05 8.27665e-07 200 7 0.540027
1.49176 -19.501 195.819 7 0.540027
2.98381 -39.0022 191.638 7 0.540027
4.47638 -58.5036 187.458 7 0.540027
5.96973 -78.0051 183.279 7 0.540027
7.46437 -97.5066 179.101 7 0.540027
8.96069 -117.008 174.925 7 0.540027
10.4587 -136.51 170.749 7 0.540027
11.9579 -156.012 166.574 7 0.540027
13.458 -175.514 162.398 7 0.540027
14.9586 -195.015 158.223 7 0.540027
-1.92012e-05 8.27665e-07 200 7 0.540027
1.49176 -19.501 195.819 7 0.540027
2.98381 -39.0022 191.638 7 0.540027
4.47638 -58.5036 187.458 7 0.540027
5.96973 -78.0051 183.279 7 0.540027
7.46437 -97.5066 179.101 7 0.540027
8.96069 -117.008 174.925 7 0.540027
10.4587 -136.51 170.749 7 0.540027
11.9579 -156.012 166.574 7 0.540027
13.458 -175.514 162.398 7 0.540027
14.9586 -195.015 158.223 7 0.540027
