-3.12908e-05 -2.51566e-06 200 7 0.300015
0.133563 -19.8869 197.881 7 0.300015
0.267596 -39.774 195.762 7 0.300015
0.402206 -59.6611 193.644 7 0.300015
0.537579 -79.5482 191.527 7 0.300015
0.674012 -99.4355 189.411 7 0.300015
0.811876 -119.323 187.296 7 0.300015
0.951585 -139.211 185.184 7 0.300015
1.09316 -159.098 183.073 7 0.300015
1.23619 -178.986 180.962 7 0.300015
1.37999 -198.874 178.852 7 0.300015
-3.12908e-05 -2.51566e-06 200 7 0.300015
0.133563 -19.8869 197.881 7 0.300015
0.267596 -39.774 195.762 7 0.300015
0.402206 -59.6611 193.644 7 0.300015
0.537579 -79.5482 191.527 7 0.300015
0.674012 -99.4355 189.411 7 0.300015
0.811876 -119.323 187.296 7 0.300015
0.951585 -139.211 185.184 7 0.300015
1.09316 -159.098 183.073 7 0.300015
1.23619 -178.986 180.962 7 0.300015
1.37999 -198.874 178.852 7 0.300015
-3.12908e-05 -2.51566e-06 200 7 0.300015
0.133563 -19.8869 197.881 7 0.300015
0.267596 -39.774 195.762 7 0.300015
0.402206 -59.6611 193.644 7 0.300015
0.537579 -79.5482 191.527 7 0.300015
0.674012 -99.4355 189.411 7 0.300015
0.811876 -119.323 187.296 7 0.300015
0.951585 -139.211 185.184 7 0.300015
1.09316 -159.098 183.073 7 0.300015
1.23619 -178.986 180.962 7 0.300015
1.37999 -198.874 178.852 7 0.300015
-3.12908e-05 -2.51566e-06 200 7 0.300015
0.133563 -19.8869 197.881 7 0.300015
0.267596 -39.774 195.762 7 0.300015
0.402206 -59.6611 193.644 7 0.300015
0.537579 -79.5482 191.527 7 0.300015
0.674012 -99.4355 189.411 7 0.300015
0.811876 -119.323 187.296 7 0.300015
0.951585 -139.211 185.184 7 0.300015
1.09316 -159.098 183.073 7 0.300015
1.23619 -178.986 180.962 7 0.300015
1.37999 -198.874 178.852 7 0.300015
-3.12908e-05 -2.51566e-06 200 7 0.300015
0.133563 -19.8869 197.881 7 0.300015
0.267596 -39.774 195.762 7 0.300015
0.402206 -59.6611 193.644 7 0.300015
0.537579 -79.5482 191.527 7 0.300015
0.674012 -99.4355 189.411 7 0.300015
0.811876 -119.323 187.296 7 0.300015
0.951585 -139.211 185.184 7 0.300015
1.09316 -159.098 183.073 7 0.300015
1.23619 -178.986 180.962 7 0.300015
1.37999 -198.874 178.852 7 0.300015
-3.12908e-05 -2.51566e-06 200 7 0.300015
0.133563 -19.8869 197.881 7 0.300015
0.267596 -39.774 195.762 7 0.300015
0.402206 -59.6611 193.644 7 0.300015
0.537579 -79.5482 191.527 7 0.300015
0.674012 -99.4355 189.411 7 0.300015
0.811876 -119.323 187.296 7 0.300015
0.951585 -139.211 185.184 7 0.300015
1.09316 -159.098 183.073 7 0.300015
1.23619 -178.986 180.962 7 0.300015
1.37999 -198.874 178.852 7 0.300015
