-0.000202773 -1.0567e-05 200 6.99998 9.9205
-19.6899 -0.274829 203.499 6.99998 9.9205
-39.3797 -0.549535 206.998 6.99998 9.9205
-59.0695 -0.824005 210.496 6.99999 9.9205
-78.7594 -1.09818 213.994 6.99999 9.9205
-98.4494 -1.3721 217.491 6.99999 9.9205
-118.139 -1.6458 220.989 6.99999 9.9205
-137.83 -1.9193 224.486 6.99999 9.9205
-157.52 -2.19265 227.983 6.99999 9.9205
-177.21 -2.46593 231.48 6.99999 9.9205
-196.9 -2.73917 234.977 7 9.9205
-0.000202773 -1.0567e-05 200 6.99998 9.9205
-19.6899 -0.274829 203.499 6.99998 9.9205
-39.3797 -0.549535 206.998 6.99998 9.9205
-59.0695 -0.824005 210.496 6.99999 9.9205
-78.7594 -1.09818 213.994 6.99999 9.9205
-98.4494 -1.3721 217.491 6.99999 9.9205
-118.139 -1.6458 220.989 6.99999 9.9205
-137.83 -1.9193 224.486 6.99999 9.9205
-157.52 -2.19265 227.983 6.99999 9.9205
-177.21 -2.46593 231.48 6.99999 9.9205
-196.9 -2.73917 234.977 7 9.9205
-0.000202773 -1.0567e-05 200 6.99998 9.9205
-19.6899 -0.274829 203.499 6.99998 9.9205
-39.3797 -0.549535 206.998 6.99998 9.9205
-59.0695 -0.824005 210.496 6.99999 9.9205
-78.7594 -1.09818 213.994 6.99999 9.9205
-98.4494 -1.3721 217.491 6.99999 9.9205
-118.139 -1.6458 220.989 6.99999 9.9205
-137.83 -1.9193 224.486 6.99999 9.9205
-157.52 -2.19265 227.983 6.99999 9.9205
-177.21 -2.46593 231.48 6.99999 9.9205
-196.9 -2.73917 234.977 7 9.9205
-0.000202773 -1.0567e-05 200 6.99998 9.9205
-19.6899 -0.274829 203.499 6.99998 9.9205
-39.3797 -0.549535 206.998 6.99998 9.9205
-59.0695 -0.824005 210.496 6.99999 9.9205
-78.7594 -1.09818 213.994 6.99999 9.9205
-98.4494 -1.3721 217.491 6.99999 9.9205
-118.139 -1.6458 220.989 6.99999 9.9205
-137.83 -1.9193 224.486 6.99999 9.9205
-157.52 -2.19265 227.983 6.99999 9.9205
-177.21 -2.46593 231.48 6.99999 9.9205
-196.9 -2.73917 234.977 7 9.9205
-0.000202773 -1.0567e-05 200 6.99998 9.9205
-19.6899 -0.274829 203.499 6.99998 9.9205
-39.3797 -0.549535 206.998 6.99998 9.9205
-59.0695 -0.824005 210.496 6.99999 9.9205
-78.7594 -1.09818 213.994 6.99999 9.9205
-98.4494 -1.3721 217.491 6.99999 9.9205
-118.139 -1.6458 220.989 6.99999 9.9205
-137.83 -1.9193 224.486 6.99999 9.9205
-157.52 -2.19265 227.983 6.99999 9.9205
-177.21 -2.46593 231.48 6.99999 9.9205
-196.9 -2.73917 234.977 7 9.9205
-0.000202773 -1.0567e-05 200 6.99998 9.9205
-19.6899 -0.274829 203.499 6.99998 9.9205
-39.3797 -0.549535 206.998 6.99998 9.9205
-59.0695 -0.824005 210.496 6.99999 9.9205
-78.7594 -1.09818 213.994 6.99999 9.9205
-98.4494 -1.3721 217.491 6.99999 9.9205
-118.139 -1.6458 220.989 6.99999 9.9205
-137.83 -1.9193 224.486 6.99999 9.9205
-157.52 -2.19265 227.983 6.99999 9.9205
-177.21 -2.46593 231.48 6.99999 9.9205
-196.9 -2.73917 234.977 7 9.9205
