0.00041965 5.90687e-06 200 6.99997 8.68043
19.7505 0.400684 203.127 6.99997 8.68043
39.5006 0.801401 206.255 6.99997 8.68043
59.2505 1.20225 209.384 6.99997 8.68043
79.0001 1.60327 212.514 6.99997 8.68043
98.7494 2.00443 215.646 6.99998 8.68043
118.498 2.40571 218.78 6.99998 8.68043
138.247 2.80704 221.915 6.99998 8.68043
157.996 3.20842 225.052 6.99999 8.68043
177.744 3.60983 228.19 6.99999 8.68043
197.492 4.01124 231.328 6.99999 8.68043
0.00041965 5.90687e-06 200 6.99997 8.68043
19.7505 0.400684 203.127 6.99997 8.68043
39.5006 0.801401 206.255 6.99997 8.68043
59.2505 1.20225 209.384 6.99997 8.68043
79.0001 1.60327 212.514 6.99997 8.68043
98.7494 2.00443 215.646 6.99998 8.68043
118.498 2.40571 218.78 6.99998 8.68043
138.247 2.80704 221.915 6.99998 8.68043
157.996 3.20842 225.052 6.99999 8.68043
177.744 3.60983 228.19 6.99999 8.68043
197.492 4.01124 231.328 6.99999 8.68043
0.00041965 5.90687e-06 200 6.99997 8.68043
19.7505 0.400684 203.127 6.99997 8.68043
39.5006 0.801401 206.255 6.99997 8.68043
59.2505 1.20225 209.384 6.99997 8.68043
79.0001 1.60327 212.514 6.99997 8.68043
98.7494 2.00443 215.646 6.99998 8.68043
118.498 2.40571 218.78 6.99998 8.68043
138.247 2.80704 221.915 6.99998 8.68043
157.996 3.20842 225.052 6.99999 8.68043
177.744 3.60983 228.19 6.99999 8.68043
197.492 4.01124 231.328 6.99999 8.68043
0.00041965 5.90687e-06 200 6.99997 8.68043
19.7505 0.400684 203.127 6.99997 8.68043
39.5006 0.801401 206.255 6.99997 8.68043
59.2505 1.20225 209.384 6.99997 8.68043
79.0001 1.60327 212.514 6.99997 8.68043
98.7494 2.00443 215.646 6.99998 8.68043
118.498 2.40571 218.78 6.99998 8.68043
138.247 2.80704 221.915 6.99998 8.68043
157.996 3.20842 225.052 6.99999 8.68043
177.744 3.60983 228.19 6.99999 8.68043
197.492 4.01124 231.328 6.99999 8.68043
0.00041965 5.90687e-06 200 6.99997 8.68043
19.7505 0.400684 203.127 6.99997 8.68043
39.5006 0.801401 206.255 6.99997 8.68043
59.2505 1.20225 209.384 6.99997 8.68043
79.0001 1.60327 212.514 6.99997 8.68043
98.7494 2.00443 215.646 6.99998 8.68043
118.498 2.40571 218.78 6.99998 8.68043
138.247 2.80704 221.915 6.99998 8.68043
157.996 3.20842 225.052 6.99999 8.68043
177.744 3.60983 228.19 6.99999 8.68043
197.492 4.01124 231.328 6.99999 8.68043
0.00041965 5.90687e-06 200 6.99997 8.68043
19.7505 0.400684 203.127 6.99997 8.68043
39.5006 0.801401 206.255 6.99997 8.68043
59.2505 1.20225 209.384 6.99997 8.68043
79.0001 1.60327 212.514 6.99997 8.68043
98.7494 2.00443 215.646 6.99998 8.68043
118.498 2.40571 218.78 6.99998 8.68043
138.247 2.80704 221.915 6.99998 8.68043
157.996 3.20842 225.052 6.99999 8.68043
177.744 3.60983 228.19 6.99999 8.68043
197.492 4.01124 231.328 6.99999 8.68043
