-5.31446e-05 -3.98101e-05 200 6.99998 9.34047
-4.6209 -1.90116 219.366 6.99998 9.34047
-9.24207 -3.80215 238.732 6.99998 9.34047
-13.864 -5.7029 258.098 6.99998 9.34047
-18.4868 -7.60334 277.463 6.99998 9.34047
-23.1105 -9.50342 296.829 6.99998 9.34047
-27.7352 -11.4032 316.194 6.99998 9.34047
-32.3604 -13.3027 335.559 6.99999 9.34047
-36.986 -15.202 354.924 6.99999 9.34047
-41.6117 -17.1013 374.289 6.99999 9.34047
-46.2376 -19.0005 393.653 6.99999 9.34047
-5.31446e-05 -3.98101e-05 200 6.99998 9.34047
-4.6209 -1.90116 219.366 6.99998 9.34047
-9.24207 -3.80215 238.732 6.99998 9.34047
-13.864 -5.7029 258.098 6.99998 9.34047
-18.4868 -7.60334 277.463 6.99998 9.34047
-23.1105 -9.50342 296.829 6.99998 9.34047
-27.7352 -11.4032 316.194 6.99998 9.34047
-32.3604 -13.3027 335.559 6.99999 9.34047
-36.986 -15.202 354.924 6.99999 9.34047
-41.6117 -17.1013 374.289 6.99999 9.34047
-46.2376 -19.0005 393.653 6.99999 9.34047
-5.31446e-05 -3.98101e-05 200 6.99998 9.34047
-4.6209 -1.90116 219.366 6.99998 9.34047
-9.24207 -3.80215 238.732 6.99998 9.34047
-13.864 -5.7029 258.098 6.99998 9.34047
-18.4868 -7.60334 277.463 6.99998 9.34047
-23.1105 -9.50342 296.829 6.99998 9.34047
-27.7352 -11.4032 316.194 6.99998 9.34047
-32.3604 -13.3027 335.559 6.99999 9.34047
-36.986 -15.202 354.924 6.99999 9.34047
-41.6117 -17.1013 374.289 6.99999 9.34047
-46.2376 -19.0005 393.653 6.99999 9.34047
-5.31446e-05 -3.98101e-05 200 6.99998 9.34047
-4.6209 -1.90116 219.366 6.99998 9.34047
-9.24207 -3.80215 238.732 6.99998 9.34047
-13.864 -5.7029 258.098 6.99998 9.34047
-18.4868 -7.60334 277.463 6.99998 9.34047
-23.1105 -9.50342 296.829 6.99998 9.34047
-27.7352 -11.4032 316.194 6.99998 9.34047
-32.3604 -13.3027 335.559 6.99999 9.34047
-36.986 -15.202 354.924 6.99999 9.34047
-41.6117 -17.1013 374.289 6.99999 9.34047
-46.2376 -19.0005 393.653 6.99999 9.34047
-5.31446e-05 -3.98101e-05 200 6.99998 9.34047
-4.6209 -1.90116 219.366 6.99998 9.34047
-9.24207 -3.80215 238.732 6.99998 9.34047
-13.864 -5.7029 258.098 6.99998 9.34047
-18.4868 -7.60334 277.463 6.99998 9.34047
-23.1105 -9.50342 296.829 6.99998 9.34047
-27.7352 -11.4032 316.194 6.99998 9.34047
-32.3604 -13.3027 335.559 6.99999 9.34047
-36.986 -15.202 354.924 6.99999 9.34047
-41.6117 -17.1013 374.289 6.99999 9.34047
-46.2376 -19.0005 393.653 6.99999 9.34047
-5.31446e-05 -3.98101e-05 200 6.99998 9.34047
-4.6209 -1.90116 219.366 6.99998 9.34047
-9.24207 -3.80215 238.732 6.99998 9.34047
-13.864 -5.7029 258.098 6.99998 9.34047
-18.4868 -7.60334 277.463 6.99998 9.34047
-23.1105 -9.50342 296.829 6.99998 9.34047
-27.7352 -11.4032 316.194 6.99998 9.34047
-32.3604 -13.3027 335.559 6.99999 9.34047
-36.986 -15.202 354.924 6.99999 9.34047
-41.6117 -17.1013 374.289 6.99999 9.34047
-46.2376 -19.0005 393.653 6.99999 9.34047
