-9.147e-06 -3.99294e-05 200 6.99997 9.26046
-0.967911 -1.89292 219.887 6.99997 9.26046
-1.93593 -3.7857 239.774 6.99997 9.26046
-2.90439 -5.67822 259.661 6.99998 9.26046
-3.87354 -7.57042 279.548 6.99998 9.26046
-4.84348 -9.4623 299.434 6.99998 9.26046
-5.81417 -11.3539 319.321 6.99998 9.26046
-6.7855 -13.2453 339.208 6.99998 9.26046
-7.75733 -15.1365 359.095 6.99999 9.26046
-8.72945 -17.0275 378.981 6.99999 9.26046
-9.70167 -18.9185 398.868 6.99999 9.26046
-9.147e-06 -3.99294e-05 200 6.99997 9.26046
-0.967911 -1.89292 219.887 6.99997 9.26046
-1.93593 -3.7857 239.774 6.99997 9.26046
-2.90439 -5.67822 259.661 6.99998 9.26046
-3.87354 -7.57042 279.548 6.99998 9.26046
-4.84348 -9.4623 299.434 6.99998 9.26046
-5.81417 -11.3539 319.321 6.99998 9.26046
-6.7855 -13.2453 339.208 6.99998 9.26046
-7.75733 -15.1365 359.095 6.99999 9.26046
-8.72945 -17.0275 378.981 6.99999 9.26046
-9.70167 -18.9185 398.868 6.99999 9.26046
-9.147e-06 -3.99294e-05 200 6.99997 9.26046
-0.967911 -1.89292 219.887 6.99997 9.26046
-1.93593 -3.7857 239.774 6.99997 9.26046
-2.90439 -5.67822 259.661 6.99998 9.26046
-3.87354 -7.57042 279.548 6.99998 9.26046
-4.84348 -9.4623 299.434 6.99998 9.26046
-5.81417 -11.3539 319.321 6.99998 9.26046
-6.7855 -13.2453 339.208 6.99998 9.26046
-7.75733 -15.1365 359.095 6.99999 9.26046
-8.72945 -17.0275 378.981 6.99999 9.26046
-9.70167 -18.9185 398.868 6.99999 9.26046
-9.147e-06 -3.99294e-05 200 6.99997 9.26046
-0.967911 -1.89292 219.887 6.99997 9.26046
-1.93593 -3.7857 239.774 6.99997 9.26046
-2.90439 -5.67822 259.661 6.99998 9.26046
-3.87354 -7.57042 279.548 6.99998 9.26046
-4.84348 -9.4623 299.434 6.99998 9.26046
-5.81417 -11.3539 319.321 6.99998 9.26046
-6.7855 -13.2453 339.208 6.99998 9.26046
-7.75733 -15.1365 359.095 6.99999 9.26046
-8.72945 -17.0275 378.981 6.99999 9.26046
-9.70167 -18.9185 398.868 6.99999 9.26046
-9.147e-06 -3.99294e-05 200 6.99997 9.26046
-0.967911 -1.89292 219.887 6.99997 9.26046
-1.93593 -3.7857 239.774 6.99997 9.26046
-2.90439 -5.67822 259.661 6.99998 9.26046
-3.87354 -7.57042 279.548 6.99998 9.26046
-4.84348 -9.4623 299.434 6.99998 9.26046
-5.81417 -11.3539 319.321 6.99998 9.26046
-6.7855 -13.2453 339.208 6.99998 9.26046
-7.75733 -15.1365 359.095 6.99999 9.26046
-8.72945 -17.0275 378.981 6.99999 9.26046
-9.70167 -18.9185 398.868 6.99999 9.26046
-9.147e-06 -3.99294e-05 200 6.99997 9.26046
-0.967911 -1.89292 219.887 6.99997 9.26046
-1.93593 -3.7857 239.774 6.99997 9.26046
-2.90439 -5.67822 259.661 6.99998 9.26046
-3.87354 -7.57042 279.548 6.99998 9.26046
-4.84348 -9.4623 299.434 6.99998 9.26046
-5.81417 -11.3539 319.321 6.99998 9.26046
-6.7855 -13.2453 339.208 6.99998 9.26046
-7.75733 -15.1365 359.095 6.99999 9.26046
-8.72945 -17.0275 378.981 6.99999 9.26046
-9.70167 -18.9185 398.868 6.99999 9.26046
