4.29443e-05 3.11554e-06 200 7 2.28011
10.3607 -8.58714 214.796 7 2.28011
20.7212 -17.1747 229.592 7 2.28011
31.0812 -25.7628 244.388 7 2.28011
41.4408 -34.3517 259.183 7 2.28011
51.7998 -42.9416 273.979 7 2.28011
62.1581 -51.532 288.774 7 2.28011
72.5155 -60.1226 303.57 7 2.28011
82.8718 -68.7133 318.367 7 2.28011
93.2275 -77.3041 333.164 7 2.28011
103.583 -85.8951 347.962 7 2.28011
4.29443e-05 3.11554e-06 200 7 2.28011
10.3607 -8.58714 214.796 7 2.28011
20.7212 -17.1747 229.592 7 2.28011
31.0812 -25.7628 244.388 7 2.28011
41.4408 -34.3517 259.183 7 2.28011
51.7998 -42.9416 273.979 7 2.28011
62.1581 -51.532 288.774 7 2.28011
72.5155 -60.1226 303.57 7 2.28011
82.8718 -68.7133 318.367 7 2.28011
93.2275 -77.3041 333.164 7 2.28011
103.583 -85.8951 347.962 7 2.28011
4.29443e-05 3.11554e-06 200 7 2.28011
10.3607 -8.58714 214.796 7 2.28011
20.7212 -17.1747 229.592 7 2.28011
31.0812 -25.7628 244.388 7 2.28011
41.4408 -34.3517 259.183 7 2.28011
51.7998 -42.9416 273.979 7 2.28011
62.1581 -51.532 288.774 7 2.28011
72.5155 -60.1226 303.57 7 2.28011
82.8718 -68.7133 318.367 7 2.28011
93.2275 -77.3041 333.164 7 2.28011
103.583 -85.8951 347.962 7 2.28011
4.29443e-05 3.11554e-06 200 7 2.28011
10.3607 -8.58714 214.796 7 2.28011
20.7212 -17.1747 229.592 7 2.28011
31.0812 -25.7628 244.388 7 2.28011
41.4408 -34.3517 259.183 7 2.28011
51.7998 -42.9416 273.979 7 2.28011
62.1581 -51.532 288.774 7 2.28011
72.5155 -60.1226 303.57 7 2.28011
82.8718 -68.7133 318.367 7 2.28011
93.2275 -77.3041 333.164 7 2.28011
103.583 -85.8951 347.962 7 2.28011
4.29443e-05 3.11554e-06 200 7 2.28011
10.3607 -8.58714 214.796 7 2.28011
20.7212 -17.1747 229.592 7 2.28011
31.0812 -25.7628 244.388 7 2.28011
41.4408 -34.3517 259.183 7 2.28011
51.7998 -42.9416 273.979 7 2.28011
62.1581 -51.532 288.774 7 2.28011
72.5155 -60.1226 303.57 7 2.28011
82.8718 -68.7133 318.367 7 2.28011
93.2275 -77.3041 333.164 7 2.28011
103.583 -85.8951 347.962 7 2.28011
4.29443e-05 3.11554e-06 200 7 2.28011
10.3607 -8.58714 214.796 7 2.28011
20.7212 -17.1747 229.592 7 2.28011
31.0812 -25.7628 244.388 7 2.28011
41.4408 -34.3517 259.183 7 2.28011
51.7998 -42.9416 273.979 7 2.28011
62.1581 -51.532 288.774 7 2.28011
72.5155 -60.1226 303.57 7 2.28011
82.8718 -68.7133 318.367 7 2.28011
93.2275 -77.3041 333.164 7 2.28011
103.583 -85.8951 347.962 7 2.28011
