0.00012122 -1.9849e-06 200 6.99999 5.80029
19.9867 0.213237 200.701 6.99999 5.80029
39.9734 0.426523 201.402 6.99999 5.80029
59.9601 0.639866 202.101 6.99999 5.80029
79.9467 0.853271 202.801 6.99999 5.80029
99.9334 1.06669 203.499 6.99999 5.80029
119.92 1.28009 204.197 7 5.80029
139.907 1.49347 204.895 7 5.80029
159.894 1.70686 205.593 7 5.80029
179.88 1.92028 206.291 7 5.80029
199.867 2.13373 206.991 7 5.80029
0.00012122 -1.9849e-06 200 6.99999 5.80029
19.9867 0.213237 200.701 6.99999 5.80029
39.9734 0.426523 201.402 6.99999 5.80029
59.9601 0.639866 202.101 6.99999 5.80029
79.9467 0.853271 202.801 6.99999 5.80029
99.9334 1.06669 203.499 6.99999 5.80029
119.92 1.28009 204.197 7 5.80029
139.907 1.49347 204.895 7 5.80029
159.894 1.70686 205.593 7 5.80029
179.88 1.92028 206.291 7 5.80029
199.867 2.13373 206.991 7 5.80029
0.00012122 -1.9849e-06 200 6.99999 5.80029
19.9867 0.213237 200.701 6.99999 5.80029
39.9734 0.426523 201.402 6.99999 5.80029
59.9601 0.639866 202.101 6.99999 5.80029
79.9467 0.853271 202.801 6.99999 5.80029
99.9334 1.06669 203.499 6.99999 5.80029
119.92 1.28009 204.197 7 5.80029
139.907 1.49347 204.895 7 5.80029
159.894 1.70686 205.593 7 5.80029
179.88 1.92028 206.291 7 5.80029
199.867 2.13373 206.991 7 5.80029
0.00012122 -1.9849e-06 200 6.99999 5.80029
19.9867 0.213237 200.701 6.99999 5.80029
39.9734 0.426523 201.402 6.99999 5.80029
59.9601 0.639866 202.101 6.99999 5.80029
79.9467 0.853271 202.801 6.99999 5.80029
99.9334 1.06669 203.499 6.99999 5.80029
119.92 1.28009 204.197 7 5.80029
139.907 1.49347 204.895 7 5.80029
159.894 1.70686 205.593 7 5.80029
179.88 1.92028 206.291 7 5.80029
199.867 2.13373 206.991 7 5.80029
0.00012122 -1.9849e-06 200 6.99999 5.80029
19.9867 0.213237 200.701 6.99999 5.80029
39.9734 0.426523 201.402 6.99999 5.80029
59.9601 0.639866 202.101 6.99999 5.80029
79.9467 0.853271 202.801 6.99999 5.80029
99.9334 1.06669 203.499 6.99999 5.80029
119.92 1.28009 204.197 7 5.80029
139.907 1.49347 204.895 7 5.80029
159.894 1.70686 205.593 7 5.80029
179.88 1.92028 206.291 7 5.80029
199.867 2.13373 206.991 7 5.80029
0.00012122 -1.9849e-06 200 6.99999 5.80029
19.9867 0.213237 200.701 6.99999 5.80029
39.9734 0.426523 201.402 6.99999 5.80029
59.9601 0.639866 202.101 6.99999 5.80029
79.9467 0.853271 202.801 6.99999 5.80029
99.9334 1.06669 203.499 6.99999 5.80029
119.92 1.28009 204.197 7 5.80029
139.907 1.49347 204.895 7 5.80029
159.894 1.70686 205.593 7 5.80029
179.88 1.92028 206.291 7 5.80029
199.867 2.13373 206.991 7 5.80029
