0.000143749 -1.65935e-05 200 6.99999 6.30032
11.9627 -2.72785 215.794 6.99999 6.30032
23.9245 -5.45575 231.589 6.99999 6.30032
35.8851 -8.18376 247.385 6.99999 6.30032
47.844 -10.9119 263.182 6.99999 6.30032
59.801 -13.6402 278.98 6.99999 6.30032
71.7557 -16.3687 294.78 6.99999 6.30032
83.7083 -19.0972 310.582 7 6.30032
95.6593 -21.8257 326.385 7 6.30032
107.609 -24.5542 342.188 7 6.30032
119.559 -27.2826 357.992 7 6.30032
0.000143749 -1.65935e-05 200 6.99999 6.30032
11.9627 -2.72785 215.794 6.99999 6.30032
23.9245 -5.45575 231.589 6.99999 6.30032
35.8851 -8.18376 247.385 6.99999 6.30032
47.844 -10.9119 263.182 6.99999 6.30032
59.801 -13.6402 278.98 6.99999 6.30032
71.7557 -16.3687 294.78 6.99999 6.30032
83.7083 -19.0972 310.582 7 6.30032
95.6593 -21.8257 326.385 7 6.30032
107.609 -24.5542 342.188 7 6.30032
119.559 -27.2826 357.992 7 6.30032
0.000143749 -1.65935e-05 200 6.99999 6.30032
11.9627 -2.72785 215.794 6.99999 6.30032
23.9245 -5.45575 231.589 6.99999 6.30032
35.8851 -8.18376 247.385 6.99999 6.30032
47.844 -10.9119 263.182 6.99999 6.30032
59.801 -13.6402 278.98 6.99999 6.30032
71.7557 -16.3687 294.78 6.99999 6.30032
83.7083 -19.0972 310.582 7 6.30032
95.6593 -21.8257 326.385 7 6.30032
107.609 -24.5542 342.188 7 6.30032
119.559 -27.2826 357.992 7 6.30032
0.000143749 -1.65935e-05 200 6.99999 6.30032
11.9627 -2.72785 215.794 6.99999 6.30032
23.9245 -5.45575 231.589 6.99999 6.30032
35.8851 -8.18376 247.385 6.99999 6.30032
47.844 -10.9119 263.182 6.99999 6.30032
59.801 -13.6402 278.98 6.99999 6.30032
71.7557 -16.3687 294.78 6.99999 6.30032
83.7083 -19.0972 310.582 7 6.30032
95.6593 -21.8257 326.385 7 6.30032
107.609 -24.5542 342.188 7 6.30032
119.559 -27.2826 357.992 7 6.30032
0.000143749 -1.65935e-05 200 6.99999 6.30032
11.9627 -2.72785 215.794 6.99999 6.30032
23.9245 -5.45575 231.589 6.99999 6.30032
35.8851 -8.18376 247.385 6.99999 6.30032
47.844 -10.9119 263.182 6.99999 6.30032
59.801 -13.6402 278.98 6.99999 6.30032
71.7557 -16.3687 294.78 6.99999 6.30032
83.7083 -19.0972 310.582 7 6.30032
95.6593 -21.8257 326.385 7 6.30032
107.609 -24.5542 342.188 7 6.30032
119.559 -27.2826 357.992 7 6.30032
0.000143749 -1.65935e-05 200 6.99999 6.30032
11.9627 -2.72785 215.794 6.99999 6.30032
23.9245 -5.45575 231.589 6.99999 6.30032
35.8851 -8.18376 247.385 6.99999 6.30032
47.844 -10.9119 263.182 6.99999 6.30032
59.801 -13.6402 278.98 6.99999 6.30032
71.7557 -16.3687 294.78 6.99999 6.30032
83.7083 -19.0972 310.582 7 6.30032
95.6593 -21.8257 326.385 7 6.30032
107.609 -24.5542 342.188 7 6.30032
119.559 -27.2826 357.992 7 6.30032
