-0.000116453 -2.27927e-05 200 6.99998 9.36047
-5.50228 -1.8896 219.136 6.99998 9.36047
-11.0041 -3.7793 238.271 6.99998 9.36047
-16.5053 -5.66911 257.407 6.99998 9.36047
-22.0059 -7.55902 276.542 6.99998 9.36047
-27.5058 -9.44898 295.678 6.99998 9.36047
-33.0047 -11.3389 314.815 6.99998 9.36047
-38.503 -13.2289 333.951 6.99999 9.36047
-44.0009 -15.1187 353.087 6.99999 9.36047
-49.4985 -17.0084 372.224 6.99999 9.36047
-54.9961 -18.8981 391.36 6.99999 9.36047
-0.000116453 -2.27927e-05 200 6.99998 9.36047
-5.50228 -1.8896 219.136 6.99998 9.36047
-11.0041 -3.7793 238.271 6.99998 9.36047
-16.5053 -5.66911 257.407 6.99998 9.36047
-22.0059 -7.55902 276.542 6.99998 9.36047
-27.5058 -9.44898 295.678 6.99998 9.36047
-33.0047 -11.3389 314.815 6.99998 9.36047
-38.503 -13.2289 333.951 6.99999 9.36047
-44.0009 -15.1187 353.087 6.99999 9.36047
-49.4985 -17.0084 372.224 6.99999 9.36047
-54.9961 -18.8981 391.36 6.99999 9.36047
-0.000116453 -2.27927e-05 200 6.99998 9.36047
-5.50228 -1.8896 219.136 6.99998 9.36047
-11.0041 -3.7793 238.271 6.99998 9.36047
-16.5053 -5.66911 257.407 6.99998 9.36047
-22.0059 -7.55902 276.542 6.99998 9.36047
-27.5058 -9.44898 295.678 6.99998 9.36047
-33.0047 -11.3389 314.815 6.99998 9.36047
-38.503 -13.2289 333.951 6.99999 9.36047
-44.0009 -15.1187 353.087 6.99999 9.36047
-49.4985 -17.0084 372.224 6.99999 9.36047
-54.9961 -18.8981 391.36 6.99999 9.36047
-0.000116453 -2.27927e-05 200 6.99998 9.36047
-5.50228 -1.8896 219.136 6.99998 9.36047
-11.0041 -3.7793 238.271 6.99998 9.36047
-16.5053 -5.66911 257.407 6.99998 9.36047
-22.0059 -7.55902 276.542 6.99998 9.36047
-27.5058 -9.44898 295.678 6.99998 9.36047
-33.0047 -11.3389 314.815 6.99998 9.36047
-38.503 -13.2289 333.951 6.99999 9.36047
-44.0009 -15.1187 353.087 6.99999 9.36047
-49.4985 -17.0084 372.224 6.99999 9.36047
-54.9961 -18.8981 391.36 6.99999 9.36047
-0.000116453 -2.27927e-05 200 6.99998 9.36047
-5.50228 -1.8896 219.136 6.99998 9.36047
-11.0041 -3.7793 238.271 6.99998 9.36047
-16.5053 -5.66911 257.407 6.99998 9.36047
-22.0059 -7.55902 276.542 6.99998 9.36047
-27.5058 -9.44898 295.678 6.99998 9.36047
-33.0047 -11.3389 314.815 6.99998 9.36047
-38.503 -13.2289 333.951 6.99999 9.36047
-44.0009 -15.1187 353.087 6.99999 9.36047
-49.4985 -17.0084 372.224 6.99999 9.36047
-54.9961 -18.8981 391.36 6.99999 9.36047
-0.000116453 -2.27927e-05 200 6.99998 9.36047
-5.50228 -1.8896 219.136 6.99998 9.36047
-11.0041 -3.7793 238.271 6.99998 9.36047
-16.5053 -5.66911 257.407 6.99998 9.36047
-22.0059 -7.55902 276.542 6.99998 9.36047
-27.5058 -9.44898 295.678 6.99998 9.36047
-33.0047 -11.3389 314.815 6.99998 9.36047
-38.503 -13.2289 333.951 6.99999 9.36047
-44.0009 -15.1187 353.087 6.99999 9.36047
-49.4985 -17.0084 372.224 6.99999 9.36047
-54.9961 -18.8981 391.36 6.99999 9.36047
