0.000118663 5.22404e-09 200 6.99999 5.62028
19.2272 1.48618 194.698 6.99999 5.62028
38.4542 2.97248 189.396 6.99999 5.62028
57.681 4.45899 184.092 6.99999 5.62028
76.9073 5.94572 178.788 6.99999 5.62028
96.1333 7.43258 173.482 6.99999 5.62028
115.359 8.91952 168.175 7 5.62028
134.585 10.4065 162.868 7 5.62028
153.81 11.8934 157.56 7 5.62028
173.035 13.3803 152.252 7 5.62028
192.261 14.8673 146.944 7 5.62028
0.000118663 5.22404e-09 200 6.99999 5.62028
19.2272 1.48618 194.698 6.99999 5.62028
38.4542 2.97248 189.396 6.99999 5.62028
57.681 4.45899 184.092 6.99999 5.62028
76.9073 5.94572 178.788 6.99999 5.62028
96.1333 7.43258 173.482 6.99999 5.62028
115.359 8.91952 168.175 7 5.62028
134.585 10.4065 162.868 7 5.62028
153.81 11.8934 157.56 7 5.62028
173.035 13.3803 152.252 7 5.62028
192.261 14.8673 146.944 7 5.62028
0.000118663 5.22404e-09 200 6.99999 5.62028
19.2272 1.48618 194.698 6.99999 5.62028
38.4542 2.97248 189.396 6.99999 5.62028
57.681 4.45899 184.092 6.99999 5.62028
76.9073 5.94572 178.788 6.99999 5.62028
96.1333 7.43258 173.482 6.99999 5.62028
115.359 8.91952 168.175 7 5.62028
134.585 10.4065 162.868 7 5.62028
153.81 11.8934 157.56 7 5.62028
173.035 13.3803 152.252 7 5.62028
192.261 14.8673 146.944 7 5.62028
0.000118663 5.22404e-09 200 6.99999 5.62028
19.2272 1.48618 194.698 6.99999 5.62028
38.4542 2.97248 189.396 6.99999 5.62028
57.681 4.45899 184.092 6.99999 5.62028
76.9073 5.94572 178.788 6.99999 5.62028
96.1333 7.43258 173.482 6.99999 5.62028
115.359 8.91952 168.175 7 5.62028
134.585 10.4065 162.868 7 5.62028
153.81 11.8934 157.56 7 5.62028
173.035 13.3803 152.252 7 5.62028
192.261 14.8673 146.944 7 5.62028
0.000118663 5.22404e-09 200 6.99999 5.62028
19.2272 1.48618 194.698 6.99999 5.62028
38.4542 2.97248 189.396 6.99999 5.62028
57.681 4.45899 184.092 6.99999 5.62028
76.9073 5.94572 178.788 6.99999 5.62028
96.1333 7.43258 173.482 6.99999 5.62028
115.359 8.91952 168.175 7 5.62028
134.585 10.4065 162.868 7 5.62028
153.81 11.8934 157.56 7 5.62028
173.035 13.3803 152.252 7 5.62028
192.261 14.8673 146.944 7 5.62028
0.000118663 5.22404e-09 200 6.99999 5.62028
19.2272 1.48618 194.698 6.99999 5.62028
38.4542 2.97248 189.396 6.99999 5.62028
57.681 4.45899 184.092 6.99999 5.62028
76.9073 5.94572 178.788 6.99999 5.62028
96.1333 7.43258 173.482 6.99999 5.62028
115.359 8.91952 168.175 7 5.62028
134.585 10.4065 162.868 7 5.62028
153.81 11.8934 157.56 7 5.62028
173.035 13.3803 152.252 7 5.62028
192.261 14.8673 146.944 7 5.62028
