4.92074e-05 4.84463e-05 200 6.99997 8.0804
2.73225 2.23877 180.314 6.99997 8.0804
5.46447 4.47741 160.628 6.99997 8.0804
8.19677 6.71584 140.942 6.99997 8.0804
10.9292 8.95399 121.257 6.99998 8.0804
13.662 11.1919 101.571 6.99998 8.0804
16.3953 13.4295 81.885 6.99998 8.0804
19.1291 15.667 62.1994 6.99998 8.0804
21.8634 17.9044 42.5139 6.99999 8.0804
24.5986 20.1418 22.8285 6.99999 8.0804
27.3343 22.3792 3.14318 7 8.0804
4.92074e-05 4.84463e-05 200 6.99997 8.0804
2.73225 2.23877 180.314 6.99997 8.0804
5.46447 4.47741 160.628 6.99997 8.0804
8.19677 6.71584 140.942 6.99997 8.0804
10.9292 8.95399 121.257 6.99998 8.0804
13.662 11.1919 101.571 6.99998 8.0804
16.3953 13.4295 81.885 6.99998 8.0804
19.1291 15.667 62.1994 6.99998 8.0804
21.8634 17.9044 42.5139 6.99999 8.0804
24.5986 20.1418 22.8285 6.99999 8.0804
27.3343 22.3792 3.14318 7 8.0804
4.92074e-05 4.84463e-05 200 6.99997 8.0804
2.73225 2.23877 180.314 6.99997 8.0804
5.46447 4.47741 160.628 6.99997 8.0804
8.19677 6.71584 140.942 6.99997 8.0804
10.9292 8.95399 121.257 6.99998 8.0804
13.662 11.1919 101.571 6.99998 8.0804
16.3953 13.4295 81.885 6.99998 8.0804
19.1291 15.667 62.1994 6.99998 8.0804
21.8634 17.9044 42.5139 6.99999 8.0804
24.5986 20.1418 22.8285 6.99999 8.0804
27.3343 22.3792 3.14318 7 8.0804
4.92074e-05 4.84463e-05 200 6.99997 8.0804
2.73225 2.23877 180.314 6.99997 8.0804
5.46447 4.47741 160.628 6.99997 8.0804
8.19677 6.71584 140.942 6.99997 8.0804
10.9292 8.95399 121.257 6.99998 8.0804
13.662 11.1919 101.571 6.99998 8.0804
16.3953 13.4295 81.885 6.99998 8.0804
19.1291 15.667 62.1994 6.99998 8.0804
21.8634 17.9044 42.5139 6.99999 8.0804
24.5986 20.1418 22.8285 6.99999 8.0804
27.3343 22.3792 3.14318 7 8.0804
4.92074e-05 4.84463e-05 200 6.99997 8.0804
2.73225 2.23877 180.314 6.99997 8.0804
5.46447 4.47741 160.628 6.99997 8.0804
8.19677 6.71584 140.942 6.99997 8.0804
10.9292 8.95399 121.257 6.99998 8.0804
13.662 11.1919 101.571 6.99998 8.0804
16.3953 13.4295 81.885 6.99998 8.0804
19.1291 15.667 62.1994 6.99998 8.0804
21.8634 17.9044 42.5139 6.99999 8.0804
24.5986 20.1418 22.8285 6.99999 8.0804
27.3343 22.3792 3.14318 7 8.0804
4.92074e-05 4.84463e-05 200 6.99997 8.0804
2.73225 2.23877 180.314 6.99997 8.0804
5.46447 4.47741 160.628 6.99997 8.0804
8.19677 6.71584 140.942 6.99997 8.0804
10.9292 8.95399 121.257 6.99998 8.0804
13.662 11.1919 101.571 6.99998 8.0804
16.3953 13.4295 81.885 6.99998 8.0804
19.1291 15.667 62.1994 6.99998 8.0804
21.8634 17.9044 42.5139 6.99999 8.0804
24.5986 20.1418 22.8285 6.99999 8.0804
27.3343 22.3792 3.14318 7 8.0804
