-2.81656e-05 -2.13774e-05 200 6.99999 6.68033
-1.7294 -3.6724 219.584 6.99999 6.68033
-3.45858 -7.34496 239.168 6.99999 6.68033
-5.18733 -11.0179 258.752 6.99999 6.68033
-6.91552 -14.6912 278.335 6.99999 6.68033
-8.6433 -18.3649 297.919 6.99999 6.68033
-10.3708 -22.0389 317.503 6.99999 6.68033
-12.0984 -25.713 337.086 6.99999 6.68033
-13.8263 -29.3874 356.67 7 6.68033
-15.5547 -33.0618 376.253 7 6.68033
-17.2835 -36.7364 395.837 7 6.68033
-2.81656e-05 -2.13774e-05 200 6.99999 6.68033
-1.7294 -3.6724 219.584 6.99999 6.68033
-3.45858 -7.34496 239.168 6.99999 6.68033
-5.18733 -11.0179 258.752 6.99999 6.68033
-6.91552 -14.6912 278.335 6.99999 6.68033
-8.6433 -18.3649 297.919 6.99999 6.68033
-10.3708 -22.0389 317.503 6.99999 6.68033
-12.0984 -25.713 337.086 6.99999 6.68033
-13.8263 -29.3874 356.67 7 6.68033
-15.5547 -33.0618 376.253 7 6.68033
-17.2835 -36.7364 395.837 7 6.68033
-2.81656e-05 -2.13774e-05 200 6.99999 6.68033
-1.7294 -3.6724 219.584 6.99999 6.68033
-3.45858 -7.34496 239.168 6.99999 6.68033
-5.18733 -11.0179 258.752 6.99999 6.68033
-6.91552 -14.6912 278.335 6.99999 6.68033
-8.6433 -18.3649 297.919 6.99999 6.68033
-10.3708 -22.0389 317.503 6.99999 6.68033
-12.0984 -25.713 337.086 6.99999 6.68033
-13.8263 -29.3874 356.67 7 6.68033
-15.5547 -33.0618 376.253 7 6.68033
-17.2835 -36.7364 395.837 7 6.68033
-2.81656e-05 -2.13774e-05 200 6.99999 6.68033
-1.7294 -3.6724 219.584 6.99999 6.68033
-3.45858 -7.34496 239.168 6.99999 6.68033
-5.18733 -11.0179 258.752 6.99999 6.68033
-6.91552 -14.6912 278.335 6.99999 6.68033
-8.6433 -18.3649 297.919 6.99999 6.68033
-10.3708 -22.0389 317.503 6.99999 6.68033
-12.0984 -25.713 337.086 6.99999 6.68033
-13.8263 -29.3874 356.67 7 6.68033
-15.5547 -33.0618 376.253 7 6.68033
-17.2835 -36.7364 395.837 7 6.68033
-2.81656e-05 -2.13774e-05 200 6.99999 6.68033
-1.7294 -3.6724 219.584 6.99999 6.68033
-3.45858 -7.34496 239.168 6.99999 6.68033
-5.18733 -11.0179 258.752 6.99999 6.68033
-6.91552 -14.6912 278.335 6.99999 6.68033
-8.6433 -18.3649 297.919 6.99999 6.68033
-10.3708 -22.0389 317.503 6.99999 6.68033
-12.0984 -25.713 337.086 6.99999 6.68033
-13.8263 -29.3874 356.67 7 6.68033
-15.5547 -33.0618 376.253 7 6.68033
-17.2835 -36.7364 395.837 7 6.68033
-2.81656e-05 -2.13774e-05 200 6.99999 6.68033
-1.7294 -3.6724 219.584 6.99999 6.68033
-3.45858 -7.34496 239.168 6.99999 6.68033
-5.18733 -11.0179 258.752 6.99999 6.68033
-6.91552 -14.6912 278.335 6.99999 6.68033
-8.6433 -18.3649 297.919 6.99999 6.68033
-10.3708 -22.0389 317.503 6.99999 6.68033
-12.0984 -25.713 337.086 6.99999 6.68033
-13.8263 -29.3874 356.67 7 6.68033
-15.5547 -33.0618 376.253 7 6.68033
-17.2835 -36.7364 395.837 7 6.68033
