2.77052e-05 -2.20378e-05 200 7 1.50007
12.7972 -15.3693 200.128 7 1.50007
25.5944 -30.7387 200.258 7 1.50007
38.3913 -46.1082 200.391 7 1.50007
51.1882 -61.4777 200.529 7 1.50007
63.9851 -76.8471 200.673 7 1.50007
76.7821 -92.2164 200.823 7 1.50007
89.5793 -107.585 200.976 7 1.50007
102.376 -122.955 201.133 7 1.50007
115.173 -138.324 201.292 7 1.50007
127.97 -153.693 201.452 7 1.50007
2.77052e-05 -2.20378e-05 200 7 1.50007
12.7972 -15.3693 200.128 7 1.50007
25.5944 -30.7387 200.258 7 1.50007
38.3913 -46.1082 200.391 7 1.50007
51.1882 -61.4777 200.529 7 1.50007
63.9851 -76.8471 200.673 7 1.50007
76.7821 -92.2164 200.823 7 1.50007
89.5793 -107.585 200.976 7 1.50007
102.376 -122.955 201.133 7 1.50007
115.173 -138.324 201.292 7 1.50007
127.97 -153.693 201.452 7 1.50007
2.77052e-05 -2.20378e-05 200 7 1.50007
12.7972 -15.3693 200.128 7 1.50007
25.5944 -30.7387 200.258 7 1.50007
38.3913 -46.1082 200.391 7 1.50007
51.1882 -61.4777 200.529 7 1.50007
63.9851 -76.8471 200.673 7 1.50007
76.7821 -92.2164 200.823 7 1.50007
89.5793 -107.585 200.976 7 1.50007
102.376 -122.955 201.133 7 1.50007
115.173 -138.324 201.292 7 1.50007
127.97 -153.693 201.452 7 1.50007
2.77052e-05 -2.20378e-05 200 7 1.50007
12.7972 -15.3693 200.128 7 1.50007
25.5944 -30.7387 200.258 7 1.50007
38.3913 -46.1082 200.391 7 1.50007
51.1882 -61.4777 200.529 7 1.50007
63.9851 -76.8471 200.673 7 1.50007
76.7821 -92.2164 200.823 7 1.50007
89.5793 -107.585 200.976 7 1.50007
102.376 -122.955 201.133 7 1.50007
115.173 -138.324 201.292 7 1.50007
127.97 -153.693 201.452 7 1.50007
2.77052e-05 -2.20378e-05 200 7 1.50007
12.7972 -15.3693 200.128 7 1.50007
25.5944 -30.7387 200.258 7 1.50007
38.3913 -46.1082 200.391 7 1.50007
51.1882 -61.4777 200.529 7 1.50007
63.9851 -76.8471 200.673 7 1.50007
76.7821 -92.2164 200.823 7 1.50007
89.5793 -107.585 200.976 7 1.50007
102.376 -122.955 201.133 7 1.50007
115.173 -138.324 201.292 7 1.50007
127.97 -153.693 201.452 7 1.50007
2.77052e-05 -2.20378e-05 200 7 1.50007
12.7972 -15.3693 200.128 7 1.50007
25.5944 -30.7387 200.258 7 1.50007
38.3913 -46.1082 200.391 7 1.50007
51.1882 -61.4777 200.529 7 1.50007
63.9851 -76.8471 200.673 7 1.50007
76.7821 -92.2164 200.823 7 1.50007
89.5793 -107.585 200.976 7 1.50007
102.376 -122.955 201.133 7 1.50007
115.173 -138.324 201.292 7 1.50007
127.97 -153.693 201.452 7 1.50007
