-0.000206343 9.83359e-06 200 6.99998 9.9405
-19.7987 -0.195043 202.826 6.99998 9.9405
-39.597 -0.390262 205.653 6.99999 9.9405
-59.3953 -0.585709 208.48 6.99999 9.9405
-79.1934 -0.781432 211.309 6.99999 9.9405
-98.9913 -0.977459 214.138 6.99999 9.9405
-118.789 -1.17375 216.969 6.99999 9.9405
-138.587 -1.37021 219.8 6.99999 9.9405
-158.384 -1.56672 222.633 6.99999 9.9405
-178.182 -1.76322 225.465 6.99999 9.9405
-197.979 -1.95969 228.298 7 9.9405
-0.000206343 9.83359e-06 200 6.99998 9.9405
-19.7987 -0.195043 202.826 6.99998 9.9405
-39.597 -0.390262 205.653 6.99999 9.9405
-59.3953 -0.585709 208.48 6.99999 9.9405
-79.1934 -0.781432 211.309 6.99999 9.9405
-98.9913 -0.977459 214.138 6.99999 9.9405
-118.789 -1.17375 216.969 6.99999 9.9405
-138.587 -1.37021 219.8 6.99999 9.9405
-158.384 -1.56672 222.633 6.99999 9.9405
-178.182 -1.76322 225.465 6.99999 9.9405
-197.979 -1.95969 228.298 7 9.9405
-0.000206343 9.83359e-06 200 6.99998 9.9405
-19.7987 -0.195043 202.826 6.99998 9.9405
-39.597 -0.390262 205.653 6.99999 9.9405
-59.3953 -0.585709 208.48 6.99999 9.9405
-79.1934 -0.781432 211.309 6.99999 9.9405
-98.9913 -0.977459 214.138 6.99999 9.9405
-118.789 -1.17375 216.969 6.99999 9.9405
-138.587 -1.37021 219.8 6.99999 9.9405
-158.384 -1.56672 222.633 6.99999 9.9405
-178.182 -1.76322 225.465 6.99999 9.9405
-197.979 -1.95969 228.298 7 9.9405
-0.000206343 9.83359e-06 200 6.99998 9.9405
-19.7987 -0.195043 202.826 6.99998 9.9405
-39.597 -0.390262 205.653 6.99999 9.9405
-59.3953 -0.585709 208.48 6.99999 9.9405
-79.1934 -0.781432 211.309 6.99999 9.9405
-98.9913 -0.977459 214.138 6.99999 9.9405
-118.789 -1.17375 216.969 6.99999 9.9405
-138.587 -1.37021 219.8 6.99999 9.9405
-158.384 -1.56672 222.633 6.99999 9.9405
-178.182 -1.76322 225.465 6.99999 9.9405
-197.979 -1.95969 228.298 7 9.9405
-0.000206343 9.83359e-06 200 6.99998 9.9405
-19.7987 -0.195043 202.826 6.99998 9.9405
-39.597 -0.390262 205.653 6.99999 9.9405
-59.3953 -0.585709 208.48 6.99999 9.9405
-79.1934 -0.781432 211.309 6.99999 9.9405
-98.9913 -0.977459 214.138 6.99999 9.9405
-118.789 -1.17375 216.969 6.99999 9.9405
-138.587 -1.37021 219.8 6.99999 9.9405
-158.384 -1.56672 222.633 6.99999 9.9405
-178.182 -1.76322 225.465 6.99999 9.9405
-197.979 -1.95969 228.298 7 9.9405
-0.000206343 9.83359e-06 200 6.99998 9.9405
-19.7987 -0.195043 202.826 6.99998 9.9405
-39.597 -0.390262 205.653 6.99999 9.9405
-59.3953 -0.585709 208.48 6.99999 9.9405
-79.1934 -0.781432 211.309 6.99999 9.9405
-98.9913 -0.977459 214.138 6.99999 9.9405
-118.789 -1.17375 216.969 6.99999 9.9405
-138.587 -1.37021 219.8 6.99999 9.9405
-158.384 -1.56672 222.633 6.99999 9.9405
-178.182 -1.76322 225.465 6.99999 9.9405
-197.979 -1.95969 228.298 7 9.9405
