-0.000199016 -2.6917e-05 200 6.99998 9.66048
-15.8467 -1.24636 212.139 6.99998 9.66048
-31.6933 -2.49254 224.277 6.99998 9.66048
-47.54 -3.7385 236.415 6.99998 9.66048
-63.3868 -4.98424 248.553 6.99998 9.66048
-79.2336 -6.2298 260.691 6.99998 9.66048
-95.0803 -7.47522 272.829 6.99999 9.66048
-110.927 -8.72049 284.967 6.99999 9.66048
-126.774 -9.96562 297.105 6.99999 9.66048
-142.62 -11.2107 309.244 6.99999 9.66048
-158.466 -12.4557 321.382 6.99999 9.66048
-0.000199016 -2.6917e-05 200 6.99998 9.66048
-15.8467 -1.24636 212.139 6.99998 9.66048
-31.6933 -2.49254 224.277 6.99998 9.66048
-47.54 -3.7385 236.415 6.99998 9.66048
-63.3868 -4.98424 248.553 6.99998 9.66048
-79.2336 -6.2298 260.691 6.99998 9.66048
-95.0803 -7.47522 272.829 6.99999 9.66048
-110.927 -8.72049 284.967 6.99999 9.66048
-126.774 -9.96562 297.105 6.99999 9.66048
-142.62 -11.2107 309.244 6.99999 9.66048
-158.466 -12.4557 321.382 6.99999 9.66048
-0.000199016 -2.6917e-05 200 6.99998 9.66048
-15.8467 -1.24636 212.139 6.99998 9.66048
-31.6933 -2.49254 224.277 6.99998 9.66048
-47.54 -3.7385 236.415 6.99998 9.66048
-63.3868 -4.98424 248.553 6.99998 9.66048
-79.2336 -6.2298 260.691 6.99998 9.66048
-95.0803 -7.47522 272.829 6.99999 9.66048
-110.927 -8.72049 284.967 6.99999 9.66048
-126.774 -9.96562 297.105 6.99999 9.66048
-142.62 -11.2107 309.244 6.99999 9.66048
-158.466 -12.4557 321.382 6.99999 9.66048
-0.000199016 -2.6917e-05 200 6.99998 9.66048
-15.8467 -1.24636 212.139 6.99998 9.66048
-31.6933 -2.49254 224.277 6.99998 9.66048
-47.54 -3.7385 236.415 6.99998 9.66048
-63.3868 -4.98424 248.553 6.99998 9.66048
-79.2336 -6.2298 260.691 6.99998 9.66048
-95.0803 -7.47522 272.829 6.99999 9.66048
-110.927 -8.72049 284.967 6.99999 9.66048
-126.774 -9.96562 297.105 6.99999 9.66048
-142.62 -11.2107 309.244 6.99999 9.66048
-158.466 -12.4557 321.382 6.99999 9.66048
-0.000199016 -2.6917e-05 200 6.99998 9.66048
-15.8467 -1.24636 212.139 6.99998 9.66048
-31.6933 -2.49254 224.277 6.99998 9.66048
-47.54 -3.7385 236.415 6.99998 9.66048
-63.3868 -4.98424 248.553 6.99998 9.66048
-79.2336 -6.2298 260.691 6.99998 9.66048
-95.0803 -7.47522 272.829 6.99999 9.66048
-110.927 -8.72049 284.967 6.99999 9.66048
-126.774 -9.96562 297.105 6.99999 9.66048
-142.62 -11.2107 309.244 6.99999 9.66048
-158.466 -12.4557 321.382 6.99999 9.66048
-0.000199016 -2.6917e-05 200 6.99998 9.66048
-15.8467 -1.24636 212.139 6.99998 9.66048
-31.6933 -2.49254 224.277 6.99998 9.66048
-47.54 -3.7385 236.415 6.99998 9.66048
-63.3868 -4.98424 248.553 6.99998 9.66048
-79.2336 -6.2298 260.691 6.99998 9.66048
-95.0803 -7.47522 272.829 6.99999 9.66048
-110.927 -8.72049 284.967 6.99999 9.66048
-126.774 -9.96562 297.105 6.99999 9.66048
-142.62 -11.2107 309.244 6.99999 9.66048
-158.466 -12.4557 321.382 6.99999 9.66048
