6.68241e-05 1.55974e-05 200 6.99999 5.32027
14.1418 3.57105 186.316 6.99999 5.32027
28.2836 7.14214 172.631 6.99999 5.32027
42.4259 10.7133 158.948 6.99999 5.32027
56.5686 14.2846 145.264 6.99999 5.32027
70.7116 17.8559 131.581 6.99999 5.32027
84.855 21.4272 117.899 7 5.32027
98.9985 24.9987 104.217 7 5.32027
113.142 28.5703 90.5345 7 5.32027
127.286 32.1421 76.8528 7 5.32027
141.431 35.714 63.1716 7 5.32027
6.68241e-05 1.55974e-05 200 6.99999 5.32027
14.1418 3.57105 186.316 6.99999 5.32027
28.2836 7.14214 172.631 6.99999 5.32027
42.4259 10.7133 158.948 6.99999 5.32027
56.5686 14.2846 145.264 6.99999 5.32027
70.7116 17.8559 131.581 6.99999 5.32027
84.855 21.4272 117.899 7 5.32027
98.9985 24.9987 104.217 7 5.32027
113.142 28.5703 90.5345 7 5.32027
127.286 32.1421 76.8528 7 5.32027
141.431 35.714 63.1716 7 5.32027
6.68241e-05 1.55974e-05 200 6.99999 5.32027
14.1418 3.57105 186.316 6.99999 5.32027
28.2836 7.14214 172.631 6.99999 5.32027
42.4259 10.7133 158.948 6.99999 5.32027
56.5686 14.2846 145.264 6.99999 5.32027
70.7116 17.8559 131.581 6.99999 5.32027
84.855 21.4272 117.899 7 5.32027
98.9985 24.9987 104.217 7 5.32027
113.142 28.5703 90.5345 7 5.32027
127.286 32.1421 76.8528 7 5.32027
141.431 35.714 63.1716 7 5.32027
6.68241e-05 1.55974e-05 200 6.99999 5.32027
14.1418 3.57105 186.316 6.99999 5.32027
28.2836 7.14214 172.631 6.99999 5.32027
42.4259 10.7133 158.948 6.99999 5.32027
56.5686 14.2846 145.264 6.99999 5.32027
70.7116 17.8559 131.581 6.99999 5.32027
84.855 21.4272 117.899 7 5.32027
98.9985 24.9987 104.217 7 5.32027
113.142 28.5703 90.5345 7 5.32027
127.286 32.1421 76.8528 7 5.32027
141.431 35.714 63.1716 7 5.32027
6.68241e-05 1.55974e-05 200 6.99999 5.32027
14.1418 3.57105 186.316 6.99999 5.32027
28.2836 7.14214 172.631 6.99999 5.32027
42.4259 10.7133 158.948 6.99999 5.32027
56.5686 14.2846 145.264 6.99999 5.32027
70.7116 17.8559 131.581 6.99999 5.32027
84.855 21.4272 117.899 7 5.32027
98.9985 24.9987 104.217 7 5.32027
113.142 28.5703 90.5345 7 5.32027
127.286 32.1421 76.8528 7 5.32027
141.431 35.714 63.1716 7 5.32027
6.68241e-05 1.55974e-05 200 6.99999 5.32027
14.1418 3.57105 186.316 6.99999 5.32027
28.2836 7.14214 172.631 6.99999 5.32027
42.4259 10.7133 158.948 6.99999 5.32027
56.5686 14.2846 145.264 6.99999 5.32027
70.7116 17.8559 131.581 6.99999 5.32027
84.855 21.4272 117.899 7 5.32027
98.9985 24.9987 104.217 7 5.32027
113.142 28.5703 90.5345 7 5.32027
127.286 32.1421 76.8528 7 5.32027
141.431 35.714 63.1716 7 5.32027
