-5.72226e-06 3.61247e-05 200 6.99999 4.88024
1.26852 5.98602 180.959 6.99999 4.88024
2.53721 11.9719 161.918 6.99999 4.88024
3.80642 17.9578 142.877 6.99999 4.88024
5.07638 23.9438 123.836 6.99999 4.88024
6.34715 29.9301 104.795 7 4.88024
7.61848 35.9167 85.7545 7 4.88024
8.89025 41.9035 66.714 7 4.88024
10.1626 47.8906 47.6736 7 4.88024
11.4353 53.878 28.6334 7 4.88024
12.7082 59.8654 9.59317 7 4.88024
-5.72226e-06 3.61247e-05 200 6.99999 4.88024
1.26852 5.98602 180.959 6.99999 4.88024
2.53721 11.9719 161.918 6.99999 4.88024
3.80642 17.9578 142.877 6.99999 4.88024
5.07638 23.9438 123.836 6.99999 4.88024
6.34715 29.9301 104.795 7 4.88024
7.61848 35.9167 85.7545 7 4.88024
8.89025 41.9035 66.714 7 4.88024
10.1626 47.8906 47.6736 7 4.88024
11.4353 53.878 28.6334 7 4.88024
12.7082 59.8654 9.59317 7 4.88024
-5.72226e-06 3.61247e-05 200 6.99999 4.88024
1.26852 5.98602 180.959 6.99999 4.88024
2.53721 11.9719 161.918 6.99999 4.88024
3.80642 17.9578 142.877 6.99999 4.88024
5.07638 23.9438 123.836 6.99999 4.88024
6.34715 29.9301 104.795 7 4.88024
7.61848 35.9167 85.7545 7 4.88024
8.89025 41.9035 66.714 7 4.88024
10.1626 47.8906 47.6736 7 4.88024
11.4353 53.878 28.6334 7 4.88024
12.7082 59.8654 9.59317 7 4.88024
-5.72226e-06 3.61247e-05 200 6.99999 4.88024
1.26852 5.98602 180.959 6.99999 4.88024
2.53721 11.9719 161.918 6.99999 4.88024
3.80642 17.9578 142.877 6.99999 4.88024
5.07638 23.9438 123.836 6.99999 4.88024
6.34715 29.9301 104.795 7 4.88024
7.61848 35.9167 85.7545 7 4.88024
8.89025 41.9035 66.714 7 4.88024
10.1626 47.8906 47.6736 7 4.88024
11.4353 53.878 28.6334 7 4.88024
12.7082 59.8654 9.59317 7 4.88024
-5.72226e-06 3.61247e-05 200 6.99999 4.88024
1.26852 5.98602 180.959 6.99999 4.88024
2.53721 11.9719 161.918 6.99999 4.88024
3.80642 17.9578 142.877 6.99999 4.88024
5.07638 23.9438 123.836 6.99999 4.88024
6.34715 29.9301 104.795 7 4.88024
7.61848 35.9167 85.7545 7 4.88024
8.89025 41.9035 66.714 7 4.88024
10.1626 47.8906 47.6736 7 4.88024
11.4353 53.878 28.6334 7 4.88024
12.7082 59.8654 9.59317 7 4.88024
-5.72226e-06 3.61247e-05 200 6.99999 4.88024
1.26852 5.98602 180.959 6.99999 4.88024
2.53721 11.9719 161.918 6.99999 4.88024
3.80642 17.9578 142.877 6.99999 4.88024
5.07638 23.9438 123.836 6.99999 4.88024
6.34715 29.9301 104.795 7 4.88024
7.61848 35.9167 85.7545 7 4.88024
8.89025 41.9035 66.714 7 4.88024
10.1626 47.8906 47.6736 7 4.88024
11.4353 53.878 28.6334 7 4.88024
12.7082 59.8654 9.59317 7 4.88024
