0.000302306 3.36108e-05 200 6.99997 8.38042
15.9714 1.89701 188.111 6.99997 8.38042
31.9429 3.79407 176.224 6.99997 8.38042
47.9151 5.69123 164.337 6.99997 8.38042
63.8879 7.58852 152.451 6.99997 8.38042
79.8617 9.48595 140.566 6.99998 8.38042
95.8364 11.3835 128.683 6.99998 8.38042
111.812 13.281 116.801 6.99998 8.38042
127.788 15.1784 104.92 6.99999 8.38042
143.765 17.0758 93.0392 6.99999 8.38042
159.742 18.973 81.159 6.99999 8.38042
0.000302306 3.36108e-05 200 6.99997 8.38042
15.9714 1.89701 188.111 6.99997 8.38042
31.9429 3.79407 176.224 6.99997 8.38042
47.9151 5.69123 164.337 6.99997 8.38042
63.8879 7.58852 152.451 6.99997 8.38042
79.8617 9.48595 140.566 6.99998 8.38042
95.8364 11.3835 128.683 6.99998 8.38042
111.812 13.281 116.801 6.99998 8.38042
127.788 15.1784 104.92 6.99999 8.38042
143.765 17.0758 93.0392 6.99999 8.38042
159.742 18.973 81.159 6.99999 8.38042
0.000302306 3.36108e-05 200 6.99997 8.38042
15.9714 1.89701 188.111 6.99997 8.38042
31.9429 3.79407 176.224 6.99997 8.38042
47.9151 5.69123 164.337 6.99997 8.38042
63.8879 7.58852 152.451 6.99997 8.38042
79.8617 9.48595 140.566 6.99998 8.38042
95.8364 11.3835 128.683 6.99998 8.38042
111.812 13.281 116.801 6.99998 8.38042
127.788 15.1784 104.92 6.99999 8.38042
143.765 17.0758 93.0392 6.99999 8.38042
159.742 18.973 81.159 6.99999 8.38042
0.000302306 3.36108e-05 200 6.99997 8.38042
15.9714 1.89701 188.111 6.99997 8.38042
31.9429 3.79407 176.224 6.99997 8.38042
47.9151 5.69123 164.337 6.99997 8.38042
63.8879 7.58852 152.451 6.99997 8.38042
79.8617 9.48595 140.566 6.99998 8.38042
95.8364 11.3835 128.683 6.99998 8.38042
111.812 13.281 116.801 6.99998 8.38042
127.788 15.1784 104.92 6.99999 8.38042
143.765 17.0758 93.0392 6.99999 8.38042
159.742 18.973 81.159 6.99999 8.38042
0.000302306 3.36108e-05 200 6.99997 8.38042
15.9714 1.89701 188.111 6.99997 8.38042
31.9429 3.79407 176.224 6.99997 8.38042
47.9151 5.69123 164.337 6.99997 8.38042
63.8879 7.58852 152.451 6.99997 8.38042
79.8617 9.48595 140.566 6.99998 8.38042
95.8364 11.3835 128.683 6.99998 8.38042
111.812 13.281 116.801 6.99998 8.38042
127.788 15.1784 104.92 6.99999 8.38042
143.765 17.0758 93.0392 6.99999 8.38042
159.742 18.973 81.159 6.99999 8.38042
0.000302306 3.36108e-05 200 6.99997 8.38042
15.9714 1.89701 188.111 6.99997 8.38042
31.9429 3.79407 176.224 6.99997 8.38042
47.9151 5.69123 164.337 6.99997 8.38042
63.8879 7.58852 152.451 6.99997 8.38042
79.8617 9.48595 140.566 6.99998 8.38042
95.8364 11.3835 128.683 6.99998 8.38042
111.812 13.281 116.801 6.99998 8.38042
127.788 15.1784 104.92 6.99999 8.38042
143.765 17.0758 93.0392 6.99999 8.38042
159.742 18.973 81.159 6.99999 8.38042
