-7.49696e-05 1.65283e-05 200 6.99999 4.68023
-5.06697 6.64181 181.828 6.99999 4.68023
-10.1331 13.2838 163.656 6.99999 4.68023
-15.1982 19.9263 145.484 6.99999 4.68023
-20.2621 26.5692 127.312 6.99999 4.68023
-25.325 33.2128 109.14 7 4.68023
-30.3866 39.8571 90.9672 7 4.68023
-35.4472 46.5018 72.7948 7 4.68023
-40.5071 53.1469 54.6222 7 4.68023
-45.5666 59.7921 36.4497 7 4.68023
-50.6258 66.4375 18.2771 7 4.68023
-7.49696e-05 1.65283e-05 200 6.99999 4.68023
-5.06697 6.64181 181.828 6.99999 4.68023
-10.1331 13.2838 163.656 6.99999 4.68023
-15.1982 19.9263 145.484 6.99999 4.68023
-20.2621 26.5692 127.312 6.99999 4.68023
-25.325 33.2128 109.14 7 4.68023
-30.3866 39.8571 90.9672 7 4.68023
-35.4472 46.5018 72.7948 7 4.68023
-40.5071 53.1469 54.6222 7 4.68023
-45.5666 59.7921 36.4497 7 4.68023
-50.6258 66.4375 18.2771 7 4.68023
-7.49696e-05 1.65283e-05 200 6.99999 4.68023
-5.06697 6.64181 181.828 6.99999 4.68023
-10.1331 13.2838 163.656 6.99999 4.68023
-15.1982 19.9263 145.484 6.99999 4.68023
-20.2621 26.5692 127.312 6.99999 4.68023
-25.325 33.2128 109.14 7 4.68023
-30.3866 39.8571 90.9672 7 4.68023
-35.4472 46.5018 72.7948 7 4.68023
-40.5071 53.1469 54.6222 7 4.68023
-45.5666 59.7921 36.4497 7 4.68023
-50.6258 66.4375 18.2771 7 4.68023
-7.49696e-05 1.65283e-05 200 6.99999 4.68023
-5.06697 6.64181 181.828 6.99999 4.68023
-10.1331 13.2838 163.656 6.99999 4.68023
-15.1982 19.9263 145.484 6.99999 4.68023
-20.2621 26.5692 127.312 6.99999 4.68023
-25.325 33.2128 109.14 7 4.68023
-30.3866 39.8571 90.9672 7 4.68023
-35.4472 46.5018 72.7948 7 4.68023
-40.5071 53.1469 54.6222 7 4.68023
-45.5666 59.7921 36.4497 7 4.68023
-50.6258 66.4375 18.2771 7 4.68023
-7.49696e-05 1.65283e-05 200 6.99999 4.68023
-5.06697 6.64181 181.828 6.99999 4.68023
-10.1331 13.2838 163.656 6.99999 4.68023
-15.1982 19.9263 145.484 6.99999 4.68023
-20.2621 26.5692 127.312 6.99999 4.68023
-25.325 33.2128 109.14 7 4.68023
-30.3866 39.8571 90.9672 7 4.68023
-35.4472 46.5018 72.7948 7 4.68023
-40.5071 53.1469 54.6222 7 4.68023
-45.5666 59.7921 36.4497 7 4.68023
-50.6258 66.4375 18.2771 7 4.68023
-7.49696e-05 1.65283e-05 200 6.99999 4.68023
-5.06697 6.64181 181.828 6.99999 4.68023
-10.1331 13.2838 163.656 6.99999 4.68023
-15.1982 19.9263 145.484 6.99999 4.68023
-20.2621 26.5692 127.312 6.99999 4.68023
-25.325 33.2128 109.14 7 4.68023
-30.3866 39.8571 90.9672 7 4.68023
-35.4472 46.5018 72.7948 7 4.68023
-40.5071 53.1469 54.6222 7 4.68023
-45.5666 59.7921 36.4497 7 4.68023
-50.6258 66.4375 18.2771 7 4.68023
