3.52241e-05 1.10352e-05 200 6.99999 5.38027
15.4841 3.16943 187.744 6.99999 5.38027
30.9688 6.33893 175.489 6.99999 5.38027
46.4548 9.50862 163.236 6.99999 5.38027
61.9421 12.6785 150.985 6.99999 5.38027
77.4309 15.8486 138.735 6.99999 5.38027
92.921 19.019 126.488 7 5.38027
108.412 22.1895 114.242 7 5.38027
123.905 25.3602 101.997 7 5.38027
139.398 28.5309 89.7529 7 5.38027
154.891 31.7017 77.5091 7 5.38027
3.52241e-05 1.10352e-05 200 6.99999 5.38027
15.4841 3.16943 187.744 6.99999 5.38027
30.9688 6.33893 175.489 6.99999 5.38027
46.4548 9.50862 163.236 6.99999 5.38027
61.9421 12.6785 150.985 6.99999 5.38027
77.4309 15.8486 138.735 6.99999 5.38027
92.921 19.019 126.488 7 5.38027
108.412 22.1895 114.242 7 5.38027
123.905 25.3602 101.997 7 5.38027
139.398 28.5309 89.7529 7 5.38027
154.891 31.7017 77.5091 7 5.38027
3.52241e-05 1.10352e-05 200 6.99999 5.38027
15.4841 3.16943 187.744 6.99999 5.38027
30.9688 6.33893 175.489 6.99999 5.38027
46.4548 9.50862 163.236 6.99999 5.38027
61.9421 12.6785 150.985 6.99999 5.38027
77.4309 15.8486 138.735 6.99999 5.38027
92.921 19.019 126.488 7 5.38027
108.412 22.1895 114.242 7 5.38027
123.905 25.3602 101.997 7 5.38027
139.398 28.5309 89.7529 7 5.38027
154.891 31.7017 77.5091 7 5.38027
3.52241e-05 1.10352e-05 200 6.99999 5.38027
15.4841 3.16943 187.744 6.99999 5.38027
30.9688 6.33893 175.489 6.99999 5.38027
46.4548 9.50862 163.236 6.99999 5.38027
61.9421 12.6785 150.985 6.99999 5.38027
77.4309 15.8486 138.735 6.99999 5.38027
92.921 19.019 126.488 7 5.38027
108.412 22.1895 114.242 7 5.38027
123.905 25.3602 101.997 7 5.38027
139.398 28.5309 89.7529 7 5.38027
154.891 31.7017 77.5091 7 5.38027
3.52241e-05 1.10352e-05 200 6.99999 5.38027
15.4841 3.16943 187.744 6.99999 5.38027
30.9688 6.33893 175.489 6.99999 5.38027
46.4548 9.50862 163.236 6.99999 5.38027
61.9421 12.6785 150.985 6.99999 5.38027
77.4309 15.8486 138.735 6.99999 5.38027
92.921 19.019 126.488 7 5.38027
108.412 22.1895 114.242 7 5.38027
123.905 25.3602 101.997 7 5.38027
139.398 28.5309 89.7529 7 5.38027
154.891 31.7017 77.5091 7 5.38027
3.52241e-05 1.10352e-05 200 6.99999 5.38027
15.4841 3.16943 187.744 6.99999 5.38027
30.9688 6.33893 175.489 6.99999 5.38027
46.4548 9.50862 163.236 6.99999 5.38027
61.9421 12.6785 150.985 6.99999 5.38027
77.4309 15.8486 138.735 6.99999 5.38027
92.921 19.019 126.488 7 5.38027
108.412 22.1895 114.242 7 5.38027
123.905 25.3602 101.997 7 5.38027
139.398 28.5309 89.7529 7 5.38027
154.891 31.7017 77.5091 7 5.38027
