7.12339e-05 -5.57643e-05 200 7 2.12011
12.4066 -10.1705 211.943 7 2.12011
24.8125 -20.3406 223.887 7 2.12011
37.2172 -30.5095 235.834 7 2.12011
49.6202 -40.6769 247.783 7 2.12011
62.0213 -50.8428 259.736 7 2.12011
74.4207 -61.0076 271.691 7 2.12011
86.8182 -71.1718 283.649 7 2.12011
99.2143 -81.3357 295.609 7 2.12011
111.609 -91.4998 307.569 7 2.12011
124.004 -101.664 319.53 7 2.12011
7.12339e-05 -5.57643e-05 200 7 2.12011
12.4066 -10.1705 211.943 7 2.12011
24.8125 -20.3406 223.887 7 2.12011
37.2172 -30.5095 235.834 7 2.12011
49.6202 -40.6769 247.783 7 2.12011
62.0213 -50.8428 259.736 7 2.12011
74.4207 -61.0076 271.691 7 2.12011
86.8182 -71.1718 283.649 7 2.12011
99.2143 -81.3357 295.609 7 2.12011
111.609 -91.4998 307.569 7 2.12011
124.004 -101.664 319.53 7 2.12011
7.12339e-05 -5.57643e-05 200 7 2.12011
12.4066 -10.1705 211.943 7 2.12011
24.8125 -20.3406 223.887 7 2.12011
37.2172 -30.5095 235.834 7 2.12011
49.6202 -40.6769 247.783 7 2.12011
62.0213 -50.8428 259.736 7 2.12011
74.4207 -61.0076 271.691 7 2.12011
86.8182 -71.1718 283.649 7 2.12011
99.2143 -81.3357 295.609 7 2.12011
111.609 -91.4998 307.569 7 2.12011
124.004 -101.664 319.53 7 2.12011
7.12339e-05 -5.57643e-05 200 7 2.12011
12.4066 -10.1705 211.943 7 2.12011
24.8125 -20.3406 223.887 7 2.12011
37.2172 -30.5095 235.834 7 2.12011
49.6202 -40.6769 247.783 7 2.12011
62.0213 -50.8428 259.736 7 2.12011
74.4207 -61.0076 271.691 7 2.12011
86.8182 -71.1718 283.649 7 2.12011
99.2143 -81.3357 295.609 7 2.12011
111.609 -91.4998 307.569 7 2.12011
124.004 -101.664 319.53 7 2.12011
7.12339e-05 -5.57643e-05 200 7 2.12011
12.4066 -10.1705 211.943 7 2.12011
24.8125 -20.3406 223.887 7 2.12011
37.2172 -30.5095 235.834 7 2.12011
49.6202 -40.6769 247.783 7 2.12011
62.0213 -50.8428 259.736 7 2.12011
74.4207 -61.0076 271.691 7 2.12011
86.8182 -71.1718 283.649 7 2.12011
99.2143 -81.3357 295.609 7 2.12011
111.609 -91.4998 307.569 7 2.12011
124.004 -101.664 319.53 7 2.12011
7.12339e-05 -5.57643e-05 200 7 2.12011
12.4066 -10.1705 211.943 7 2.12011
24.8125 -20.3406 223.887 7 2.12011
37.2172 -30.5095 235.834 7 2.12011
49.6202 -40.6769 247.783 7 2.12011
62.0213 -50.8428 259.736 7 2.12011
74.4207 -61.0076 271.691 7 2.12011
86.8182 -71.1718 283.649 7 2.12011
99.2143 -81.3357 295.609 7 2.12011
111.609 -91.4998 307.569 7 2.12011
124.004 -101.664 319.53 7 2.12011
