-6.58198e-05 -2.51283e-05 200 6.99999 6.80034
-6.4104 -3.64557 218.591 6.99999 6.80034
-12.8207 -7.29126 237.182 6.99999 6.80034
-19.231 -10.9372 255.773 6.99999 6.80034
-25.6415 -14.5834 274.363 6.99999 6.80034
-32.0523 -18.2297 292.954 6.99999 6.80034
-38.4634 -21.8762 311.544 6.99999 6.80034
-44.8749 -25.5228 330.135 6.99999 6.80034
-51.2869 -29.1695 348.725 7 6.80034
-57.6993 -32.8163 367.314 7 6.80034
-64.1121 -36.4633 385.904 7 6.80034
-6.58198e-05 -2.51283e-05 200 6.99999 6.80034
-6.4104 -3.64557 218.591 6.99999 6.80034
-12.8207 -7.29126 237.182 6.99999 6.80034
-19.231 -10.9372 255.773 6.99999 6.80034
-25.6415 -14.5834 274.363 6.99999 6.80034
-32.0523 -18.2297 292.954 6.99999 6.80034
-38.4634 -21.8762 311.544 6.99999 6.80034
-44.8749 -25.5228 330.135 6.99999 6.80034
-51.2869 -29.1695 348.725 7 6.80034
-57.6993 -32.8163 367.314 7 6.80034
-64.1121 -36.4633 385.904 7 6.80034
-6.58198e-05 -2.51283e-05 200 6.99999 6.80034
-6.4104 -3.64557 218.591 6.99999 6.80034
-12.8207 -7.29126 237.182 6.99999 6.80034
-19.231 -10.9372 255.773 6.99999 6.80034
-25.6415 -14.5834 274.363 6.99999 6.80034
-32.0523 -18.2297 292.954 6.99999 6.80034
-38.4634 -21.8762 311.544 6.99999 6.80034
-44.8749 -25.5228 330.135 6.99999 6.80034
-51.2869 -29.1695 348.725 7 6.80034
-57.6993 -32.8163 367.314 7 6.80034
-64.1121 -36.4633 385.904 7 6.80034
-6.58198e-05 -2.51283e-05 200 6.99999 6.80034
-6.4104 -3.64557 218.591 6.99999 6.80034
-12.8207 -7.29126 237.182 6.99999 6.80034
-19.231 -10.9372 255.773 6.99999 6.80034
-25.6415 -14.5834 274.363 6.99999 6.80034
-32.0523 -18.2297 292.954 6.99999 6.80034
-38.4634 -21.8762 311.544 6.99999 6.80034
-44.8749 -25.5228 330.135 6.99999 6.80034
-51.2869 -29.1695 348.725 7 6.80034
-57.6993 -32.8163 367.314 7 6.80034
-64.1121 -36.4633 385.904 7 6.80034
-6.58198e-05 -2.51283e-05 200 6.99999 6.80034
-6.4104 -3.64557 218.591 6.99999 6.80034
-12.8207 -7.29126 237.182 6.99999 6.80034
-19.231 -10.9372 255.773 6.99999 6.80034
-25.6415 -14.5834 274.363 6.99999 6.80034
-32.0523 -18.2297 292.954 6.99999 6.80034
-38.4634 -21.8762 311.544 6.99999 6.80034
-44.8749 -25.5228 330.135 6.99999 6.80034
-51.2869 -29.1695 348.725 7 6.80034
-57.6993 -32.8163 367.314 7 6.80034
-64.1121 -36.4633 385.904 7 6.80034
-6.58198e-05 -2.51283e-05 200 6.99999 6.80034
-6.4104 -3.64557 218.591 6.99999 6.80034
-12.8207 -7.29126 237.182 6.99999 6.80034
-19.231 -10.9372 255.773 6.99999 6.80034
-25.6415 -14.5834 274.363 6.99999 6.80034
-32.0523 -18.2297 292.954 6.99999 6.80034
-38.4634 -21.8762 311.544 6.99999 6.80034
-44.8749 -25.5228 330.135 6.99999 6.80034
-51.2869 -29.1695 348.725 7 6.80034
-57.6993 -32.8163 367.314 7 6.80034
-64.1121 -36.4633 385.904 7 6.80034
