-0.00011217 -3.1909e-05 200 6.99998 6.90035
-10.1144 -3.49433 216.897 6.99998 6.90035
-20.2285 -6.98867 233.793 6.99999 6.90035
-30.3425 -10.4831 250.69 6.99999 6.90035
-40.4561 -13.9779 267.587 6.99999 6.90035
-50.5694 -17.4731 284.484 6.99999 6.90035
-60.6824 -20.9688 301.381 6.99999 6.90035
-70.7955 -24.4649 318.278 6.99999 6.90035
-80.909 -27.9614 335.174 7 6.90035
-91.0227 -31.4582 352.071 7 6.90035
-101.137 -34.9551 368.967 7 6.90035
-0.00011217 -3.1909e-05 200 6.99998 6.90035
-10.1144 -3.49433 216.897 6.99998 6.90035
-20.2285 -6.98867 233.793 6.99999 6.90035
-30.3425 -10.4831 250.69 6.99999 6.90035
-40.4561 -13.9779 267.587 6.99999 6.90035
-50.5694 -17.4731 284.484 6.99999 6.90035
-60.6824 -20.9688 301.381 6.99999 6.90035
-70.7955 -24.4649 318.278 6.99999 6.90035
-80.909 -27.9614 335.174 7 6.90035
-91.0227 -31.4582 352.071 7 6.90035
-101.137 -34.9551 368.967 7 6.90035
-0.00011217 -3.1909e-05 200 6.99998 6.90035
-10.1144 -3.49433 216.897 6.99998 6.90035
-20.2285 -6.98867 233.793 6.99999 6.90035
-30.3425 -10.4831 250.69 6.99999 6.90035
-40.4561 -13.9779 267.587 6.99999 6.90035
-50.5694 -17.4731 284.484 6.99999 6.90035
-60.6824 -20.9688 301.381 6.99999 6.90035
-70.7955 -24.4649 318.278 6.99999 6.90035
-80.909 -27.9614 335.174 7 6.90035
-91.0227 -31.4582 352.071 7 6.90035
-101.137 -34.9551 368.967 7 6.90035
-0.00011217 -3.1909e-05 200 6.99998 6.90035
-10.1144 -3.49433 216.897 6.99998 6.90035
-20.2285 -6.98867 233.793 6.99999 6.90035
-30.3425 -10.4831 250.69 6.99999 6.90035
-40.4561 -13.9779 267.587 6.99999 6.90035
-50.5694 -17.4731 284.484 6.99999 6.90035
-60.6824 -20.9688 301.381 6.99999 6.90035
-70.7955 -24.4649 318.278 6.99999 6.90035
-80.909 -27.9614 335.174 7 6.90035
-91.0227 -31.4582 352.071 7 6.90035
-101.137 -34.9551 368.967 7 6.90035
-0.00011217 -3.1909e-05 200 6.99998 6.90035
-10.1144 -3.49433 216.897 6.99998 6.90035
-20.2285 -6.98867 233.793 6.99999 6.90035
-30.3425 -10.4831 250.69 6.99999 6.90035
-40.4561 -13.9779 267.587 6.99999 6.90035
-50.5694 -17.4731 284.484 6.99999 6.90035
-60.6824 -20.9688 301.381 6.99999 6.90035
-70.7955 -24.4649 318.278 6.99999 6.90035
-80.909 -27.9614 335.174 7 6.90035
-91.0227 -31.4582 352.071 7 6.90035
-101.137 -34.9551 368.967 7 6.90035
-0.00011217 -3.1909e-05 200 6.99998 6.90035
-10.1144 -3.49433 216.897 6.99998 6.90035
-20.2285 -6.98867 233.793 6.99999 6.90035
-30.3425 -10.4831 250.69 6.99999 6.90035
-40.4561 -13.9779 267.587 6.99999 6.90035
-50.5694 -17.4731 284.484 6.99999 6.90035
-60.6824 -20.9688 301.381 6.99999 6.90035
-70.7955 -24.4649 318.278 6.99999 6.90035
-80.909 -27.9614 335.174 7 6.90035
-91.0227 -31.4582 352.071 7 6.90035
-101.137 -34.9551 368.967 7 6.90035
