6.46885e-05 9.74171e-06 200 6.99999 5.42027
16.2984 2.89619 188.776 6.99999 5.42027
32.5971 5.79246 177.552 6.99999 5.42027
48.8966 8.68882 166.33 6.99999 5.42027
65.1975 11.5853 155.11 6.99999 5.42027
81.5 14.482 143.892 6.99999 5.42027
97.8041 17.3788 132.677 7 5.42027
114.11 20.2758 121.463 7 5.42027
130.416 23.1729 110.252 7 5.42027
146.724 26.0699 99.0417 7 5.42027
163.032 28.967 87.8318 7 5.42027
6.46885e-05 9.74171e-06 200 6.99999 5.42027
16.2984 2.89619 188.776 6.99999 5.42027
32.5971 5.79246 177.552 6.99999 5.42027
48.8966 8.68882 166.33 6.99999 5.42027
65.1975 11.5853 155.11 6.99999 5.42027
81.5 14.482 143.892 6.99999 5.42027
97.8041 17.3788 132.677 7 5.42027
114.11 20.2758 121.463 7 5.42027
130.416 23.1729 110.252 7 5.42027
146.724 26.0699 99.0417 7 5.42027
163.032 28.967 87.8318 7 5.42027
6.46885e-05 9.74171e-06 200 6.99999 5.42027
16.2984 2.89619 188.776 6.99999 5.42027
32.5971 5.79246 177.552 6.99999 5.42027
48.8966 8.68882 166.33 6.99999 5.42027
65.1975 11.5853 155.11 6.99999 5.42027
81.5 14.482 143.892 6.99999 5.42027
97.8041 17.3788 132.677 7 5.42027
114.11 20.2758 121.463 7 5.42027
130.416 23.1729 110.252 7 5.42027
146.724 26.0699 99.0417 7 5.42027
163.032 28.967 87.8318 7 5.42027
6.46885e-05 9.74171e-06 200 6.99999 5.42027
16.2984 2.89619 188.776 6.99999 5.42027
32.5971 5.79246 177.552 6.99999 5.42027
48.8966 8.68882 166.33 6.99999 5.42027
65.1975 11.5853 155.11 6.99999 5.42027
81.5 14.482 143.892 6.99999 5.42027
97.8041 17.3788 132.677 7 5.42027
114.11 20.2758 121.463 7 5.42027
130.416 23.1729 110.252 7 5.42027
146.724 26.0699 99.0417 7 5.42027
163.032 28.967 87.8318 7 5.42027
6.46885e-05 9.74171e-06 200 6.99999 5.42027
16.2984 2.89619 188.776 6.99999 5.42027
32.5971 5.79246 177.552 6.99999 5.42027
48.8966 8.68882 166.33 6.99999 5.42027
65.1975 11.5853 155.11 6.99999 5.42027
81.5 14.482 143.892 6.99999 5.42027
97.8041 17.3788 132.677 7 5.42027
114.11 20.2758 121.463 7 5.42027
130.416 23.1729 110.252 7 5.42027
146.724 26.0699 99.0417 7 5.42027
163.032 28.967 87.8318 7 5.42027
6.46885e-05 9.74171e-06 200 6.99999 5.42027
16.2984 2.89619 188.776 6.99999 5.42027
32.5971 5.79246 177.552 6.99999 5.42027
48.8966 8.68882 166.33 6.99999 5.42027
65.1975 11.5853 155.11 6.99999 5.42027
81.5 14.482 143.892 6.99999 5.42027
97.8041 17.3788 132.677 7 5.42027
114.11 20.2758 121.463 7 5.42027
130.416 23.1729 110.252 7 5.42027
146.724 26.0699 99.0417 7 5.42027
163.032 28.967 87.8318 7 5.42027
