-7.81519e-07 -7.38936e-05 200 6.99999 3.26016
-11.8399 1.19616 216.075 6.99999 3.26016
-23.6803 2.3935 232.148 6.99999 3.26016
-35.5219 3.59271 248.221 7 3.26016
-47.3651 4.79437 264.293 7 3.26016
-59.2102 5.99869 280.363 7 3.26016
-71.0574 7.20526 296.431 7 3.26016
-82.9063 8.41356 312.498 7 3.26016
-94.7566 9.62321 328.564 7 3.26016
-106.608 10.8339 344.629 7 3.26016
-118.46 12.0449 360.693 7 3.26016
-7.81519e-07 -7.38936e-05 200 6.99999 3.26016
-11.8399 1.19616 216.075 6.99999 3.26016
-23.6803 2.3935 232.148 6.99999 3.26016
-35.5219 3.59271 248.221 7 3.26016
-47.3651 4.79437 264.293 7 3.26016
-59.2102 5.99869 280.363 7 3.26016
-71.0574 7.20526 296.431 7 3.26016
-82.9063 8.41356 312.498 7 3.26016
-94.7566 9.62321 328.564 7 3.26016
-106.608 10.8339 344.629 7 3.26016
-118.46 12.0449 360.693 7 3.26016
-7.81519e-07 -7.38936e-05 200 6.99999 3.26016
-11.8399 1.19616 216.075 6.99999 3.26016
-23.6803 2.3935 232.148 6.99999 3.26016
-35.5219 3.59271 248.221 7 3.26016
-47.3651 4.79437 264.293 7 3.26016
-59.2102 5.99869 280.363 7 3.26016
-71.0574 7.20526 296.431 7 3.26016
-82.9063 8.41356 312.498 7 3.26016
-94.7566 9.62321 328.564 7 3.26016
-106.608 10.8339 344.629 7 3.26016
-118.46 12.0449 360.693 7 3.26016
-7.81519e-07 -7.38936e-05 200 6.99999 3.26016
-11.8399 1.19616 216.075 6.99999 3.26016
-23.6803 2.3935 232.148 6.99999 3.26016
-35.5219 3.59271 248.221 7 3.26016
-47.3651 4.79437 264.293 7 3.26016
-59.2102 5.99869 280.363 7 3.26016
-71.0574 7.20526 296.431 7 3.26016
-82.9063 8.41356 312.498 7 3.26016
-94.7566 9.62321 328.564 7 3.26016
-106.608 10.8339 344.629 7 3.26016
-118.46 12.0449 360.693 7 3.26016
-7.81519e-07 -7.38936e-05 200 6.99999 3.26016
-11.8399 1.19616 216.075 6.99999 3.26016
-23.6803 2.3935 232.148 6.99999 3.26016
-35.5219 3.59271 248.221 7 3.26016
-47.3651 4.79437 264.293 7 3.26016
-59.2102 5.99869 280.363 7 3.26016
-71.0574 7.20526 296.431 7 3.26016
-82.9063 8.41356 312.498 7 3.26016
-94.7566 9.62321 328.564 7 3.26016
-106.608 10.8339 344.629 7 3.26016
-118.46 12.0449 360.693 7 3.26016
-7.81519e-07 -7.38936e-05 200 6.99999 3.26016
-11.8399 1.19616 216.075 6.99999 3.26016
-23.6803 2.3935 232.148 6.99999 3.26016
-35.5219 3.59271 248.221 7 3.26016
-47.3651 4.79437 264.293 7 3.26016
-59.2102 5.99869 280.363 7 3.26016
-71.0574 7.20526 296.431 7 3.26016
-82.9063 8.41356 312.498 7 3.26016
-94.7566 9.62321 328.564 7 3.26016
-106.608 10.8339 344.629 7 3.26016
-118.46 12.0449 360.693 7 3.26016
