7.60361e-06 5.73853e-05 200 6.99999 4.52023
-9.69546 6.91991 183.934 6.99999 4.52023
-19.3917 13.8394 167.868 6.99999 4.52023
-29.0893 20.7583 151.803 6.99999 4.52023
-38.7884 27.6766 135.739 6.99999 4.52023
-48.4887 34.5945 119.675 7 4.52023
-58.1899 41.5119 103.611 7 4.52023
-67.8919 48.4292 87.5483 7 4.52023
-77.5943 55.3463 71.4853 7 4.52023
-87.2964 62.2637 55.4224 7 4.52023
-96.9983 69.1812 39.3593 7 4.52023
7.60361e-06 5.73853e-05 200 6.99999 4.52023
-9.69546 6.91991 183.934 6.99999 4.52023
-19.3917 13.8394 167.868 6.99999 4.52023
-29.0893 20.7583 151.803 6.99999 4.52023
-38.7884 27.6766 135.739 6.99999 4.52023
-48.4887 34.5945 119.675 7 4.52023
-58.1899 41.5119 103.611 7 4.52023
-67.8919 48.4292 87.5483 7 4.52023
-77.5943 55.3463 71.4853 7 4.52023
-87.2964 62.2637 55.4224 7 4.52023
-96.9983 69.1812 39.3593 7 4.52023
7.60361e-06 5.73853e-05 200 6.99999 4.52023
-9.69546 6.91991 183.934 6.99999 4.52023
-19.3917 13.8394 167.868 6.99999 4.52023
-29.0893 20.7583 151.803 6.99999 4.52023
-38.7884 27.6766 135.739 6.99999 4.52023
-48.4887 34.5945 119.675 7 4.52023
-58.1899 41.5119 103.611 7 4.52023
-67.8919 48.4292 87.5483 7 4.52023
-77.5943 55.3463 71.4853 7 4.52023
-87.2964 62.2637 55.4224 7 4.52023
-96.9983 69.1812 39.3593 7 4.52023
7.60361e-06 5.73853e-05 200 6.99999 4.52023
-9.69546 6.91991 183.934 6.99999 4.52023
-19.3917 13.8394 167.868 6.99999 4.52023
-29.0893 20.7583 151.803 6.99999 4.52023
-38.7884 27.6766 135.739 6.99999 4.52023
-48.4887 34.5945 119.675 7 4.52023
-58.1899 41.5119 103.611 7 4.52023
-67.8919 48.4292 87.5483 7 4.52023
-77.5943 55.3463 71.4853 7 4.52023
-87.2964 62.2637 55.4224 7 4.52023
-96.9983 69.1812 39.3593 7 4.52023
7.60361e-06 5.73853e-05 200 6.99999 4.52023
-9.69546 6.91991 183.934 6.99999 4.52023
-19.3917 13.8394 167.868 6.99999 4.52023
-29.0893 20.7583 151.803 6.99999 4.52023
-38.7884 27.6766 135.739 6.99999 4.52023
-48.4887 34.5945 119.675 7 4.52023
-58.1899 41.5119 103.611 7 4.52023
-67.8919 48.4292 87.5483 7 4.52023
-77.5943 55.3463 71.4853 7 4.52023
-87.2964 62.2637 55.4224 7 4.52023
-96.9983 69.1812 39.3593 7 4.52023
7.60361e-06 5.73853e-05 200 6.99999 4.52023
-9.69546 6.91991 183.934 6.99999 4.52023
-19.3917 13.8394 167.868 6.99999 4.52023
-29.0893 20.7583 151.803 6.99999 4.52023
-38.7884 27.6766 135.739 6.99999 4.52023
-48.4887 34.5945 119.675 7 4.52023
-58.1899 41.5119 103.611 7 4.52023
-67.8919 48.4292 87.5483 7 4.52023
-77.5943 55.3463 71.4853 7 4.52023
-87.2964 62.2637 55.4224 7 4.52023
-96.9983 69.1812 39.3593 7 4.52023
