3.40722e-05 -1.32177e-05 200 7 1.38007
11.6829 -16.1499 198.359 7 1.38007
23.3656 -32.2999 196.718 7 1.38007
35.0477 -48.4503 195.077 7 1.38007
46.7294 -64.6009 193.435 7 1.38007
58.4108 -80.7516 191.792 7 1.38007
70.0921 -96.9025 190.15 7 1.38007
81.7733 -113.053 188.507 7 1.38007
93.4545 -129.204 186.865 7 1.38007
105.136 -145.355 185.224 7 1.38007
116.817 -161.507 183.584 7 1.38007
3.40722e-05 -1.32177e-05 200 7 1.38007
11.6829 -16.1499 198.359 7 1.38007
23.3656 -32.2999 196.718 7 1.38007
35.0477 -48.4503 195.077 7 1.38007
46.7294 -64.6009 193.435 7 1.38007
58.4108 -80.7516 191.792 7 1.38007
70.0921 -96.9025 190.15 7 1.38007
81.7733 -113.053 188.507 7 1.38007
93.4545 -129.204 186.865 7 1.38007
105.136 -145.355 185.224 7 1.38007
116.817 -161.507 183.584 7 1.38007
3.40722e-05 -1.32177e-05 200 7 1.38007
11.6829 -16.1499 198.359 7 1.38007
23.3656 -32.2999 196.718 7 1.38007
35.0477 -48.4503 195.077 7 1.38007
46.7294 -64.6009 193.435 7 1.38007
58.4108 -80.7516 191.792 7 1.38007
70.0921 -96.9025 190.15 7 1.38007
81.7733 -113.053 188.507 7 1.38007
93.4545 -129.204 186.865 7 1.38007
105.136 -145.355 185.224 7 1.38007
116.817 -161.507 183.584 7 1.38007
3.40722e-05 -1.32177e-05 200 7 1.38007
11.6829 -16.1499 198.359 7 1.38007
23.3656 -32.2999 196.718 7 1.38007
35.0477 -48.4503 195.077 7 1.38007
46.7294 -64.6009 193.435 7 1.38007
58.4108 -80.7516 191.792 7 1.38007
70.0921 -96.9025 190.15 7 1.38007
81.7733 -113.053 188.507 7 1.38007
93.4545 -129.204 186.865 7 1.38007
105.136 -145.355 185.224 7 1.38007
116.817 -161.507 183.584 7 1.38007
3.40722e-05 -1.32177e-05 200 7 1.38007
11.6829 -16.1499 198.359 7 1.38007
23.3656 -32.2999 196.718 7 1.38007
35.0477 -48.4503 195.077 7 1.38007
46.7294 -64.6009 193.435 7 1.38007
58.4108 -80.7516 191.792 7 1.38007
70.0921 -96.9025 190.15 7 1.38007
81.7733 -113.053 188.507 7 1.38007
93.4545 -129.204 186.865 7 1.38007
105.136 -145.355 185.224 7 1.38007
116.817 -161.507 183.584 7 1.38007
3.40722e-05 -1.32177e-05 200 7 1.38007
11.6829 -16.1499 198.359 7 1.38007
23.3656 -32.2999 196.718 7 1.38007
35.0477 -48.4503 195.077 7 1.38007
46.7294 -64.6009 193.435 7 1.38007
58.4108 -80.7516 191.792 7 1.38007
70.0921 -96.9025 190.15 7 1.38007
81.7733 -113.053 188.507 7 1.38007
93.4545 -129.204 186.865 7 1.38007
105.136 -145.355 185.224 7 1.38007
116.817 -161.507 183.584 7 1.38007
