0 -1.5369e-05 200 7 0.160008
0 -19.9883 199.314 7 0.160008
0 -39.9765 198.627 7 0.160008
0 -59.9646 197.939 7 0.160008
0 -79.9526 197.247 7 0.160008
0 -99.9405 196.551 7 0.160008
0 -119.928 195.851 7 0.160008
0 -139.916 195.146 7 0.160008
0 -159.903 194.437 7 0.160008
0 -179.891 193.724 7 0.160008
0 -199.878 193.009 7 0.160008
0 -1.5369e-05 200 7 0.160008
0 -19.9883 199.314 7 0.160008
0 -39.9765 198.627 7 0.160008
0 -59.9646 197.939 7 0.160008
0 -79.9526 197.247 7 0.160008
0 -99.9405 196.551 7 0.160008
0 -119.928 195.851 7 0.160008
0 -139.916 195.146 7 0.160008
0 -159.903 194.437 7 0.160008
0 -179.891 193.724 7 0.160008
0 -199.878 193.009 7 0.160008
0 -1.5369e-05 200 7 0.160008
0 -19.9883 199.314 7 0.160008
0 -39.9765 198.627 7 0.160008
0 -59.9646 197.939 7 0.160008
0 -79.9526 197.247 7 0.160008
0 -99.9405 196.551 7 0.160008
0 -119.928 195.851 7 0.160008
0 -139.916 195.146 7 0.160008
0 -159.903 194.437 7 0.160008
0 -179.891 193.724 7 0.160008
0 -199.878 193.009 7 0.160008
0 -1.5369e-05 200 7 0.160008
0 -19.9883 199.314 7 0.160008
0 -39.9765 198.627 7 0.160008
0 -59.9646 197.939 7 0.160008
0 -79.9526 197.247 7 0.160008
0 -99.9405 196.551 7 0.160008
0 -119.928 195.851 7 0.160008
0 -139.916 195.146 7 0.160008
0 -159.903 194.437 7 0.160008
0 -179.891 193.724 7 0.160008
0 -199.878 193.009 7 0.160008
0 -1.5369e-05 200 7 0.160008
0 -19.9883 199.314 7 0.160008
0 -39.9765 198.627 7 0.160008
0 -59.9646 197.939 7 0.160008
0 -79.9526 197.247 7 0.160008
0 -99.9405 196.551 7 0.160008
0 -119.928 195.851 7 0.160008
0 -139.916 195.146 7 0.160008
0 -159.903 194.437 7 0.160008
0 -179.891 193.724 7 0.160008
0 -199.878 193.009 7 0.160008
0 -1.5369e-05 200 7 0.160008
0 -19.9883 199.314 7 0.160008
0 -39.9765 198.627 7 0.160008
0 -59.9646 197.939 7 0.160008
0 -79.9526 197.247 7 0.160008
0 -99.9405 196.551 7 0.160008
0 -119.928 195.851 7 0.160008
0 -139.916 195.146 7 0.160008
0 -159.903 194.437 7 0.160008
0 -179.891 193.724 7 0.160008
0 -199.878 193.009 7 0.160008
