3.21617e-05 4.34562e-05 200 6.99999 4.74024
-3.19871 6.48169 181.352 6.99999 4.74024
-6.39814 12.9632 162.703 6.99999 4.74024
-9.59846 19.4445 144.055 6.99999 4.74024
-12.7997 25.9257 125.407 6.99999 4.74024
-16.0023 32.4067 106.759 7 4.74024
-19.2063 38.8874 88.1118 7 4.74024
-22.4115 45.3679 69.4643 7 4.74024
-25.6175 51.8482 50.8169 7 4.74024
-28.8239 58.3284 32.1694 7 4.74024
-32.0301 64.8087 13.522 7 4.74024
3.21617e-05 4.34562e-05 200 6.99999 4.74024
-3.19871 6.48169 181.352 6.99999 4.74024
-6.39814 12.9632 162.703 6.99999 4.74024
-9.59846 19.4445 144.055 6.99999 4.74024
-12.7997 25.9257 125.407 6.99999 4.74024
-16.0023 32.4067 106.759 7 4.74024
-19.2063 38.8874 88.1118 7 4.74024
-22.4115 45.3679 69.4643 7 4.74024
-25.6175 51.8482 50.8169 7 4.74024
-28.8239 58.3284 32.1694 7 4.74024
-32.0301 64.8087 13.522 7 4.74024
3.21617e-05 4.34562e-05 200 6.99999 4.74024
-3.19871 6.48169 181.352 6.99999 4.74024
-6.39814 12.9632 162.703 6.99999 4.74024
-9.59846 19.4445 144.055 6.99999 4.74024
-12.7997 25.9257 125.407 6.99999 4.74024
-16.0023 32.4067 106.759 7 4.74024
-19.2063 38.8874 88.1118 7 4.74024
-22.4115 45.3679 69.4643 7 4.74024
-25.6175 51.8482 50.8169 7 4.74024
-28.8239 58.3284 32.1694 7 4.74024
-32.0301 64.8087 13.522 7 4.74024
3.21617e-05 4.34562e-05 200 6.99999 4.74024
-3.19871 6.48169 181.352 6.99999 4.74024
-6.39814 12.9632 162.703 6.99999 4.74024
-9.59846 19.4445 144.055 6.99999 4.74024
-12.7997 25.9257 125.407 6.99999 4.74024
-16.0023 32.4067 106.759 7 4.74024
-19.2063 38.8874 88.1118 7 4.74024
-22.4115 45.3679 69.4643 7 4.74024
-25.6175 51.8482 50.8169 7 4.74024
-28.8239 58.3284 32.1694 7 4.74024
-32.0301 64.8087 13.522 7 4.74024
3.21617e-05 4.34562e-05 200 6.99999 4.74024
-3.19871 6.48169 181.352 6.99999 4.74024
-6.39814 12.9632 162.703 6.99999 4.74024
-9.59846 19.4445 144.055 6.99999 4.74024
-12.7997 25.9257 125.407 6.99999 4.74024
-16.0023 32.4067 106.759 7 4.74024
-19.2063 38.8874 88.1118 7 4.74024
-22.4115 45.3679 69.4643 7 4.74024
-25.6175 51.8482 50.8169 7 4.74024
-28.8239 58.3284 32.1694 7 4.74024
-32.0301 64.8087 13.522 7 4.74024
3.21617e-05 4.34562e-05 200 6.99999 4.74024
-3.19871 6.48169 181.352 6.99999 4.74024
-6.39814 12.9632 162.703 6.99999 4.74024
-9.59846 19.4445 144.055 6.99999 4.74024
-12.7997 25.9257 125.407 6.99999 4.74024
-16.0023 32.4067 106.759 7 4.74024
-19.2063 38.8874 88.1118 7 4.74024
-22.4115 45.3679 69.4643 7 4.74024
-25.6175 51.8482 50.8169 7 4.74024
-28.8239 58.3284 32.1694 7 4.74024
-32.0301 64.8087 13.522 7 4.74024
