-3.02447e-05 2.84646e-05 200 6.99999 5.02025
5.72519 5.34228 181.597 6.99999 5.02025
11.4513 10.6845 163.193 6.99999 5.02025
17.179 16.0269 144.791 6.99999 5.02025
22.9087 21.3695 126.389 6.99999 5.02025
28.641 26.7126 107.988 6.99999 5.02025
34.3757 32.0564 89.5881 7 5.02025
40.1128 37.4008 71.1891 7 5.02025
45.8519 42.7457 52.7909 7 5.02025
51.5921 48.0909 34.3931 7 5.02025
57.3326 53.4363 15.9954 7 5.02025
-3.02447e-05 2.84646e-05 200 6.99999 5.02025
5.72519 5.34228 181.597 6.99999 5.02025
11.4513 10.6845 163.193 6.99999 5.02025
17.179 16.0269 144.791 6.99999 5.02025
22.9087 21.3695 126.389 6.99999 5.02025
28.641 26.7126 107.988 6.99999 5.02025
34.3757 32.0564 89.5881 7 5.02025
40.1128 37.4008 71.1891 7 5.02025
45.8519 42.7457 52.7909 7 5.02025
51.5921 48.0909 34.3931 7 5.02025
57.3326 53.4363 15.9954 7 5.02025
-3.02447e-05 2.84646e-05 200 6.99999 5.02025
5.72519 5.34228 181.597 6.99999 5.02025
11.4513 10.6845 163.193 6.99999 5.02025
17.179 16.0269 144.791 6.99999 5.02025
22.9087 21.3695 126.389 6.99999 5.02025
28.641 26.7126 107.988 6.99999 5.02025
34.3757 32.0564 89.5881 7 5.02025
40.1128 37.4008 71.1891 7 5.02025
45.8519 42.7457 52.7909 7 5.02025
51.5921 48.0909 34.3931 7 5.02025
57.3326 53.4363 15.9954 7 5.02025
-3.02447e-05 2.84646e-05 200 6.99999 5.02025
5.72519 5.34228 181.597 6.99999 5.02025
11.4513 10.6845 163.193 6.99999 5.02025
17.179 16.0269 144.791 6.99999 5.02025
22.9087 21.3695 126.389 6.99999 5.02025
28.641 26.7126 107.988 6.99999 5.02025
34.3757 32.0564 89.5881 7 5.02025
40.1128 37.4008 71.1891 7 5.02025
45.8519 42.7457 52.7909 7 5.02025
51.5921 48.0909 34.3931 7 5.02025
57.3326 53.4363 15.9954 7 5.02025
-3.02447e-05 2.84646e-05 200 6.99999 5.02025
5.72519 5.34228 181.597 6.99999 5.02025
11.4513 10.6845 163.193 6.99999 5.02025
17.179 16.0269 144.791 6.99999 5.02025
22.9087 21.3695 126.389 6.99999 5.02025
28.641 26.7126 107.988 6.99999 5.02025
34.3757 32.0564 89.5881 7 5.02025
40.1128 37.4008 71.1891 7 5.02025
45.8519 42.7457 52.7909 7 5.02025
51.5921 48.0909 34.3931 7 5.02025
57.3326 53.4363 15.9954 7 5.02025
-3.02447e-05 2.84646e-05 200 6.99999 5.02025
5.72519 5.34228 181.597 6.99999 5.02025
11.4513 10.6845 163.193 6.99999 5.02025
17.179 16.0269 144.791 6.99999 5.02025
22.9087 21.3695 126.389 6.99999 5.02025
28.641 26.7126 107.988 6.99999 5.02025
34.3757 32.0564 89.5881 7 5.02025
40.1128 37.4008 71.1891 7 5.02025
45.8519 42.7457 52.7909 7 5.02025
51.5921 48.0909 34.3931 7 5.02025
57.3326 53.4363 15.9954 7 5.02025
