3.20093e-06 -1.99466e-05 200 7 1.20006
9.56548 -17.169 196.295 7 1.20006
19.1311 -34.3379 192.59 7 1.20006
28.6969 -51.5069 188.886 7 1.20006
38.263 -68.676 185.183 7 1.20006
47.8294 -85.8454 181.482 7 1.20006
57.3962 -103.015 177.783 7 1.20006
66.9633 -120.185 174.087 7 1.20006
76.531 -137.355 170.393 7 1.20006
86.0992 -154.525 166.7 7 1.20006
95.6677 -171.696 163.009 7 1.20006
3.20093e-06 -1.99466e-05 200 7 1.20006
9.56548 -17.169 196.295 7 1.20006
19.1311 -34.3379 192.59 7 1.20006
28.6969 -51.5069 188.886 7 1.20006
38.263 -68.676 185.183 7 1.20006
47.8294 -85.8454 181.482 7 1.20006
57.3962 -103.015 177.783 7 1.20006
66.9633 -120.185 174.087 7 1.20006
76.531 -137.355 170.393 7 1.20006
86.0992 -154.525 166.7 7 1.20006
95.6677 -171.696 163.009 7 1.20006
3.20093e-06 -1.99466e-05 200 7 1.20006
9.56548 -17.169 196.295 7 1.20006
19.1311 -34.3379 192.59 7 1.20006
28.6969 -51.5069 188.886 7 1.20006
38.263 -68.676 185.183 7 1.20006
47.8294 -85.8454 181.482 7 1.20006
57.3962 -103.015 177.783 7 1.20006
66.9633 -120.185 174.087 7 1.20006
76.531 -137.355 170.393 7 1.20006
86.0992 -154.525 166.7 7 1.20006
95.6677 -171.696 163.009 7 1.20006
3.20093e-06 -1.99466e-05 200 7 1.20006
9.56548 -17.169 196.295 7 1.20006
19.1311 -34.3379 192.59 7 1.20006
28.6969 -51.5069 188.886 7 1.20006
38.263 -68.676 185.183 7 1.20006
47.8294 -85.8454 181.482 7 1.20006
57.3962 -103.015 177.783 7 1.20006
66.9633 -120.185 174.087 7 1.20006
76.531 -137.355 170.393 7 1.20006
86.0992 -154.525 166.7 7 1.20006
95.6677 -171.696 163.009 7 1.20006
3.20093e-06 -1.99466e-05 200 7 1.20006
9.56548 -17.169 196.295 7 1.20006
19.1311 -34.3379 192.59 7 1.20006
28.6969 -51.5069 188.886 7 1.20006
38.263 -68.676 185.183 7 1.20006
47.8294 -85.8454 181.482 7 1.20006
57.3962 -103.015 177.783 7 1.20006
66.9633 -120.185 174.087 7 1.20006
76.531 -137.355 170.393 7 1.20006
86.0992 -154.525 166.7 7 1.20006
95.6677 -171.696 163.009 7 1.20006
3.20093e-06 -1.99466e-05 200 7 1.20006
9.56548 -17.169 196.295 7 1.20006
19.1311 -34.3379 192.59 7 1.20006
28.6969 -51.5069 188.886 7 1.20006
38.263 -68.676 185.183 7 1.20006
47.8294 -85.8454 181.482 7 1.20006
57.3962 -103.015 177.783 7 1.20006
66.9633 -120.185 174.087 7 1.20006
76.531 -137.355 170.393 7 1.20006
86.0992 -154.525 166.7 7 1.20006
95.6677 -171.696 163.009 7 1.20006
