-0.000211008 2.00074e-05 200 6.99998 7.74039
-13.1603 0.954327 184.97 6.99998 7.74039
-26.3203 1.90857 169.939 6.99998 7.74039
-39.4802 2.86272 154.909 6.99998 7.74039
-52.6397 3.81671 139.878 6.99998 7.74039
-65.7987 4.7704 124.847 6.99998 7.74039
-78.9574 5.72368 109.816 6.99998 7.74039
-92.1156 6.67659 94.7837 6.99999 7.74039
-105.273 7.62925 79.7514 6.99999 7.74039
-118.43 8.58178 64.7186 7 7.74039
-131.587 9.53426 49.6855 7 7.74039
-0.000211008 2.00074e-05 200 6.99998 7.74039
-13.1603 0.954327 184.97 6.99998 7.74039
-26.3203 1.90857 169.939 6.99998 7.74039
-39.4802 2.86272 154.909 6.99998 7.74039
-52.6397 3.81671 139.878 6.99998 7.74039
-65.7987 4.7704 124.847 6.99998 7.74039
-78.9574 5.72368 109.816 6.99998 7.74039
-92.1156 6.67659 94.7837 6.99999 7.74039
-105.273 7.62925 79.7514 6.99999 7.74039
-118.43 8.58178 64.7186 7 7.74039
-131.587 9.53426 49.6855 7 7.74039
-0.000211008 2.00074e-05 200 6.99998 7.74039
-13.1603 0.954327 184.97 6.99998 7.74039
-26.3203 1.90857 169.939 6.99998 7.74039
-39.4802 2.86272 154.909 6.99998 7.74039
-52.6397 3.81671 139.878 6.99998 7.74039
-65.7987 4.7704 124.847 6.99998 7.74039
-78.9574 5.72368 109.816 6.99998 7.74039
-92.1156 6.67659 94.7837 6.99999 7.74039
-105.273 7.62925 79.7514 6.99999 7.74039
-118.43 8.58178 64.7186 7 7.74039
-131.587 9.53426 49.6855 7 7.74039
-0.000211008 2.00074e-05 200 6.99998 7.74039
-13.1603 0.954327 184.97 6.99998 7.74039
-26.3203 1.90857 169.939 6.99998 7.74039
-39.4802 2.86272 154.909 6.99998 7.74039
-52.6397 3.81671 139.878 6.99998 7.74039
-65.7987 4.7704 124.847 6.99998 7.74039
-78.9574 5.72368 109.816 6.99998 7.74039
-92.1156 6.67659 94.7837 6.99999 7.74039
-105.273 7.62925 79.7514 6.99999 7.74039
-118.43 8.58178 64.7186 7 7.74039
-131.587 9.53426 49.6855 7 7.74039
-0.000211008 2.00074e-05 200 6.99998 7.74039
-13.1603 0.954327 184.97 6.99998 7.74039
-26.3203 1.90857 169.939 6.99998 7.74039
-39.4802 2.86272 154.909 6.99998 7.74039
-52.6397 3.81671 139.878 6.99998 7.74039
-65.7987 4.7704 124.847 6.99998 7.74039
-78.9574 5.72368 109.816 6.99998 7.74039
-92.1156 6.67659 94.7837 6.99999 7.74039
-105.273 7.62925 79.7514 6.99999 7.74039
-118.43 8.58178 64.7186 7 7.74039
-131.587 9.53426 49.6855 7 7.74039
-0.000211008 2.00074e-05 200 6.99998 7.74039
-13.1603 0.954327 184.97 6.99998 7.74039
-26.3203 1.90857 169.939 6.99998 7.74039
-39.4802 2.86272 154.909 6.99998 7.74039
-52.6397 3.81671 139.878 6.99998 7.74039
-65.7987 4.7704 124.847 6.99998 7.74039
-78.9574 5.72368 109.816 6.99998 7.74039
-92.1156 6.67659 94.7837 6.99999 7.74039
-105.273 7.62925 79.7514 6.99999 7.74039
-118.43 8.58178 64.7186 7 7.74039
-131.587 9.53426 49.6855 7 7.74039
