-2.96845e-05 -1.82127e-05 200 6.99999 3.34017
-13.5069 1.89784 214.628 6.99999 3.34017
-27.0139 3.79605 229.255 7 3.34017
-40.5216 5.69499 243.882 7 3.34017
-54.0301 7.59496 258.507 7 3.34017
-67.5396 9.4957 273.132 7 3.34017
-81.0499 11.3969 287.756 7 3.34017
-94.5608 13.2984 302.379 7 3.34017
-108.072 15.2001 317.002 7 3.34017
-121.584 17.1019 331.624 7 3.34017
-135.096 19.0037 346.246 7 3.34017
-2.96845e-05 -1.82127e-05 200 6.99999 3.34017
-13.5069 1.89784 214.628 6.99999 3.34017
-27.0139 3.79605 229.255 7 3.34017
-40.5216 5.69499 243.882 7 3.34017
-54.0301 7.59496 258.507 7 3.34017
-67.5396 9.4957 273.132 7 3.34017
-81.0499 11.3969 287.756 7 3.34017
-94.5608 13.2984 302.379 7 3.34017
-108.072 15.2001 317.002 7 3.34017
-121.584 17.1019 331.624 7 3.34017
-135.096 19.0037 346.246 7 3.34017
-2.96845e-05 -1.82127e-05 200 6.99999 3.34017
-13.5069 1.89784 214.628 6.99999 3.34017
-27.0139 3.79605 229.255 7 3.34017
-40.5216 5.69499 243.882 7 3.34017
-54.0301 7.59496 258.507 7 3.34017
-67.5396 9.4957 273.132 7 3.34017
-81.0499 11.3969 287.756 7 3.34017
-94.5608 13.2984 302.379 7 3.34017
-108.072 15.2001 317.002 7 3.34017
-121.584 17.1019 331.624 7 3.34017
-135.096 19.0037 346.246 7 3.34017
-2.96845e-05 -1.82127e-05 200 6.99999 3.34017
-13.5069 1.89784 214.628 6.99999 3.34017
-27.0139 3.79605 229.255 7 3.34017
-40.5216 5.69499 243.882 7 3.34017
-54.0301 7.59496 258.507 7 3.34017
-67.5396 9.4957 273.132 7 3.34017
-81.0499 11.3969 287.756 7 3.34017
-94.5608 13.2984 302.379 7 3.34017
-108.072 15.2001 317.002 7 3.34017
-121.584 17.1019 331.624 7 3.34017
-135.096 19.0037 346.246 7 3.34017
-2.96845e-05 -1.82127e-05 200 6.99999 3.34017
-13.5069 1.89784 214.628 6.99999 3.34017
-27.0139 3.79605 229.255 7 3.34017
-40.5216 5.69499 243.882 7 3.34017
-54.0301 7.59496 258.507 7 3.34017
-67.5396 9.4957 273.132 7 3.34017
-81.0499 11.3969 287.756 7 3.34017
-94.5608 13.2984 302.379 7 3.34017
-108.072 15.2001 317.002 7 3.34017
-121.584 17.1019 331.624 7 3.34017
-135.096 19.0037 346.246 7 3.34017
-2.96845e-05 -1.82127e-05 200 6.99999 3.34017
-13.5069 1.89784 214.628 6.99999 3.34017
-27.0139 3.79605 229.255 7 3.34017
-40.5216 5.69499 243.882 7 3.34017
-54.0301 7.59496 258.507 7 3.34017
-67.5396 9.4957 273.132 7 3.34017
-81.0499 11.3969 287.756 7 3.34017
-94.5608 13.2984 302.379 7 3.34017
-108.072 15.2001 317.002 7 3.34017
-121.584 17.1019 331.624 7 3.34017
-135.096 19.0037 346.246 7 3.34017
