3.62535e-05 -2.68981e-05 200 7 2.0401
13.1251 -10.9283 210.407 7 2.0401
26.2502 -21.8566 220.814 7 2.0401
39.3753 -32.7853 231.221 7 2.0401
52.5004 -43.7147 241.626 7 2.0401
65.6251 -54.6447 252.032 7 2.0401
78.7491 -65.5752 262.438 7 2.0401
91.8722 -76.5063 272.845 7 2.0401
104.995 -87.438 283.251 7 2.0401
118.116 -98.3701 293.658 7 2.0401
131.238 -109.303 304.066 7 2.0401
3.62535e-05 -2.68981e-05 200 7 2.0401
13.1251 -10.9283 210.407 7 2.0401
26.2502 -21.8566 220.814 7 2.0401
39.3753 -32.7853 231.221 7 2.0401
52.5004 -43.7147 241.626 7 2.0401
65.6251 -54.6447 252.032 7 2.0401
78.7491 -65.5752 262.438 7 2.0401
91.8722 -76.5063 272.845 7 2.0401
104.995 -87.438 283.251 7 2.0401
118.116 -98.3701 293.658 7 2.0401
131.238 -109.303 304.066 7 2.0401
3.62535e-05 -2.68981e-05 200 7 2.0401
13.1251 -10.9283 210.407 7 2.0401
26.2502 -21.8566 220.814 7 2.0401
39.3753 -32.7853 231.221 7 2.0401
52.5004 -43.7147 241.626 7 2.0401
65.6251 -54.6447 252.032 7 2.0401
78.7491 -65.5752 262.438 7 2.0401
91.8722 -76.5063 272.845 7 2.0401
104.995 -87.438 283.251 7 2.0401
118.116 -98.3701 293.658 7 2.0401
131.238 -109.303 304.066 7 2.0401
3.62535e-05 -2.68981e-05 200 7 2.0401
13.1251 -10.9283 210.407 7 2.0401
26.2502 -21.8566 220.814 7 2.0401
39.3753 -32.7853 231.221 7 2.0401
52.5004 -43.7147 241.626 7 2.0401
65.6251 -54.6447 252.032 7 2.0401
78.7491 -65.5752 262.438 7 2.0401
91.8722 -76.5063 272.845 7 2.0401
104.995 -87.438 283.251 7 2.0401
118.116 -98.3701 293.658 7 2.0401
131.238 -109.303 304.066 7 2.0401
3.62535e-05 -2.68981e-05 200 7 2.0401
13.1251 -10.9283 210.407 7 2.0401
26.2502 -21.8566 220.814 7 2.0401
39.3753 -32.7853 231.221 7 2.0401
52.5004 -43.7147 241.626 7 2.0401
65.6251 -54.6447 252.032 7 2.0401
78.7491 -65.5752 262.438 7 2.0401
91.8722 -76.5063 272.845 7 2.0401
104.995 -87.438 283.251 7 2.0401
118.116 -98.3701 293.658 7 2.0401
131.238 -109.303 304.066 7 2.0401
3.62535e-05 -2.68981e-05 200 7 2.0401
13.1251 -10.9283 210.407 7 2.0401
26.2502 -21.8566 220.814 7 2.0401
39.3753 -32.7853 231.221 7 2.0401
52.5004 -43.7147 241.626 7 2.0401
65.6251 -54.6447 252.032 7 2.0401
78.7491 -65.5752 262.438 7 2.0401
91.8722 -76.5063 272.845 7 2.0401
104.995 -87.438 283.251 7 2.0401
118.116 -98.3701 293.658 7 2.0401
131.238 -109.303 304.066 7 2.0401
