-6.54284e-05 2.91604e-05 200 6.99999 3.60018
-17.6387 3.93317 208.568 6.99999 3.60018
-35.2774 7.86611 217.136 6.99999 3.60018
-52.9163 11.7989 225.704 7 3.60018
-70.5552 15.7313 234.271 7 3.60018
-88.1943 19.6633 242.839 7 3.60018
-105.833 23.5944 251.407 7 3.60018
-123.473 27.5248 259.974 7 3.60018
-141.112 31.4549 268.542 7 3.60018
-158.751 35.385 277.11 7 3.60018
-176.391 39.3153 285.678 7 3.60018
-6.54284e-05 2.91604e-05 200 6.99999 3.60018
-17.6387 3.93317 208.568 6.99999 3.60018
-35.2774 7.86611 217.136 6.99999 3.60018
-52.9163 11.7989 225.704 7 3.60018
-70.5552 15.7313 234.271 7 3.60018
-88.1943 19.6633 242.839 7 3.60018
-105.833 23.5944 251.407 7 3.60018
-123.473 27.5248 259.974 7 3.60018
-141.112 31.4549 268.542 7 3.60018
-158.751 35.385 277.11 7 3.60018
-176.391 39.3153 285.678 7 3.60018
-6.54284e-05 2.91604e-05 200 6.99999 3.60018
-17.6387 3.93317 208.568 6.99999 3.60018
-35.2774 7.86611 217.136 6.99999 3.60018
-52.9163 11.7989 225.704 7 3.60018
-70.5552 15.7313 234.271 7 3.60018
-88.1943 19.6633 242.839 7 3.60018
-105.833 23.5944 251.407 7 3.60018
-123.473 27.5248 259.974 7 3.60018
-141.112 31.4549 268.542 7 3.60018
-158.751 35.385 277.11 7 3.60018
-176.391 39.3153 285.678 7 3.60018
-6.54284e-05 2.91604e-05 200 6.99999 3.60018
-17.6387 3.93317 208.568 6.99999 3.60018
-35.2774 7.86611 217.136 6.99999 3.60018
-52.9163 11.7989 225.704 7 3.60018
-70.5552 15.7313 234.271 7 3.60018
-88.1943 19.6633 242.839 7 3.60018
-105.833 23.5944 251.407 7 3.60018
-123.473 27.5248 259.974 7 3.60018
-141.112 31.4549 268.542 7 3.60018
-158.751 35.385 277.11 7 3.60018
-176.391 39.3153 285.678 7 3.60018
-6.54284e-05 2.91604e-05 200 6.99999 3.60018
-17.6387 3.93317 208.568 6.99999 3.60018
-35.2774 7.86611 217.136 6.99999 3.60018
-52.9163 11.7989 225.704 7 3.60018
-70.5552 15.7313 234.271 7 3.60018
-88.1943 19.6633 242.839 7 3.60018
-105.833 23.5944 251.407 7 3.60018
-123.473 27.5248 259.974 7 3.60018
-141.112 31.4549 268.542 7 3.60018
-158.751 35.385 277.11 7 3.60018
-176.391 39.3153 285.678 7 3.60018
-6.54284e-05 2.91604e-05 200 6.99999 3.60018
-17.6387 3.93317 208.568 6.99999 3.60018
-35.2774 7.86611 217.136 6.99999 3.60018
-52.9163 11.7989 225.704 7 3.60018
-70.5552 15.7313 234.271 7 3.60018
-88.1943 19.6633 242.839 7 3.60018
-105.833 23.5944 251.407 7 3.60018
-123.473 27.5248 259.974 7 3.60018
-141.112 31.4549 268.542 7 3.60018
-158.751 35.385 277.11 7 3.60018
-176.391 39.3153 285.678 7 3.60018
