-8.25701e-05 9.78466e-05 200 6.99999 3.50018
-16.3165 3.2021 211.114 6.99999 3.50018
-32.6327 6.4029 222.229 6.99999 3.50018
-48.9485 9.60209 233.345 7 3.50018
-65.2639 12.7995 244.462 7 3.50018
-81.5788 15.995 255.58 7 3.50018
-97.8933 19.189 266.699 7 3.50018
-114.208 22.3817 277.819 7 3.50018
-130.522 25.5737 288.938 7 3.50018
-146.837 28.7653 300.058 7 3.50018
-163.151 31.9568 311.178 7 3.50018
-8.25701e-05 9.78466e-05 200 6.99999 3.50018
-16.3165 3.2021 211.114 6.99999 3.50018
-32.6327 6.4029 222.229 6.99999 3.50018
-48.9485 9.60209 233.345 7 3.50018
-65.2639 12.7995 244.462 7 3.50018
-81.5788 15.995 255.58 7 3.50018
-97.8933 19.189 266.699 7 3.50018
-114.208 22.3817 277.819 7 3.50018
-130.522 25.5737 288.938 7 3.50018
-146.837 28.7653 300.058 7 3.50018
-163.151 31.9568 311.178 7 3.50018
-8.25701e-05 9.78466e-05 200 6.99999 3.50018
-16.3165 3.2021 211.114 6.99999 3.50018
-32.6327 6.4029 222.229 6.99999 3.50018
-48.9485 9.60209 233.345 7 3.50018
-65.2639 12.7995 244.462 7 3.50018
-81.5788 15.995 255.58 7 3.50018
-97.8933 19.189 266.699 7 3.50018
-114.208 22.3817 277.819 7 3.50018
-130.522 25.5737 288.938 7 3.50018
-146.837 28.7653 300.058 7 3.50018
-163.151 31.9568 311.178 7 3.50018
-8.25701e-05 9.78466e-05 200 6.99999 3.50018
-16.3165 3.2021 211.114 6.99999 3.50018
-32.6327 6.4029 222.229 6.99999 3.50018
-48.9485 9.60209 233.345 7 3.50018
-65.2639 12.7995 244.462 7 3.50018
-81.5788 15.995 255.58 7 3.50018
-97.8933 19.189 266.699 7 3.50018
-114.208 22.3817 277.819 7 3.50018
-130.522 25.5737 288.938 7 3.50018
-146.837 28.7653 300.058 7 3.50018
-163.151 31.9568 311.178 7 3.50018
-8.25701e-05 9.78466e-05 200 6.99999 3.50018
-16.3165 3.2021 211.114 6.99999 3.50018
-32.6327 6.4029 222.229 6.99999 3.50018
-48.9485 9.60209 233.345 7 3.50018
-65.2639 12.7995 244.462 7 3.50018
-81.5788 15.995 255.58 7 3.50018
-97.8933 19.189 266.699 7 3.50018
-114.208 22.3817 277.819 7 3.50018
-130.522 25.5737 288.938 7 3.50018
-146.837 28.7653 300.058 7 3.50018
-163.151 31.9568 311.178 7 3.50018
-8.25701e-05 9.78466e-05 200 6.99999 3.50018
-16.3165 3.2021 211.114 6.99999 3.50018
-32.6327 6.4029 222.229 6.99999 3.50018
-48.9485 9.60209 233.345 7 3.50018
-65.2639 12.7995 244.462 7 3.50018
-81.5788 15.995 255.58 7 3.50018
-97.8933 19.189 266.699 7 3.50018
-114.208 22.3817 277.819 7 3.50018
-130.522 25.5737 288.938 7 3.50018
-146.837 28.7653 300.058 7 3.50018
-163.151 31.9568 311.178 7 3.50018
