0 -3.58782e-06 200 7 0.080004
0 -19.9993 199.827 7 0.080004
0 -39.9985 199.655 7 0.080004
0 -59.9978 199.481 7 0.080004
0 -79.997 199.307 7 0.080004
0 -99.9962 199.132 7 0.080004
0 -119.995 198.955 7 0.080004
0 -139.995 198.775 7 0.080004
0 -159.994 198.595 7 0.080004
0 -179.993 198.412 7 0.080004
0 -199.992 198.229 7 0.080004
0 -3.58782e-06 200 7 0.080004
0 -19.9993 199.827 7 0.080004
0 -39.9985 199.655 7 0.080004
0 -59.9978 199.481 7 0.080004
0 -79.997 199.307 7 0.080004
0 -99.9962 199.132 7 0.080004
0 -119.995 198.955 7 0.080004
0 -139.995 198.775 7 0.080004
0 -159.994 198.595 7 0.080004
0 -179.993 198.412 7 0.080004
0 -199.992 198.229 7 0.080004
0 -3.58782e-06 200 7 0.080004
0 -19.9993 199.827 7 0.080004
0 -39.9985 199.655 7 0.080004
0 -59.9978 199.481 7 0.080004
0 -79.997 199.307 7 0.080004
0 -99.9962 199.132 7 0.080004
0 -119.995 198.955 7 0.080004
0 -139.995 198.775 7 0.080004
0 -159.994 198.595 7 0.080004
0 -179.993 198.412 7 0.080004
0 -199.992 198.229 7 0.080004
0 -3.58782e-06 200 7 0.080004
0 -19.9993 199.827 7 0.080004
0 -39.9985 199.655 7 0.080004
0 -59.9978 199.481 7 0.080004
0 -79.997 199.307 7 0.080004
0 -99.9962 199.132 7 0.080004
0 -119.995 198.955 7 0.080004
0 -139.995 198.775 7 0.080004
0 -159.994 198.595 7 0.080004
0 -179.993 198.412 7 0.080004
0 -199.992 198.229 7 0.080004
0 -3.58782e-06 200 7 0.080004
0 -19.9993 199.827 7 0.080004
0 -39.9985 199.655 7 0.080004
0 -59.9978 199.481 7 0.080004
0 -79.997 199.307 7 0.080004
0 -99.9962 199.132 7 0.080004
0 -119.995 198.955 7 0.080004
0 -139.995 198.775 7 0.080004
0 -159.994 198.595 7 0.080004
0 -179.993 198.412 7 0.080004
0 -199.992 198.229 7 0.080004
0 -3.58782e-06 200 7 0.080004
0 -19.9993 199.827 7 0.080004
0 -39.9985 199.655 7 0.080004
0 -59.9978 199.481 7 0.080004
0 -79.997 199.307 7 0.080004
0 -99.9962 199.132 7 0.080004
0 -119.995 198.955 7 0.080004
0 -139.995 198.775 7 0.080004
0 -159.994 198.595 7 0.080004
0 -179.993 198.412 7 0.080004
0 -199.992 198.229 7 0.080004
