-2.20523e-05 4.14273e-05 200 7 2.84014
-1.60593 -2.83345 219.733 7 2.84014
-3.2116 -5.66766 239.466 7 2.84014
-4.81659 -8.50342 259.199 7 2.84014
-6.42048 -11.3416 278.931 7 2.84014
-8.02291 -14.1826 298.664 7 2.84014
-9.62407 -17.0262 318.396 7 2.84014
-11.2244 -19.8717 338.127 7 2.84014
-12.824 -22.7187 357.859 7 2.84014
-14.4233 -25.5667 377.59 7 2.84014
-16.0227 -28.4148 397.322 7 2.84014
-2.20523e-05 4.14273e-05 200 7 2.84014
-1.60593 -2.83345 219.733 7 2.84014
-3.2116 -5.66766 239.466 7 2.84014
-4.81659 -8.50342 259.199 7 2.84014
-6.42048 -11.3416 278.931 7 2.84014
-8.02291 -14.1826 298.664 7 2.84014
-9.62407 -17.0262 318.396 7 2.84014
-11.2244 -19.8717 338.127 7 2.84014
-12.824 -22.7187 357.859 7 2.84014
-14.4233 -25.5667 377.59 7 2.84014
-16.0227 -28.4148 397.322 7 2.84014
-2.20523e-05 4.14273e-05 200 7 2.84014
-1.60593 -2.83345 219.733 7 2.84014
-3.2116 -5.66766 239.466 7 2.84014
-4.81659 -8.50342 259.199 7 2.84014
-6.42048 -11.3416 278.931 7 2.84014
-8.02291 -14.1826 298.664 7 2.84014
-9.62407 -17.0262 318.396 7 2.84014
-11.2244 -19.8717 338.127 7 2.84014
-12.824 -22.7187 357.859 7 2.84014
-14.4233 -25.5667 377.59 7 2.84014
-16.0227 -28.4148 397.322 7 2.84014
-2.20523e-05 4.14273e-05 200 7 2.84014
-1.60593 -2.83345 219.733 7 2.84014
-3.2116 -5.66766 239.466 7 2.84014
-4.81659 -8.50342 259.199 7 2.84014
-6.42048 -11.3416 278.931 7 2.84014
-8.02291 -14.1826 298.664 7 2.84014
-9.62407 -17.0262 318.396 7 2.84014
-11.2244 -19.8717 338.127 7 2.84014
-12.824 -22.7187 357.859 7 2.84014
-14.4233 -25.5667 377.59 7 2.84014
-16.0227 -28.4148 397.322 7 2.84014
-2.20523e-05 4.14273e-05 200 7 2.84014
-1.60593 -2.83345 219.733 7 2.84014
-3.2116 -5.66766 239.466 7 2.84014
-4.81659 -8.50342 259.199 7 2.84014
-6.42048 -11.3416 278.931 7 2.84014
-8.02291 -14.1826 298.664 7 2.84014
-9.62407 -17.0262 318.396 7 2.84014
-11.2244 -19.8717 338.127 7 2.84014
-12.824 -22.7187 357.859 7 2.84014
-14.4233 -25.5667 377.59 7 2.84014
-16.0227 -28.4148 397.322 7 2.84014
-2.20523e-05 4.14273e-05 200 7 2.84014
-1.60593 -2.83345 219.733 7 2.84014
-3.2116 -5.66766 239.466 7 2.84014
-4.81659 -8.50342 259.199 7 2.84014
-6.42048 -11.3416 278.931 7 2.84014
-8.02291 -14.1826 298.664 7 2.84014
-9.62407 -17.0262 318.396 7 2.84014
-11.2244 -19.8717 338.127 7 2.84014
-12.824 -22.7187 357.859 7 2.84014
-14.4233 -25.5667 377.59 7 2.84014
-16.0227 -28.4148 397.322 7 2.84014
