-0.000203244 -1.98329e-05 200 6.99998 9.70048
-16.7515 -1.11019 210.871 6.99998 9.70048
-33.5028 -2.22028 221.741 6.99998 9.70048
-50.2543 -3.33019 232.611 6.99998 9.70048
-67.0059 -4.43985 243.481 6.99998 9.70048
-83.7579 -5.54916 254.35 6.99998 9.70048
-100.51 -6.65813 265.22 6.99999 9.70048
-117.262 -7.76684 276.088 6.99999 9.70048
-134.015 -8.87535 286.957 6.99999 9.70048
-150.767 -9.98373 297.826 6.99999 9.70048
-167.52 -11.092 308.694 6.99999 9.70048
-0.000203244 -1.98329e-05 200 6.99998 9.70048
-16.7515 -1.11019 210.871 6.99998 9.70048
-33.5028 -2.22028 221.741 6.99998 9.70048
-50.2543 -3.33019 232.611 6.99998 9.70048
-67.0059 -4.43985 243.481 6.99998 9.70048
-83.7579 -5.54916 254.35 6.99998 9.70048
-100.51 -6.65813 265.22 6.99999 9.70048
-117.262 -7.76684 276.088 6.99999 9.70048
-134.015 -8.87535 286.957 6.99999 9.70048
-150.767 -9.98373 297.826 6.99999 9.70048
-167.52 -11.092 308.694 6.99999 9.70048
-0.000203244 -1.98329e-05 200 6.99998 9.70048
-16.7515 -1.11019 210.871 6.99998 9.70048
-33.5028 -2.22028 221.741 6.99998 9.70048
-50.2543 -3.33019 232.611 6.99998 9.70048
-67.0059 -4.43985 243.481 6.99998 9.70048
-83.7579 -5.54916 254.35 6.99998 9.70048
-100.51 -6.65813 265.22 6.99999 9.70048
-117.262 -7.76684 276.088 6.99999 9.70048
-134.015 -8.87535 286.957 6.99999 9.70048
-150.767 -9.98373 297.826 6.99999 9.70048
-167.52 -11.092 308.694 6.99999 9.70048
-0.000203244 -1.98329e-05 200 6.99998 9.70048
-16.7515 -1.11019 210.871 6.99998 9.70048
-33.5028 -2.22028 221.741 6.99998 9.70048
-50.2543 -3.33019 232.611 6.99998 9.70048
-67.0059 -4.43985 243.481 6.99998 9.70048
-83.7579 -5.54916 254.35 6.99998 9.70048
-100.51 -6.65813 265.22 6.99999 9.70048
-117.262 -7.76684 276.088 6.99999 9.70048
-134.015 -8.87535 286.957 6.99999 9.70048
-150.767 -9.98373 297.826 6.99999 9.70048
-167.52 -11.092 308.694 6.99999 9.70048
-0.000203244 -1.98329e-05 200 6.99998 9.70048
-16.7515 -1.11019 210.871 6.99998 9.70048
-33.5028 -2.22028 221.741 6.99998 9.70048
-50.2543 -3.33019 232.611 6.99998 9.70048
-67.0059 -4.43985 243.481 6.99998 9.70048
-83.7579 -5.54916 254.35 6.99998 9.70048
-100.51 -6.65813 265.22 6.99999 9.70048
-117.262 -7.76684 276.088 6.99999 9.70048
-134.015 -8.87535 286.957 6.99999 9.70048
-150.767 -9.98373 297.826 6.99999 9.70048
-167.52 -11.092 308.694 6.99999 9.70048
-0.000203244 -1.98329e-05 200 6.99998 9.70048
-16.7515 -1.11019 210.871 6.99998 9.70048
-33.5028 -2.22028 221.741 6.99998 9.70048
-50.2543 -3.33019 232.611 6.99998 9.70048
-67.0059 -4.43985 243.481 6.99998 9.70048
-83.7579 -5.54916 254.35 6.99998 9.70048
-100.51 -6.65813 265.22 6.99999 9.70048
-117.262 -7.76684 276.088 6.99999 9.70048
-134.015 -8.87535 286.957 6.99999 9.70048
-150.767 -9.98373 297.826 6.99999 9.70048
-167.52 -11.092 308.694 6.99999 9.70048
