-4.46237e-05 -5.37796e-06 200 7 0.520026
1.32778 -19.5421 195.957 7 0.520026
2.65627 -39.0843 191.915 7 0.520026
3.98596 -58.6267 187.874 7 0.520026
5.31686 -78.1693 183.835 7 0.520026
6.64891 -97.7121 179.797 7 0.520026
7.98206 -117.255 175.762 7 0.520026
9.31614 -136.799 171.727 7 0.520026
10.651 -156.342 167.693 7 0.520026
11.9866 -175.886 163.66 7 0.520026
13.3228 -195.429 159.627 7 0.520026
-4.46237e-05 -5.37796e-06 200 7 0.520026
1.32778 -19.5421 195.957 7 0.520026
2.65627 -39.0843 191.915 7 0.520026
3.98596 -58.6267 187.874 7 0.520026
5.31686 -78.1693 183.835 7 0.520026
6.64891 -97.7121 179.797 7 0.520026
7.98206 -117.255 175.762 7 0.520026
9.31614 -136.799 171.727 7 0.520026
10.651 -156.342 167.693 7 0.520026
11.9866 -175.886 163.66 7 0.520026
13.3228 -195.429 159.627 7 0.520026
-4.46237e-05 -5.37796e-06 200 7 0.520026
1.32778 -19.5421 195.957 7 0.520026
2.65627 -39.0843 191.915 7 0.520026
3.98596 -58.6267 187.874 7 0.520026
5.31686 -78.1693 183.835 7 0.520026
6.64891 -97.7121 179.797 7 0.520026
7.98206 -117.255 175.762 7 0.520026
9.31614 -136.799 171.727 7 0.520026
10.651 -156.342 167.693 7 0.520026
11.9866 -175.886 163.66 7 0.520026
13.3228 -195.429 159.627 7 0.520026
-4.46237e-05 -5.37796e-06 200 7 0.520026
1.32778 -19.5421 195.957 7 0.520026
2.65627 -39.0843 191.915 7 0.520026
3.98596 -58.6267 187.874 7 0.520026
5.31686 -78.1693 183.835 7 0.520026
6.64891 -97.7121 179.797 7 0.520026
7.98206 -117.255 175.762 7 0.520026
9.31614 -136.799 171.727 7 0.520026
10.651 -156.342 167.693 7 0.520026
11.9866 -175.886 163.66 7 0.520026
13.3228 -195.429 159.627 7 0.520026
-4.46237e-05 -5.37796e-06 200 7 0.520026
1.32778 -19.5421 195.957 7 0.520026
2.65627 -39.0843 191.915 7 0.520026
3.98596 -58.6267 187.874 7 0.520026
5.31686 -78.1693 183.835 7 0.520026
6.64891 -97.7121 179.797 7 0.520026
7.98206 -117.255 175.762 7 0.520026
9.31614 -136.799 171.727 7 0.520026
10.651 -156.342 167.693 7 0.520026
11.9866 -175.886 163.66 7 0.520026
13.3228 -195.429 159.627 7 0.520026
-4.46237e-05 -5.37796e-06 200 7 0.520026
1.32778 -19.5421 195.957 7 0.520026
2.65627 -39.0843 191.915 7 0.520026
3.98596 -58.6267 187.874 7 0.520026
5.31686 -78.1693 183.835 7 0.520026
6.64891 -97.7121 179.797 7 0.520026
7.98206 -117.255 175.762 7 0.520026
9.31614 -136.799 171.727 7 0.520026
10.651 -156.342 167.693 7 0.520026
11.9866 -175.886 163.66 7 0.520026
13.3228 -195.429 159.627 7 0.520026
