-5.49244e-05 2.88961e-05 200 6.99999 4.48022
-10.7568 6.95047 184.638 6.99999 4.48022
-21.5135 13.901 169.276 6.99999 4.48022
-32.2704 20.8515 153.915 6.99999 4.48022
-43.0276 27.802 138.553 6.99999 4.48022
-53.7852 34.7522 123.192 7 4.48022
-64.5434 41.7023 107.831 7 4.48022
-75.3018 48.6521 92.47 7 4.48022
-86.0603 55.6019 77.1091 7 4.48022
-96.8187 62.5515 61.7482 7 4.48022
-107.577 69.5011 46.3871 7 4.48022
-5.49244e-05 2.88961e-05 200 6.99999 4.48022
-10.7568 6.95047 184.638 6.99999 4.48022
-21.5135 13.901 169.276 6.99999 4.48022
-32.2704 20.8515 153.915 6.99999 4.48022
-43.0276 27.802 138.553 6.99999 4.48022
-53.7852 34.7522 123.192 7 4.48022
-64.5434 41.7023 107.831 7 4.48022
-75.3018 48.6521 92.47 7 4.48022
-86.0603 55.6019 77.1091 7 4.48022
-96.8187 62.5515 61.7482 7 4.48022
-107.577 69.5011 46.3871 7 4.48022
-5.49244e-05 2.88961e-05 200 6.99999 4.48022
-10.7568 6.95047 184.638 6.99999 4.48022
-21.5135 13.901 169.276 6.99999 4.48022
-32.2704 20.8515 153.915 6.99999 4.48022
-43.0276 27.802 138.553 6.99999 4.48022
-53.7852 34.7522 123.192 7 4.48022
-64.5434 41.7023 107.831 7 4.48022
-75.3018 48.6521 92.47 7 4.48022
-86.0603 55.6019 77.1091 7 4.48022
-96.8187 62.5515 61.7482 7 4.48022
-107.577 69.5011 46.3871 7 4.48022
-5.49244e-05 2.88961e-05 200 6.99999 4.48022
-10.7568 6.95047 184.638 6.99999 4.48022
-21.5135 13.901 169.276 6.99999 4.48022
-32.2704 20.8515 153.915 6.99999 4.48022
-43.0276 27.802 138.553 6.99999 4.48022
-53.7852 34.7522 123.192 7 4.48022
-64.5434 41.7023 107.831 7 4.48022
-75.3018 48.6521 92.47 7 4.48022
-86.0603 55.6019 77.1091 7 4.48022
-96.8187 62.5515 61.7482 7 4.48022
-107.577 69.5011 46.3871 7 4.48022
-5.49244e-05 2.88961e-05 200 6.99999 4.48022
-10.7568 6.95047 184.638 6.99999 4.48022
-21.5135 13.901 169.276 6.99999 4.48022
-32.2704 20.8515 153.915 6.99999 4.48022
-43.0276 27.802 138.553 6.99999 4.48022
-53.7852 34.7522 123.192 7 4.48022
-64.5434 41.7023 107.831 7 4.48022
-75.3018 48.6521 92.47 7 4.48022
-86.0603 55.6019 77.1091 7 4.48022
-96.8187 62.5515 61.7482 7 4.48022
-107.577 69.5011 46.3871 7 4.48022
-5.49244e-05 2.88961e-05 200 6.99999 4.48022
-10.7568 6.95047 184.638 6.99999 4.48022
-21.5135 13.901 169.276 6.99999 4.48022
-32.2704 20.8515 153.915 6.99999 4.48022
-43.0276 27.802 138.553 6.99999 4.48022
-53.7852 34.7522 123.192 7 4.48022
-64.5434 41.7023 107.831 7 4.48022
-75.3018 48.6521 92.47 7 4.48022
-86.0603 55.6019 77.1091 7 4.48022
-96.8187 62.5515 61.7482 7 4.48022
-107.577 69.5011 46.3871 7 4.48022
