-8.82939e-05 1.26261e-05 200 6.99999 4.58023
-8.03478 6.84037 183.01 6.99999 4.58023
-16.0688 13.681 166.02 6.99999 4.58023
-24.1012 20.5223 149.029 6.99999 4.58023
-32.1314 27.3644 132.038 6.99999 4.58023
-40.1592 34.2074 115.046 7 4.58023
-48.1842 41.0515 98.0533 7 4.58023
-56.2065 47.8968 81.0596 7 4.58023
-64.2267 54.7431 64.0653 7 4.58023
-72.2457 61.59 47.0708 7 4.58023
-80.2644 68.4371 30.0762 7 4.58023
-8.82939e-05 1.26261e-05 200 6.99999 4.58023
-8.03478 6.84037 183.01 6.99999 4.58023
-16.0688 13.681 166.02 6.99999 4.58023
-24.1012 20.5223 149.029 6.99999 4.58023
-32.1314 27.3644 132.038 6.99999 4.58023
-40.1592 34.2074 115.046 7 4.58023
-48.1842 41.0515 98.0533 7 4.58023
-56.2065 47.8968 81.0596 7 4.58023
-64.2267 54.7431 64.0653 7 4.58023
-72.2457 61.59 47.0708 7 4.58023
-80.2644 68.4371 30.0762 7 4.58023
-8.82939e-05 1.26261e-05 200 6.99999 4.58023
-8.03478 6.84037 183.01 6.99999 4.58023
-16.0688 13.681 166.02 6.99999 4.58023
-24.1012 20.5223 149.029 6.99999 4.58023
-32.1314 27.3644 132.038 6.99999 4.58023
-40.1592 34.2074 115.046 7 4.58023
-48.1842 41.0515 98.0533 7 4.58023
-56.2065 47.8968 81.0596 7 4.58023
-64.2267 54.7431 64.0653 7 4.58023
-72.2457 61.59 47.0708 7 4.58023
-80.2644 68.4371 30.0762 7 4.58023
-8.82939e-05 1.26261e-05 200 6.99999 4.58023
-8.03478 6.84037 183.01 6.99999 4.58023
-16.0688 13.681 166.02 6.99999 4.58023
-24.1012 20.5223 149.029 6.99999 4.58023
-32.1314 27.3644 132.038 6.99999 4.58023
-40.1592 34.2074 115.046 7 4.58023
-48.1842 41.0515 98.0533 7 4.58023
-56.2065 47.8968 81.0596 7 4.58023
-64.2267 54.7431 64.0653 7 4.58023
-72.2457 61.59 47.0708 7 4.58023
-80.2644 68.4371 30.0762 7 4.58023
-8.82939e-05 1.26261e-05 200 6.99999 4.58023
-8.03478 6.84037 183.01 6.99999 4.58023
-16.0688 13.681 166.02 6.99999 4.58023
-24.1012 20.5223 149.029 6.99999 4.58023
-32.1314 27.3644 132.038 6.99999 4.58023
-40.1592 34.2074 115.046 7 4.58023
-48.1842 41.0515 98.0533 7 4.58023
-56.2065 47.8968 81.0596 7 4.58023
-64.2267 54.7431 64.0653 7 4.58023
-72.2457 61.59 47.0708 7 4.58023
-80.2644 68.4371 30.0762 7 4.58023
-8.82939e-05 1.26261e-05 200 6.99999 4.58023
-8.03478 6.84037 183.01 6.99999 4.58023
-16.0688 13.681 166.02 6.99999 4.58023
-24.1012 20.5223 149.029 6.99999 4.58023
-32.1314 27.3644 132.038 6.99999 4.58023
-40.1592 34.2074 115.046 7 4.58023
-48.1842 41.0515 98.0533 7 4.58023
-56.2065 47.8968 81.0596 7 4.58023
-64.2267 54.7431 64.0653 7 4.58023
-72.2457 61.59 47.0708 7 4.58023
-80.2644 68.4371 30.0762 7 4.58023
