4.32362e-05 -4.20115e-05 200 7 1.72009
13.9671 -13.7324 204.043 7 1.72009
27.9341 -27.4646 208.087 7 1.72009
41.9006 -41.1962 212.134 7 1.72009
55.8665 -54.9272 216.185 7 1.72009
69.8318 -68.6574 220.241 7 1.72009
83.7963 -82.3871 224.302 7 1.72009
97.7598 -96.1163 228.368 7 1.72009
111.722 -109.845 232.437 7 1.72009
125.684 -123.575 236.508 7 1.72009
139.646 -137.304 240.581 7 1.72009
4.32362e-05 -4.20115e-05 200 7 1.72009
13.9671 -13.7324 204.043 7 1.72009
27.9341 -27.4646 208.087 7 1.72009
41.9006 -41.1962 212.134 7 1.72009
55.8665 -54.9272 216.185 7 1.72009
69.8318 -68.6574 220.241 7 1.72009
83.7963 -82.3871 224.302 7 1.72009
97.7598 -96.1163 228.368 7 1.72009
111.722 -109.845 232.437 7 1.72009
125.684 -123.575 236.508 7 1.72009
139.646 -137.304 240.581 7 1.72009
4.32362e-05 -4.20115e-05 200 7 1.72009
13.9671 -13.7324 204.043 7 1.72009
27.9341 -27.4646 208.087 7 1.72009
41.9006 -41.1962 212.134 7 1.72009
55.8665 -54.9272 216.185 7 1.72009
69.8318 -68.6574 220.241 7 1.72009
83.7963 -82.3871 224.302 7 1.72009
97.7598 -96.1163 228.368 7 1.72009
111.722 -109.845 232.437 7 1.72009
125.684 -123.575 236.508 7 1.72009
139.646 -137.304 240.581 7 1.72009
4.32362e-05 -4.20115e-05 200 7 1.72009
13.9671 -13.7324 204.043 7 1.72009
27.9341 -27.4646 208.087 7 1.72009
41.9006 -41.1962 212.134 7 1.72009
55.8665 -54.9272 216.185 7 1.72009
69.8318 -68.6574 220.241 7 1.72009
83.7963 -82.3871 224.302 7 1.72009
97.7598 -96.1163 228.368 7 1.72009
111.722 -109.845 232.437 7 1.72009
125.684 -123.575 236.508 7 1.72009
139.646 -137.304 240.581 7 1.72009
4.32362e-05 -4.20115e-05 200 7 1.72009
13.9671 -13.7324 204.043 7 1.72009
27.9341 -27.4646 208.087 7 1.72009
41.9006 -41.1962 212.134 7 1.72009
55.8665 -54.9272 216.185 7 1.72009
69.8318 -68.6574 220.241 7 1.72009
83.7963 -82.3871 224.302 7 1.72009
97.7598 -96.1163 228.368 7 1.72009
111.722 -109.845 232.437 7 1.72009
125.684 -123.575 236.508 7 1.72009
139.646 -137.304 240.581 7 1.72009
4.32362e-05 -4.20115e-05 200 7 1.72009
13.9671 -13.7324 204.043 7 1.72009
27.9341 -27.4646 208.087 7 1.72009
41.9006 -41.1962 212.134 7 1.72009
55.8665 -54.9272 216.185 7 1.72009
69.8318 -68.6574 220.241 7 1.72009
83.7963 -82.3871 224.302 7 1.72009
97.7598 -96.1163 228.368 7 1.72009
111.722 -109.845 232.437 7 1.72009
125.684 -123.575 236.508 7 1.72009
139.646 -137.304 240.581 7 1.72009
