3.67031e-05 5.6427e-06 200 7 1.78009
14.052 -13.2378 205.226 7 1.78009
28.1038 -26.476 210.45 7 1.78009
42.1556 -39.7151 215.672 7 1.78009
56.2074 -52.9552 220.892 7 1.78009
70.259 -66.1964 226.11 7 1.78009
84.3103 -79.4384 231.326 7 1.78009
98.3611 -92.6814 236.542 7 1.78009
112.411 -105.925 241.756 7 1.78009
126.461 -119.17 246.971 7 1.78009
140.51 -132.414 252.186 7 1.78009
3.67031e-05 5.6427e-06 200 7 1.78009
14.052 -13.2378 205.226 7 1.78009
28.1038 -26.476 210.45 7 1.78009
42.1556 -39.7151 215.672 7 1.78009
56.2074 -52.9552 220.892 7 1.78009
70.259 -66.1964 226.11 7 1.78009
84.3103 -79.4384 231.326 7 1.78009
98.3611 -92.6814 236.542 7 1.78009
112.411 -105.925 241.756 7 1.78009
126.461 -119.17 246.971 7 1.78009
140.51 -132.414 252.186 7 1.78009
3.67031e-05 5.6427e-06 200 7 1.78009
14.052 -13.2378 205.226 7 1.78009
28.1038 -26.476 210.45 7 1.78009
42.1556 -39.7151 215.672 7 1.78009
56.2074 -52.9552 220.892 7 1.78009
70.259 -66.1964 226.11 7 1.78009
84.3103 -79.4384 231.326 7 1.78009
98.3611 -92.6814 236.542 7 1.78009
112.411 -105.925 241.756 7 1.78009
126.461 -119.17 246.971 7 1.78009
140.51 -132.414 252.186 7 1.78009
3.67031e-05 5.6427e-06 200 7 1.78009
14.052 -13.2378 205.226 7 1.78009
28.1038 -26.476 210.45 7 1.78009
42.1556 -39.7151 215.672 7 1.78009
56.2074 -52.9552 220.892 7 1.78009
70.259 -66.1964 226.11 7 1.78009
84.3103 -79.4384 231.326 7 1.78009
98.3611 -92.6814 236.542 7 1.78009
112.411 -105.925 241.756 7 1.78009
126.461 -119.17 246.971 7 1.78009
140.51 -132.414 252.186 7 1.78009
3.67031e-05 5.6427e-06 200 7 1.78009
14.052 -13.2378 205.226 7 1.78009
28.1038 -26.476 210.45 7 1.78009
42.1556 -39.7151 215.672 7 1.78009
56.2074 -52.9552 220.892 7 1.78009
70.259 -66.1964 226.11 7 1.78009
84.3103 -79.4384 231.326 7 1.78009
98.3611 -92.6814 236.542 7 1.78009
112.411 -105.925 241.756 7 1.78009
126.461 -119.17 246.971 7 1.78009
140.51 -132.414 252.186 7 1.78009
3.67031e-05 5.6427e-06 200 7 1.78009
14.052 -13.2378 205.226 7 1.78009
28.1038 -26.476 210.45 7 1.78009
42.1556 -39.7151 215.672 7 1.78009
56.2074 -52.9552 220.892 7 1.78009
70.259 -66.1964 226.11 7 1.78009
84.3103 -79.4384 231.326 7 1.78009
98.3611 -92.6814 236.542 7 1.78009
112.411 -105.925 241.756 7 1.78009
126.461 -119.17 246.971 7 1.78009
140.51 -132.414 252.186 7 1.78009
