2.05209e-05 -3.39061e-05 200 7 0.940047
6.0794 -18.3315 194.804 7 0.940047
12.1586 -36.6628 189.607 7 0.940047
18.2375 -54.9938 184.409 7 0.940047
24.3162 -73.3245 179.209 7 0.940047
30.3952 -91.655 174.009 7 0.940047
36.4744 -109.985 168.809 7 0.940047
42.5542 -128.315 163.609 7 0.940047
48.6345 -146.645 158.408 7 0.940047
54.7155 -164.975 153.209 7 0.940047
60.7969 -183.305 148.01 7 0.940047
2.05209e-05 -3.39061e-05 200 7 0.940047
6.0794 -18.3315 194.804 7 0.940047
12.1586 -36.6628 189.607 7 0.940047
18.2375 -54.9938 184.409 7 0.940047
24.3162 -73.3245 179.209 7 0.940047
30.3952 -91.655 174.009 7 0.940047
36.4744 -109.985 168.809 7 0.940047
42.5542 -128.315 163.609 7 0.940047
48.6345 -146.645 158.408 7 0.940047
54.7155 -164.975 153.209 7 0.940047
60.7969 -183.305 148.01 7 0.940047
2.05209e-05 -3.39061e-05 200 7 0.940047
6.0794 -18.3315 194.804 7 0.940047
12.1586 -36.6628 189.607 7 0.940047
18.2375 -54.9938 184.409 7 0.940047
24.3162 -73.3245 179.209 7 0.940047
30.3952 -91.655 174.009 7 0.940047
36.4744 -109.985 168.809 7 0.940047
42.5542 -128.315 163.609 7 0.940047
48.6345 -146.645 158.408 7 0.940047
54.7155 -164.975 153.209 7 0.940047
60.7969 -183.305 148.01 7 0.940047
2.05209e-05 -3.39061e-05 200 7 0.940047
6.0794 -18.3315 194.804 7 0.940047
12.1586 -36.6628 189.607 7 0.940047
18.2375 -54.9938 184.409 7 0.940047
24.3162 -73.3245 179.209 7 0.940047
30.3952 -91.655 174.009 7 0.940047
36.4744 -109.985 168.809 7 0.940047
42.5542 -128.315 163.609 7 0.940047
48.6345 -146.645 158.408 7 0.940047
54.7155 -164.975 153.209 7 0.940047
60.7969 -183.305 148.01 7 0.940047
2.05209e-05 -3.39061e-05 200 7 0.940047
6.0794 -18.3315 194.804 7 0.940047
12.1586 -36.6628 189.607 7 0.940047
18.2375 -54.9938 184.409 7 0.940047
24.3162 -73.3245 179.209 7 0.940047
30.3952 -91.655 174.009 7 0.940047
36.4744 -109.985 168.809 7 0.940047
42.5542 -128.315 163.609 7 0.940047
48.6345 -146.645 158.408 7 0.940047
54.7155 -164.975 153.209 7 0.940047
60.7969 -183.305 148.01 7 0.940047
2.05209e-05 -3.39061e-05 200 7 0.940047
6.0794 -18.3315 194.804 7 0.940047
12.1586 -36.6628 189.607 7 0.940047
18.2375 -54.9938 184.409 7 0.940047
24.3162 -73.3245 179.209 7 0.940047
30.3952 -91.655 174.009 7 0.940047
36.4744 -109.985 168.809 7 0.940047
42.5542 -128.315 163.609 7 0.940047
48.6345 -146.645 158.408 7 0.940047
54.7155 -164.975 153.209 7 0.940047
60.7969 -183.305 148.01 7 0.940047
