-2.19974e-05 -5.9501e-06 200 7 1.02005
7.16086 -18.0091 195.061 7 1.02005
14.3221 -36.0184 190.123 7 1.02005
21.4844 -54.0279 185.187 7 1.02005
28.6478 -72.0379 180.255 7 1.02005
35.8126 -90.0485 175.328 7 1.02005
42.9787 -108.06 170.404 7 1.02005
50.1459 -126.072 165.484 7 1.02005
57.3137 -144.084 160.568 7 1.02005
64.4818 -162.097 155.654 7 1.02005
71.65 -180.11 150.74 7 1.02005
-2.19974e-05 -5.9501e-06 200 7 1.02005
7.16086 -18.0091 195.061 7 1.02005
14.3221 -36.0184 190.123 7 1.02005
21.4844 -54.0279 185.187 7 1.02005
28.6478 -72.0379 180.255 7 1.02005
35.8126 -90.0485 175.328 7 1.02005
42.9787 -108.06 170.404 7 1.02005
50.1459 -126.072 165.484 7 1.02005
57.3137 -144.084 160.568 7 1.02005
64.4818 -162.097 155.654 7 1.02005
71.65 -180.11 150.74 7 1.02005
-2.19974e-05 -5.9501e-06 200 7 1.02005
7.16086 -18.0091 195.061 7 1.02005
14.3221 -36.0184 190.123 7 1.02005
21.4844 -54.0279 185.187 7 1.02005
28.6478 -72.0379 180.255 7 1.02005
35.8126 -90.0485 175.328 7 1.02005
42.9787 -108.06 170.404 7 1.02005
50.1459 -126.072 165.484 7 1.02005
57.3137 -144.084 160.568 7 1.02005
64.4818 -162.097 155.654 7 1.02005
71.65 -180.11 150.74 7 1.02005
-2.19974e-05 -5.9501e-06 200 7 1.02005
7.16086 -18.0091 195.061 7 1.02005
14.3221 -36.0184 190.123 7 1.02005
21.4844 -54.0279 185.187 7 1.02005
28.6478 -72.0379 180.255 7 1.02005
35.8126 -90.0485 175.328 7 1.02005
42.9787 -108.06 170.404 7 1.02005
50.1459 -126.072 165.484 7 1.02005
57.3137 -144.084 160.568 7 1.02005
64.4818 -162.097 155.654 7 1.02005
71.65 -180.11 150.74 7 1.02005
-2.19974e-05 -5.9501e-06 200 7 1.02005
7.16086 -18.0091 195.061 7 1.02005
14.3221 -36.0184 190.123 7 1.02005
21.4844 -54.0279 185.187 7 1.02005
28.6478 -72.0379 180.255 7 1.02005
35.8126 -90.0485 175.328 7 1.02005
42.9787 -108.06 170.404 7 1.02005
50.1459 -126.072 165.484 7 1.02005
57.3137 -144.084 160.568 7 1.02005
64.4818 -162.097 155.654 7 1.02005
71.65 -180.11 150.74 7 1.02005
-2.19974e-05 -5.9501e-06 200 7 1.02005
7.16086 -18.0091 195.061 7 1.02005
14.3221 -36.0184 190.123 7 1.02005
21.4844 -54.0279 185.187 7 1.02005
28.6478 -72.0379 180.255 7 1.02005
35.8126 -90.0485 175.328 7 1.02005
42.9787 -108.06 170.404 7 1.02005
50.1459 -126.072 165.484 7 1.02005
57.3137 -144.084 160.568 7 1.02005
64.4818 -162.097 155.654 7 1.02005
71.65 -180.11 150.74 7 1.02005
