0.000111985 2.93359e-05 200 6.99999 5.22026
11.612 4.21083 184.27 6.99999 5.22026
23.2232 8.42153 168.539 6.99999 5.22026
34.8332 12.6321 152.808 6.99999 5.22026
46.442 16.8428 137.075 6.99999 5.22026
58.0496 21.0536 121.342 6.99999 5.22026
69.6562 25.2645 105.608 7 5.22026
81.2622 29.4757 89.874 7 5.22026
92.8678 33.6871 74.1395 7 5.22026
104.474 37.8985 58.4051 7 5.22026
116.08 42.1101 42.671 7 5.22026
0.000111985 2.93359e-05 200 6.99999 5.22026
11.612 4.21083 184.27 6.99999 5.22026
23.2232 8.42153 168.539 6.99999 5.22026
34.8332 12.6321 152.808 6.99999 5.22026
46.442 16.8428 137.075 6.99999 5.22026
58.0496 21.0536 121.342 6.99999 5.22026
69.6562 25.2645 105.608 7 5.22026
81.2622 29.4757 89.874 7 5.22026
92.8678 33.6871 74.1395 7 5.22026
104.474 37.8985 58.4051 7 5.22026
116.08 42.1101 42.671 7 5.22026
0.000111985 2.93359e-05 200 6.99999 5.22026
11.612 4.21083 184.27 6.99999 5.22026
23.2232 8.42153 168.539 6.99999 5.22026
34.8332 12.6321 152.808 6.99999 5.22026
46.442 16.8428 137.075 6.99999 5.22026
58.0496 21.0536 121.342 6.99999 5.22026
69.6562 25.2645 105.608 7 5.22026
81.2622 29.4757 89.874 7 5.22026
92.8678 33.6871 74.1395 7 5.22026
104.474 37.8985 58.4051 7 5.22026
116.08 42.1101 42.671 7 5.22026
0.000111985 2.93359e-05 200 6.99999 5.22026
11.612 4.21083 184.27 6.99999 5.22026
23.2232 8.42153 168.539 6.99999 5.22026
34.8332 12.6321 152.808 6.99999 5.22026
46.442 16.8428 137.075 6.99999 5.22026
58.0496 21.0536 121.342 6.99999 5.22026
69.6562 25.2645 105.608 7 5.22026
81.2622 29.4757 89.874 7 5.22026
92.8678 33.6871 74.1395 7 5.22026
104.474 37.8985 58.4051 7 5.22026
116.08 42.1101 42.671 7 5.22026
0.000111985 2.93359e-05 200 6.99999 5.22026
11.612 4.21083 184.27 6.99999 5.22026
23.2232 8.42153 168.539 6.99999 5.22026
34.8332 12.6321 152.808 6.99999 5.22026
46.442 16.8428 137.075 6.99999 5.22026
58.0496 21.0536 121.342 6.99999 5.22026
69.6562 25.2645 105.608 7 5.22026
81.2622 29.4757 89.874 7 5.22026
92.8678 33.6871 74.1395 7 5.22026
104.474 37.8985 58.4051 7 5.22026
116.08 42.1101 42.671 7 5.22026
0.000111985 2.93359e-05 200 6.99999 5.22026
11.612 4.21083 184.27 6.99999 5.22026
23.2232 8.42153 168.539 6.99999 5.22026
34.8332 12.6321 152.808 6.99999 5.22026
46.442 16.8428 137.075 6.99999 5.22026
58.0496 21.0536 121.342 6.99999 5.22026
69.6562 25.2645 105.608 7 5.22026
81.2622 29.4757 89.874 7 5.22026
92.8678 33.6871 74.1395 7 5.22026
104.474 37.8985 58.4051 7 5.22026
116.08 42.1101 42.671 7 5.22026
