1.90579e-05 -6.01435e-05 200 7 3.00015
-5.65331 -1.24529 219.144 7 3.00015
-11.3072 -2.48971 238.288 7 3.00015
-16.9623 -3.73256 257.431 7 3.00015
-22.6192 -4.9734 276.575 7 3.00015
-28.2786 -6.21183 295.717 7 3.00015
-33.9406 -7.44793 314.859 7 3.00015
-39.6049 -8.68231 334 7 3.00015
-45.2708 -9.91556 353.141 7 3.00015
-50.938 -11.1481 372.282 7 3.00015
-56.6059 -12.3802 391.423 7 3.00015
1.90579e-05 -6.01435e-05 200 7 3.00015
-5.65331 -1.24529 219.144 7 3.00015
-11.3072 -2.48971 238.288 7 3.00015
-16.9623 -3.73256 257.431 7 3.00015
-22.6192 -4.9734 276.575 7 3.00015
-28.2786 -6.21183 295.717 7 3.00015
-33.9406 -7.44793 314.859 7 3.00015
-39.6049 -8.68231 334 7 3.00015
-45.2708 -9.91556 353.141 7 3.00015
-50.938 -11.1481 372.282 7 3.00015
-56.6059 -12.3802 391.423 7 3.00015
1.90579e-05 -6.01435e-05 200 7 3.00015
-5.65331 -1.24529 219.144 7 3.00015
-11.3072 -2.48971 238.288 7 3.00015
-16.9623 -3.73256 257.431 7 3.00015
-22.6192 -4.9734 276.575 7 3.00015
-28.2786 -6.21183 295.717 7 3.00015
-33.9406 -7.44793 314.859 7 3.00015
-39.6049 -8.68231 334 7 3.00015
-45.2708 -9.91556 353.141 7 3.00015
-50.938 -11.1481 372.282 7 3.00015
-56.6059 -12.3802 391.423 7 3.00015
1.90579e-05 -6.01435e-05 200 7 3.00015
-5.65331 -1.24529 219.144 7 3.00015
-11.3072 -2.48971 238.288 7 3.00015
-16.9623 -3.73256 257.431 7 3.00015
-22.6192 -4.9734 276.575 7 3.00015
-28.2786 -6.21183 295.717 7 3.00015
-33.9406 -7.44793 314.859 7 3.00015
-39.6049 -8.68231 334 7 3.00015
-45.2708 -9.91556 353.141 7 3.00015
-50.938 -11.1481 372.282 7 3.00015
-56.6059 -12.3802 391.423 7 3.00015
1.90579e-05 -6.01435e-05 200 7 3.00015
-5.65331 -1.24529 219.144 7 3.00015
-11.3072 -2.48971 238.288 7 3.00015
-16.9623 -3.73256 257.431 7 3.00015
-22.6192 -4.9734 276.575 7 3.00015
-28.2786 -6.21183 295.717 7 3.00015
-33.9406 -7.44793 314.859 7 3.00015
-39.6049 -8.68231 334 7 3.00015
-45.2708 -9.91556 353.141 7 3.00015
-50.938 -11.1481 372.282 7 3.00015
-56.6059 -12.3802 391.423 7 3.00015
1.90579e-05 -6.01435e-05 200 7 3.00015
-5.65331 -1.24529 219.144 7 3.00015
-11.3072 -2.48971 238.288 7 3.00015
-16.9623 -3.73256 257.431 7 3.00015
-22.6192 -4.9734 276.575 7 3.00015
-28.2786 -6.21183 295.717 7 3.00015
-33.9406 -7.44793 314.859 7 3.00015
-39.6049 -8.68231 334 7 3.00015
-45.2708 -9.91556 353.141 7 3.00015
-50.938 -11.1481 372.282 7 3.00015
-56.6059 -12.3802 391.423 7 3.00015
