-6.07673e-05 1.25313e-05 200 6.99999 3.56018
-17.1526 3.64465 209.618 6.99999 3.56018
-34.3052 7.28933 219.236 6.99999 3.56018
-51.4581 10.9341 228.854 6.99999 3.56018
-68.6113 14.579 238.47 7 3.56018
-85.7649 18.2245 248.086 7 3.56018
-102.919 21.871 257.701 7 3.56018
-120.074 25.5184 267.314 7 3.56018
-137.228 29.1664 276.927 7 3.56018
-154.384 32.8149 286.539 7 3.56018
-171.539 36.4636 296.15 7 3.56018
-6.07673e-05 1.25313e-05 200 6.99999 3.56018
-17.1526 3.64465 209.618 6.99999 3.56018
-34.3052 7.28933 219.236 6.99999 3.56018
-51.4581 10.9341 228.854 6.99999 3.56018
-68.6113 14.579 238.47 7 3.56018
-85.7649 18.2245 248.086 7 3.56018
-102.919 21.871 257.701 7 3.56018
-120.074 25.5184 267.314 7 3.56018
-137.228 29.1664 276.927 7 3.56018
-154.384 32.8149 286.539 7 3.56018
-171.539 36.4636 296.15 7 3.56018
-6.07673e-05 1.25313e-05 200 6.99999 3.56018
-17.1526 3.64465 209.618 6.99999 3.56018
-34.3052 7.28933 219.236 6.99999 3.56018
-51.4581 10.9341 228.854 6.99999 3.56018
-68.6113 14.579 238.47 7 3.56018
-85.7649 18.2245 248.086 7 3.56018
-102.919 21.871 257.701 7 3.56018
-120.074 25.5184 267.314 7 3.56018
-137.228 29.1664 276.927 7 3.56018
-154.384 32.8149 286.539 7 3.56018
-171.539 36.4636 296.15 7 3.56018
-6.07673e-05 1.25313e-05 200 6.99999 3.56018
-17.1526 3.64465 209.618 6.99999 3.56018
-34.3052 7.28933 219.236 6.99999 3.56018
-51.4581 10.9341 228.854 6.99999 3.56018
-68.6113 14.579 238.47 7 3.56018
-85.7649 18.2245 248.086 7 3.56018
-102.919 21.871 257.701 7 3.56018
-120.074 25.5184 267.314 7 3.56018
-137.228 29.1664 276.927 7 3.56018
-154.384 32.8149 286.539 7 3.56018
-171.539 36.4636 296.15 7 3.56018
-6.07673e-05 1.25313e-05 200 6.99999 3.56018
-17.1526 3.64465 209.618 6.99999 3.56018
-34.3052 7.28933 219.236 6.99999 3.56018
-51.4581 10.9341 228.854 6.99999 3.56018
-68.6113 14.579 238.47 7 3.56018
-85.7649 18.2245 248.086 7 3.56018
-102.919 21.871 257.701 7 3.56018
-120.074 25.5184 267.314 7 3.56018
-137.228 29.1664 276.927 7 3.56018
-154.384 32.8149 286.539 7 3.56018
-171.539 36.4636 296.15 7 3.56018
-6.07673e-05 1.25313e-05 200 6.99999 3.56018
-17.1526 3.64465 209.618 6.99999 3.56018
-34.3052 7.28933 219.236 6.99999 3.56018
-51.4581 10.9341 228.854 6.99999 3.56018
-68.6113 14.579 238.47 7 3.56018
-85.7649 18.2245 248.086 7 3.56018
-102.919 21.871 257.701 7 3.56018
-120.074 25.5184 267.314 7 3.56018
-137.228 29.1664 276.927 7 3.56018
-154.384 32.8149 286.539 7 3.56018
-171.539 36.4636 296.15 7 3.56018
