0 -9.09596e-06 200 7 0.120006
0 -19.9963 199.615 7 0.120006
0 -39.9926 199.228 7 0.120006
0 -59.9888 198.839 7 0.120006
0 -79.9849 198.447 7 0.120006
0 -99.9811 198.053 7 0.120006
0 -119.977 197.655 7 0.120006
0 -139.973 197.255 7 0.120006
0 -159.969 196.853 7 0.120006
0 -179.965 196.449 7 0.120006
0 -199.961 196.044 7 0.120006
0 -9.09596e-06 200 7 0.120006
0 -19.9963 199.615 7 0.120006
0 -39.9926 199.228 7 0.120006
0 -59.9888 198.839 7 0.120006
0 -79.9849 198.447 7 0.120006
0 -99.9811 198.053 7 0.120006
0 -119.977 197.655 7 0.120006
0 -139.973 197.255 7 0.120006
0 -159.969 196.853 7 0.120006
0 -179.965 196.449 7 0.120006
0 -199.961 196.044 7 0.120006
0 -9.09596e-06 200 7 0.120006
0 -19.9963 199.615 7 0.120006
0 -39.9926 199.228 7 0.120006
0 -59.9888 198.839 7 0.120006
0 -79.9849 198.447 7 0.120006
0 -99.9811 198.053 7 0.120006
0 -119.977 197.655 7 0.120006
0 -139.973 197.255 7 0.120006
0 -159.969 196.853 7 0.120006
0 -179.965 196.449 7 0.120006
0 -199.961 196.044 7 0.120006
0 -9.09596e-06 200 7 0.120006
0 -19.9963 199.615 7 0.120006
0 -39.9926 199.228 7 0.120006
0 -59.9888 198.839 7 0.120006
0 -79.9849 198.447 7 0.120006
0 -99.9811 198.053 7 0.120006
0 -119.977 197.655 7 0.120006
0 -139.973 197.255 7 0.120006
0 -159.969 196.853 7 0.120006
0 -179.965 196.449 7 0.120006
0 -199.961 196.044 7 0.120006
0 -9.09596e-06 200 7 0.120006
0 -19.9963 199.615 7 0.120006
0 -39.9926 199.228 7 0.120006
0 -59.9888 198.839 7 0.120006
0 -79.9849 198.447 7 0.120006
0 -99.9811 198.053 7 0.120006
0 -119.977 197.655 7 0.120006
0 -139.973 197.255 7 0.120006
0 -159.969 196.853 7 0.120006
0 -179.965 196.449 7 0.120006
0 -199.961 196.044 7 0.120006
0 -9.09596e-06 200 7 0.120006
0 -19.9963 199.615 7 0.120006
0 -39.9926 199.228 7 0.120006
0 -59.9888 198.839 7 0.120006
0 -79.9849 198.447 7 0.120006
0 -99.9811 198.053 7 0.120006
0 -119.977 197.655 7 0.120006
0 -139.973 197.255 7 0.120006
0 -159.969 196.853 7 0.120006
0 -179.965 196.449 7 0.120006
0 -199.961 196.044 7 0.120006
