4.25331e-05 -3.95413e-07 200 7 1.52008
12.9552 -15.2296 200.473 7 1.52008
25.9099 -30.4596 200.945 7 1.52008
38.8642 -45.6901 201.413 7 1.52008
51.8179 -60.9211 201.879 7 1.52008
64.7711 -76.1528 202.341 7 1.52008
77.7236 -91.3851 202.8 7 1.52008
90.6755 -106.618 203.257 7 1.52008
103.627 -121.851 203.713 7 1.52008
116.578 -137.085 204.17 7 1.52008
129.529 -152.319 204.627 7 1.52008
4.25331e-05 -3.95413e-07 200 7 1.52008
12.9552 -15.2296 200.473 7 1.52008
25.9099 -30.4596 200.945 7 1.52008
38.8642 -45.6901 201.413 7 1.52008
51.8179 -60.9211 201.879 7 1.52008
64.7711 -76.1528 202.341 7 1.52008
77.7236 -91.3851 202.8 7 1.52008
90.6755 -106.618 203.257 7 1.52008
103.627 -121.851 203.713 7 1.52008
116.578 -137.085 204.17 7 1.52008
129.529 -152.319 204.627 7 1.52008
4.25331e-05 -3.95413e-07 200 7 1.52008
12.9552 -15.2296 200.473 7 1.52008
25.9099 -30.4596 200.945 7 1.52008
38.8642 -45.6901 201.413 7 1.52008
51.8179 -60.9211 201.879 7 1.52008
64.7711 -76.1528 202.341 7 1.52008
77.7236 -91.3851 202.8 7 1.52008
90.6755 -106.618 203.257 7 1.52008
103.627 -121.851 203.713 7 1.52008
116.578 -137.085 204.17 7 1.52008
129.529 -152.319 204.627 7 1.52008
4.25331e-05 -3.95413e-07 200 7 1.52008
12.9552 -15.2296 200.473 7 1.52008
25.9099 -30.4596 200.945 7 1.52008
38.8642 -45.6901 201.413 7 1.52008
51.8179 -60.9211 201.879 7 1.52008
64.7711 -76.1528 202.341 7 1.52008
77.7236 -91.3851 202.8 7 1.52008
90.6755 -106.618 203.257 7 1.52008
103.627 -121.851 203.713 7 1.52008
116.578 -137.085 204.17 7 1.52008
129.529 -152.319 204.627 7 1.52008
4.25331e-05 -3.95413e-07 200 7 1.52008
12.9552 -15.2296 200.473 7 1.52008
25.9099 -30.4596 200.945 7 1.52008
38.8642 -45.6901 201.413 7 1.52008
51.8179 -60.9211 201.879 7 1.52008
64.7711 -76.1528 202.341 7 1.52008
77.7236 -91.3851 202.8 7 1.52008
90.6755 -106.618 203.257 7 1.52008
103.627 -121.851 203.713 7 1.52008
116.578 -137.085 204.17 7 1.52008
129.529 -152.319 204.627 7 1.52008
4.25331e-05 -3.95413e-07 200 7 1.52008
12.9552 -15.2296 200.473 7 1.52008
25.9099 -30.4596 200.945 7 1.52008
38.8642 -45.6901 201.413 7 1.52008
51.8179 -60.9211 201.879 7 1.52008
64.7711 -76.1528 202.341 7 1.52008
77.7236 -91.3851 202.8 7 1.52008
90.6755 -106.618 203.257 7 1.52008
103.627 -121.851 203.713 7 1.52008
116.578 -137.085 204.17 7 1.52008
129.529 -152.319 204.627 7 1.52008
