3.56542e-05 -4.28402e-05 200 6.99999 6.70034
-2.51038 -3.6808 219.498 6.99999 6.70034
-5.02161 -7.36141 238.995 6.99999 6.70034
-7.53424 -11.0419 258.492 6.99999 6.70034
-10.0489 -14.7222 277.989 6.99999 6.70034
-12.5661 -18.4023 297.486 6.99999 6.70034
-15.0858 -22.0825 316.983 6.99999 6.70034
-17.6078 -25.7627 336.479 6.99999 6.70034
-20.1318 -29.4429 355.974 7 6.70034
-22.6573 -33.1232 375.47 7 6.70034
-25.1837 -36.8034 394.966 7 6.70034
3.56542e-05 -4.28402e-05 200 6.99999 6.70034
-2.51038 -3.6808 219.498 6.99999 6.70034
-5.02161 -7.36141 238.995 6.99999 6.70034
-7.53424 -11.0419 258.492 6.99999 6.70034
-10.0489 -14.7222 277.989 6.99999 6.70034
-12.5661 -18.4023 297.486 6.99999 6.70034
-15.0858 -22.0825 316.983 6.99999 6.70034
-17.6078 -25.7627 336.479 6.99999 6.70034
-20.1318 -29.4429 355.974 7 6.70034
-22.6573 -33.1232 375.47 7 6.70034
-25.1837 -36.8034 394.966 7 6.70034
3.56542e-05 -4.28402e-05 200 6.99999 6.70034
-2.51038 -3.6808 219.498 6.99999 6.70034
-5.02161 -7.36141 238.995 6.99999 6.70034
-7.53424 -11.0419 258.492 6.99999 6.70034
-10.0489 -14.7222 277.989 6.99999 6.70034
-12.5661 -18.4023 297.486 6.99999 6.70034
-15.0858 -22.0825 316.983 6.99999 6.70034
-17.6078 -25.7627 336.479 6.99999 6.70034
-20.1318 -29.4429 355.974 7 6.70034
-22.6573 -33.1232 375.47 7 6.70034
-25.1837 -36.8034 394.966 7 6.70034
3.56542e-05 -4.28402e-05 200 6.99999 6.70034
-2.51038 -3.6808 219.498 6.99999 6.70034
-5.02161 -7.36141 238.995 6.99999 6.70034
-7.53424 -11.0419 258.492 6.99999 6.70034
-10.0489 -14.7222 277.989 6.99999 6.70034
-12.5661 -18.4023 297.486 6.99999 6.70034
-15.0858 -22.0825 316.983 6.99999 6.70034
-17.6078 -25.7627 336.479 6.99999 6.70034
-20.1318 -29.4429 355.974 7 6.70034
-22.6573 -33.1232 375.47 7 6.70034
-25.1837 -36.8034 394.966 7 6.70034
3.56542e-05 -4.28402e-05 200 6.99999 6.70034
-2.51038 -3.6808 219.498 6.99999 6.70034
-5.02161 -7.36141 238.995 6.99999 6.70034
-7.53424 -11.0419 258.492 6.99999 6.70034
-10.0489 -14.7222 277.989 6.99999 6.70034
-12.5661 -18.4023 297.486 6.99999 6.70034
-15.0858 -22.0825 316.983 6.99999 6.70034
-17.6078 -25.7627 336.479 6.99999 6.70034
-20.1318 -29.4429 355.974 7 6.70034
-22.6573 -33.1232 375.47 7 6.70034
-25.1837 -36.8034 394.966 7 6.70034
3.56542e-05 -4.28402e-05 200 6.99999 6.70034
-2.51038 -3.6808 219.498 6.99999 6.70034
-5.02161 -7.36141 238.995 6.99999 6.70034
-7.53424 -11.0419 258.492 6.99999 6.70034
-10.0489 -14.7222 277.989 6.99999 6.70034
-12.5661 -18.4023 297.486 6.99999 6.70034
-15.0858 -22.0825 316.983 6.99999 6.70034
-17.6078 -25.7627 336.479 6.99999 6.70034
-20.1318 -29.4429 355.974 7 6.70034
-22.6573 -33.1232 375.47 7 6.70034
-25.1837 -36.8034 394.966 7 6.70034
