-8.60253e-05 1.63704e-05 200 6.99999 4.62023
-6.87204 6.77203 182.481 6.99999 4.62023
-13.7432 13.5443 164.962 6.99999 4.62023
-20.6129 20.317 147.442 6.99999 4.62023
-27.4805 27.0905 129.922 6.99999 4.62023
-34.3462 33.8646 112.401 7 4.62023
-41.2102 40.6395 94.8799 7 4.62023
-48.0727 47.415 77.3585 7 4.62023
-54.9341 54.1909 59.8369 7 4.62023
-61.7945 60.9673 42.3151 7 4.62023
-68.6544 67.7439 24.7931 7 4.62023
-8.60253e-05 1.63704e-05 200 6.99999 4.62023
-6.87204 6.77203 182.481 6.99999 4.62023
-13.7432 13.5443 164.962 6.99999 4.62023
-20.6129 20.317 147.442 6.99999 4.62023
-27.4805 27.0905 129.922 6.99999 4.62023
-34.3462 33.8646 112.401 7 4.62023
-41.2102 40.6395 94.8799 7 4.62023
-48.0727 47.415 77.3585 7 4.62023
-54.9341 54.1909 59.8369 7 4.62023
-61.7945 60.9673 42.3151 7 4.62023
-68.6544 67.7439 24.7931 7 4.62023
-8.60253e-05 1.63704e-05 200 6.99999 4.62023
-6.87204 6.77203 182.481 6.99999 4.62023
-13.7432 13.5443 164.962 6.99999 4.62023
-20.6129 20.317 147.442 6.99999 4.62023
-27.4805 27.0905 129.922 6.99999 4.62023
-34.3462 33.8646 112.401 7 4.62023
-41.2102 40.6395 94.8799 7 4.62023
-48.0727 47.415 77.3585 7 4.62023
-54.9341 54.1909 59.8369 7 4.62023
-61.7945 60.9673 42.3151 7 4.62023
-68.6544 67.7439 24.7931 7 4.62023
-8.60253e-05 1.63704e-05 200 6.99999 4.62023
-6.87204 6.77203 182.481 6.99999 4.62023
-13.7432 13.5443 164.962 6.99999 4.62023
-20.6129 20.317 147.442 6.99999 4.62023
-27.4805 27.0905 129.922 6.99999 4.62023
-34.3462 33.8646 112.401 7 4.62023
-41.2102 40.6395 94.8799 7 4.62023
-48.0727 47.415 77.3585 7 4.62023
-54.9341 54.1909 59.8369 7 4.62023
-61.7945 60.9673 42.3151 7 4.62023
-68.6544 67.7439 24.7931 7 4.62023
-8.60253e-05 1.63704e-05 200 6.99999 4.62023
-6.87204 6.77203 182.481 6.99999 4.62023
-13.7432 13.5443 164.962 6.99999 4.62023
-20.6129 20.317 147.442 6.99999 4.62023
-27.4805 27.0905 129.922 6.99999 4.62023
-34.3462 33.8646 112.401 7 4.62023
-41.2102 40.6395 94.8799 7 4.62023
-48.0727 47.415 77.3585 7 4.62023
-54.9341 54.1909 59.8369 7 4.62023
-61.7945 60.9673 42.3151 7 4.62023
-68.6544 67.7439 24.7931 7 4.62023
-8.60253e-05 1.63704e-05 200 6.99999 4.62023
-6.87204 6.77203 182.481 6.99999 4.62023
-13.7432 13.5443 164.962 6.99999 4.62023
-20.6129 20.317 147.442 6.99999 4.62023
-27.4805 27.0905 129.922 6.99999 4.62023
-34.3462 33.8646 112.401 7 4.62023
-41.2102 40.6395 94.8799 7 4.62023
-48.0727 47.415 77.3585 7 4.62023
-54.9341 54.1909 59.8369 7 4.62023
-61.7945 60.9673 42.3151 7 4.62023
-68.6544 67.7439 24.7931 7 4.62023
