-5.94437e-05 3.38231e-05 200 6.99997 8.0204
-0.35271 2.12743 180.116 6.99997 8.0204
-0.704607 4.25491 160.232 6.99997 8.0204
-1.05503 6.38255 140.349 6.99997 8.0204
-1.40342 8.51045 120.465 6.99998 8.0204
-1.74943 10.6387 100.582 6.99998 8.0204
-2.09296 12.7672 80.6982 6.99998 8.0204
-2.43409 14.8961 60.8147 6.99999 8.0204
-2.77319 17.0253 40.9312 6.99999 8.0204
-3.11103 19.1547 21.0477 6.99999 8.0204
-3.44827 21.2841 1.1642 7 8.0204
-5.94437e-05 3.38231e-05 200 6.99997 8.0204
-0.35271 2.12743 180.116 6.99997 8.0204
-0.704607 4.25491 160.232 6.99997 8.0204
-1.05503 6.38255 140.349 6.99997 8.0204
-1.40342 8.51045 120.465 6.99998 8.0204
-1.74943 10.6387 100.582 6.99998 8.0204
-2.09296 12.7672 80.6982 6.99998 8.0204
-2.43409 14.8961 60.8147 6.99999 8.0204
-2.77319 17.0253 40.9312 6.99999 8.0204
-3.11103 19.1547 21.0477 6.99999 8.0204
-3.44827 21.2841 1.1642 7 8.0204
-5.94437e-05 3.38231e-05 200 6.99997 8.0204
-0.35271 2.12743 180.116 6.99997 8.0204
-0.704607 4.25491 160.232 6.99997 8.0204
-1.05503 6.38255 140.349 6.99997 8.0204
-1.40342 8.51045 120.465 6.99998 8.0204
-1.74943 10.6387 100.582 6.99998 8.0204
-2.09296 12.7672 80.6982 6.99998 8.0204
-2.43409 14.8961 60.8147 6.99999 8.0204
-2.77319 17.0253 40.9312 6.99999 8.0204
-3.11103 19.1547 21.0477 6.99999 8.0204
-3.44827 21.2841 1.1642 7 8.0204
-5.94437e-05 3.38231e-05 200 6.99997 8.0204
-0.35271 2.12743 180.116 6.99997 8.0204
-0.704607 4.25491 160.232 6.99997 8.0204
-1.05503 6.38255 140.349 6.99997 8.0204
-1.40342 8.51045 120.465 6.99998 8.0204
-1.74943 10.6387 100.582 6.99998 8.0204
-2.09296 12.7672 80.6982 6.99998 8.0204
-2.43409 14.8961 60.8147 6.99999 8.0204
-2.77319 17.0253 40.9312 6.99999 8.0204
-3.11103 19.1547 21.0477 6.99999 8.0204
-3.44827 21.2841 1.1642 7 8.0204
-5.94437e-05 3.38231e-05 200 6.99997 8.0204
-0.35271 2.12743 180.116 6.99997 8.0204
-0.704607 4.25491 160.232 6.99997 8.0204
-1.05503 6.38255 140.349 6.99997 8.0204
-1.40342 8.51045 120.465 6.99998 8.0204
-1.74943 10.6387 100.582 6.99998 8.0204
-2.09296 12.7672 80.6982 6.99998 8.0204
-2.43409 14.8961 60.8147 6.99999 8.0204
-2.77319 17.0253 40.9312 6.99999 8.0204
-3.11103 19.1547 21.0477 6.99999 8.0204
-3.44827 21.2841 1.1642 7 8.0204
-5.94437e-05 3.38231e-05 200 6.99997 8.0204
-0.35271 2.12743 180.116 6.99997 8.0204
-0.704607 4.25491 160.232 6.99997 8.0204
-1.05503 6.38255 140.349 6.99997 8.0204
-1.40342 8.51045 120.465 6.99998 8.0204
-1.74943 10.6387 100.582 6.99998 8.0204
-2.09296 12.7672 80.6982 6.99998 8.0204
-2.43409 14.8961 60.8147 6.99999 8.0204
-2.77319 17.0253 40.9312 6.99999 8.0204
-3.11103 19.1547 21.0477 6.99999 8.0204
-3.44827 21.2841 1.1642 7 8.0204
