-2.13639e-05 -2.80234e-05 200 6.99997 9.24046
-0.0307143 -1.87692 219.912 6.99997 9.24046
-0.0611124 -3.75389 239.824 6.99997 9.24046
-0.0911718 -5.63092 259.736 6.99998 9.24046
-0.1209 -7.50804 279.648 6.99998 9.24046
-0.150232 -9.38523 299.56 6.99998 9.24046
-0.179136 -11.2625 319.471 6.99998 9.24046
-0.207785 -13.1396 339.383 6.99998 9.24046
-0.236412 -15.0166 359.295 6.99999 9.24046
-0.265074 -16.8935 379.207 6.99999 9.24046
-0.293797 -18.7703 399.118 6.99999 9.24046
-2.13639e-05 -2.80234e-05 200 6.99997 9.24046
-0.0307143 -1.87692 219.912 6.99997 9.24046
-0.0611124 -3.75389 239.824 6.99997 9.24046
-0.0911718 -5.63092 259.736 6.99998 9.24046
-0.1209 -7.50804 279.648 6.99998 9.24046
-0.150232 -9.38523 299.56 6.99998 9.24046
-0.179136 -11.2625 319.471 6.99998 9.24046
-0.207785 -13.1396 339.383 6.99998 9.24046
-0.236412 -15.0166 359.295 6.99999 9.24046
-0.265074 -16.8935 379.207 6.99999 9.24046
-0.293797 -18.7703 399.118 6.99999 9.24046
-2.13639e-05 -2.80234e-05 200 6.99997 9.24046
-0.0307143 -1.87692 219.912 6.99997 9.24046
-0.0611124 -3.75389 239.824 6.99997 9.24046
-0.0911718 -5.63092 259.736 6.99998 9.24046
-0.1209 -7.50804 279.648 6.99998 9.24046
-0.150232 -9.38523 299.56 6.99998 9.24046
-0.179136 -11.2625 319.471 6.99998 9.24046
-0.207785 -13.1396 339.383 6.99998 9.24046
-0.236412 -15.0166 359.295 6.99999 9.24046
-0.265074 -16.8935 379.207 6.99999 9.24046
-0.293797 -18.7703 399.118 6.99999 9.24046
-2.13639e-05 -2.80234e-05 200 6.99997 9.24046
-0.0307143 -1.87692 219.912 6.99997 9.24046
-0.0611124 -3.75389 239.824 6.99997 9.24046
-0.0911718 -5.63092 259.736 6.99998 9.24046
-0.1209 -7.50804 279.648 6.99998 9.24046
-0.150232 -9.38523 299.56 6.99998 9.24046
-0.179136 -11.2625 319.471 6.99998 9.24046
-0.207785 -13.1396 339.383 6.99998 9.24046
-0.236412 -15.0166 359.295 6.99999 9.24046
-0.265074 -16.8935 379.207 6.99999 9.24046
-0.293797 -18.7703 399.118 6.99999 9.24046
-2.13639e-05 -2.80234e-05 200 6.99997 9.24046
-0.0307143 -1.87692 219.912 6.99997 9.24046
-0.0611124 -3.75389 239.824 6.99997 9.24046
-0.0911718 -5.63092 259.736 6.99998 9.24046
-0.1209 -7.50804 279.648 6.99998 9.24046
-0.150232 -9.38523 299.56 6.99998 9.24046
-0.179136 -11.2625 319.471 6.99998 9.24046
-0.207785 -13.1396 339.383 6.99998 9.24046
-0.236412 -15.0166 359.295 6.99999 9.24046
-0.265074 -16.8935 379.207 6.99999 9.24046
-0.293797 -18.7703 399.118 6.99999 9.24046
-2.13639e-05 -2.80234e-05 200 6.99997 9.24046
-0.0307143 -1.87692 219.912 6.99997 9.24046
-0.0611124 -3.75389 239.824 6.99997 9.24046
-0.0911718 -5.63092 259.736 6.99998 9.24046
-0.1209 -7.50804 279.648 6.99998 9.24046
-0.150232 -9.38523 299.56 6.99998 9.24046
-0.179136 -11.2625 319.471 6.99998 9.24046
-0.207785 -13.1396 339.383 6.99998 9.24046
-0.236412 -15.0166 359.295 6.99999 9.24046
-0.265074 -16.8935 379.207 6.99999 9.24046
-0.293797 -18.7703 399.118 6.99999 9.24046
