-0.000249042 1.73959e-05 200 6.99998 7.70039
-14.5591 0.719888 186.306 6.99998 7.70039
-29.1177 1.43967 172.611 6.99998 7.70039
-43.6758 2.15927 158.917 6.99998 7.70039
-58.2333 2.87871 145.221 6.99998 7.70039
-72.79 3.59806 131.525 6.99998 7.70039
-87.3458 4.31743 117.828 6.99998 7.70039
-101.901 5.0369 104.129 6.99999 7.70039
-116.455 5.7564 90.43 6.99999 7.70039
-131.008 6.47587 76.7301 7 7.70039
-145.561 7.19531 63.0298 7 7.70039
-0.000249042 1.73959e-05 200 6.99998 7.70039
-14.5591 0.719888 186.306 6.99998 7.70039
-29.1177 1.43967 172.611 6.99998 7.70039
-43.6758 2.15927 158.917 6.99998 7.70039
-58.2333 2.87871 145.221 6.99998 7.70039
-72.79 3.59806 131.525 6.99998 7.70039
-87.3458 4.31743 117.828 6.99998 7.70039
-101.901 5.0369 104.129 6.99999 7.70039
-116.455 5.7564 90.43 6.99999 7.70039
-131.008 6.47587 76.7301 7 7.70039
-145.561 7.19531 63.0298 7 7.70039
-0.000249042 1.73959e-05 200 6.99998 7.70039
-14.5591 0.719888 186.306 6.99998 7.70039
-29.1177 1.43967 172.611 6.99998 7.70039
-43.6758 2.15927 158.917 6.99998 7.70039
-58.2333 2.87871 145.221 6.99998 7.70039
-72.79 3.59806 131.525 6.99998 7.70039
-87.3458 4.31743 117.828 6.99998 7.70039
-101.901 5.0369 104.129 6.99999 7.70039
-116.455 5.7564 90.43 6.99999 7.70039
-131.008 6.47587 76.7301 7 7.70039
-145.561 7.19531 63.0298 7 7.70039
-0.000249042 1.73959e-05 200 6.99998 7.70039
-14.5591 0.719888 186.306 6.99998 7.70039
-29.1177 1.43967 172.611 6.99998 7.70039
-43.6758 2.15927 158.917 6.99998 7.70039
-58.2333 2.87871 145.221 6.99998 7.70039
-72.79 3.59806 131.525 6.99998 7.70039
-87.3458 4.31743 117.828 6.99998 7.70039
-101.901 5.0369 104.129 6.99999 7.70039
-116.455 5.7564 90.43 6.99999 7.70039
-131.008 6.47587 76.7301 7 7.70039
-145.561 7.19531 63.0298 7 7.70039
-0.000249042 1.73959e-05 200 6.99998 7.70039
-14.5591 0.719888 186.306 6.99998 7.70039
-29.1177 1.43967 172.611 6.99998 7.70039
-43.6758 2.15927 158.917 6.99998 7.70039
-58.2333 2.87871 145.221 6.99998 7.70039
-72.79 3.59806 131.525 6.99998 7.70039
-87.3458 4.31743 117.828 6.99998 7.70039
-101.901 5.0369 104.129 6.99999 7.70039
-116.455 5.7564 90.43 6.99999 7.70039
-131.008 6.47587 76.7301 7 7.70039
-145.561 7.19531 63.0298 7 7.70039
-0.000249042 1.73959e-05 200 6.99998 7.70039
-14.5591 0.719888 186.306 6.99998 7.70039
-29.1177 1.43967 172.611 6.99998 7.70039
-43.6758 2.15927 158.917 6.99998 7.70039
-58.2333 2.87871 145.221 6.99998 7.70039
-72.79 3.59806 131.525 6.99998 7.70039
-87.3458 4.31743 117.828 6.99998 7.70039
-101.901 5.0369 104.129 6.99999 7.70039
-116.455 5.7564 90.43 6.99999 7.70039
-131.008 6.47587 76.7301 7 7.70039
-145.561 7.19531 63.0298 7 7.70039
