0.000118273 -1.13826e-05 200 6.99999 6.18031
15.1799 -2.15503 212.843 6.99999 6.18031
30.3595 -4.31011 225.686 6.99999 6.18031
45.539 -6.46526 238.528 6.99999 6.18031
60.7183 -8.62041 251.372 6.99999 6.18031
75.8972 -10.7756 264.215 6.99999 6.18031
91.0754 -12.9307 277.06 6.99999 6.18031
106.253 -15.0859 289.905 7 6.18031
121.43 -17.2411 302.751 7 6.18031
136.606 -19.3965 315.597 7 6.18031
151.782 -21.5518 328.444 7 6.18031
0.000118273 -1.13826e-05 200 6.99999 6.18031
15.1799 -2.15503 212.843 6.99999 6.18031
30.3595 -4.31011 225.686 6.99999 6.18031
45.539 -6.46526 238.528 6.99999 6.18031
60.7183 -8.62041 251.372 6.99999 6.18031
75.8972 -10.7756 264.215 6.99999 6.18031
91.0754 -12.9307 277.06 6.99999 6.18031
106.253 -15.0859 289.905 7 6.18031
121.43 -17.2411 302.751 7 6.18031
136.606 -19.3965 315.597 7 6.18031
151.782 -21.5518 328.444 7 6.18031
0.000118273 -1.13826e-05 200 6.99999 6.18031
15.1799 -2.15503 212.843 6.99999 6.18031
30.3595 -4.31011 225.686 6.99999 6.18031
45.539 -6.46526 238.528 6.99999 6.18031
60.7183 -8.62041 251.372 6.99999 6.18031
75.8972 -10.7756 264.215 6.99999 6.18031
91.0754 -12.9307 277.06 6.99999 6.18031
106.253 -15.0859 289.905 7 6.18031
121.43 -17.2411 302.751 7 6.18031
136.606 -19.3965 315.597 7 6.18031
151.782 -21.5518 328.444 7 6.18031
0.000118273 -1.13826e-05 200 6.99999 6.18031
15.1799 -2.15503 212.843 6.99999 6.18031
30.3595 -4.31011 225.686 6.99999 6.18031
45.539 -6.46526 238.528 6.99999 6.18031
60.7183 -8.62041 251.372 6.99999 6.18031
75.8972 -10.7756 264.215 6.99999 6.18031
91.0754 -12.9307 277.06 6.99999 6.18031
106.253 -15.0859 289.905 7 6.18031
121.43 -17.2411 302.751 7 6.18031
136.606 -19.3965 315.597 7 6.18031
151.782 -21.5518 328.444 7 6.18031
0.000118273 -1.13826e-05 200 6.99999 6.18031
15.1799 -2.15503 212.843 6.99999 6.18031
30.3595 -4.31011 225.686 6.99999 6.18031
45.539 -6.46526 238.528 6.99999 6.18031
60.7183 -8.62041 251.372 6.99999 6.18031
75.8972 -10.7756 264.215 6.99999 6.18031
91.0754 -12.9307 277.06 6.99999 6.18031
106.253 -15.0859 289.905 7 6.18031
121.43 -17.2411 302.751 7 6.18031
136.606 -19.3965 315.597 7 6.18031
151.782 -21.5518 328.444 7 6.18031
0.000118273 -1.13826e-05 200 6.99999 6.18031
15.1799 -2.15503 212.843 6.99999 6.18031
30.3595 -4.31011 225.686 6.99999 6.18031
45.539 -6.46526 238.528 6.99999 6.18031
60.7183 -8.62041 251.372 6.99999 6.18031
75.8972 -10.7756 264.215 6.99999 6.18031
91.0754 -12.9307 277.06 6.99999 6.18031
106.253 -15.0859 289.905 7 6.18031
121.43 -17.2411 302.751 7 6.18031
136.606 -19.3965 315.597 7 6.18031
151.782 -21.5518 328.444 7 6.18031
