0.000418199 2.59595e-05 200 6.99997 8.58043
19.8623 0.973035 197.863 6.99997 8.58043
39.7241 1.94597 195.726 6.99997 8.58043
59.586 2.91878 193.589 6.99997 8.58043
79.448 3.89149 191.453 6.99997 8.58043
99.31 4.86408 189.317 6.99998 8.58043
119.172 5.83652 187.182 6.99998 8.58043
139.034 6.80882 185.047 6.99998 8.58043
158.896 7.781 182.913 6.99999 8.58043
178.758 8.75309 180.779 6.99999 8.58043
198.62 9.72516 178.646 6.99999 8.58043
0.000418199 2.59595e-05 200 6.99997 8.58043
19.8623 0.973035 197.863 6.99997 8.58043
39.7241 1.94597 195.726 6.99997 8.58043
59.586 2.91878 193.589 6.99997 8.58043
79.448 3.89149 191.453 6.99997 8.58043
99.31 4.86408 189.317 6.99998 8.58043
119.172 5.83652 187.182 6.99998 8.58043
139.034 6.80882 185.047 6.99998 8.58043
158.896 7.781 182.913 6.99999 8.58043
178.758 8.75309 180.779 6.99999 8.58043
198.62 9.72516 178.646 6.99999 8.58043
0.000418199 2.59595e-05 200 6.99997 8.58043
19.8623 0.973035 197.863 6.99997 8.58043
39.7241 1.94597 195.726 6.99997 8.58043
59.586 2.91878 193.589 6.99997 8.58043
79.448 3.89149 191.453 6.99997 8.58043
99.31 4.86408 189.317 6.99998 8.58043
119.172 5.83652 187.182 6.99998 8.58043
139.034 6.80882 185.047 6.99998 8.58043
158.896 7.781 182.913 6.99999 8.58043
178.758 8.75309 180.779 6.99999 8.58043
198.62 9.72516 178.646 6.99999 8.58043
0.000418199 2.59595e-05 200 6.99997 8.58043
19.8623 0.973035 197.863 6.99997 8.58043
39.7241 1.94597 195.726 6.99997 8.58043
59.586 2.91878 193.589 6.99997 8.58043
79.448 3.89149 191.453 6.99997 8.58043
99.31 4.86408 189.317 6.99998 8.58043
119.172 5.83652 187.182 6.99998 8.58043
139.034 6.80882 185.047 6.99998 8.58043
158.896 7.781 182.913 6.99999 8.58043
178.758 8.75309 180.779 6.99999 8.58043
198.62 9.72516 178.646 6.99999 8.58043
0.000418199 2.59595e-05 200 6.99997 8.58043
19.8623 0.973035 197.863 6.99997 8.58043
39.7241 1.94597 195.726 6.99997 8.58043
59.586 2.91878 193.589 6.99997 8.58043
79.448 3.89149 191.453 6.99997 8.58043
99.31 4.86408 189.317 6.99998 8.58043
119.172 5.83652 187.182 6.99998 8.58043
139.034 6.80882 185.047 6.99998 8.58043
158.896 7.781 182.913 6.99999 8.58043
178.758 8.75309 180.779 6.99999 8.58043
198.62 9.72516 178.646 6.99999 8.58043
0.000418199 2.59595e-05 200 6.99997 8.58043
19.8623 0.973035 197.863 6.99997 8.58043
39.7241 1.94597 195.726 6.99997 8.58043
59.586 2.91878 193.589 6.99997 8.58043
79.448 3.89149 191.453 6.99997 8.58043
99.31 4.86408 189.317 6.99998 8.58043
119.172 5.83652 187.182 6.99998 8.58043
139.034 6.80882 185.047 6.99998 8.58043
158.896 7.781 182.913 6.99999 8.58043
178.758 8.75309 180.779 6.99999 8.58043
198.62 9.72516 178.646 6.99999 8.58043
