-6.12321e-05 4.77475e-05 200 6.99997 7.9604
-3.39251 1.96285 180.387 6.99997 7.9604
-6.78497 3.92547 160.775 6.99997 7.9604
-10.1775 5.88775 141.162 6.99998 7.9604
-13.5698 7.84965 121.55 6.99998 7.9604
-16.9617 9.81122 101.937 6.99998 7.9604
-20.3529 11.7725 82.3248 6.99998 7.9604
-23.7435 13.7337 62.712 6.99999 7.9604
-27.1332 15.6947 43.0991 6.99999 7.9604
-30.5221 17.6557 23.486 6.99999 7.9604
-33.9104 19.6167 3.87291 7 7.9604
-6.12321e-05 4.77475e-05 200 6.99997 7.9604
-3.39251 1.96285 180.387 6.99997 7.9604
-6.78497 3.92547 160.775 6.99997 7.9604
-10.1775 5.88775 141.162 6.99998 7.9604
-13.5698 7.84965 121.55 6.99998 7.9604
-16.9617 9.81122 101.937 6.99998 7.9604
-20.3529 11.7725 82.3248 6.99998 7.9604
-23.7435 13.7337 62.712 6.99999 7.9604
-27.1332 15.6947 43.0991 6.99999 7.9604
-30.5221 17.6557 23.486 6.99999 7.9604
-33.9104 19.6167 3.87291 7 7.9604
-6.12321e-05 4.77475e-05 200 6.99997 7.9604
-3.39251 1.96285 180.387 6.99997 7.9604
-6.78497 3.92547 160.775 6.99997 7.9604
-10.1775 5.88775 141.162 6.99998 7.9604
-13.5698 7.84965 121.55 6.99998 7.9604
-16.9617 9.81122 101.937 6.99998 7.9604
-20.3529 11.7725 82.3248 6.99998 7.9604
-23.7435 13.7337 62.712 6.99999 7.9604
-27.1332 15.6947 43.0991 6.99999 7.9604
-30.5221 17.6557 23.486 6.99999 7.9604
-33.9104 19.6167 3.87291 7 7.9604
-6.12321e-05 4.77475e-05 200 6.99997 7.9604
-3.39251 1.96285 180.387 6.99997 7.9604
-6.78497 3.92547 160.775 6.99997 7.9604
-10.1775 5.88775 141.162 6.99998 7.9604
-13.5698 7.84965 121.55 6.99998 7.9604
-16.9617 9.81122 101.937 6.99998 7.9604
-20.3529 11.7725 82.3248 6.99998 7.9604
-23.7435 13.7337 62.712 6.99999 7.9604
-27.1332 15.6947 43.0991 6.99999 7.9604
-30.5221 17.6557 23.486 6.99999 7.9604
-33.9104 19.6167 3.87291 7 7.9604
-6.12321e-05 4.77475e-05 200 6.99997 7.9604
-3.39251 1.96285 180.387 6.99997 7.9604
-6.78497 3.92547 160.775 6.99997 7.9604
-10.1775 5.88775 141.162 6.99998 7.9604
-13.5698 7.84965 121.55 6.99998 7.9604
-16.9617 9.81122 101.937 6.99998 7.9604
-20.3529 11.7725 82.3248 6.99998 7.9604
-23.7435 13.7337 62.712 6.99999 7.9604
-27.1332 15.6947 43.0991 6.99999 7.9604
-30.5221 17.6557 23.486 6.99999 7.9604
-33.9104 19.6167 3.87291 7 7.9604
-6.12321e-05 4.77475e-05 200 6.99997 7.9604
-3.39251 1.96285 180.387 6.99997 7.9604
-6.78497 3.92547 160.775 6.99997 7.9604
-10.1775 5.88775 141.162 6.99998 7.9604
-13.5698 7.84965 121.55 6.99998 7.9604
-16.9617 9.81122 101.937 6.99998 7.9604
-20.3529 11.7725 82.3248 6.99998 7.9604
-23.7435 13.7337 62.712 6.99999 7.9604
-27.1332 15.6947 43.0991 6.99999 7.9604
-30.5221 17.6557 23.486 6.99999 7.9604
-33.9104 19.6167 3.87291 7 7.9604
