0.000122735 -1.48679e-05 200 6.99999 5.88029
19.7014 -0.334828 203.428 6.99999 5.88029
39.4027 -0.669456 206.855 6.99999 5.88029
59.1042 -1.00383 210.282 6.99999 5.88029
78.8059 -1.33803 213.708 6.99999 5.88029
98.5077 -1.67216 217.132 6.99999 5.88029
118.21 -2.00628 220.556 6.99999 5.88029
137.912 -2.34043 223.979 7 5.88029
157.614 -2.67459 227.402 7 5.88029
177.316 -3.00878 230.824 7 5.88029
197.018 -3.343 234.247 7 5.88029
0.000122735 -1.48679e-05 200 6.99999 5.88029
19.7014 -0.334828 203.428 6.99999 5.88029
39.4027 -0.669456 206.855 6.99999 5.88029
59.1042 -1.00383 210.282 6.99999 5.88029
78.8059 -1.33803 213.708 6.99999 5.88029
98.5077 -1.67216 217.132 6.99999 5.88029
118.21 -2.00628 220.556 6.99999 5.88029
137.912 -2.34043 223.979 7 5.88029
157.614 -2.67459 227.402 7 5.88029
177.316 -3.00878 230.824 7 5.88029
197.018 -3.343 234.247 7 5.88029
0.000122735 -1.48679e-05 200 6.99999 5.88029
19.7014 -0.334828 203.428 6.99999 5.88029
39.4027 -0.669456 206.855 6.99999 5.88029
59.1042 -1.00383 210.282 6.99999 5.88029
78.8059 -1.33803 213.708 6.99999 5.88029
98.5077 -1.67216 217.132 6.99999 5.88029
118.21 -2.00628 220.556 6.99999 5.88029
137.912 -2.34043 223.979 7 5.88029
157.614 -2.67459 227.402 7 5.88029
177.316 -3.00878 230.824 7 5.88029
197.018 -3.343 234.247 7 5.88029
0.000122735 -1.48679e-05 200 6.99999 5.88029
19.7014 -0.334828 203.428 6.99999 5.88029
39.4027 -0.669456 206.855 6.99999 5.88029
59.1042 -1.00383 210.282 6.99999 5.88029
78.8059 -1.33803 213.708 6.99999 5.88029
98.5077 -1.67216 217.132 6.99999 5.88029
118.21 -2.00628 220.556 6.99999 5.88029
137.912 -2.34043 223.979 7 5.88029
157.614 -2.67459 227.402 7 5.88029
177.316 -3.00878 230.824 7 5.88029
197.018 -3.343 234.247 7 5.88029
0.000122735 -1.48679e-05 200 6.99999 5.88029
19.7014 -0.334828 203.428 6.99999 5.88029
39.4027 -0.669456 206.855 6.99999 5.88029
59.1042 -1.00383 210.282 6.99999 5.88029
78.8059 -1.33803 213.708 6.99999 5.88029
98.5077 -1.67216 217.132 6.99999 5.88029
118.21 -2.00628 220.556 6.99999 5.88029
137.912 -2.34043 223.979 7 5.88029
157.614 -2.67459 227.402 7 5.88029
177.316 -3.00878 230.824 7 5.88029
197.018 -3.343 234.247 7 5.88029
0.000122735 -1.48679e-05 200 6.99999 5.88029
19.7014 -0.334828 203.428 6.99999 5.88029
39.4027 -0.669456 206.855 6.99999 5.88029
59.1042 -1.00383 210.282 6.99999 5.88029
78.8059 -1.33803 213.708 6.99999 5.88029
98.5077 -1.67216 217.132 6.99999 5.88029
118.21 -2.00628 220.556 6.99999 5.88029
137.912 -2.34043 223.979 7 5.88029
157.614 -2.67459 227.402 7 5.88029
177.316 -3.00878 230.824 7 5.88029
197.018 -3.343 234.247 7 5.88029
