0.000131821 1.30414e-06 200 6.99999 5.86029
19.8107 -0.198796 202.74 6.99999 5.86029
39.6211 -0.397631 205.48 6.99999 5.86029
59.4313 -0.596573 208.222 6.99999 5.86029
79.2411 -0.795647 210.966 6.99999 5.86029
99.0507 -0.994831 213.713 6.99999 5.86029
118.86 -1.19411 216.462 6.99999 5.86029
138.669 -1.39344 219.214 7 5.86029
158.477 -1.59283 221.969 7 5.86029
178.285 -1.79228 224.724 7 5.86029
198.093 -1.99175 227.481 7 5.86029
0.000131821 1.30414e-06 200 6.99999 5.86029
19.8107 -0.198796 202.74 6.99999 5.86029
39.6211 -0.397631 205.48 6.99999 5.86029
59.4313 -0.596573 208.222 6.99999 5.86029
79.2411 -0.795647 210.966 6.99999 5.86029
99.0507 -0.994831 213.713 6.99999 5.86029
118.86 -1.19411 216.462 6.99999 5.86029
138.669 -1.39344 219.214 7 5.86029
158.477 -1.59283 221.969 7 5.86029
178.285 -1.79228 224.724 7 5.86029
198.093 -1.99175 227.481 7 5.86029
0.000131821 1.30414e-06 200 6.99999 5.86029
19.8107 -0.198796 202.74 6.99999 5.86029
39.6211 -0.397631 205.48 6.99999 5.86029
59.4313 -0.596573 208.222 6.99999 5.86029
79.2411 -0.795647 210.966 6.99999 5.86029
99.0507 -0.994831 213.713 6.99999 5.86029
118.86 -1.19411 216.462 6.99999 5.86029
138.669 -1.39344 219.214 7 5.86029
158.477 -1.59283 221.969 7 5.86029
178.285 -1.79228 224.724 7 5.86029
198.093 -1.99175 227.481 7 5.86029
0.000131821 1.30414e-06 200 6.99999 5.86029
19.8107 -0.198796 202.74 6.99999 5.86029
39.6211 -0.397631 205.48 6.99999 5.86029
59.4313 -0.596573 208.222 6.99999 5.86029
79.2411 -0.795647 210.966 6.99999 5.86029
99.0507 -0.994831 213.713 6.99999 5.86029
118.86 -1.19411 216.462 6.99999 5.86029
138.669 -1.39344 219.214 7 5.86029
158.477 -1.59283 221.969 7 5.86029
178.285 -1.79228 224.724 7 5.86029
198.093 -1.99175 227.481 7 5.86029
0.000131821 1.30414e-06 200 6.99999 5.86029
19.8107 -0.198796 202.74 6.99999 5.86029
39.6211 -0.397631 205.48 6.99999 5.86029
59.4313 -0.596573 208.222 6.99999 5.86029
79.2411 -0.795647 210.966 6.99999 5.86029
99.0507 -0.994831 213.713 6.99999 5.86029
118.86 -1.19411 216.462 6.99999 5.86029
138.669 -1.39344 219.214 7 5.86029
158.477 -1.59283 221.969 7 5.86029
178.285 -1.79228 224.724 7 5.86029
198.093 -1.99175 227.481 7 5.86029
0.000131821 1.30414e-06 200 6.99999 5.86029
19.8107 -0.198796 202.74 6.99999 5.86029
39.6211 -0.397631 205.48 6.99999 5.86029
59.4313 -0.596573 208.222 6.99999 5.86029
79.2411 -0.795647 210.966 6.99999 5.86029
99.0507 -0.994831 213.713 6.99999 5.86029
118.86 -1.19411 216.462 6.99999 5.86029
138.669 -1.39344 219.214 7 5.86029
158.477 -1.59283 221.969 7 5.86029
178.285 -1.79228 224.724 7 5.86029
198.093 -1.99175 227.481 7 5.86029
