-0.00024142 7.37304e-06 200 6.99998 7.72039
-13.8787 0.837599 185.623 6.99998 7.72039
-27.7568 1.67528 171.246 6.99998 7.72039
-41.6343 2.51312 156.868 6.99998 7.72039
-55.511 3.35115 142.49 6.99998 7.72039
-69.3865 4.18935 128.11 6.99998 7.72039
-83.2608 5.0277 113.729 6.99998 7.72039
-97.1339 5.86624 99.3476 6.99999 7.72039
-111.006 6.70493 84.9645 6.99999 7.72039
-124.877 7.54371 70.5806 7 7.72039
-138.747 8.38248 56.1962 7 7.72039
-0.00024142 7.37304e-06 200 6.99998 7.72039
-13.8787 0.837599 185.623 6.99998 7.72039
-27.7568 1.67528 171.246 6.99998 7.72039
-41.6343 2.51312 156.868 6.99998 7.72039
-55.511 3.35115 142.49 6.99998 7.72039
-69.3865 4.18935 128.11 6.99998 7.72039
-83.2608 5.0277 113.729 6.99998 7.72039
-97.1339 5.86624 99.3476 6.99999 7.72039
-111.006 6.70493 84.9645 6.99999 7.72039
-124.877 7.54371 70.5806 7 7.72039
-138.747 8.38248 56.1962 7 7.72039
-0.00024142 7.37304e-06 200 6.99998 7.72039
-13.8787 0.837599 185.623 6.99998 7.72039
-27.7568 1.67528 171.246 6.99998 7.72039
-41.6343 2.51312 156.868 6.99998 7.72039
-55.511 3.35115 142.49 6.99998 7.72039
-69.3865 4.18935 128.11 6.99998 7.72039
-83.2608 5.0277 113.729 6.99998 7.72039
-97.1339 5.86624 99.3476 6.99999 7.72039
-111.006 6.70493 84.9645 6.99999 7.72039
-124.877 7.54371 70.5806 7 7.72039
-138.747 8.38248 56.1962 7 7.72039
-0.00024142 7.37304e-06 200 6.99998 7.72039
-13.8787 0.837599 185.623 6.99998 7.72039
-27.7568 1.67528 171.246 6.99998 7.72039
-41.6343 2.51312 156.868 6.99998 7.72039
-55.511 3.35115 142.49 6.99998 7.72039
-69.3865 4.18935 128.11 6.99998 7.72039
-83.2608 5.0277 113.729 6.99998 7.72039
-97.1339 5.86624 99.3476 6.99999 7.72039
-111.006 6.70493 84.9645 6.99999 7.72039
-124.877 7.54371 70.5806 7 7.72039
-138.747 8.38248 56.1962 7 7.72039
-0.00024142 7.37304e-06 200 6.99998 7.72039
-13.8787 0.837599 185.623 6.99998 7.72039
-27.7568 1.67528 171.246 6.99998 7.72039
-41.6343 2.51312 156.868 6.99998 7.72039
-55.511 3.35115 142.49 6.99998 7.72039
-69.3865 4.18935 128.11 6.99998 7.72039
-83.2608 5.0277 113.729 6.99998 7.72039
-97.1339 5.86624 99.3476 6.99999 7.72039
-111.006 6.70493 84.9645 6.99999 7.72039
-124.877 7.54371 70.5806 7 7.72039
-138.747 8.38248 56.1962 7 7.72039
-0.00024142 7.37304e-06 200 6.99998 7.72039
-13.8787 0.837599 185.623 6.99998 7.72039
-27.7568 1.67528 171.246 6.99998 7.72039
-41.6343 2.51312 156.868 6.99998 7.72039
-55.511 3.35115 142.49 6.99998 7.72039
-69.3865 4.18935 128.11 6.99998 7.72039
-83.2608 5.0277 113.729 6.99998 7.72039
-97.1339 5.86624 99.3476 6.99999 7.72039
-111.006 6.70493 84.9645 6.99999 7.72039
-124.877 7.54371 70.5806 7 7.72039
-138.747 8.38248 56.1962 7 7.72039
