0.000340832 4.65608e-05 200 6.99997 8.40042
16.59 1.82567 188.979 6.99997 8.40042
33.1797 3.65117 177.958 6.99997 8.40042
49.7694 5.47641 166.938 6.99997 8.40042
66.3591 7.30134 155.917 6.99997 8.40042
82.9489 9.12598 144.896 6.99998 8.40042
99.5387 10.9504 133.875 6.99998 8.40042
116.129 12.7746 122.855 6.99998 8.40042
132.719 14.5988 111.835 6.99999 8.40042
149.31 16.4228 100.816 6.99999 8.40042
165.901 18.2468 89.7968 6.99999 8.40042
0.000340832 4.65608e-05 200 6.99997 8.40042
16.59 1.82567 188.979 6.99997 8.40042
33.1797 3.65117 177.958 6.99997 8.40042
49.7694 5.47641 166.938 6.99997 8.40042
66.3591 7.30134 155.917 6.99997 8.40042
82.9489 9.12598 144.896 6.99998 8.40042
99.5387 10.9504 133.875 6.99998 8.40042
116.129 12.7746 122.855 6.99998 8.40042
132.719 14.5988 111.835 6.99999 8.40042
149.31 16.4228 100.816 6.99999 8.40042
165.901 18.2468 89.7968 6.99999 8.40042
0.000340832 4.65608e-05 200 6.99997 8.40042
16.59 1.82567 188.979 6.99997 8.40042
33.1797 3.65117 177.958 6.99997 8.40042
49.7694 5.47641 166.938 6.99997 8.40042
66.3591 7.30134 155.917 6.99997 8.40042
82.9489 9.12598 144.896 6.99998 8.40042
99.5387 10.9504 133.875 6.99998 8.40042
116.129 12.7746 122.855 6.99998 8.40042
132.719 14.5988 111.835 6.99999 8.40042
149.31 16.4228 100.816 6.99999 8.40042
165.901 18.2468 89.7968 6.99999 8.40042
0.000340832 4.65608e-05 200 6.99997 8.40042
16.59 1.82567 188.979 6.99997 8.40042
33.1797 3.65117 177.958 6.99997 8.40042
49.7694 5.47641 166.938 6.99997 8.40042
66.3591 7.30134 155.917 6.99997 8.40042
82.9489 9.12598 144.896 6.99998 8.40042
99.5387 10.9504 133.875 6.99998 8.40042
116.129 12.7746 122.855 6.99998 8.40042
132.719 14.5988 111.835 6.99999 8.40042
149.31 16.4228 100.816 6.99999 8.40042
165.901 18.2468 89.7968 6.99999 8.40042
0.000340832 4.65608e-05 200 6.99997 8.40042
16.59 1.82567 188.979 6.99997 8.40042
33.1797 3.65117 177.958 6.99997 8.40042
49.7694 5.47641 166.938 6.99997 8.40042
66.3591 7.30134 155.917 6.99997 8.40042
82.9489 9.12598 144.896 6.99998 8.40042
99.5387 10.9504 133.875 6.99998 8.40042
116.129 12.7746 122.855 6.99998 8.40042
132.719 14.5988 111.835 6.99999 8.40042
149.31 16.4228 100.816 6.99999 8.40042
165.901 18.2468 89.7968 6.99999 8.40042
0.000340832 4.65608e-05 200 6.99997 8.40042
16.59 1.82567 188.979 6.99997 8.40042
33.1797 3.65117 177.958 6.99997 8.40042
49.7694 5.47641 166.938 6.99997 8.40042
66.3591 7.30134 155.917 6.99997 8.40042
82.9489 9.12598 144.896 6.99998 8.40042
99.5387 10.9504 133.875 6.99998 8.40042
116.129 12.7746 122.855 6.99998 8.40042
132.719 14.5988 111.835 6.99999 8.40042
149.31 16.4228 100.816 6.99999 8.40042
165.901 18.2468 89.7968 6.99999 8.40042
