-0.000235861 1.43203e-05 200 6.99998 7.76039
-12.4124 1.0655 184.353 6.99998 7.76039
-24.824 2.13102 168.707 6.99998 7.76039
-37.2346 3.19667 153.059 6.99998 7.76039
-49.6436 4.26267 137.41 6.99998 7.76039
-62.0508 5.3291 121.76 6.99998 7.76039
-74.4562 6.39597 106.108 6.99998 7.76039
-86.86 7.46321 90.4557 6.99999 7.76039
-99.2624 8.53073 74.8018 6.99999 7.76039
-111.664 9.59841 59.1471 7 7.76039
-124.064 10.6661 43.492 7 7.76039
-0.000235861 1.43203e-05 200 6.99998 7.76039
-12.4124 1.0655 184.353 6.99998 7.76039
-24.824 2.13102 168.707 6.99998 7.76039
-37.2346 3.19667 153.059 6.99998 7.76039
-49.6436 4.26267 137.41 6.99998 7.76039
-62.0508 5.3291 121.76 6.99998 7.76039
-74.4562 6.39597 106.108 6.99998 7.76039
-86.86 7.46321 90.4557 6.99999 7.76039
-99.2624 8.53073 74.8018 6.99999 7.76039
-111.664 9.59841 59.1471 7 7.76039
-124.064 10.6661 43.492 7 7.76039
-0.000235861 1.43203e-05 200 6.99998 7.76039
-12.4124 1.0655 184.353 6.99998 7.76039
-24.824 2.13102 168.707 6.99998 7.76039
-37.2346 3.19667 153.059 6.99998 7.76039
-49.6436 4.26267 137.41 6.99998 7.76039
-62.0508 5.3291 121.76 6.99998 7.76039
-74.4562 6.39597 106.108 6.99998 7.76039
-86.86 7.46321 90.4557 6.99999 7.76039
-99.2624 8.53073 74.8018 6.99999 7.76039
-111.664 9.59841 59.1471 7 7.76039
-124.064 10.6661 43.492 7 7.76039
-0.000235861 1.43203e-05 200 6.99998 7.76039
-12.4124 1.0655 184.353 6.99998 7.76039
-24.824 2.13102 168.707 6.99998 7.76039
-37.2346 3.19667 153.059 6.99998 7.76039
-49.6436 4.26267 137.41 6.99998 7.76039
-62.0508 5.3291 121.76 6.99998 7.76039
-74.4562 6.39597 106.108 6.99998 7.76039
-86.86 7.46321 90.4557 6.99999 7.76039
-99.2624 8.53073 74.8018 6.99999 7.76039
-111.664 9.59841 59.1471 7 7.76039
-124.064 10.6661 43.492 7 7.76039
-0.000235861 1.43203e-05 200 6.99998 7.76039
-12.4124 1.0655 184.353 6.99998 7.76039
-24.824 2.13102 168.707 6.99998 7.76039
-37.2346 3.19667 153.059 6.99998 7.76039
-49.6436 4.26267 137.41 6.99998 7.76039
-62.0508 5.3291 121.76 6.99998 7.76039
-74.4562 6.39597 106.108 6.99998 7.76039
-86.86 7.46321 90.4557 6.99999 7.76039
-99.2624 8.53073 74.8018 6.99999 7.76039
-111.664 9.59841 59.1471 7 7.76039
-124.064 10.6661 43.492 7 7.76039
-0.000235861 1.43203e-05 200 6.99998 7.76039
-12.4124 1.0655 184.353 6.99998 7.76039
-24.824 2.13102 168.707 6.99998 7.76039
-37.2346 3.19667 153.059 6.99998 7.76039
-49.6436 4.26267 137.41 6.99998 7.76039
-62.0508 5.3291 121.76 6.99998 7.76039
-74.4562 6.39597 106.108 6.99998 7.76039
-86.86 7.46321 90.4557 6.99999 7.76039
-99.2624 8.53073 74.8018 6.99999 7.76039
-111.664 9.59841 59.1471 7 7.76039
-124.064 10.6661 43.492 7 7.76039
