0.000123392 3.83563e-05 200 6.99997 8.20041
8.6876 2.27878 182.129 6.99997 8.20041
17.3758 4.55762 164.26 6.99997 8.20041
26.0652 6.83661 146.391 6.99997 8.20041
34.7564 9.11581 128.522 6.99997 8.20041
43.4495 11.3952 110.655 6.99998 8.20041
52.1445 13.6748 92.7887 6.99998 8.20041
60.8411 15.9546 74.9232 6.99998 8.20041
69.5392 18.2345 57.0585 6.99999 8.20041
78.2384 20.5145 39.1943 6.99999 8.20041
86.9382 22.7945 21.3305 7 8.20041
0.000123392 3.83563e-05 200 6.99997 8.20041
8.6876 2.27878 182.129 6.99997 8.20041
17.3758 4.55762 164.26 6.99997 8.20041
26.0652 6.83661 146.391 6.99997 8.20041
34.7564 9.11581 128.522 6.99997 8.20041
43.4495 11.3952 110.655 6.99998 8.20041
52.1445 13.6748 92.7887 6.99998 8.20041
60.8411 15.9546 74.9232 6.99998 8.20041
69.5392 18.2345 57.0585 6.99999 8.20041
78.2384 20.5145 39.1943 6.99999 8.20041
86.9382 22.7945 21.3305 7 8.20041
0.000123392 3.83563e-05 200 6.99997 8.20041
8.6876 2.27878 182.129 6.99997 8.20041
17.3758 4.55762 164.26 6.99997 8.20041
26.0652 6.83661 146.391 6.99997 8.20041
34.7564 9.11581 128.522 6.99997 8.20041
43.4495 11.3952 110.655 6.99998 8.20041
52.1445 13.6748 92.7887 6.99998 8.20041
60.8411 15.9546 74.9232 6.99998 8.20041
69.5392 18.2345 57.0585 6.99999 8.20041
78.2384 20.5145 39.1943 6.99999 8.20041
86.9382 22.7945 21.3305 7 8.20041
0.000123392 3.83563e-05 200 6.99997 8.20041
8.6876 2.27878 182.129 6.99997 8.20041
17.3758 4.55762 164.26 6.99997 8.20041
26.0652 6.83661 146.391 6.99997 8.20041
34.7564 9.11581 128.522 6.99997 8.20041
43.4495 11.3952 110.655 6.99998 8.20041
52.1445 13.6748 92.7887 6.99998 8.20041
60.8411 15.9546 74.9232 6.99998 8.20041
69.5392 18.2345 57.0585 6.99999 8.20041
78.2384 20.5145 39.1943 6.99999 8.20041
86.9382 22.7945 21.3305 7 8.20041
0.000123392 3.83563e-05 200 6.99997 8.20041
8.6876 2.27878 182.129 6.99997 8.20041
17.3758 4.55762 164.26 6.99997 8.20041
26.0652 6.83661 146.391 6.99997 8.20041
34.7564 9.11581 128.522 6.99997 8.20041
43.4495 11.3952 110.655 6.99998 8.20041
52.1445 13.6748 92.7887 6.99998 8.20041
60.8411 15.9546 74.9232 6.99998 8.20041
69.5392 18.2345 57.0585 6.99999 8.20041
78.2384 20.5145 39.1943 6.99999 8.20041
86.9382 22.7945 21.3305 7 8.20041
0.000123392 3.83563e-05 200 6.99997 8.20041
8.6876 2.27878 182.129 6.99997 8.20041
17.3758 4.55762 164.26 6.99997 8.20041
26.0652 6.83661 146.391 6.99997 8.20041
34.7564 9.11581 128.522 6.99997 8.20041
43.4495 11.3952 110.655 6.99998 8.20041
52.1445 13.6748 92.7887 6.99998 8.20041
60.8411 15.9546 74.9232 6.99998 8.20041
69.5392 18.2345 57.0585 6.99999 8.20041
78.2384 20.5145 39.1943 6.99999 8.20041
86.9382 22.7945 21.3305 7 8.20041
