4.52724e-05 -3.45915e-05 200 6.99999 6.66033
-0.936289 -3.66184 219.64 6.99999 6.66033
-1.87339 -7.32362 239.28 6.99999 6.66033
-2.81188 -10.9853 258.919 6.99999 6.66033
-3.75213 -14.647 278.559 6.99999 6.66033
-4.69435 -18.3086 298.198 6.99999 6.66033
-5.63851 -21.9701 317.837 6.99999 6.66033
-6.58441 -25.6317 337.477 6.99999 6.66033
-7.53171 -29.2934 357.116 7 6.66033
-8.47979 -32.9551 376.755 7 6.66033
-9.42815 -36.6171 396.394 7 6.66033
4.52724e-05 -3.45915e-05 200 6.99999 6.66033
-0.936289 -3.66184 219.64 6.99999 6.66033
-1.87339 -7.32362 239.28 6.99999 6.66033
-2.81188 -10.9853 258.919 6.99999 6.66033
-3.75213 -14.647 278.559 6.99999 6.66033
-4.69435 -18.3086 298.198 6.99999 6.66033
-5.63851 -21.9701 317.837 6.99999 6.66033
-6.58441 -25.6317 337.477 6.99999 6.66033
-7.53171 -29.2934 357.116 7 6.66033
-8.47979 -32.9551 376.755 7 6.66033
-9.42815 -36.6171 396.394 7 6.66033
4.52724e-05 -3.45915e-05 200 6.99999 6.66033
-0.936289 -3.66184 219.64 6.99999 6.66033
-1.87339 -7.32362 239.28 6.99999 6.66033
-2.81188 -10.9853 258.919 6.99999 6.66033
-3.75213 -14.647 278.559 6.99999 6.66033
-4.69435 -18.3086 298.198 6.99999 6.66033
-5.63851 -21.9701 317.837 6.99999 6.66033
-6.58441 -25.6317 337.477 6.99999 6.66033
-7.53171 -29.2934 357.116 7 6.66033
-8.47979 -32.9551 376.755 7 6.66033
-9.42815 -36.6171 396.394 7 6.66033
4.52724e-05 -3.45915e-05 200 6.99999 6.66033
-0.936289 -3.66184 219.64 6.99999 6.66033
-1.87339 -7.32362 239.28 6.99999 6.66033
-2.81188 -10.9853 258.919 6.99999 6.66033
-3.75213 -14.647 278.559 6.99999 6.66033
-4.69435 -18.3086 298.198 6.99999 6.66033
-5.63851 -21.9701 317.837 6.99999 6.66033
-6.58441 -25.6317 337.477 6.99999 6.66033
-7.53171 -29.2934 357.116 7 6.66033
-8.47979 -32.9551 376.755 7 6.66033
-9.42815 -36.6171 396.394 7 6.66033
4.52724e-05 -3.45915e-05 200 6.99999 6.66033
-0.936289 -3.66184 219.64 6.99999 6.66033
-1.87339 -7.32362 239.28 6.99999 6.66033
-2.81188 -10.9853 258.919 6.99999 6.66033
-3.75213 -14.647 278.559 6.99999 6.66033
-4.69435 -18.3086 298.198 6.99999 6.66033
-5.63851 -21.9701 317.837 6.99999 6.66033
-6.58441 -25.6317 337.477 6.99999 6.66033
-7.53171 -29.2934 357.116 7 6.66033
-8.47979 -32.9551 376.755 7 6.66033
-9.42815 -36.6171 396.394 7 6.66033
4.52724e-05 -3.45915e-05 200 6.99999 6.66033
-0.936289 -3.66184 219.64 6.99999 6.66033
-1.87339 -7.32362 239.28 6.99999 6.66033
-2.81188 -10.9853 258.919 6.99999 6.66033
-3.75213 -14.647 278.559 6.99999 6.66033
-4.69435 -18.3086 298.198 6.99999 6.66033
-5.63851 -21.9701 317.837 6.99999 6.66033
-6.58441 -25.6317 337.477 6.99999 6.66033
-7.53171 -29.2934 357.116 7 6.66033
-8.47979 -32.9551 376.755 7 6.66033
-9.42815 -36.6171 396.394 7 6.66033
