-7.96582e-05 -4.32953e-05 200 6.99998 6.96035
-12.168 -3.34967 215.516 6.99998 6.96035
-24.3366 -6.69918 231.03 6.99998 6.96035
-36.5065 -10.0484 246.544 6.99999 6.96035
-48.6781 -13.3974 262.057 6.99999 6.96035
-60.8517 -16.7461 277.568 6.99999 6.96035
-73.0273 -20.0945 293.077 6.99999 6.96035
-85.2048 -23.443 308.585 6.99999 6.96035
-97.3838 -26.7914 324.092 7 6.96035
-109.564 -30.1398 339.598 7 6.96035
-121.745 -33.4882 355.103 7 6.96035
-7.96582e-05 -4.32953e-05 200 6.99998 6.96035
-12.168 -3.34967 215.516 6.99998 6.96035
-24.3366 -6.69918 231.03 6.99998 6.96035
-36.5065 -10.0484 246.544 6.99999 6.96035
-48.6781 -13.3974 262.057 6.99999 6.96035
-60.8517 -16.7461 277.568 6.99999 6.96035
-73.0273 -20.0945 293.077 6.99999 6.96035
-85.2048 -23.443 308.585 6.99999 6.96035
-97.3838 -26.7914 324.092 7 6.96035
-109.564 -30.1398 339.598 7 6.96035
-121.745 -33.4882 355.103 7 6.96035
-7.96582e-05 -4.32953e-05 200 6.99998 6.96035
-12.168 -3.34967 215.516 6.99998 6.96035
-24.3366 -6.69918 231.03 6.99998 6.96035
-36.5065 -10.0484 246.544 6.99999 6.96035
-48.6781 -13.3974 262.057 6.99999 6.96035
-60.8517 -16.7461 277.568 6.99999 6.96035
-73.0273 -20.0945 293.077 6.99999 6.96035
-85.2048 -23.443 308.585 6.99999 6.96035
-97.3838 -26.7914 324.092 7 6.96035
-109.564 -30.1398 339.598 7 6.96035
-121.745 -33.4882 355.103 7 6.96035
-7.96582e-05 -4.32953e-05 200 6.99998 6.96035
-12.168 -3.34967 215.516 6.99998 6.96035
-24.3366 -6.69918 231.03 6.99998 6.96035
-36.5065 -10.0484 246.544 6.99999 6.96035
-48.6781 -13.3974 262.057 6.99999 6.96035
-60.8517 -16.7461 277.568 6.99999 6.96035
-73.0273 -20.0945 293.077 6.99999 6.96035
-85.2048 -23.443 308.585 6.99999 6.96035
-97.3838 -26.7914 324.092 7 6.96035
-109.564 -30.1398 339.598 7 6.96035
-121.745 -33.4882 355.103 7 6.96035
-7.96582e-05 -4.32953e-05 200 6.99998 6.96035
-12.168 -3.34967 215.516 6.99998 6.96035
-24.3366 -6.69918 231.03 6.99998 6.96035
-36.5065 -10.0484 246.544 6.99999 6.96035
-48.6781 -13.3974 262.057 6.99999 6.96035
-60.8517 -16.7461 277.568 6.99999 6.96035
-73.0273 -20.0945 293.077 6.99999 6.96035
-85.2048 -23.443 308.585 6.99999 6.96035
-97.3838 -26.7914 324.092 7 6.96035
-109.564 -30.1398 339.598 7 6.96035
-121.745 -33.4882 355.103 7 6.96035
-7.96582e-05 -4.32953e-05 200 6.99998 6.96035
-12.168 -3.34967 215.516 6.99998 6.96035
-24.3366 -6.69918 231.03 6.99998 6.96035
-36.5065 -10.0484 246.544 6.99999 6.96035
-48.6781 -13.3974 262.057 6.99999 6.96035
-60.8517 -16.7461 277.568 6.99999 6.96035
-73.0273 -20.0945 293.077 6.99999 6.96035
-85.2048 -23.443 308.585 6.99999 6.96035
-97.3838 -26.7914 324.092 7 6.96035
-109.564 -30.1398 339.598 7 6.96035
-121.745 -33.4882 355.103 7 6.96035
