-2.27633e-05 6.57549e-05 200 7 2.54013
5.53342 -5.92303 218.284 7 2.54013
11.0674 -11.8473 236.567 7 2.54013
16.6021 -17.7733 254.85 7 2.54013
22.1374 -23.7013 273.131 7 2.54013
27.6733 -29.6312 291.412 7 2.54013
33.2097 -35.5628 309.692 7 2.54013
38.7462 -41.4959 327.972 7 2.54013
44.2823 -47.4299 346.252 7 2.54013
49.8178 -53.3644 364.531 7 2.54013
55.353 -59.2993 382.811 7 2.54013
-2.27633e-05 6.57549e-05 200 7 2.54013
5.53342 -5.92303 218.284 7 2.54013
11.0674 -11.8473 236.567 7 2.54013
16.6021 -17.7733 254.85 7 2.54013
22.1374 -23.7013 273.131 7 2.54013
27.6733 -29.6312 291.412 7 2.54013
33.2097 -35.5628 309.692 7 2.54013
38.7462 -41.4959 327.972 7 2.54013
44.2823 -47.4299 346.252 7 2.54013
49.8178 -53.3644 364.531 7 2.54013
55.353 -59.2993 382.811 7 2.54013
-2.27633e-05 6.57549e-05 200 7 2.54013
5.53342 -5.92303 218.284 7 2.54013
11.0674 -11.8473 236.567 7 2.54013
16.6021 -17.7733 254.85 7 2.54013
22.1374 -23.7013 273.131 7 2.54013
27.6733 -29.6312 291.412 7 2.54013
33.2097 -35.5628 309.692 7 2.54013
38.7462 -41.4959 327.972 7 2.54013
44.2823 -47.4299 346.252 7 2.54013
49.8178 -53.3644 364.531 7 2.54013
55.353 -59.2993 382.811 7 2.54013
-2.27633e-05 6.57549e-05 200 7 2.54013
5.53342 -5.92303 218.284 7 2.54013
11.0674 -11.8473 236.567 7 2.54013
16.6021 -17.7733 254.85 7 2.54013
22.1374 -23.7013 273.131 7 2.54013
27.6733 -29.6312 291.412 7 2.54013
33.2097 -35.5628 309.692 7 2.54013
38.7462 -41.4959 327.972 7 2.54013
44.2823 -47.4299 346.252 7 2.54013
49.8178 -53.3644 364.531 7 2.54013
55.353 -59.2993 382.811 7 2.54013
-2.27633e-05 6.57549e-05 200 7 2.54013
5.53342 -5.92303 218.284 7 2.54013
11.0674 -11.8473 236.567 7 2.54013
16.6021 -17.7733 254.85 7 2.54013
22.1374 -23.7013 273.131 7 2.54013
27.6733 -29.6312 291.412 7 2.54013
33.2097 -35.5628 309.692 7 2.54013
38.7462 -41.4959 327.972 7 2.54013
44.2823 -47.4299 346.252 7 2.54013
49.8178 -53.3644 364.531 7 2.54013
55.353 -59.2993 382.811 7 2.54013
-2.27633e-05 6.57549e-05 200 7 2.54013
5.53342 -5.92303 218.284 7 2.54013
11.0674 -11.8473 236.567 7 2.54013
16.6021 -17.7733 254.85 7 2.54013
22.1374 -23.7013 273.131 7 2.54013
27.6733 -29.6312 291.412 7 2.54013
33.2097 -35.5628 309.692 7 2.54013
38.7462 -41.4959 327.972 7 2.54013
44.2823 -47.4299 346.252 7 2.54013
49.8178 -53.3644 364.531 7 2.54013
55.353 -59.2993 382.811 7 2.54013
