-0.000103304 4.88634e-06 200 6.99999 4.24021
-15.9636 6.81945 190.067 6.99999 4.24021
-31.9268 13.6393 180.134 6.99999 4.24021
-47.8894 20.4596 170.2 6.99999 4.24021
-63.8514 27.2803 160.266 6.99999 4.24021
-79.8127 34.1016 150.33 7 4.24021
-95.7732 40.9237 140.395 7 4.24021
-111.733 47.7464 130.458 7 4.24021
-127.693 54.5696 120.521 7 4.24021
-143.652 61.393 110.585 7 4.24021
-159.611 68.2166 100.648 7 4.24021
-0.000103304 4.88634e-06 200 6.99999 4.24021
-15.9636 6.81945 190.067 6.99999 4.24021
-31.9268 13.6393 180.134 6.99999 4.24021
-47.8894 20.4596 170.2 6.99999 4.24021
-63.8514 27.2803 160.266 6.99999 4.24021
-79.8127 34.1016 150.33 7 4.24021
-95.7732 40.9237 140.395 7 4.24021
-111.733 47.7464 130.458 7 4.24021
-127.693 54.5696 120.521 7 4.24021
-143.652 61.393 110.585 7 4.24021
-159.611 68.2166 100.648 7 4.24021
-0.000103304 4.88634e-06 200 6.99999 4.24021
-15.9636 6.81945 190.067 6.99999 4.24021
-31.9268 13.6393 180.134 6.99999 4.24021
-47.8894 20.4596 170.2 6.99999 4.24021
-63.8514 27.2803 160.266 6.99999 4.24021
-79.8127 34.1016 150.33 7 4.24021
-95.7732 40.9237 140.395 7 4.24021
-111.733 47.7464 130.458 7 4.24021
-127.693 54.5696 120.521 7 4.24021
-143.652 61.393 110.585 7 4.24021
-159.611 68.2166 100.648 7 4.24021
-0.000103304 4.88634e-06 200 6.99999 4.24021
-15.9636 6.81945 190.067 6.99999 4.24021
-31.9268 13.6393 180.134 6.99999 4.24021
-47.8894 20.4596 170.2 6.99999 4.24021
-63.8514 27.2803 160.266 6.99999 4.24021
-79.8127 34.1016 150.33 7 4.24021
-95.7732 40.9237 140.395 7 4.24021
-111.733 47.7464 130.458 7 4.24021
-127.693 54.5696 120.521 7 4.24021
-143.652 61.393 110.585 7 4.24021
-159.611 68.2166 100.648 7 4.24021
-0.000103304 4.88634e-06 200 6.99999 4.24021
-15.9636 6.81945 190.067 6.99999 4.24021
-31.9268 13.6393 180.134 6.99999 4.24021
-47.8894 20.4596 170.2 6.99999 4.24021
-63.8514 27.2803 160.266 6.99999 4.24021
-79.8127 34.1016 150.33 7 4.24021
-95.7732 40.9237 140.395 7 4.24021
-111.733 47.7464 130.458 7 4.24021
-127.693 54.5696 120.521 7 4.24021
-143.652 61.393 110.585 7 4.24021
-159.611 68.2166 100.648 7 4.24021
-0.000103304 4.88634e-06 200 6.99999 4.24021
-15.9636 6.81945 190.067 6.99999 4.24021
-31.9268 13.6393 180.134 6.99999 4.24021
-47.8894 20.4596 170.2 6.99999 4.24021
-63.8514 27.2803 160.266 6.99999 4.24021
-79.8127 34.1016 150.33 7 4.24021
-95.7732 40.9237 140.395 7 4.24021
-111.733 47.7464 130.458 7 4.24021
-127.693 54.5696 120.521 7 4.24021
-143.652 61.393 110.585 7 4.24021
-159.611 68.2166 100.648 7 4.24021
