6.28773e-05 -3.24301e-05 200 7 2.0801
12.7918 -10.5517 211.182 7 2.0801
25.5831 -21.1033 222.364 7 2.0801
38.3736 -31.6548 233.548 7 2.0801
51.1629 -42.2061 244.733 7 2.0801
63.951 -52.757 255.919 7 2.0801
76.738 -63.3076 267.108 7 2.0801
89.524 -73.8579 278.297 7 2.0801
102.309 -84.4078 289.489 7 2.0801
115.093 -94.9574 300.681 7 2.0801
127.877 -105.507 311.874 7 2.0801
6.28773e-05 -3.24301e-05 200 7 2.0801
12.7918 -10.5517 211.182 7 2.0801
25.5831 -21.1033 222.364 7 2.0801
38.3736 -31.6548 233.548 7 2.0801
51.1629 -42.2061 244.733 7 2.0801
63.951 -52.757 255.919 7 2.0801
76.738 -63.3076 267.108 7 2.0801
89.524 -73.8579 278.297 7 2.0801
102.309 -84.4078 289.489 7 2.0801
115.093 -94.9574 300.681 7 2.0801
127.877 -105.507 311.874 7 2.0801
6.28773e-05 -3.24301e-05 200 7 2.0801
12.7918 -10.5517 211.182 7 2.0801
25.5831 -21.1033 222.364 7 2.0801
38.3736 -31.6548 233.548 7 2.0801
51.1629 -42.2061 244.733 7 2.0801
63.951 -52.757 255.919 7 2.0801
76.738 -63.3076 267.108 7 2.0801
89.524 -73.8579 278.297 7 2.0801
102.309 -84.4078 289.489 7 2.0801
115.093 -94.9574 300.681 7 2.0801
127.877 -105.507 311.874 7 2.0801
6.28773e-05 -3.24301e-05 200 7 2.0801
12.7918 -10.5517 211.182 7 2.0801
25.5831 -21.1033 222.364 7 2.0801
38.3736 -31.6548 233.548 7 2.0801
51.1629 -42.2061 244.733 7 2.0801
63.951 -52.757 255.919 7 2.0801
76.738 -63.3076 267.108 7 2.0801
89.524 -73.8579 278.297 7 2.0801
102.309 -84.4078 289.489 7 2.0801
115.093 -94.9574 300.681 7 2.0801
127.877 -105.507 311.874 7 2.0801
6.28773e-05 -3.24301e-05 200 7 2.0801
12.7918 -10.5517 211.182 7 2.0801
25.5831 -21.1033 222.364 7 2.0801
38.3736 -31.6548 233.548 7 2.0801
51.1629 -42.2061 244.733 7 2.0801
63.951 -52.757 255.919 7 2.0801
76.738 -63.3076 267.108 7 2.0801
89.524 -73.8579 278.297 7 2.0801
102.309 -84.4078 289.489 7 2.0801
115.093 -94.9574 300.681 7 2.0801
127.877 -105.507 311.874 7 2.0801
6.28773e-05 -3.24301e-05 200 7 2.0801
12.7918 -10.5517 211.182 7 2.0801
25.5831 -21.1033 222.364 7 2.0801
38.3736 -31.6548 233.548 7 2.0801
51.1629 -42.2061 244.733 7 2.0801
63.951 -52.757 255.919 7 2.0801
76.738 -63.3076 267.108 7 2.0801
89.524 -73.8579 278.297 7 2.0801
102.309 -84.4078 289.489 7 2.0801
115.093 -94.9574 300.681 7 2.0801
127.877 -105.507 311.874 7 2.0801
