6.29922e-05 1.76528e-05 200 6.99999 5.46027
17.0415 2.61931 189.864 6.99999 5.46027
34.0835 5.23857 179.73 6.99999 5.46027
51.1263 7.85778 169.596 6.99999 5.46027
68.1702 10.4769 159.465 6.99999 5.46027
85.2155 13.0961 149.336 6.99999 5.46027
102.262 15.7154 139.208 7 5.46027
119.309 18.3348 129.083 7 5.46027
136.358 20.9545 118.959 7 5.46027
153.407 23.5744 108.837 7 5.46027
170.456 26.1945 98.7147 7 5.46027
6.29922e-05 1.76528e-05 200 6.99999 5.46027
17.0415 2.61931 189.864 6.99999 5.46027
34.0835 5.23857 179.73 6.99999 5.46027
51.1263 7.85778 169.596 6.99999 5.46027
68.1702 10.4769 159.465 6.99999 5.46027
85.2155 13.0961 149.336 6.99999 5.46027
102.262 15.7154 139.208 7 5.46027
119.309 18.3348 129.083 7 5.46027
136.358 20.9545 118.959 7 5.46027
153.407 23.5744 108.837 7 5.46027
170.456 26.1945 98.7147 7 5.46027
6.29922e-05 1.76528e-05 200 6.99999 5.46027
17.0415 2.61931 189.864 6.99999 5.46027
34.0835 5.23857 179.73 6.99999 5.46027
51.1263 7.85778 169.596 6.99999 5.46027
68.1702 10.4769 159.465 6.99999 5.46027
85.2155 13.0961 149.336 6.99999 5.46027
102.262 15.7154 139.208 7 5.46027
119.309 18.3348 129.083 7 5.46027
136.358 20.9545 118.959 7 5.46027
153.407 23.5744 108.837 7 5.46027
170.456 26.1945 98.7147 7 5.46027
6.29922e-05 1.76528e-05 200 6.99999 5.46027
17.0415 2.61931 189.864 6.99999 5.46027
34.0835 5.23857 179.73 6.99999 5.46027
51.1263 7.85778 169.596 6.99999 5.46027
68.1702 10.4769 159.465 6.99999 5.46027
85.2155 13.0961 149.336 6.99999 5.46027
102.262 15.7154 139.208 7 5.46027
119.309 18.3348 129.083 7 5.46027
136.358 20.9545 118.959 7 5.46027
153.407 23.5744 108.837 7 5.46027
170.456 26.1945 98.7147 7 5.46027
6.29922e-05 1.76528e-05 200 6.99999 5.46027
17.0415 2.61931 189.864 6.99999 5.46027
34.0835 5.23857 179.73 6.99999 5.46027
51.1263 7.85778 169.596 6.99999 5.46027
68.1702 10.4769 159.465 6.99999 5.46027
85.2155 13.0961 149.336 6.99999 5.46027
102.262 15.7154 139.208 7 5.46027
119.309 18.3348 129.083 7 5.46027
136.358 20.9545 118.959 7 5.46027
153.407 23.5744 108.837 7 5.46027
170.456 26.1945 98.7147 7 5.46027
6.29922e-05 1.76528e-05 200 6.99999 5.46027
17.0415 2.61931 189.864 6.99999 5.46027
34.0835 5.23857 179.73 6.99999 5.46027
51.1263 7.85778 169.596 6.99999 5.46027
68.1702 10.4769 159.465 6.99999 5.46027
85.2155 13.0961 149.336 6.99999 5.46027
102.262 15.7154 139.208 7 5.46027
119.309 18.3348 129.083 7 5.46027
136.358 20.9545 118.959 7 5.46027
153.407 23.5744 108.837 7 5.46027
170.456 26.1945 98.7147 7 5.46027
