-0.000197005 -6.09314e-06 200 6.99998 9.9605
-19.8824 -0.11829 202.165 6.99999 9.9605
-39.7646 -0.236503 204.331 6.99999 9.9605
-59.6468 -0.354522 206.495 6.99999 9.9605
-79.529 -0.472254 208.66 6.99999 9.9605
-99.4114 -0.589663 210.824 6.99999 9.9605
-119.294 -0.706772 212.987 6.99999 9.9605
-139.176 -0.823673 215.15 6.99999 9.9605
-159.059 -0.940459 217.313 6.99999 9.9605
-178.941 -1.05718 219.475 6.99999 9.9605
-198.823 -1.17388 221.638 7 9.9605
-0.000197005 -6.09314e-06 200 6.99998 9.9605
-19.8824 -0.11829 202.165 6.99999 9.9605
-39.7646 -0.236503 204.331 6.99999 9.9605
-59.6468 -0.354522 206.495 6.99999 9.9605
-79.529 -0.472254 208.66 6.99999 9.9605
-99.4114 -0.589663 210.824 6.99999 9.9605
-119.294 -0.706772 212.987 6.99999 9.9605
-139.176 -0.823673 215.15 6.99999 9.9605
-159.059 -0.940459 217.313 6.99999 9.9605
-178.941 -1.05718 219.475 6.99999 9.9605
-198.823 -1.17388 221.638 7 9.9605
-0.000197005 -6.09314e-06 200 6.99998 9.9605
-19.8824 -0.11829 202.165 6.99999 9.9605
-39.7646 -0.236503 204.331 6.99999 9.9605
-59.6468 -0.354522 206.495 6.99999 9.9605
-79.529 -0.472254 208.66 6.99999 9.9605
-99.4114 -0.589663 210.824 6.99999 9.9605
-119.294 -0.706772 212.987 6.99999 9.9605
-139.176 -0.823673 215.15 6.99999 9.9605
-159.059 -0.940459 217.313 6.99999 9.9605
-178.941 -1.05718 219.475 6.99999 9.9605
-198.823 -1.17388 221.638 7 9.9605
-0.000197005 -6.09314e-06 200 6.99998 9.9605
-19.8824 -0.11829 202.165 6.99999 9.9605
-39.7646 -0.236503 204.331 6.99999 9.9605
-59.6468 -0.354522 206.495 6.99999 9.9605
-79.529 -0.472254 208.66 6.99999 9.9605
-99.4114 -0.589663 210.824 6.99999 9.9605
-119.294 -0.706772 212.987 6.99999 9.9605
-139.176 -0.823673 215.15 6.99999 9.9605
-159.059 -0.940459 217.313 6.99999 9.9605
-178.941 -1.05718 219.475 6.99999 9.9605
-198.823 -1.17388 221.638 7 9.9605
-0.000197005 -6.09314e-06 200 6.99998 9.9605
-19.8824 -0.11829 202.165 6.99999 9.9605
-39.7646 -0.236503 204.331 6.99999 9.9605
-59.6468 -0.354522 206.495 6.99999 9.9605
-79.529 -0.472254 208.66 6.99999 9.9605
-99.4114 -0.589663 210.824 6.99999 9.9605
-119.294 -0.706772 212.987 6.99999 9.9605
-139.176 -0.823673 215.15 6.99999 9.9605
-159.059 -0.940459 217.313 6.99999 9.9605
-178.941 -1.05718 219.475 6.99999 9.9605
-198.823 -1.17388 221.638 7 9.9605
-0.000197005 -6.09314e-06 200 6.99998 9.9605
-19.8824 -0.11829 202.165 6.99999 9.9605
-39.7646 -0.236503 204.331 6.99999 9.9605
-59.6468 -0.354522 206.495 6.99999 9.9605
-79.529 -0.472254 208.66 6.99999 9.9605
-99.4114 -0.589663 210.824 6.99999 9.9605
-119.294 -0.706772 212.987 6.99999 9.9605
-139.176 -0.823673 215.15 6.99999 9.9605
-159.059 -0.940459 217.313 6.99999 9.9605
-178.941 -1.05718 219.475 6.99999 9.9605
-198.823 -1.17388 221.638 7 9.9605
