-7.1039e-06 1.51049e-05 200 7 3.16016
-9.57562 0.293231 217.556 7 3.16016
-19.1515 0.586232 235.112 7 3.16016
-28.7277 0.878547 252.668 7 3.16016
-38.304 1.17006 270.224 7 3.16016
-47.8806 1.46107 287.78 7 3.16016
-57.4574 1.75155 305.336 7 3.16016
-67.0343 2.04139 322.891 7 3.16016
-76.6114 2.33073 340.447 7 3.16016
-86.1888 2.61984 358.002 7 3.16016
-95.7664 2.9089 375.557 7 3.16016
-7.1039e-06 1.51049e-05 200 7 3.16016
-9.57562 0.293231 217.556 7 3.16016
-19.1515 0.586232 235.112 7 3.16016
-28.7277 0.878547 252.668 7 3.16016
-38.304 1.17006 270.224 7 3.16016
-47.8806 1.46107 287.78 7 3.16016
-57.4574 1.75155 305.336 7 3.16016
-67.0343 2.04139 322.891 7 3.16016
-76.6114 2.33073 340.447 7 3.16016
-86.1888 2.61984 358.002 7 3.16016
-95.7664 2.9089 375.557 7 3.16016
-7.1039e-06 1.51049e-05 200 7 3.16016
-9.57562 0.293231 217.556 7 3.16016
-19.1515 0.586232 235.112 7 3.16016
-28.7277 0.878547 252.668 7 3.16016
-38.304 1.17006 270.224 7 3.16016
-47.8806 1.46107 287.78 7 3.16016
-57.4574 1.75155 305.336 7 3.16016
-67.0343 2.04139 322.891 7 3.16016
-76.6114 2.33073 340.447 7 3.16016
-86.1888 2.61984 358.002 7 3.16016
-95.7664 2.9089 375.557 7 3.16016
-7.1039e-06 1.51049e-05 200 7 3.16016
-9.57562 0.293231 217.556 7 3.16016
-19.1515 0.586232 235.112 7 3.16016
-28.7277 0.878547 252.668 7 3.16016
-38.304 1.17006 270.224 7 3.16016
-47.8806 1.46107 287.78 7 3.16016
-57.4574 1.75155 305.336 7 3.16016
-67.0343 2.04139 322.891 7 3.16016
-76.6114 2.33073 340.447 7 3.16016
-86.1888 2.61984 358.002 7 3.16016
-95.7664 2.9089 375.557 7 3.16016
-7.1039e-06 1.51049e-05 200 7 3.16016
-9.57562 0.293231 217.556 7 3.16016
-19.1515 0.586232 235.112 7 3.16016
-28.7277 0.878547 252.668 7 3.16016
-38.304 1.17006 270.224 7 3.16016
-47.8806 1.46107 287.78 7 3.16016
-57.4574 1.75155 305.336 7 3.16016
-67.0343 2.04139 322.891 7 3.16016
-76.6114 2.33073 340.447 7 3.16016
-86.1888 2.61984 358.002 7 3.16016
-95.7664 2.9089 375.557 7 3.16016
-7.1039e-06 1.51049e-05 200 7 3.16016
-9.57562 0.293231 217.556 7 3.16016
-19.1515 0.586232 235.112 7 3.16016
-28.7277 0.878547 252.668 7 3.16016
-38.304 1.17006 270.224 7 3.16016
-47.8806 1.46107 287.78 7 3.16016
-57.4574 1.75155 305.336 7 3.16016
-67.0343 2.04139 322.891 7 3.16016
-76.6114 2.33073 340.447 7 3.16016
-86.1888 2.61984 358.002 7 3.16016
-95.7664 2.9089 375.557 7 3.16016
