-4.0704e-06 -4.24969e-05 200 7 0.640032
2.42837 -19.2736 195.243 7 0.640032
4.85683 -38.5468 190.484 7 0.640032
7.28539 -57.8193 185.722 7 0.640032
9.71375 -77.0909 180.957 7 0.640032
12.1417 -96.3614 176.187 7 0.640032
14.5692 -115.631 171.413 7 0.640032
16.9964 -134.9 166.636 7 0.640032
19.4237 -154.169 161.858 7 0.640032
21.8513 -173.437 157.079 7 0.640032
24.2792 -192.705 152.3 7 0.640032
-4.0704e-06 -4.24969e-05 200 7 0.640032
2.42837 -19.2736 195.243 7 0.640032
4.85683 -38.5468 190.484 7 0.640032
7.28539 -57.8193 185.722 7 0.640032
9.71375 -77.0909 180.957 7 0.640032
12.1417 -96.3614 176.187 7 0.640032
14.5692 -115.631 171.413 7 0.640032
16.9964 -134.9 166.636 7 0.640032
19.4237 -154.169 161.858 7 0.640032
21.8513 -173.437 157.079 7 0.640032
24.2792 -192.705 152.3 7 0.640032
-4.0704e-06 -4.24969e-05 200 7 0.640032
2.42837 -19.2736 195.243 7 0.640032
4.85683 -38.5468 190.484 7 0.640032
7.28539 -57.8193 185.722 7 0.640032
9.71375 -77.0909 180.957 7 0.640032
12.1417 -96.3614 176.187 7 0.640032
14.5692 -115.631 171.413 7 0.640032
16.9964 -134.9 166.636 7 0.640032
19.4237 -154.169 161.858 7 0.640032
21.8513 -173.437 157.079 7 0.640032
24.2792 -192.705 152.3 7 0.640032
-4.0704e-06 -4.24969e-05 200 7 0.640032
2.42837 -19.2736 195.243 7 0.640032
4.85683 -38.5468 190.484 7 0.640032
7.28539 -57.8193 185.722 7 0.640032
9.71375 -77.0909 180.957 7 0.640032
12.1417 -96.3614 176.187 7 0.640032
14.5692 -115.631 171.413 7 0.640032
16.9964 -134.9 166.636 7 0.640032
19.4237 -154.169 161.858 7 0.640032
21.8513 -173.437 157.079 7 0.640032
24.2792 -192.705 152.3 7 0.640032
-4.0704e-06 -4.24969e-05 200 7 0.640032
2.42837 -19.2736 195.243 7 0.640032
4.85683 -38.5468 190.484 7 0.640032
7.28539 -57.8193 185.722 7 0.640032
9.71375 -77.0909 180.957 7 0.640032
12.1417 -96.3614 176.187 7 0.640032
14.5692 -115.631 171.413 7 0.640032
16.9964 -134.9 166.636 7 0.640032
19.4237 -154.169 161.858 7 0.640032
21.8513 -173.437 157.079 7 0.640032
24.2792 -192.705 152.3 7 0.640032
-4.0704e-06 -4.24969e-05 200 7 0.640032
2.42837 -19.2736 195.243 7 0.640032
4.85683 -38.5468 190.484 7 0.640032
7.28539 -57.8193 185.722 7 0.640032
9.71375 -77.0909 180.957 7 0.640032
12.1417 -96.3614 176.187 7 0.640032
14.5692 -115.631 171.413 7 0.640032
16.9964 -134.9 166.636 7 0.640032
19.4237 -154.169 161.858 7 0.640032
21.8513 -173.437 157.079 7 0.640032
24.2792 -192.705 152.3 7 0.640032
