0.000120234 9.47276e-06 200 6.99999 5.78029
19.9971 0.352821 200.014 6.99999 5.78029
39.994 0.705525 200.029 6.99999 5.78029
59.9909 1.05809 200.045 6.99999 5.78029
79.9879 1.41058 200.062 6.99999 5.78029
99.9848 1.76311 200.081 6.99999 5.78029
119.982 2.11577 200.101 7 5.78029
139.979 2.46861 200.123 7 5.78029
159.975 2.82157 200.146 7 5.78029
179.972 3.17457 200.171 7 5.78029
199.969 3.52757 200.195 7 5.78029
0.000120234 9.47276e-06 200 6.99999 5.78029
19.9971 0.352821 200.014 6.99999 5.78029
39.994 0.705525 200.029 6.99999 5.78029
59.9909 1.05809 200.045 6.99999 5.78029
79.9879 1.41058 200.062 6.99999 5.78029
99.9848 1.76311 200.081 6.99999 5.78029
119.982 2.11577 200.101 7 5.78029
139.979 2.46861 200.123 7 5.78029
159.975 2.82157 200.146 7 5.78029
179.972 3.17457 200.171 7 5.78029
199.969 3.52757 200.195 7 5.78029
0.000120234 9.47276e-06 200 6.99999 5.78029
19.9971 0.352821 200.014 6.99999 5.78029
39.994 0.705525 200.029 6.99999 5.78029
59.9909 1.05809 200.045 6.99999 5.78029
79.9879 1.41058 200.062 6.99999 5.78029
99.9848 1.76311 200.081 6.99999 5.78029
119.982 2.11577 200.101 7 5.78029
139.979 2.46861 200.123 7 5.78029
159.975 2.82157 200.146 7 5.78029
179.972 3.17457 200.171 7 5.78029
199.969 3.52757 200.195 7 5.78029
0.000120234 9.47276e-06 200 6.99999 5.78029
19.9971 0.352821 200.014 6.99999 5.78029
39.994 0.705525 200.029 6.99999 5.78029
59.9909 1.05809 200.045 6.99999 5.78029
79.9879 1.41058 200.062 6.99999 5.78029
99.9848 1.76311 200.081 6.99999 5.78029
119.982 2.11577 200.101 7 5.78029
139.979 2.46861 200.123 7 5.78029
159.975 2.82157 200.146 7 5.78029
179.972 3.17457 200.171 7 5.78029
199.969 3.52757 200.195 7 5.78029
0.000120234 9.47276e-06 200 6.99999 5.78029
19.9971 0.352821 200.014 6.99999 5.78029
39.994 0.705525 200.029 6.99999 5.78029
59.9909 1.05809 200.045 6.99999 5.78029
79.9879 1.41058 200.062 6.99999 5.78029
99.9848 1.76311 200.081 6.99999 5.78029
119.982 2.11577 200.101 7 5.78029
139.979 2.46861 200.123 7 5.78029
159.975 2.82157 200.146 7 5.78029
179.972 3.17457 200.171 7 5.78029
199.969 3.52757 200.195 7 5.78029
0.000120234 9.47276e-06 200 6.99999 5.78029
19.9971 0.352821 200.014 6.99999 5.78029
39.994 0.705525 200.029 6.99999 5.78029
59.9909 1.05809 200.045 6.99999 5.78029
79.9879 1.41058 200.062 6.99999 5.78029
99.9848 1.76311 200.081 6.99999 5.78029
119.982 2.11577 200.101 7 5.78029
139.979 2.46861 200.123 7 5.78029
159.975 2.82157 200.146 7 5.78029
179.972 3.17457 200.171 7 5.78029
199.969 3.52757 200.195 7 5.78029
