-7.6059e-05 4.31811e-05 200 6.99999 3.82019
-19.1456 5.30779 202.298 6.99999 3.82019
-38.2911 10.6152 204.595 6.99999 3.82019
-57.4368 15.922 206.894 6.99999 3.82019
-76.5826 21.2281 209.193 7 3.82019
-95.7285 26.5338 211.492 7 3.82019
-114.875 31.8391 213.791 7 3.82019
-134.021 37.144 216.089 7 3.82019
-153.167 42.449 218.388 7 3.82019
-172.313 47.7544 220.685 7 3.82019
-191.459 53.06 222.983 7 3.82019
-7.6059e-05 4.31811e-05 200 6.99999 3.82019
-19.1456 5.30779 202.298 6.99999 3.82019
-38.2911 10.6152 204.595 6.99999 3.82019
-57.4368 15.922 206.894 6.99999 3.82019
-76.5826 21.2281 209.193 7 3.82019
-95.7285 26.5338 211.492 7 3.82019
-114.875 31.8391 213.791 7 3.82019
-134.021 37.144 216.089 7 3.82019
-153.167 42.449 218.388 7 3.82019
-172.313 47.7544 220.685 7 3.82019
-191.459 53.06 222.983 7 3.82019
-7.6059e-05 4.31811e-05 200 6.99999 3.82019
-19.1456 5.30779 202.298 6.99999 3.82019
-38.2911 10.6152 204.595 6.99999 3.82019
-57.4368 15.922 206.894 6.99999 3.82019
-76.5826 21.2281 209.193 7 3.82019
-95.7285 26.5338 211.492 7 3.82019
-114.875 31.8391 213.791 7 3.82019
-134.021 37.144 216.089 7 3.82019
-153.167 42.449 218.388 7 3.82019
-172.313 47.7544 220.685 7 3.82019
-191.459 53.06 222.983 7 3.82019
-7.6059e-05 4.31811e-05 200 6.99999 3.82019
-19.1456 5.30779 202.298 6.99999 3.82019
-38.2911 10.6152 204.595 6.99999 3.82019
-57.4368 15.922 206.894 6.99999 3.82019
-76.5826 21.2281 209.193 7 3.82019
-95.7285 26.5338 211.492 7 3.82019
-114.875 31.8391 213.791 7 3.82019
-134.021 37.144 216.089 7 3.82019
-153.167 42.449 218.388 7 3.82019
-172.313 47.7544 220.685 7 3.82019
-191.459 53.06 222.983 7 3.82019
-7.6059e-05 4.31811e-05 200 6.99999 3.82019
-19.1456 5.30779 202.298 6.99999 3.82019
-38.2911 10.6152 204.595 6.99999 3.82019
-57.4368 15.922 206.894 6.99999 3.82019
-76.5826 21.2281 209.193 7 3.82019
-95.7285 26.5338 211.492 7 3.82019
-114.875 31.8391 213.791 7 3.82019
-134.021 37.144 216.089 7 3.82019
-153.167 42.449 218.388 7 3.82019
-172.313 47.7544 220.685 7 3.82019
-191.459 53.06 222.983 7 3.82019
-7.6059e-05 4.31811e-05 200 6.99999 3.82019
-19.1456 5.30779 202.298 6.99999 3.82019
-38.2911 10.6152 204.595 6.99999 3.82019
-57.4368 15.922 206.894 6.99999 3.82019
-76.5826 21.2281 209.193 7 3.82019
-95.7285 26.5338 211.492 7 3.82019
-114.875 31.8391 213.791 7 3.82019
-134.021 37.144 216.089 7 3.82019
-153.167 42.449 218.388 7 3.82019
-172.313 47.7544 220.685 7 3.82019
-191.459 53.06 222.983 7 3.82019
