0.000254571 -2.61409e-05 200 6.99997 8.96045
12.6782 -1.1137 215.429 6.99997 8.96045
25.3561 -2.22731 230.857 6.99997 8.96045
38.034 -3.34087 246.286 6.99997 8.96045
50.7118 -4.45437 261.714 6.99997 8.96045
63.3898 -5.56786 277.142 6.99998 8.96045
76.068 -6.68135 292.571 6.99998 8.96045
88.7462 -7.7948 307.999 6.99998 8.96045
101.424 -8.90821 323.427 6.99999 8.96045
114.102 -10.0216 338.855 6.99999 8.96045
126.78 -11.135 354.283 6.99999 8.96045
0.000254571 -2.61409e-05 200 6.99997 8.96045
12.6782 -1.1137 215.429 6.99997 8.96045
25.3561 -2.22731 230.857 6.99997 8.96045
38.034 -3.34087 246.286 6.99997 8.96045
50.7118 -4.45437 261.714 6.99997 8.96045
63.3898 -5.56786 277.142 6.99998 8.96045
76.068 -6.68135 292.571 6.99998 8.96045
88.7462 -7.7948 307.999 6.99998 8.96045
101.424 -8.90821 323.427 6.99999 8.96045
114.102 -10.0216 338.855 6.99999 8.96045
126.78 -11.135 354.283 6.99999 8.96045
0.000254571 -2.61409e-05 200 6.99997 8.96045
12.6782 -1.1137 215.429 6.99997 8.96045
25.3561 -2.22731 230.857 6.99997 8.96045
38.034 -3.34087 246.286 6.99997 8.96045
50.7118 -4.45437 261.714 6.99997 8.96045
63.3898 -5.56786 277.142 6.99998 8.96045
76.068 -6.68135 292.571 6.99998 8.96045
88.7462 -7.7948 307.999 6.99998 8.96045
101.424 -8.90821 323.427 6.99999 8.96045
114.102 -10.0216 338.855 6.99999 8.96045
126.78 -11.135 354.283 6.99999 8.96045
0.000254571 -2.61409e-05 200 6.99997 8.96045
12.6782 -1.1137 215.429 6.99997 8.96045
25.3561 -2.22731 230.857 6.99997 8.96045
38.034 -3.34087 246.286 6.99997 8.96045
50.7118 -4.45437 261.714 6.99997 8.96045
63.3898 -5.56786 277.142 6.99998 8.96045
76.068 -6.68135 292.571 6.99998 8.96045
88.7462 -7.7948 307.999 6.99998 8.96045
101.424 -8.90821 323.427 6.99999 8.96045
114.102 -10.0216 338.855 6.99999 8.96045
126.78 -11.135 354.283 6.99999 8.96045
0.000254571 -2.61409e-05 200 6.99997 8.96045
12.6782 -1.1137 215.429 6.99997 8.96045
25.3561 -2.22731 230.857 6.99997 8.96045
38.034 -3.34087 246.286 6.99997 8.96045
50.7118 -4.45437 261.714 6.99997 8.96045
63.3898 -5.56786 277.142 6.99998 8.96045
76.068 -6.68135 292.571 6.99998 8.96045
88.7462 -7.7948 307.999 6.99998 8.96045
101.424 -8.90821 323.427 6.99999 8.96045
114.102 -10.0216 338.855 6.99999 8.96045
126.78 -11.135 354.283 6.99999 8.96045
0.000254571 -2.61409e-05 200 6.99997 8.96045
12.6782 -1.1137 215.429 6.99997 8.96045
25.3561 -2.22731 230.857 6.99997 8.96045
38.034 -3.34087 246.286 6.99997 8.96045
50.7118 -4.45437 261.714 6.99997 8.96045
63.3898 -5.56786 277.142 6.99998 8.96045
76.068 -6.68135 292.571 6.99998 8.96045
88.7462 -7.7948 307.999 6.99998 8.96045
101.424 -8.90821 323.427 6.99999 8.96045
114.102 -10.0216 338.855 6.99999 8.96045
126.78 -11.135 354.283 6.99999 8.96045
