3.07095e-05 -4.29237e-05 200 7 0.820041
4.50851 -18.7561 194.719 7 0.820041
9.0166 -37.5118 189.437 7 0.820041
13.524 -56.2668 184.152 7 0.820041
18.0309 -75.021 178.864 7 0.820041
22.5375 -93.7746 173.573 7 0.820041
27.044 -112.527 168.279 7 0.820041
31.5505 -131.28 162.984 7 0.820041
36.0569 -150.032 157.688 7 0.820041
40.5636 -168.784 152.392 7 0.820041
45.0706 -187.536 147.097 7 0.820041
3.07095e-05 -4.29237e-05 200 7 0.820041
4.50851 -18.7561 194.719 7 0.820041
9.0166 -37.5118 189.437 7 0.820041
13.524 -56.2668 184.152 7 0.820041
18.0309 -75.021 178.864 7 0.820041
22.5375 -93.7746 173.573 7 0.820041
27.044 -112.527 168.279 7 0.820041
31.5505 -131.28 162.984 7 0.820041
36.0569 -150.032 157.688 7 0.820041
40.5636 -168.784 152.392 7 0.820041
45.0706 -187.536 147.097 7 0.820041
3.07095e-05 -4.29237e-05 200 7 0.820041
4.50851 -18.7561 194.719 7 0.820041
9.0166 -37.5118 189.437 7 0.820041
13.524 -56.2668 184.152 7 0.820041
18.0309 -75.021 178.864 7 0.820041
22.5375 -93.7746 173.573 7 0.820041
27.044 -112.527 168.279 7 0.820041
31.5505 -131.28 162.984 7 0.820041
36.0569 -150.032 157.688 7 0.820041
40.5636 -168.784 152.392 7 0.820041
45.0706 -187.536 147.097 7 0.820041
3.07095e-05 -4.29237e-05 200 7 0.820041
4.50851 -18.7561 194.719 7 0.820041
9.0166 -37.5118 189.437 7 0.820041
13.524 -56.2668 184.152 7 0.820041
18.0309 -75.021 178.864 7 0.820041
22.5375 -93.7746 173.573 7 0.820041
27.044 -112.527 168.279 7 0.820041
31.5505 -131.28 162.984 7 0.820041
36.0569 -150.032 157.688 7 0.820041
40.5636 -168.784 152.392 7 0.820041
45.0706 -187.536 147.097 7 0.820041
3.07095e-05 -4.29237e-05 200 7 0.820041
4.50851 -18.7561 194.719 7 0.820041
9.0166 -37.5118 189.437 7 0.820041
13.524 -56.2668 184.152 7 0.820041
18.0309 -75.021 178.864 7 0.820041
22.5375 -93.7746 173.573 7 0.820041
27.044 -112.527 168.279 7 0.820041
31.5505 -131.28 162.984 7 0.820041
36.0569 -150.032 157.688 7 0.820041
40.5636 -168.784 152.392 7 0.820041
45.0706 -187.536 147.097 7 0.820041
3.07095e-05 -4.29237e-05 200 7 0.820041
4.50851 -18.7561 194.719 7 0.820041
9.0166 -37.5118 189.437 7 0.820041
13.524 -56.2668 184.152 7 0.820041
18.0309 -75.021 178.864 7 0.820041
22.5375 -93.7746 173.573 7 0.820041
27.044 -112.527 168.279 7 0.820041
31.5505 -131.28 162.984 7 0.820041
36.0569 -150.032 157.688 7 0.820041
40.5636 -168.784 152.392 7 0.820041
45.0706 -187.536 147.097 7 0.820041
