1.32475e-05 1.79679e-05 200 6.99999 4.92025
2.55754 5.81656 181.036 6.99999 4.92025
5.11506 11.6333 162.072 6.99999 4.92025
7.67208 17.4501 143.108 6.99999 4.92025
10.2282 23.2671 124.144 6.99999 4.92025
12.7838 29.0839 105.18 6.99999 4.92025
15.3391 34.9008 86.2163 7 4.92025
17.8941 40.7175 67.2522 7 4.92025
20.4491 46.5343 48.2881 7 4.92025
23.0041 52.3512 29.324 7 4.92025
25.5592 58.1681 10.36 7 4.92025
1.32475e-05 1.79679e-05 200 6.99999 4.92025
2.55754 5.81656 181.036 6.99999 4.92025
5.11506 11.6333 162.072 6.99999 4.92025
7.67208 17.4501 143.108 6.99999 4.92025
10.2282 23.2671 124.144 6.99999 4.92025
12.7838 29.0839 105.18 6.99999 4.92025
15.3391 34.9008 86.2163 7 4.92025
17.8941 40.7175 67.2522 7 4.92025
20.4491 46.5343 48.2881 7 4.92025
23.0041 52.3512 29.324 7 4.92025
25.5592 58.1681 10.36 7 4.92025
1.32475e-05 1.79679e-05 200 6.99999 4.92025
2.55754 5.81656 181.036 6.99999 4.92025
5.11506 11.6333 162.072 6.99999 4.92025
7.67208 17.4501 143.108 6.99999 4.92025
10.2282 23.2671 124.144 6.99999 4.92025
12.7838 29.0839 105.18 6.99999 4.92025
15.3391 34.9008 86.2163 7 4.92025
17.8941 40.7175 67.2522 7 4.92025
20.4491 46.5343 48.2881 7 4.92025
23.0041 52.3512 29.324 7 4.92025
25.5592 58.1681 10.36 7 4.92025
1.32475e-05 1.79679e-05 200 6.99999 4.92025
2.55754 5.81656 181.036 6.99999 4.92025
5.11506 11.6333 162.072 6.99999 4.92025
7.67208 17.4501 143.108 6.99999 4.92025
10.2282 23.2671 124.144 6.99999 4.92025
12.7838 29.0839 105.18 6.99999 4.92025
15.3391 34.9008 86.2163 7 4.92025
17.8941 40.7175 67.2522 7 4.92025
20.4491 46.5343 48.2881 7 4.92025
23.0041 52.3512 29.324 7 4.92025
25.5592 58.1681 10.36 7 4.92025
1.32475e-05 1.79679e-05 200 6.99999 4.92025
2.55754 5.81656 181.036 6.99999 4.92025
5.11506 11.6333 162.072 6.99999 4.92025
7.67208 17.4501 143.108 6.99999 4.92025
10.2282 23.2671 124.144 6.99999 4.92025
12.7838 29.0839 105.18 6.99999 4.92025
15.3391 34.9008 86.2163 7 4.92025
17.8941 40.7175 67.2522 7 4.92025
20.4491 46.5343 48.2881 7 4.92025
23.0041 52.3512 29.324 7 4.92025
25.5592 58.1681 10.36 7 4.92025
1.32475e-05 1.79679e-05 200 6.99999 4.92025
2.55754 5.81656 181.036 6.99999 4.92025
5.11506 11.6333 162.072 6.99999 4.92025
7.67208 17.4501 143.108 6.99999 4.92025
10.2282 23.2671 124.144 6.99999 4.92025
12.7838 29.0839 105.18 6.99999 4.92025
15.3391 34.9008 86.2163 7 4.92025
17.8941 40.7175 67.2522 7 4.92025
20.4491 46.5343 48.2881 7 4.92025
23.0041 52.3512 29.324 7 4.92025
25.5592 58.1681 10.36 7 4.92025
