3.44596e-05 -4.87938e-05 200 7 1.68008
13.8508 -14.049 203.284 7 1.68008
27.7014 -28.0977 206.57 7 1.68008
41.5517 -42.1458 209.859 7 1.68008
55.4016 -56.1935 213.152 7 1.68008
69.2509 -70.2408 216.449 7 1.68008
83.0995 -84.2879 219.75 7 1.68008
96.9475 -98.3349 223.054 7 1.68008
110.795 -112.382 226.36 7 1.68008
124.642 -126.429 229.668 7 1.68008
138.489 -140.476 232.976 7 1.68008
3.44596e-05 -4.87938e-05 200 7 1.68008
13.8508 -14.049 203.284 7 1.68008
27.7014 -28.0977 206.57 7 1.68008
41.5517 -42.1458 209.859 7 1.68008
55.4016 -56.1935 213.152 7 1.68008
69.2509 -70.2408 216.449 7 1.68008
83.0995 -84.2879 219.75 7 1.68008
96.9475 -98.3349 223.054 7 1.68008
110.795 -112.382 226.36 7 1.68008
124.642 -126.429 229.668 7 1.68008
138.489 -140.476 232.976 7 1.68008
3.44596e-05 -4.87938e-05 200 7 1.68008
13.8508 -14.049 203.284 7 1.68008
27.7014 -28.0977 206.57 7 1.68008
41.5517 -42.1458 209.859 7 1.68008
55.4016 -56.1935 213.152 7 1.68008
69.2509 -70.2408 216.449 7 1.68008
83.0995 -84.2879 219.75 7 1.68008
96.9475 -98.3349 223.054 7 1.68008
110.795 -112.382 226.36 7 1.68008
124.642 -126.429 229.668 7 1.68008
138.489 -140.476 232.976 7 1.68008
3.44596e-05 -4.87938e-05 200 7 1.68008
13.8508 -14.049 203.284 7 1.68008
27.7014 -28.0977 206.57 7 1.68008
41.5517 -42.1458 209.859 7 1.68008
55.4016 -56.1935 213.152 7 1.68008
69.2509 -70.2408 216.449 7 1.68008
83.0995 -84.2879 219.75 7 1.68008
96.9475 -98.3349 223.054 7 1.68008
110.795 -112.382 226.36 7 1.68008
124.642 -126.429 229.668 7 1.68008
138.489 -140.476 232.976 7 1.68008
3.44596e-05 -4.87938e-05 200 7 1.68008
13.8508 -14.049 203.284 7 1.68008
27.7014 -28.0977 206.57 7 1.68008
41.5517 -42.1458 209.859 7 1.68008
55.4016 -56.1935 213.152 7 1.68008
69.2509 -70.2408 216.449 7 1.68008
83.0995 -84.2879 219.75 7 1.68008
96.9475 -98.3349 223.054 7 1.68008
110.795 -112.382 226.36 7 1.68008
124.642 -126.429 229.668 7 1.68008
138.489 -140.476 232.976 7 1.68008
3.44596e-05 -4.87938e-05 200 7 1.68008
13.8508 -14.049 203.284 7 1.68008
27.7014 -28.0977 206.57 7 1.68008
41.5517 -42.1458 209.859 7 1.68008
55.4016 -56.1935 213.152 7 1.68008
69.2509 -70.2408 216.449 7 1.68008
83.0995 -84.2879 219.75 7 1.68008
96.9475 -98.3349 223.054 7 1.68008
110.795 -112.382 226.36 7 1.68008
124.642 -126.429 229.668 7 1.68008
138.489 -140.476 232.976 7 1.68008
