-0.000269693 -2.80011e-05 200 6.99998 7.40037
-19.9335 -1.21193 198.903 6.99998 7.40037
-39.8666 -2.42366 197.805 6.99998 7.40037
-59.7997 -3.63511 196.706 6.99998 7.40037
-79.7328 -4.84618 195.605 6.99998 7.40037
-99.6657 -6.0568 194.502 6.99999 7.40037
-119.598 -7.26701 193.395 6.99999 7.40037
-139.531 -8.47692 192.287 6.99999 7.40037
-159.464 -9.68658 191.176 6.99999 7.40037
-179.396 -10.8961 190.064 7 7.40037
-199.328 -12.1054 188.951 7 7.40037
-0.000269693 -2.80011e-05 200 6.99998 7.40037
-19.9335 -1.21193 198.903 6.99998 7.40037
-39.8666 -2.42366 197.805 6.99998 7.40037
-59.7997 -3.63511 196.706 6.99998 7.40037
-79.7328 -4.84618 195.605 6.99998 7.40037
-99.6657 -6.0568 194.502 6.99999 7.40037
-119.598 -7.26701 193.395 6.99999 7.40037
-139.531 -8.47692 192.287 6.99999 7.40037
-159.464 -9.68658 191.176 6.99999 7.40037
-179.396 -10.8961 190.064 7 7.40037
-199.328 -12.1054 188.951 7 7.40037
-0.000269693 -2.80011e-05 200 6.99998 7.40037
-19.9335 -1.21193 198.903 6.99998 7.40037
-39.8666 -2.42366 197.805 6.99998 7.40037
-59.7997 -3.63511 196.706 6.99998 7.40037
-79.7328 -4.84618 195.605 6.99998 7.40037
-99.6657 -6.0568 194.502 6.99999 7.40037
-119.598 -7.26701 193.395 6.99999 7.40037
-139.531 -8.47692 192.287 6.99999 7.40037
-159.464 -9.68658 191.176 6.99999 7.40037
-179.396 -10.8961 190.064 7 7.40037
-199.328 -12.1054 188.951 7 7.40037
-0.000269693 -2.80011e-05 200 6.99998 7.40037
-19.9335 -1.21193 198.903 6.99998 7.40037
-39.8666 -2.42366 197.805 6.99998 7.40037
-59.7997 -3.63511 196.706 6.99998 7.40037
-79.7328 -4.84618 195.605 6.99998 7.40037
-99.6657 -6.0568 194.502 6.99999 7.40037
-119.598 -7.26701 193.395 6.99999 7.40037
-139.531 -8.47692 192.287 6.99999 7.40037
-159.464 -9.68658 191.176 6.99999 7.40037
-179.396 -10.8961 190.064 7 7.40037
-199.328 -12.1054 188.951 7 7.40037
-0.000269693 -2.80011e-05 200 6.99998 7.40037
-19.9335 -1.21193 198.903 6.99998 7.40037
-39.8666 -2.42366 197.805 6.99998 7.40037
-59.7997 -3.63511 196.706 6.99998 7.40037
-79.7328 -4.84618 195.605 6.99998 7.40037
-99.6657 -6.0568 194.502 6.99999 7.40037
-119.598 -7.26701 193.395 6.99999 7.40037
-139.531 -8.47692 192.287 6.99999 7.40037
-159.464 -9.68658 191.176 6.99999 7.40037
-179.396 -10.8961 190.064 7 7.40037
-199.328 -12.1054 188.951 7 7.40037
-0.000269693 -2.80011e-05 200 6.99998 7.40037
-19.9335 -1.21193 198.903 6.99998 7.40037
-39.8666 -2.42366 197.805 6.99998 7.40037
-59.7997 -3.63511 196.706 6.99998 7.40037
-79.7328 -4.84618 195.605 6.99998 7.40037
-99.6657 -6.0568 194.502 6.99999 7.40037
-119.598 -7.26701 193.395 6.99999 7.40037
-139.531 -8.47692 192.287 6.99999 7.40037
-159.464 -9.68658 191.176 6.99999 7.40037
-179.396 -10.8961 190.064 7 7.40037
-199.328 -12.1054 188.951 7 7.40037
