-0.000120041 -2.75367e-05 200 6.99998 9.42047
-8.01857 -1.8301 218.231 6.99998 9.42047
-16.0371 -3.6602 236.462 6.99998 9.42047
-24.0557 -5.49032 254.692 6.99998 9.42047
-32.0743 -7.32046 272.923 6.99998 9.42047
-40.0927 -9.15052 291.154 6.99998 9.42047
-48.1112 -10.9804 309.385 6.99998 9.42047
-56.1297 -12.8102 327.615 6.99999 9.42047
-64.148 -14.6398 345.846 6.99999 9.42047
-72.1662 -16.4694 364.077 6.99999 9.42047
-80.1844 -18.299 382.308 6.99999 9.42047
-0.000120041 -2.75367e-05 200 6.99998 9.42047
-8.01857 -1.8301 218.231 6.99998 9.42047
-16.0371 -3.6602 236.462 6.99998 9.42047
-24.0557 -5.49032 254.692 6.99998 9.42047
-32.0743 -7.32046 272.923 6.99998 9.42047
-40.0927 -9.15052 291.154 6.99998 9.42047
-48.1112 -10.9804 309.385 6.99998 9.42047
-56.1297 -12.8102 327.615 6.99999 9.42047
-64.148 -14.6398 345.846 6.99999 9.42047
-72.1662 -16.4694 364.077 6.99999 9.42047
-80.1844 -18.299 382.308 6.99999 9.42047
-0.000120041 -2.75367e-05 200 6.99998 9.42047
-8.01857 -1.8301 218.231 6.99998 9.42047
-16.0371 -3.6602 236.462 6.99998 9.42047
-24.0557 -5.49032 254.692 6.99998 9.42047
-32.0743 -7.32046 272.923 6.99998 9.42047
-40.0927 -9.15052 291.154 6.99998 9.42047
-48.1112 -10.9804 309.385 6.99998 9.42047
-56.1297 -12.8102 327.615 6.99999 9.42047
-64.148 -14.6398 345.846 6.99999 9.42047
-72.1662 -16.4694 364.077 6.99999 9.42047
-80.1844 -18.299 382.308 6.99999 9.42047
-0.000120041 -2.75367e-05 200 6.99998 9.42047
-8.01857 -1.8301 218.231 6.99998 9.42047
-16.0371 -3.6602 236.462 6.99998 9.42047
-24.0557 -5.49032 254.692 6.99998 9.42047
-32.0743 -7.32046 272.923 6.99998 9.42047
-40.0927 -9.15052 291.154 6.99998 9.42047
-48.1112 -10.9804 309.385 6.99998 9.42047
-56.1297 -12.8102 327.615 6.99999 9.42047
-64.148 -14.6398 345.846 6.99999 9.42047
-72.1662 -16.4694 364.077 6.99999 9.42047
-80.1844 -18.299 382.308 6.99999 9.42047
-0.000120041 -2.75367e-05 200 6.99998 9.42047
-8.01857 -1.8301 218.231 6.99998 9.42047
-16.0371 -3.6602 236.462 6.99998 9.42047
-24.0557 -5.49032 254.692 6.99998 9.42047
-32.0743 -7.32046 272.923 6.99998 9.42047
-40.0927 -9.15052 291.154 6.99998 9.42047
-48.1112 -10.9804 309.385 6.99998 9.42047
-56.1297 -12.8102 327.615 6.99999 9.42047
-64.148 -14.6398 345.846 6.99999 9.42047
-72.1662 -16.4694 364.077 6.99999 9.42047
-80.1844 -18.299 382.308 6.99999 9.42047
-0.000120041 -2.75367e-05 200 6.99998 9.42047
-8.01857 -1.8301 218.231 6.99998 9.42047
-16.0371 -3.6602 236.462 6.99998 9.42047
-24.0557 -5.49032 254.692 6.99998 9.42047
-32.0743 -7.32046 272.923 6.99998 9.42047
-40.0927 -9.15052 291.154 6.99998 9.42047
-48.1112 -10.9804 309.385 6.99998 9.42047
-56.1297 -12.8102 327.615 6.99999 9.42047
-64.148 -14.6398 345.846 6.99999 9.42047
-72.1662 -16.4694 364.077 6.99999 9.42047
-80.1844 -18.299 382.308 6.99999 9.42047
