-4.6988e-05 4.0554e-05 200 6.99999 3.36017
-13.8995 2.0696 214.231 6.99999 3.36017
-27.799 4.13869 228.462 6.99999 3.36017
-41.6988 6.20749 242.693 7 3.36017
-55.5989 8.27648 256.924 7 3.36017
-69.4995 10.3457 271.154 7 3.36017
-83.4004 12.4153 285.383 7 3.36017
-97.3017 14.4852 299.612 7 3.36017
-111.203 16.5556 313.841 7 3.36017
-125.105 18.6262 328.069 7 3.36017
-139.008 20.6969 342.298 7 3.36017
-4.6988e-05 4.0554e-05 200 6.99999 3.36017
-13.8995 2.0696 214.231 6.99999 3.36017
-27.799 4.13869 228.462 6.99999 3.36017
-41.6988 6.20749 242.693 7 3.36017
-55.5989 8.27648 256.924 7 3.36017
-69.4995 10.3457 271.154 7 3.36017
-83.4004 12.4153 285.383 7 3.36017
-97.3017 14.4852 299.612 7 3.36017
-111.203 16.5556 313.841 7 3.36017
-125.105 18.6262 328.069 7 3.36017
-139.008 20.6969 342.298 7 3.36017
-4.6988e-05 4.0554e-05 200 6.99999 3.36017
-13.8995 2.0696 214.231 6.99999 3.36017
-27.799 4.13869 228.462 6.99999 3.36017
-41.6988 6.20749 242.693 7 3.36017
-55.5989 8.27648 256.924 7 3.36017
-69.4995 10.3457 271.154 7 3.36017
-83.4004 12.4153 285.383 7 3.36017
-97.3017 14.4852 299.612 7 3.36017
-111.203 16.5556 313.841 7 3.36017
-125.105 18.6262 328.069 7 3.36017
-139.008 20.6969 342.298 7 3.36017
-4.6988e-05 4.0554e-05 200 6.99999 3.36017
-13.8995 2.0696 214.231 6.99999 3.36017
-27.799 4.13869 228.462 6.99999 3.36017
-41.6988 6.20749 242.693 7 3.36017
-55.5989 8.27648 256.924 7 3.36017
-69.4995 10.3457 271.154 7 3.36017
-83.4004 12.4153 285.383 7 3.36017
-97.3017 14.4852 299.612 7 3.36017
-111.203 16.5556 313.841 7 3.36017
-125.105 18.6262 328.069 7 3.36017
-139.008 20.6969 342.298 7 3.36017
-4.6988e-05 4.0554e-05 200 6.99999 3.36017
-13.8995 2.0696 214.231 6.99999 3.36017
-27.799 4.13869 228.462 6.99999 3.36017
-41.6988 6.20749 242.693 7 3.36017
-55.5989 8.27648 256.924 7 3.36017
-69.4995 10.3457 271.154 7 3.36017
-83.4004 12.4153 285.383 7 3.36017
-97.3017 14.4852 299.612 7 3.36017
-111.203 16.5556 313.841 7 3.36017
-125.105 18.6262 328.069 7 3.36017
-139.008 20.6969 342.298 7 3.36017
-4.6988e-05 4.0554e-05 200 6.99999 3.36017
-13.8995 2.0696 214.231 6.99999 3.36017
-27.799 4.13869 228.462 6.99999 3.36017
-41.6988 6.20749 242.693 7 3.36017
-55.5989 8.27648 256.924 7 3.36017
-69.4995 10.3457 271.154 7 3.36017
-83.4004 12.4153 285.383 7 3.36017
-97.3017 14.4852 299.612 7 3.36017
-111.203 16.5556 313.841 7 3.36017
-125.105 18.6262 328.069 7 3.36017
-139.008 20.6969 342.298 7 3.36017
