-1.91394e-05 -5.89241e-06 200 7 0.980049
6.61802 -18.1738 194.909 7 0.980049
13.2364 -36.3478 189.82 7 0.980049
19.8555 -54.5221 184.732 7 0.980049
26.4753 -72.6966 179.646 7 0.980049
33.0958 -90.8714 174.562 7 0.980049
39.717 -109.046 169.48 7 0.980049
46.3389 -127.221 164.399 7 0.980049
52.9614 -145.397 159.319 7 0.980049
59.5845 -163.572 154.24 7 0.980049
66.2078 -181.747 149.161 7 0.980049
-1.91394e-05 -5.89241e-06 200 7 0.980049
6.61802 -18.1738 194.909 7 0.980049
13.2364 -36.3478 189.82 7 0.980049
19.8555 -54.5221 184.732 7 0.980049
26.4753 -72.6966 179.646 7 0.980049
33.0958 -90.8714 174.562 7 0.980049
39.717 -109.046 169.48 7 0.980049
46.3389 -127.221 164.399 7 0.980049
52.9614 -145.397 159.319 7 0.980049
59.5845 -163.572 154.24 7 0.980049
66.2078 -181.747 149.161 7 0.980049
-1.91394e-05 -5.89241e-06 200 7 0.980049
6.61802 -18.1738 194.909 7 0.980049
13.2364 -36.3478 189.82 7 0.980049
19.8555 -54.5221 184.732 7 0.980049
26.4753 -72.6966 179.646 7 0.980049
33.0958 -90.8714 174.562 7 0.980049
39.717 -109.046 169.48 7 0.980049
46.3389 -127.221 164.399 7 0.980049
52.9614 -145.397 159.319 7 0.980049
59.5845 -163.572 154.24 7 0.980049
66.2078 -181.747 149.161 7 0.980049
-1.91394e-05 -5.89241e-06 200 7 0.980049
6.61802 -18.1738 194.909 7 0.980049
13.2364 -36.3478 189.82 7 0.980049
19.8555 -54.5221 184.732 7 0.980049
26.4753 -72.6966 179.646 7 0.980049
33.0958 -90.8714 174.562 7 0.980049
39.717 -109.046 169.48 7 0.980049
46.3389 -127.221 164.399 7 0.980049
52.9614 -145.397 159.319 7 0.980049
59.5845 -163.572 154.24 7 0.980049
66.2078 -181.747 149.161 7 0.980049
-1.91394e-05 -5.89241e-06 200 7 0.980049
6.61802 -18.1738 194.909 7 0.980049
13.2364 -36.3478 189.82 7 0.980049
19.8555 -54.5221 184.732 7 0.980049
26.4753 -72.6966 179.646 7 0.980049
33.0958 -90.8714 174.562 7 0.980049
39.717 -109.046 169.48 7 0.980049
46.3389 -127.221 164.399 7 0.980049
52.9614 -145.397 159.319 7 0.980049
59.5845 -163.572 154.24 7 0.980049
66.2078 -181.747 149.161 7 0.980049
-1.91394e-05 -5.89241e-06 200 7 0.980049
6.61802 -18.1738 194.909 7 0.980049
13.2364 -36.3478 189.82 7 0.980049
19.8555 -54.5221 184.732 7 0.980049
26.4753 -72.6966 179.646 7 0.980049
33.0958 -90.8714 174.562 7 0.980049
39.717 -109.046 169.48 7 0.980049
46.3389 -127.221 164.399 7 0.980049
52.9614 -145.397 159.319 7 0.980049
59.5845 -163.572 154.24 7 0.980049
66.2078 -181.747 149.161 7 0.980049
