4.76213e-05 4.62885e-05 200 6.99997 8.10041
3.75094 2.26175 180.485 6.99997 8.10041
7.50216 4.52341 160.97 6.99997 8.10041
11.2542 6.78505 141.456 6.99997 8.10041
15.0074 9.04674 121.942 6.99998 8.10041
18.7624 11.3085 102.428 6.99998 8.10041
22.5191 13.5704 82.9144 6.99998 8.10041
26.2776 15.8322 63.4013 6.99998 8.10041
30.0377 18.0941 43.8885 6.99999 8.10041
33.799 20.356 24.376 6.99999 8.10041
37.561 22.6179 4.86363 7 8.10041
4.76213e-05 4.62885e-05 200 6.99997 8.10041
3.75094 2.26175 180.485 6.99997 8.10041
7.50216 4.52341 160.97 6.99997 8.10041
11.2542 6.78505 141.456 6.99997 8.10041
15.0074 9.04674 121.942 6.99998 8.10041
18.7624 11.3085 102.428 6.99998 8.10041
22.5191 13.5704 82.9144 6.99998 8.10041
26.2776 15.8322 63.4013 6.99998 8.10041
30.0377 18.0941 43.8885 6.99999 8.10041
33.799 20.356 24.376 6.99999 8.10041
37.561 22.6179 4.86363 7 8.10041
4.76213e-05 4.62885e-05 200 6.99997 8.10041
3.75094 2.26175 180.485 6.99997 8.10041
7.50216 4.52341 160.97 6.99997 8.10041
11.2542 6.78505 141.456 6.99997 8.10041
15.0074 9.04674 121.942 6.99998 8.10041
18.7624 11.3085 102.428 6.99998 8.10041
22.5191 13.5704 82.9144 6.99998 8.10041
26.2776 15.8322 63.4013 6.99998 8.10041
30.0377 18.0941 43.8885 6.99999 8.10041
33.799 20.356 24.376 6.99999 8.10041
37.561 22.6179 4.86363 7 8.10041
4.76213e-05 4.62885e-05 200 6.99997 8.10041
3.75094 2.26175 180.485 6.99997 8.10041
7.50216 4.52341 160.97 6.99997 8.10041
11.2542 6.78505 141.456 6.99997 8.10041
15.0074 9.04674 121.942 6.99998 8.10041
18.7624 11.3085 102.428 6.99998 8.10041
22.5191 13.5704 82.9144 6.99998 8.10041
26.2776 15.8322 63.4013 6.99998 8.10041
30.0377 18.0941 43.8885 6.99999 8.10041
33.799 20.356 24.376 6.99999 8.10041
37.561 22.6179 4.86363 7 8.10041
4.76213e-05 4.62885e-05 200 6.99997 8.10041
3.75094 2.26175 180.485 6.99997 8.10041
7.50216 4.52341 160.97 6.99997 8.10041
11.2542 6.78505 141.456 6.99997 8.10041
15.0074 9.04674 121.942 6.99998 8.10041
18.7624 11.3085 102.428 6.99998 8.10041
22.5191 13.5704 82.9144 6.99998 8.10041
26.2776 15.8322 63.4013 6.99998 8.10041
30.0377 18.0941 43.8885 6.99999 8.10041
33.799 20.356 24.376 6.99999 8.10041
37.561 22.6179 4.86363 7 8.10041
4.76213e-05 4.62885e-05 200 6.99997 8.10041
3.75094 2.26175 180.485 6.99997 8.10041
7.50216 4.52341 160.97 6.99997 8.10041
11.2542 6.78505 141.456 6.99997 8.10041
15.0074 9.04674 121.942 6.99998 8.10041
18.7624 11.3085 102.428 6.99998 8.10041
22.5191 13.5704 82.9144 6.99998 8.10041
26.2776 15.8322 63.4013 6.99998 8.10041
30.0377 18.0941 43.8885 6.99999 8.10041
33.799 20.356 24.376 6.99999 8.10041
37.561 22.6179 4.86363 7 8.10041
