5.20445e-05 -2.55182e-05 200 7 1.30006
10.7972 -16.6257 197.353 7 1.30006
21.5939 -33.2515 194.704 7 1.30006
32.3899 -49.8774 192.054 7 1.30006
43.1853 -66.5034 189.401 7 1.30006
53.98 -83.1293 186.745 7 1.30006
64.774 -99.7551 184.085 7 1.30006
75.5672 -116.381 181.423 7 1.30006
86.3598 -133.007 178.759 7 1.30006
97.1521 -149.633 176.095 7 1.30006
107.944 -166.259 173.43 7 1.30006
5.20445e-05 -2.55182e-05 200 7 1.30006
10.7972 -16.6257 197.353 7 1.30006
21.5939 -33.2515 194.704 7 1.30006
32.3899 -49.8774 192.054 7 1.30006
43.1853 -66.5034 189.401 7 1.30006
53.98 -83.1293 186.745 7 1.30006
64.774 -99.7551 184.085 7 1.30006
75.5672 -116.381 181.423 7 1.30006
86.3598 -133.007 178.759 7 1.30006
97.1521 -149.633 176.095 7 1.30006
107.944 -166.259 173.43 7 1.30006
5.20445e-05 -2.55182e-05 200 7 1.30006
10.7972 -16.6257 197.353 7 1.30006
21.5939 -33.2515 194.704 7 1.30006
32.3899 -49.8774 192.054 7 1.30006
43.1853 -66.5034 189.401 7 1.30006
53.98 -83.1293 186.745 7 1.30006
64.774 -99.7551 184.085 7 1.30006
75.5672 -116.381 181.423 7 1.30006
86.3598 -133.007 178.759 7 1.30006
97.1521 -149.633 176.095 7 1.30006
107.944 -166.259 173.43 7 1.30006
5.20445e-05 -2.55182e-05 200 7 1.30006
10.7972 -16.6257 197.353 7 1.30006
21.5939 -33.2515 194.704 7 1.30006
32.3899 -49.8774 192.054 7 1.30006
43.1853 -66.5034 189.401 7 1.30006
53.98 -83.1293 186.745 7 1.30006
64.774 -99.7551 184.085 7 1.30006
75.5672 -116.381 181.423 7 1.30006
86.3598 -133.007 178.759 7 1.30006
97.1521 -149.633 176.095 7 1.30006
107.944 -166.259 173.43 7 1.30006
5.20445e-05 -2.55182e-05 200 7 1.30006
10.7972 -16.6257 197.353 7 1.30006
21.5939 -33.2515 194.704 7 1.30006
32.3899 -49.8774 192.054 7 1.30006
43.1853 -66.5034 189.401 7 1.30006
53.98 -83.1293 186.745 7 1.30006
64.774 -99.7551 184.085 7 1.30006
75.5672 -116.381 181.423 7 1.30006
86.3598 -133.007 178.759 7 1.30006
97.1521 -149.633 176.095 7 1.30006
107.944 -166.259 173.43 7 1.30006
5.20445e-05 -2.55182e-05 200 7 1.30006
10.7972 -16.6257 197.353 7 1.30006
21.5939 -33.2515 194.704 7 1.30006
32.3899 -49.8774 192.054 7 1.30006
43.1853 -66.5034 189.401 7 1.30006
53.98 -83.1293 186.745 7 1.30006
64.774 -99.7551 184.085 7 1.30006
75.5672 -116.381 181.423 7 1.30006
86.3598 -133.007 178.759 7 1.30006
97.1521 -149.633 176.095 7 1.30006
107.944 -166.259 173.43 7 1.30006
