0.000356218 3.3561e-05 200 6.99997 8.46042
18.1514 1.5773 191.75 6.99997 8.46042
36.3027 3.15455 183.501 6.99997 8.46042
54.4546 4.7318 175.253 6.99997 8.46042
72.6072 6.30914 167.006 6.99997 8.46042
90.7606 7.88666 158.762 6.99998 8.46042
108.915 9.46436 150.52 6.99998 8.46042
127.07 11.0422 142.279 6.99998 8.46042
145.226 12.6201 134.04 6.99999 8.46042
163.382 14.198 125.801 6.99999 8.46042
181.538 15.7759 117.564 6.99999 8.46042
0.000356218 3.3561e-05 200 6.99997 8.46042
18.1514 1.5773 191.75 6.99997 8.46042
36.3027 3.15455 183.501 6.99997 8.46042
54.4546 4.7318 175.253 6.99997 8.46042
72.6072 6.30914 167.006 6.99997 8.46042
90.7606 7.88666 158.762 6.99998 8.46042
108.915 9.46436 150.52 6.99998 8.46042
127.07 11.0422 142.279 6.99998 8.46042
145.226 12.6201 134.04 6.99999 8.46042
163.382 14.198 125.801 6.99999 8.46042
181.538 15.7759 117.564 6.99999 8.46042
0.000356218 3.3561e-05 200 6.99997 8.46042
18.1514 1.5773 191.75 6.99997 8.46042
36.3027 3.15455 183.501 6.99997 8.46042
54.4546 4.7318 175.253 6.99997 8.46042
72.6072 6.30914 167.006 6.99997 8.46042
90.7606 7.88666 158.762 6.99998 8.46042
108.915 9.46436 150.52 6.99998 8.46042
127.07 11.0422 142.279 6.99998 8.46042
145.226 12.6201 134.04 6.99999 8.46042
163.382 14.198 125.801 6.99999 8.46042
181.538 15.7759 117.564 6.99999 8.46042
0.000356218 3.3561e-05 200 6.99997 8.46042
18.1514 1.5773 191.75 6.99997 8.46042
36.3027 3.15455 183.501 6.99997 8.46042
54.4546 4.7318 175.253 6.99997 8.46042
72.6072 6.30914 167.006 6.99997 8.46042
90.7606 7.88666 158.762 6.99998 8.46042
108.915 9.46436 150.52 6.99998 8.46042
127.07 11.0422 142.279 6.99998 8.46042
145.226 12.6201 134.04 6.99999 8.46042
163.382 14.198 125.801 6.99999 8.46042
181.538 15.7759 117.564 6.99999 8.46042
0.000356218 3.3561e-05 200 6.99997 8.46042
18.1514 1.5773 191.75 6.99997 8.46042
36.3027 3.15455 183.501 6.99997 8.46042
54.4546 4.7318 175.253 6.99997 8.46042
72.6072 6.30914 167.006 6.99997 8.46042
90.7606 7.88666 158.762 6.99998 8.46042
108.915 9.46436 150.52 6.99998 8.46042
127.07 11.0422 142.279 6.99998 8.46042
145.226 12.6201 134.04 6.99999 8.46042
163.382 14.198 125.801 6.99999 8.46042
181.538 15.7759 117.564 6.99999 8.46042
0.000356218 3.3561e-05 200 6.99997 8.46042
18.1514 1.5773 191.75 6.99997 8.46042
36.3027 3.15455 183.501 6.99997 8.46042
54.4546 4.7318 175.253 6.99997 8.46042
72.6072 6.30914 167.006 6.99997 8.46042
90.7606 7.88666 158.762 6.99998 8.46042
108.915 9.46436 150.52 6.99998 8.46042
127.07 11.0422 142.279 6.99998 8.46042
145.226 12.6201 134.04 6.99999 8.46042
163.382 14.198 125.801 6.99999 8.46042
181.538 15.7759 117.564 6.99999 8.46042
