6.84777e-05 3.159e-05 200 6.99999 5.00025
5.10677 5.44339 181.445 6.99999 5.00025
10.2129 10.8867 162.889 6.99999 5.00025
15.318 16.33 144.334 6.99999 5.00025
20.422 21.7733 125.778 6.99999 5.00025
25.5247 27.2165 107.222 7 5.00025
30.6259 32.6598 88.665 7 5.00025
35.7258 38.103 70.108 7 5.00025
40.8249 43.5462 51.5508 7 5.00025
45.9236 48.9896 32.9935 7 5.00025
51.0221 54.4331 14.4362 7 5.00025
6.84777e-05 3.159e-05 200 6.99999 5.00025
5.10677 5.44339 181.445 6.99999 5.00025
10.2129 10.8867 162.889 6.99999 5.00025
15.318 16.33 144.334 6.99999 5.00025
20.422 21.7733 125.778 6.99999 5.00025
25.5247 27.2165 107.222 7 5.00025
30.6259 32.6598 88.665 7 5.00025
35.7258 38.103 70.108 7 5.00025
40.8249 43.5462 51.5508 7 5.00025
45.9236 48.9896 32.9935 7 5.00025
51.0221 54.4331 14.4362 7 5.00025
6.84777e-05 3.159e-05 200 6.99999 5.00025
5.10677 5.44339 181.445 6.99999 5.00025
10.2129 10.8867 162.889 6.99999 5.00025
15.318 16.33 144.334 6.99999 5.00025
20.422 21.7733 125.778 6.99999 5.00025
25.5247 27.2165 107.222 7 5.00025
30.6259 32.6598 88.665 7 5.00025
35.7258 38.103 70.108 7 5.00025
40.8249 43.5462 51.5508 7 5.00025
45.9236 48.9896 32.9935 7 5.00025
51.0221 54.4331 14.4362 7 5.00025
6.84777e-05 3.159e-05 200 6.99999 5.00025
5.10677 5.44339 181.445 6.99999 5.00025
10.2129 10.8867 162.889 6.99999 5.00025
15.318 16.33 144.334 6.99999 5.00025
20.422 21.7733 125.778 6.99999 5.00025
25.5247 27.2165 107.222 7 5.00025
30.6259 32.6598 88.665 7 5.00025
35.7258 38.103 70.108 7 5.00025
40.8249 43.5462 51.5508 7 5.00025
45.9236 48.9896 32.9935 7 5.00025
51.0221 54.4331 14.4362 7 5.00025
6.84777e-05 3.159e-05 200 6.99999 5.00025
5.10677 5.44339 181.445 6.99999 5.00025
10.2129 10.8867 162.889 6.99999 5.00025
15.318 16.33 144.334 6.99999 5.00025
20.422 21.7733 125.778 6.99999 5.00025
25.5247 27.2165 107.222 7 5.00025
30.6259 32.6598 88.665 7 5.00025
35.7258 38.103 70.108 7 5.00025
40.8249 43.5462 51.5508 7 5.00025
45.9236 48.9896 32.9935 7 5.00025
51.0221 54.4331 14.4362 7 5.00025
6.84777e-05 3.159e-05 200 6.99999 5.00025
5.10677 5.44339 181.445 6.99999 5.00025
10.2129 10.8867 162.889 6.99999 5.00025
15.318 16.33 144.334 6.99999 5.00025
20.422 21.7733 125.778 6.99999 5.00025
25.5247 27.2165 107.222 7 5.00025
30.6259 32.6598 88.665 7 5.00025
35.7258 38.103 70.108 7 5.00025
40.8249 43.5462 51.5508 7 5.00025
45.9236 48.9896 32.9935 7 5.00025
51.0221 54.4331 14.4362 7 5.00025
