-4.78594e-06 -7.18027e-06 200 7 0.960048
6.34772 -18.253 194.849 7 0.960048
12.6956 -36.5061 189.698 7 0.960048
19.0439 -54.7594 184.549 7 0.960048
25.3927 -73.0127 179.4 7 0.960048
31.7424 -91.2663 174.253 7 0.960048
38.0927 -109.52 169.109 7 0.960048
44.4432 -127.775 163.965 7 0.960048
50.7938 -146.029 158.823 7 0.960048
57.1445 -164.284 153.683 7 0.960048
63.4954 -182.539 148.543 7 0.960048
-4.78594e-06 -7.18027e-06 200 7 0.960048
6.34772 -18.253 194.849 7 0.960048
12.6956 -36.5061 189.698 7 0.960048
19.0439 -54.7594 184.549 7 0.960048
25.3927 -73.0127 179.4 7 0.960048
31.7424 -91.2663 174.253 7 0.960048
38.0927 -109.52 169.109 7 0.960048
44.4432 -127.775 163.965 7 0.960048
50.7938 -146.029 158.823 7 0.960048
57.1445 -164.284 153.683 7 0.960048
63.4954 -182.539 148.543 7 0.960048
-4.78594e-06 -7.18027e-06 200 7 0.960048
6.34772 -18.253 194.849 7 0.960048
12.6956 -36.5061 189.698 7 0.960048
19.0439 -54.7594 184.549 7 0.960048
25.3927 -73.0127 179.4 7 0.960048
31.7424 -91.2663 174.253 7 0.960048
38.0927 -109.52 169.109 7 0.960048
44.4432 -127.775 163.965 7 0.960048
50.7938 -146.029 158.823 7 0.960048
57.1445 -164.284 153.683 7 0.960048
63.4954 -182.539 148.543 7 0.960048
-4.78594e-06 -7.18027e-06 200 7 0.960048
6.34772 -18.253 194.849 7 0.960048
12.6956 -36.5061 189.698 7 0.960048
19.0439 -54.7594 184.549 7 0.960048
25.3927 -73.0127 179.4 7 0.960048
31.7424 -91.2663 174.253 7 0.960048
38.0927 -109.52 169.109 7 0.960048
44.4432 -127.775 163.965 7 0.960048
50.7938 -146.029 158.823 7 0.960048
57.1445 -164.284 153.683 7 0.960048
63.4954 -182.539 148.543 7 0.960048
-4.78594e-06 -7.18027e-06 200 7 0.960048
6.34772 -18.253 194.849 7 0.960048
12.6956 -36.5061 189.698 7 0.960048
19.0439 -54.7594 184.549 7 0.960048
25.3927 -73.0127 179.4 7 0.960048
31.7424 -91.2663 174.253 7 0.960048
38.0927 -109.52 169.109 7 0.960048
44.4432 -127.775 163.965 7 0.960048
50.7938 -146.029 158.823 7 0.960048
57.1445 -164.284 153.683 7 0.960048
63.4954 -182.539 148.543 7 0.960048
-4.78594e-06 -7.18027e-06 200 7 0.960048
6.34772 -18.253 194.849 7 0.960048
12.6956 -36.5061 189.698 7 0.960048
19.0439 -54.7594 184.549 7 0.960048
25.3927 -73.0127 179.4 7 0.960048
31.7424 -91.2663 174.253 7 0.960048
38.0927 -109.52 169.109 7 0.960048
44.4432 -127.775 163.965 7 0.960048
50.7938 -146.029 158.823 7 0.960048
57.1445 -164.284 153.683 7 0.960048
63.4954 -182.539 148.543 7 0.960048
