-5.34476e-05 5.00939e-05 200 6.99999 4.20021
-16.6083 6.74672 191.131 6.99999 4.20021
-33.2168 13.4931 182.263 6.99999 4.20021
-49.8256 20.2391 173.395 6.99999 4.20021
-66.4347 26.9848 164.528 6.99999 4.20021
-83.0441 33.7304 155.661 7 4.20021
-99.6537 40.4759 146.794 7 4.20021
-116.263 47.2216 137.927 7 4.20021
-132.872 53.9676 129.06 7 4.20021
-149.481 60.7138 120.192 7 4.20021
-166.09 67.4602 111.324 7 4.20021
-5.34476e-05 5.00939e-05 200 6.99999 4.20021
-16.6083 6.74672 191.131 6.99999 4.20021
-33.2168 13.4931 182.263 6.99999 4.20021
-49.8256 20.2391 173.395 6.99999 4.20021
-66.4347 26.9848 164.528 6.99999 4.20021
-83.0441 33.7304 155.661 7 4.20021
-99.6537 40.4759 146.794 7 4.20021
-116.263 47.2216 137.927 7 4.20021
-132.872 53.9676 129.06 7 4.20021
-149.481 60.7138 120.192 7 4.20021
-166.09 67.4602 111.324 7 4.20021
-5.34476e-05 5.00939e-05 200 6.99999 4.20021
-16.6083 6.74672 191.131 6.99999 4.20021
-33.2168 13.4931 182.263 6.99999 4.20021
-49.8256 20.2391 173.395 6.99999 4.20021
-66.4347 26.9848 164.528 6.99999 4.20021
-83.0441 33.7304 155.661 7 4.20021
-99.6537 40.4759 146.794 7 4.20021
-116.263 47.2216 137.927 7 4.20021
-132.872 53.9676 129.06 7 4.20021
-149.481 60.7138 120.192 7 4.20021
-166.09 67.4602 111.324 7 4.20021
-5.34476e-05 5.00939e-05 200 6.99999 4.20021
-16.6083 6.74672 191.131 6.99999 4.20021
-33.2168 13.4931 182.263 6.99999 4.20021
-49.8256 20.2391 173.395 6.99999 4.20021
-66.4347 26.9848 164.528 6.99999 4.20021
-83.0441 33.7304 155.661 7 4.20021
-99.6537 40.4759 146.794 7 4.20021
-116.263 47.2216 137.927 7 4.20021
-132.872 53.9676 129.06 7 4.20021
-149.481 60.7138 120.192 7 4.20021
-166.09 67.4602 111.324 7 4.20021
-5.34476e-05 5.00939e-05 200 6.99999 4.20021
-16.6083 6.74672 191.131 6.99999 4.20021
-33.2168 13.4931 182.263 6.99999 4.20021
-49.8256 20.2391 173.395 6.99999 4.20021
-66.4347 26.9848 164.528 6.99999 4.20021
-83.0441 33.7304 155.661 7 4.20021
-99.6537 40.4759 146.794 7 4.20021
-116.263 47.2216 137.927 7 4.20021
-132.872 53.9676 129.06 7 4.20021
-149.481 60.7138 120.192 7 4.20021
-166.09 67.4602 111.324 7 4.20021
-5.34476e-05 5.00939e-05 200 6.99999 4.20021
-16.6083 6.74672 191.131 6.99999 4.20021
-33.2168 13.4931 182.263 6.99999 4.20021
-49.8256 20.2391 173.395 6.99999 4.20021
-66.4347 26.9848 164.528 6.99999 4.20021
-83.0441 33.7304 155.661 7 4.20021
-99.6537 40.4759 146.794 7 4.20021
-116.263 47.2216 137.927 7 4.20021
-132.872 53.9676 129.06 7 4.20021
-149.481 60.7138 120.192 7 4.20021
-166.09 67.4602 111.324 7 4.20021
