3.89128e-05 -3.35871e-06 200 7 1.84009
14.0296 -12.7315 206.41 7 1.84009
28.059 -25.4633 212.819 7 1.84009
42.0881 -38.1955 219.228 7 1.84009
56.1166 -50.9283 225.637 7 1.84009
70.1444 -63.6614 232.047 7 1.84009
84.1714 -76.395 238.458 7 1.84009
98.1976 -89.1289 244.87 7 1.84009
112.223 -101.863 251.283 7 1.84009
126.248 -114.597 257.698 7 1.84009
140.272 -127.332 264.112 7 1.84009
3.89128e-05 -3.35871e-06 200 7 1.84009
14.0296 -12.7315 206.41 7 1.84009
28.059 -25.4633 212.819 7 1.84009
42.0881 -38.1955 219.228 7 1.84009
56.1166 -50.9283 225.637 7 1.84009
70.1444 -63.6614 232.047 7 1.84009
84.1714 -76.395 238.458 7 1.84009
98.1976 -89.1289 244.87 7 1.84009
112.223 -101.863 251.283 7 1.84009
126.248 -114.597 257.698 7 1.84009
140.272 -127.332 264.112 7 1.84009
3.89128e-05 -3.35871e-06 200 7 1.84009
14.0296 -12.7315 206.41 7 1.84009
28.059 -25.4633 212.819 7 1.84009
42.0881 -38.1955 219.228 7 1.84009
56.1166 -50.9283 225.637 7 1.84009
70.1444 -63.6614 232.047 7 1.84009
84.1714 -76.395 238.458 7 1.84009
98.1976 -89.1289 244.87 7 1.84009
112.223 -101.863 251.283 7 1.84009
126.248 -114.597 257.698 7 1.84009
140.272 -127.332 264.112 7 1.84009
3.89128e-05 -3.35871e-06 200 7 1.84009
14.0296 -12.7315 206.41 7 1.84009
28.059 -25.4633 212.819 7 1.84009
42.0881 -38.1955 219.228 7 1.84009
56.1166 -50.9283 225.637 7 1.84009
70.1444 -63.6614 232.047 7 1.84009
84.1714 -76.395 238.458 7 1.84009
98.1976 -89.1289 244.87 7 1.84009
112.223 -101.863 251.283 7 1.84009
126.248 -114.597 257.698 7 1.84009
140.272 -127.332 264.112 7 1.84009
3.89128e-05 -3.35871e-06 200 7 1.84009
14.0296 -12.7315 206.41 7 1.84009
28.059 -25.4633 212.819 7 1.84009
42.0881 -38.1955 219.228 7 1.84009
56.1166 -50.9283 225.637 7 1.84009
70.1444 -63.6614 232.047 7 1.84009
84.1714 -76.395 238.458 7 1.84009
98.1976 -89.1289 244.87 7 1.84009
112.223 -101.863 251.283 7 1.84009
126.248 -114.597 257.698 7 1.84009
140.272 -127.332 264.112 7 1.84009
3.89128e-05 -3.35871e-06 200 7 1.84009
14.0296 -12.7315 206.41 7 1.84009
28.059 -25.4633 212.819 7 1.84009
42.0881 -38.1955 219.228 7 1.84009
56.1166 -50.9283 225.637 7 1.84009
70.1444 -63.6614 232.047 7 1.84009
84.1714 -76.395 238.458 7 1.84009
98.1976 -89.1289 244.87 7 1.84009
112.223 -101.863 251.283 7 1.84009
126.248 -114.597 257.698 7 1.84009
140.272 -127.332 264.112 7 1.84009
