-0.000223202 -2.91218e-05 200 6.99998 7.24036
-18.983 -2.16797 205.913 6.99998 7.24036
-37.966 -4.33588 211.825 6.99998 7.24036
-56.949 -6.50385 217.736 6.99998 7.24036
-75.9322 -8.67201 223.648 6.99998 7.24036
-94.9155 -10.8404 229.558 6.99999 7.24036
-113.899 -13.0089 235.468 6.99999 7.24036
-132.883 -15.1776 241.378 6.99999 7.24036
-151.866 -17.3463 247.286 6.99999 7.24036
-170.85 -19.5152 253.194 7 7.24036
-189.835 -21.6841 259.102 7 7.24036
-0.000223202 -2.91218e-05 200 6.99998 7.24036
-18.983 -2.16797 205.913 6.99998 7.24036
-37.966 -4.33588 211.825 6.99998 7.24036
-56.949 -6.50385 217.736 6.99998 7.24036
-75.9322 -8.67201 223.648 6.99998 7.24036
-94.9155 -10.8404 229.558 6.99999 7.24036
-113.899 -13.0089 235.468 6.99999 7.24036
-132.883 -15.1776 241.378 6.99999 7.24036
-151.866 -17.3463 247.286 6.99999 7.24036
-170.85 -19.5152 253.194 7 7.24036
-189.835 -21.6841 259.102 7 7.24036
-0.000223202 -2.91218e-05 200 6.99998 7.24036
-18.983 -2.16797 205.913 6.99998 7.24036
-37.966 -4.33588 211.825 6.99998 7.24036
-56.949 -6.50385 217.736 6.99998 7.24036
-75.9322 -8.67201 223.648 6.99998 7.24036
-94.9155 -10.8404 229.558 6.99999 7.24036
-113.899 -13.0089 235.468 6.99999 7.24036
-132.883 -15.1776 241.378 6.99999 7.24036
-151.866 -17.3463 247.286 6.99999 7.24036
-170.85 -19.5152 253.194 7 7.24036
-189.835 -21.6841 259.102 7 7.24036
-0.000223202 -2.91218e-05 200 6.99998 7.24036
-18.983 -2.16797 205.913 6.99998 7.24036
-37.966 -4.33588 211.825 6.99998 7.24036
-56.949 -6.50385 217.736 6.99998 7.24036
-75.9322 -8.67201 223.648 6.99998 7.24036
-94.9155 -10.8404 229.558 6.99999 7.24036
-113.899 -13.0089 235.468 6.99999 7.24036
-132.883 -15.1776 241.378 6.99999 7.24036
-151.866 -17.3463 247.286 6.99999 7.24036
-170.85 -19.5152 253.194 7 7.24036
-189.835 -21.6841 259.102 7 7.24036
-0.000223202 -2.91218e-05 200 6.99998 7.24036
-18.983 -2.16797 205.913 6.99998 7.24036
-37.966 -4.33588 211.825 6.99998 7.24036
-56.949 -6.50385 217.736 6.99998 7.24036
-75.9322 -8.67201 223.648 6.99998 7.24036
-94.9155 -10.8404 229.558 6.99999 7.24036
-113.899 -13.0089 235.468 6.99999 7.24036
-132.883 -15.1776 241.378 6.99999 7.24036
-151.866 -17.3463 247.286 6.99999 7.24036
-170.85 -19.5152 253.194 7 7.24036
-189.835 -21.6841 259.102 7 7.24036
-0.000223202 -2.91218e-05 200 6.99998 7.24036
-18.983 -2.16797 205.913 6.99998 7.24036
-37.966 -4.33588 211.825 6.99998 7.24036
-56.949 -6.50385 217.736 6.99998 7.24036
-75.9322 -8.67201 223.648 6.99998 7.24036
-94.9155 -10.8404 229.558 6.99999 7.24036
-113.899 -13.0089 235.468 6.99999 7.24036
-132.883 -15.1776 241.378 6.99999 7.24036
-151.866 -17.3463 247.286 6.99999 7.24036
-170.85 -19.5152 253.194 7 7.24036
-189.835 -21.6841 259.102 7 7.24036
