-7.6294e-05 -2.5573e-05 200 6.99998 6.86034
-8.66556 -3.56877 217.669 6.99998 6.86034
-17.3312 -7.13766 235.337 6.99999 6.86034
-25.997 -10.7068 253.005 6.99999 6.86034
-34.6631 -14.2762 270.674 6.99999 6.86034
-43.3295 -17.8459 288.341 6.99999 6.86034
-51.9965 -21.4159 306.009 6.99999 6.86034
-60.6639 -24.9861 323.676 6.99999 6.86034
-69.3318 -28.5565 341.343 7 6.86034
-78 -32.1271 359.01 7 6.86034
-86.6686 -35.6977 376.676 7 6.86034
-7.6294e-05 -2.5573e-05 200 6.99998 6.86034
-8.66556 -3.56877 217.669 6.99998 6.86034
-17.3312 -7.13766 235.337 6.99999 6.86034
-25.997 -10.7068 253.005 6.99999 6.86034
-34.6631 -14.2762 270.674 6.99999 6.86034
-43.3295 -17.8459 288.341 6.99999 6.86034
-51.9965 -21.4159 306.009 6.99999 6.86034
-60.6639 -24.9861 323.676 6.99999 6.86034
-69.3318 -28.5565 341.343 7 6.86034
-78 -32.1271 359.01 7 6.86034
-86.6686 -35.6977 376.676 7 6.86034
-7.6294e-05 -2.5573e-05 200 6.99998 6.86034
-8.66556 -3.56877 217.669 6.99998 6.86034
-17.3312 -7.13766 235.337 6.99999 6.86034
-25.997 -10.7068 253.005 6.99999 6.86034
-34.6631 -14.2762 270.674 6.99999 6.86034
-43.3295 -17.8459 288.341 6.99999 6.86034
-51.9965 -21.4159 306.009 6.99999 6.86034
-60.6639 -24.9861 323.676 6.99999 6.86034
-69.3318 -28.5565 341.343 7 6.86034
-78 -32.1271 359.01 7 6.86034
-86.6686 -35.6977 376.676 7 6.86034
-7.6294e-05 -2.5573e-05 200 6.99998 6.86034
-8.66556 -3.56877 217.669 6.99998 6.86034
-17.3312 -7.13766 235.337 6.99999 6.86034
-25.997 -10.7068 253.005 6.99999 6.86034
-34.6631 -14.2762 270.674 6.99999 6.86034
-43.3295 -17.8459 288.341 6.99999 6.86034
-51.9965 -21.4159 306.009 6.99999 6.86034
-60.6639 -24.9861 323.676 6.99999 6.86034
-69.3318 -28.5565 341.343 7 6.86034
-78 -32.1271 359.01 7 6.86034
-86.6686 -35.6977 376.676 7 6.86034
-7.6294e-05 -2.5573e-05 200 6.99998 6.86034
-8.66556 -3.56877 217.669 6.99998 6.86034
-17.3312 -7.13766 235.337 6.99999 6.86034
-25.997 -10.7068 253.005 6.99999 6.86034
-34.6631 -14.2762 270.674 6.99999 6.86034
-43.3295 -17.8459 288.341 6.99999 6.86034
-51.9965 -21.4159 306.009 6.99999 6.86034
-60.6639 -24.9861 323.676 6.99999 6.86034
-69.3318 -28.5565 341.343 7 6.86034
-78 -32.1271 359.01 7 6.86034
-86.6686 -35.6977 376.676 7 6.86034
-7.6294e-05 -2.5573e-05 200 6.99998 6.86034
-8.66556 -3.56877 217.669 6.99998 6.86034
-17.3312 -7.13766 235.337 6.99999 6.86034
-25.997 -10.7068 253.005 6.99999 6.86034
-34.6631 -14.2762 270.674 6.99999 6.86034
-43.3295 -17.8459 288.341 6.99999 6.86034
-51.9965 -21.4159 306.009 6.99999 6.86034
-60.6639 -24.9861 323.676 6.99999 6.86034
-69.3318 -28.5565 341.343 7 6.86034
-78 -32.1271 359.01 7 6.86034
-86.6686 -35.6977 376.676 7 6.86034
