2.4363e-05 -2.08476e-05 200 6.99999 6.54033
3.71376 -3.49737 219.339 6.99999 6.54033
7.42759 -6.99484 238.677 6.99999 6.54033
11.1417 -10.4925 258.016 6.99999 6.54033
14.8564 -13.9905 277.354 6.99999 6.54033
18.5719 -17.4887 296.692 6.99999 6.54033
22.2878 -20.987 316.03 6.99999 6.54033
26.004 -24.4856 335.368 6.99999 6.54033
29.7202 -27.9842 354.705 7 6.54033
33.4363 -31.4831 374.043 7 6.54033
37.1522 -34.982 393.381 7 6.54033
2.4363e-05 -2.08476e-05 200 6.99999 6.54033
3.71376 -3.49737 219.339 6.99999 6.54033
7.42759 -6.99484 238.677 6.99999 6.54033
11.1417 -10.4925 258.016 6.99999 6.54033
14.8564 -13.9905 277.354 6.99999 6.54033
18.5719 -17.4887 296.692 6.99999 6.54033
22.2878 -20.987 316.03 6.99999 6.54033
26.004 -24.4856 335.368 6.99999 6.54033
29.7202 -27.9842 354.705 7 6.54033
33.4363 -31.4831 374.043 7 6.54033
37.1522 -34.982 393.381 7 6.54033
2.4363e-05 -2.08476e-05 200 6.99999 6.54033
3.71376 -3.49737 219.339 6.99999 6.54033
7.42759 -6.99484 238.677 6.99999 6.54033
11.1417 -10.4925 258.016 6.99999 6.54033
14.8564 -13.9905 277.354 6.99999 6.54033
18.5719 -17.4887 296.692 6.99999 6.54033
22.2878 -20.987 316.03 6.99999 6.54033
26.004 -24.4856 335.368 6.99999 6.54033
29.7202 -27.9842 354.705 7 6.54033
33.4363 -31.4831 374.043 7 6.54033
37.1522 -34.982 393.381 7 6.54033
2.4363e-05 -2.08476e-05 200 6.99999 6.54033
3.71376 -3.49737 219.339 6.99999 6.54033
7.42759 -6.99484 238.677 6.99999 6.54033
11.1417 -10.4925 258.016 6.99999 6.54033
14.8564 -13.9905 277.354 6.99999 6.54033
18.5719 -17.4887 296.692 6.99999 6.54033
22.2878 -20.987 316.03 6.99999 6.54033
26.004 -24.4856 335.368 6.99999 6.54033
29.7202 -27.9842 354.705 7 6.54033
33.4363 -31.4831 374.043 7 6.54033
37.1522 -34.982 393.381 7 6.54033
2.4363e-05 -2.08476e-05 200 6.99999 6.54033
3.71376 -3.49737 219.339 6.99999 6.54033
7.42759 -6.99484 238.677 6.99999 6.54033
11.1417 -10.4925 258.016 6.99999 6.54033
14.8564 -13.9905 277.354 6.99999 6.54033
18.5719 -17.4887 296.692 6.99999 6.54033
22.2878 -20.987 316.03 6.99999 6.54033
26.004 -24.4856 335.368 6.99999 6.54033
29.7202 -27.9842 354.705 7 6.54033
33.4363 -31.4831 374.043 7 6.54033
37.1522 -34.982 393.381 7 6.54033
2.4363e-05 -2.08476e-05 200 6.99999 6.54033
3.71376 -3.49737 219.339 6.99999 6.54033
7.42759 -6.99484 238.677 6.99999 6.54033
11.1417 -10.4925 258.016 6.99999 6.54033
14.8564 -13.9905 277.354 6.99999 6.54033
18.5719 -17.4887 296.692 6.99999 6.54033
22.2878 -20.987 316.03 6.99999 6.54033
26.004 -24.4856 335.368 6.99999 6.54033
29.7202 -27.9842 354.705 7 6.54033
33.4363 -31.4831 374.043 7 6.54033
37.1522 -34.982 393.381 7 6.54033
