-5.98635e-05 1.22006e-05 200 7 0.40002
0.529415 -19.7544 196.92 7 0.40002
1.05975 -39.5091 193.843 7 0.40002
1.59176 -59.2644 190.77 7 0.40002
2.12599 -79.0204 187.701 7 0.40002
2.66284 -98.7771 184.638 7 0.40002
3.20231 -118.535 181.58 7 0.40002
3.74388 -138.293 178.525 7 0.40002
4.28693 -158.051 175.473 7 0.40002
4.83102 -177.809 172.422 7 0.40002
5.37573 -197.568 169.372 7 0.40002
-5.98635e-05 1.22006e-05 200 7 0.40002
0.529415 -19.7544 196.92 7 0.40002
1.05975 -39.5091 193.843 7 0.40002
1.59176 -59.2644 190.77 7 0.40002
2.12599 -79.0204 187.701 7 0.40002
2.66284 -98.7771 184.638 7 0.40002
3.20231 -118.535 181.58 7 0.40002
3.74388 -138.293 178.525 7 0.40002
4.28693 -158.051 175.473 7 0.40002
4.83102 -177.809 172.422 7 0.40002
5.37573 -197.568 169.372 7 0.40002
-5.98635e-05 1.22006e-05 200 7 0.40002
0.529415 -19.7544 196.92 7 0.40002
1.05975 -39.5091 193.843 7 0.40002
1.59176 -59.2644 190.77 7 0.40002
2.12599 -79.0204 187.701 7 0.40002
2.66284 -98.7771 184.638 7 0.40002
3.20231 -118.535 181.58 7 0.40002
3.74388 -138.293 178.525 7 0.40002
4.28693 -158.051 175.473 7 0.40002
4.83102 -177.809 172.422 7 0.40002
5.37573 -197.568 169.372 7 0.40002
-5.98635e-05 1.22006e-05 200 7 0.40002
0.529415 -19.7544 196.92 7 0.40002
1.05975 -39.5091 193.843 7 0.40002
1.59176 -59.2644 190.77 7 0.40002
2.12599 -79.0204 187.701 7 0.40002
2.66284 -98.7771 184.638 7 0.40002
3.20231 -118.535 181.58 7 0.40002
3.74388 -138.293 178.525 7 0.40002
4.28693 -158.051 175.473 7 0.40002
4.83102 -177.809 172.422 7 0.40002
5.37573 -197.568 169.372 7 0.40002
-5.98635e-05 1.22006e-05 200 7 0.40002
0.529415 -19.7544 196.92 7 0.40002
1.05975 -39.5091 193.843 7 0.40002
1.59176 -59.2644 190.77 7 0.40002
2.12599 -79.0204 187.701 7 0.40002
2.66284 -98.7771 184.638 7 0.40002
3.20231 -118.535 181.58 7 0.40002
3.74388 -138.293 178.525 7 0.40002
4.28693 -158.051 175.473 7 0.40002
4.83102 -177.809 172.422 7 0.40002
5.37573 -197.568 169.372 7 0.40002
-5.98635e-05 1.22006e-05 200 7 0.40002
0.529415 -19.7544 196.92 7 0.40002
1.05975 -39.5091 193.843 7 0.40002
1.59176 -59.2644 190.77 7 0.40002
2.12599 -79.0204 187.701 7 0.40002
2.66284 -98.7771 184.638 7 0.40002
3.20231 -118.535 181.58 7 0.40002
3.74388 -138.293 178.525 7 0.40002
4.28693 -158.051 175.473 7 0.40002
4.83102 -177.809 172.422 7 0.40002
5.37573 -197.568 169.372 7 0.40002
