4.20081e-05 -3.32803e-05 200 7 1.86009
13.997 -12.5606 206.806 7 1.86009
27.9938 -25.121 213.612 7 1.86009
41.9902 -37.6811 220.42 7 1.86009
55.986 -50.2408 227.23 7 1.86009
69.981 -62.8 234.042 7 1.86009
83.9753 -75.3592 240.855 7 1.86009
97.9686 -87.9187 247.671 7 1.86009
111.961 -100.479 254.487 7 1.86009
125.952 -113.039 261.305 7 1.86009
139.944 -125.599 268.123 7 1.86009
4.20081e-05 -3.32803e-05 200 7 1.86009
13.997 -12.5606 206.806 7 1.86009
27.9938 -25.121 213.612 7 1.86009
41.9902 -37.6811 220.42 7 1.86009
55.986 -50.2408 227.23 7 1.86009
69.981 -62.8 234.042 7 1.86009
83.9753 -75.3592 240.855 7 1.86009
97.9686 -87.9187 247.671 7 1.86009
111.961 -100.479 254.487 7 1.86009
125.952 -113.039 261.305 7 1.86009
139.944 -125.599 268.123 7 1.86009
4.20081e-05 -3.32803e-05 200 7 1.86009
13.997 -12.5606 206.806 7 1.86009
27.9938 -25.121 213.612 7 1.86009
41.9902 -37.6811 220.42 7 1.86009
55.986 -50.2408 227.23 7 1.86009
69.981 -62.8 234.042 7 1.86009
83.9753 -75.3592 240.855 7 1.86009
97.9686 -87.9187 247.671 7 1.86009
111.961 -100.479 254.487 7 1.86009
125.952 -113.039 261.305 7 1.86009
139.944 -125.599 268.123 7 1.86009
4.20081e-05 -3.32803e-05 200 7 1.86009
13.997 -12.5606 206.806 7 1.86009
27.9938 -25.121 213.612 7 1.86009
41.9902 -37.6811 220.42 7 1.86009
55.986 -50.2408 227.23 7 1.86009
69.981 -62.8 234.042 7 1.86009
83.9753 -75.3592 240.855 7 1.86009
97.9686 -87.9187 247.671 7 1.86009
111.961 -100.479 254.487 7 1.86009
125.952 -113.039 261.305 7 1.86009
139.944 -125.599 268.123 7 1.86009
4.20081e-05 -3.32803e-05 200 7 1.86009
13.997 -12.5606 206.806 7 1.86009
27.9938 -25.121 213.612 7 1.86009
41.9902 -37.6811 220.42 7 1.86009
55.986 -50.2408 227.23 7 1.86009
69.981 -62.8 234.042 7 1.86009
83.9753 -75.3592 240.855 7 1.86009
97.9686 -87.9187 247.671 7 1.86009
111.961 -100.479 254.487 7 1.86009
125.952 -113.039 261.305 7 1.86009
139.944 -125.599 268.123 7 1.86009
4.20081e-05 -3.32803e-05 200 7 1.86009
13.997 -12.5606 206.806 7 1.86009
27.9938 -25.121 213.612 7 1.86009
41.9902 -37.6811 220.42 7 1.86009
55.986 -50.2408 227.23 7 1.86009
69.981 -62.8 234.042 7 1.86009
83.9753 -75.3592 240.855 7 1.86009
97.9686 -87.9187 247.671 7 1.86009
111.961 -100.479 254.487 7 1.86009
125.952 -113.039 261.305 7 1.86009
139.944 -125.599 268.123 7 1.86009
