3.68536e-06 -3.35375e-05 200 7 0.900045
5.54538 -18.481 194.737 7 0.900045
11.0908 -36.9616 189.472 7 0.900045
16.6361 -55.4418 184.206 7 0.900045
22.1814 -73.9213 178.937 7 0.900045
27.7263 -92.4 173.666 7 0.900045
33.271 -110.878 168.391 7 0.900045
38.8153 -129.356 163.115 7 0.900045
44.3593 -147.833 157.837 7 0.900045
49.9031 -166.31 152.559 7 0.900045
55.4469 -184.787 147.281 7 0.900045
3.68536e-06 -3.35375e-05 200 7 0.900045
5.54538 -18.481 194.737 7 0.900045
11.0908 -36.9616 189.472 7 0.900045
16.6361 -55.4418 184.206 7 0.900045
22.1814 -73.9213 178.937 7 0.900045
27.7263 -92.4 173.666 7 0.900045
33.271 -110.878 168.391 7 0.900045
38.8153 -129.356 163.115 7 0.900045
44.3593 -147.833 157.837 7 0.900045
49.9031 -166.31 152.559 7 0.900045
55.4469 -184.787 147.281 7 0.900045
3.68536e-06 -3.35375e-05 200 7 0.900045
5.54538 -18.481 194.737 7 0.900045
11.0908 -36.9616 189.472 7 0.900045
16.6361 -55.4418 184.206 7 0.900045
22.1814 -73.9213 178.937 7 0.900045
27.7263 -92.4 173.666 7 0.900045
33.271 -110.878 168.391 7 0.900045
38.8153 -129.356 163.115 7 0.900045
44.3593 -147.833 157.837 7 0.900045
49.9031 -166.31 152.559 7 0.900045
55.4469 -184.787 147.281 7 0.900045
3.68536e-06 -3.35375e-05 200 7 0.900045
5.54538 -18.481 194.737 7 0.900045
11.0908 -36.9616 189.472 7 0.900045
16.6361 -55.4418 184.206 7 0.900045
22.1814 -73.9213 178.937 7 0.900045
27.7263 -92.4 173.666 7 0.900045
33.271 -110.878 168.391 7 0.900045
38.8153 -129.356 163.115 7 0.900045
44.3593 -147.833 157.837 7 0.900045
49.9031 -166.31 152.559 7 0.900045
55.4469 -184.787 147.281 7 0.900045
3.68536e-06 -3.35375e-05 200 7 0.900045
5.54538 -18.481 194.737 7 0.900045
11.0908 -36.9616 189.472 7 0.900045
16.6361 -55.4418 184.206 7 0.900045
22.1814 -73.9213 178.937 7 0.900045
27.7263 -92.4 173.666 7 0.900045
33.271 -110.878 168.391 7 0.900045
38.8153 -129.356 163.115 7 0.900045
44.3593 -147.833 157.837 7 0.900045
49.9031 -166.31 152.559 7 0.900045
55.4469 -184.787 147.281 7 0.900045
3.68536e-06 -3.35375e-05 200 7 0.900045
5.54538 -18.481 194.737 7 0.900045
11.0908 -36.9616 189.472 7 0.900045
16.6361 -55.4418 184.206 7 0.900045
22.1814 -73.9213 178.937 7 0.900045
27.7263 -92.4 173.666 7 0.900045
33.271 -110.878 168.391 7 0.900045
38.8153 -129.356 163.115 7 0.900045
44.3593 -147.833 157.837 7 0.900045
49.9031 -166.31 152.559 7 0.900045
55.4469 -184.787 147.281 7 0.900045
