9.5667e-05 -3.04417e-05 200 6.99999 6.44032
7.38768 -3.24453 218.3 6.99999 6.44032
14.7747 -6.48896 236.601 6.99999 6.44032
22.161 -9.73335 254.902 6.99999 6.44032
29.5459 -12.9778 273.203 6.99999 6.44032
36.9293 -16.2222 291.505 6.99999 6.44032
44.3107 -19.4667 309.808 6.99999 6.44032
51.6901 -22.7113 328.111 6.99999 6.44032
59.0682 -25.956 346.415 7 6.44032
66.4452 -29.2007 364.72 7 6.44032
73.8216 -32.4455 383.024 7 6.44032
9.5667e-05 -3.04417e-05 200 6.99999 6.44032
7.38768 -3.24453 218.3 6.99999 6.44032
14.7747 -6.48896 236.601 6.99999 6.44032
22.161 -9.73335 254.902 6.99999 6.44032
29.5459 -12.9778 273.203 6.99999 6.44032
36.9293 -16.2222 291.505 6.99999 6.44032
44.3107 -19.4667 309.808 6.99999 6.44032
51.6901 -22.7113 328.111 6.99999 6.44032
59.0682 -25.956 346.415 7 6.44032
66.4452 -29.2007 364.72 7 6.44032
73.8216 -32.4455 383.024 7 6.44032
9.5667e-05 -3.04417e-05 200 6.99999 6.44032
7.38768 -3.24453 218.3 6.99999 6.44032
14.7747 -6.48896 236.601 6.99999 6.44032
22.161 -9.73335 254.902 6.99999 6.44032
29.5459 -12.9778 273.203 6.99999 6.44032
36.9293 -16.2222 291.505 6.99999 6.44032
44.3107 -19.4667 309.808 6.99999 6.44032
51.6901 -22.7113 328.111 6.99999 6.44032
59.0682 -25.956 346.415 7 6.44032
66.4452 -29.2007 364.72 7 6.44032
73.8216 -32.4455 383.024 7 6.44032
9.5667e-05 -3.04417e-05 200 6.99999 6.44032
7.38768 -3.24453 218.3 6.99999 6.44032
14.7747 -6.48896 236.601 6.99999 6.44032
22.161 -9.73335 254.902 6.99999 6.44032
29.5459 -12.9778 273.203 6.99999 6.44032
36.9293 -16.2222 291.505 6.99999 6.44032
44.3107 -19.4667 309.808 6.99999 6.44032
51.6901 -22.7113 328.111 6.99999 6.44032
59.0682 -25.956 346.415 7 6.44032
66.4452 -29.2007 364.72 7 6.44032
73.8216 -32.4455 383.024 7 6.44032
9.5667e-05 -3.04417e-05 200 6.99999 6.44032
7.38768 -3.24453 218.3 6.99999 6.44032
14.7747 -6.48896 236.601 6.99999 6.44032
22.161 -9.73335 254.902 6.99999 6.44032
29.5459 -12.9778 273.203 6.99999 6.44032
36.9293 -16.2222 291.505 6.99999 6.44032
44.3107 -19.4667 309.808 6.99999 6.44032
51.6901 -22.7113 328.111 6.99999 6.44032
59.0682 -25.956 346.415 7 6.44032
66.4452 -29.2007 364.72 7 6.44032
73.8216 -32.4455 383.024 7 6.44032
9.5667e-05 -3.04417e-05 200 6.99999 6.44032
7.38768 -3.24453 218.3 6.99999 6.44032
14.7747 -6.48896 236.601 6.99999 6.44032
22.161 -9.73335 254.902 6.99999 6.44032
29.5459 -12.9778 273.203 6.99999 6.44032
36.9293 -16.2222 291.505 6.99999 6.44032
44.3107 -19.4667 309.808 6.99999 6.44032
51.6901 -22.7113 328.111 6.99999 6.44032
59.0682 -25.956 346.415 7 6.44032
66.4452 -29.2007 364.72 7 6.44032
73.8216 -32.4455 383.024 7 6.44032
