0 -2.68681e-05 200 7 0.20001
1.56816e-49 -19.9715 198.932 7 0.20001
8.20762e-44 -39.9429 197.863 7 0.20001
1.8271e-38 -59.9141 196.79 7 0.20001
2.25337e-33 -79.8851 195.712 7 0.20001
1.68051e-28 -99.8557 194.629 7 0.20001
7.76161e-24 -119.826 193.541 7 0.20001
2.18378e-19 -139.796 192.449 7 0.20001
3.53177e-15 -159.766 191.353 7 0.20001
2.90362e-11 -179.736 190.255 7 0.20001
9.27435e-08 -199.706 189.156 7 0.20001
0 -2.68681e-05 200 7 0.20001
1.56816e-49 -19.9715 198.932 7 0.20001
8.20762e-44 -39.9429 197.863 7 0.20001
1.8271e-38 -59.9141 196.79 7 0.20001
2.25337e-33 -79.8851 195.712 7 0.20001
1.68051e-28 -99.8557 194.629 7 0.20001
7.76161e-24 -119.826 193.541 7 0.20001
2.18378e-19 -139.796 192.449 7 0.20001
3.53177e-15 -159.766 191.353 7 0.20001
2.90362e-11 -179.736 190.255 7 0.20001
9.27435e-08 -199.706 189.156 7 0.20001
0 -2.68681e-05 200 7 0.20001
1.56816e-49 -19.9715 198.932 7 0.20001
8.20762e-44 -39.9429 197.863 7 0.20001
1.8271e-38 -59.9141 196.79 7 0.20001
2.25337e-33 -79.8851 195.712 7 0.20001
1.68051e-28 -99.8557 194.629 7 0.20001
7.76161e-24 -119.826 193.541 7 0.20001
2.18378e-19 -139.796 192.449 7 0.20001
3.53177e-15 -159.766 191.353 7 0.20001
2.90362e-11 -179.736 190.255 7 0.20001
9.27435e-08 -199.706 189.156 7 0.20001
0 -2.68681e-05 200 7 0.20001
1.56816e-49 -19.9715 198.932 7 0.20001
8.20762e-44 -39.9429 197.863 7 0.20001
1.8271e-38 -59.9141 196.79 7 0.20001
2.25337e-33 -79.8851 195.712 7 0.20001
1.68051e-28 -99.8557 194.629 7 0.20001
7.76161e-24 -119.826 193.541 7 0.20001
2.18378e-19 -139.796 192.449 7 0.20001
3.53177e-15 -159.766 191.353 7 0.20001
2.90362e-11 -179.736 190.255 7 0.20001
9.27435e-08 -199.706 189.156 7 0.20001
0 -2.68681e-05 200 7 0.20001
1.56816e-49 -19.9715 198.932 7 0.20001
8.20762e-44 -39.9429 197.863 7 0.20001
1.8271e-38 -59.9141 196.79 7 0.20001
2.25337e-33 -79.8851 195.712 7 0.20001
1.68051e-28 -99.8557 194.629 7 0.20001
7.76161e-24 -119.826 193.541 7 0.20001
2.18378e-19 -139.796 192.449 7 0.20001
3.53177e-15 -159.766 191.353 7 0.20001
2.90362e-11 -179.736 190.255 7 0.20001
9.27435e-08 -199.706 189.156 7 0.20001
0 -2.68681e-05 200 7 0.20001
1.56816e-49 -19.9715 198.932 7 0.20001
8.20762e-44 -39.9429 197.863 7 0.20001
1.8271e-38 -59.9141 196.79 7 0.20001
2.25337e-33 -79.8851 195.712 7 0.20001
1.68051e-28 -99.8557 194.629 7 0.20001
7.76161e-24 -119.826 193.541 7 0.20001
2.18378e-19 -139.796 192.449 7 0.20001
3.53177e-15 -159.766 191.353 7 0.20001
2.90362e-11 -179.736 190.255 7 0.20001
9.27435e-08 -199.706 189.156 7 0.20001
