1.0277e-05 1.84479e-05 200 6.99999 5.16026
9.93597 4.5725 183.256 6.99999 5.16026
19.8725 9.14507 166.512 6.99999 5.16026
29.8103 13.7178 149.769 6.99999 5.16026
39.7496 18.2909 133.026 6.99999 5.16026
49.6908 22.8644 116.286 6.99999 5.16026
59.634 27.4383 99.546 7 5.16026
69.5795 32.0128 82.8079 7 5.16026
79.5266 36.5875 66.0709 7 5.16026
89.4747 41.1624 49.3346 7 5.16026
99.4233 45.7374 32.5985 7 5.16026
1.0277e-05 1.84479e-05 200 6.99999 5.16026
9.93597 4.5725 183.256 6.99999 5.16026
19.8725 9.14507 166.512 6.99999 5.16026
29.8103 13.7178 149.769 6.99999 5.16026
39.7496 18.2909 133.026 6.99999 5.16026
49.6908 22.8644 116.286 6.99999 5.16026
59.634 27.4383 99.546 7 5.16026
69.5795 32.0128 82.8079 7 5.16026
79.5266 36.5875 66.0709 7 5.16026
89.4747 41.1624 49.3346 7 5.16026
99.4233 45.7374 32.5985 7 5.16026
1.0277e-05 1.84479e-05 200 6.99999 5.16026
9.93597 4.5725 183.256 6.99999 5.16026
19.8725 9.14507 166.512 6.99999 5.16026
29.8103 13.7178 149.769 6.99999 5.16026
39.7496 18.2909 133.026 6.99999 5.16026
49.6908 22.8644 116.286 6.99999 5.16026
59.634 27.4383 99.546 7 5.16026
69.5795 32.0128 82.8079 7 5.16026
79.5266 36.5875 66.0709 7 5.16026
89.4747 41.1624 49.3346 7 5.16026
99.4233 45.7374 32.5985 7 5.16026
1.0277e-05 1.84479e-05 200 6.99999 5.16026
9.93597 4.5725 183.256 6.99999 5.16026
19.8725 9.14507 166.512 6.99999 5.16026
29.8103 13.7178 149.769 6.99999 5.16026
39.7496 18.2909 133.026 6.99999 5.16026
49.6908 22.8644 116.286 6.99999 5.16026
59.634 27.4383 99.546 7 5.16026
69.5795 32.0128 82.8079 7 5.16026
79.5266 36.5875 66.0709 7 5.16026
89.4747 41.1624 49.3346 7 5.16026
99.4233 45.7374 32.5985 7 5.16026
1.0277e-05 1.84479e-05 200 6.99999 5.16026
9.93597 4.5725 183.256 6.99999 5.16026
19.8725 9.14507 166.512 6.99999 5.16026
29.8103 13.7178 149.769 6.99999 5.16026
39.7496 18.2909 133.026 6.99999 5.16026
49.6908 22.8644 116.286 6.99999 5.16026
59.634 27.4383 99.546 7 5.16026
69.5795 32.0128 82.8079 7 5.16026
79.5266 36.5875 66.0709 7 5.16026
89.4747 41.1624 49.3346 7 5.16026
99.4233 45.7374 32.5985 7 5.16026
1.0277e-05 1.84479e-05 200 6.99999 5.16026
9.93597 4.5725 183.256 6.99999 5.16026
19.8725 9.14507 166.512 6.99999 5.16026
29.8103 13.7178 149.769 6.99999 5.16026
39.7496 18.2909 133.026 6.99999 5.16026
49.6908 22.8644 116.286 6.99999 5.16026
59.634 27.4383 99.546 7 5.16026
69.5795 32.0128 82.8079 7 5.16026
79.5266 36.5875 66.0709 7 5.16026
89.4747 41.1624 49.3346 7 5.16026
99.4233 45.7374 32.5985 7 5.16026
