-0.00013709 3.07355e-05 200 6.99997 7.86039
-8.19465 1.57309 181.823 6.99997 7.86039
-16.3892 3.1461 163.647 6.99998 7.86039
-24.5837 4.71903 145.471 6.99998 7.86039
-32.778 6.2918 127.294 6.99998 7.86039
-40.972 7.86433 109.117 6.99998 7.86039
-49.1657 9.43648 90.9406 6.99998 7.86039
-57.359 11.0083 72.7636 6.99999 7.86039
-65.5516 12.5798 54.5863 6.99999 7.86039
-73.7434 14.1513 36.4086 6.99999 7.86039
-81.9347 15.7227 18.2308 7 7.86039
-0.00013709 3.07355e-05 200 6.99997 7.86039
-8.19465 1.57309 181.823 6.99997 7.86039
-16.3892 3.1461 163.647 6.99998 7.86039
-24.5837 4.71903 145.471 6.99998 7.86039
-32.778 6.2918 127.294 6.99998 7.86039
-40.972 7.86433 109.117 6.99998 7.86039
-49.1657 9.43648 90.9406 6.99998 7.86039
-57.359 11.0083 72.7636 6.99999 7.86039
-65.5516 12.5798 54.5863 6.99999 7.86039
-73.7434 14.1513 36.4086 6.99999 7.86039
-81.9347 15.7227 18.2308 7 7.86039
-0.00013709 3.07355e-05 200 6.99997 7.86039
-8.19465 1.57309 181.823 6.99997 7.86039
-16.3892 3.1461 163.647 6.99998 7.86039
-24.5837 4.71903 145.471 6.99998 7.86039
-32.778 6.2918 127.294 6.99998 7.86039
-40.972 7.86433 109.117 6.99998 7.86039
-49.1657 9.43648 90.9406 6.99998 7.86039
-57.359 11.0083 72.7636 6.99999 7.86039
-65.5516 12.5798 54.5863 6.99999 7.86039
-73.7434 14.1513 36.4086 6.99999 7.86039
-81.9347 15.7227 18.2308 7 7.86039
-0.00013709 3.07355e-05 200 6.99997 7.86039
-8.19465 1.57309 181.823 6.99997 7.86039
-16.3892 3.1461 163.647 6.99998 7.86039
-24.5837 4.71903 145.471 6.99998 7.86039
-32.778 6.2918 127.294 6.99998 7.86039
-40.972 7.86433 109.117 6.99998 7.86039
-49.1657 9.43648 90.9406 6.99998 7.86039
-57.359 11.0083 72.7636 6.99999 7.86039
-65.5516 12.5798 54.5863 6.99999 7.86039
-73.7434 14.1513 36.4086 6.99999 7.86039
-81.9347 15.7227 18.2308 7 7.86039
-0.00013709 3.07355e-05 200 6.99997 7.86039
-8.19465 1.57309 181.823 6.99997 7.86039
-16.3892 3.1461 163.647 6.99998 7.86039
-24.5837 4.71903 145.471 6.99998 7.86039
-32.778 6.2918 127.294 6.99998 7.86039
-40.972 7.86433 109.117 6.99998 7.86039
-49.1657 9.43648 90.9406 6.99998 7.86039
-57.359 11.0083 72.7636 6.99999 7.86039
-65.5516 12.5798 54.5863 6.99999 7.86039
-73.7434 14.1513 36.4086 6.99999 7.86039
-81.9347 15.7227 18.2308 7 7.86039
-0.00013709 3.07355e-05 200 6.99997 7.86039
-8.19465 1.57309 181.823 6.99997 7.86039
-16.3892 3.1461 163.647 6.99998 7.86039
-24.5837 4.71903 145.471 6.99998 7.86039
-32.778 6.2918 127.294 6.99998 7.86039
-40.972 7.86433 109.117 6.99998 7.86039
-49.1657 9.43648 90.9406 6.99998 7.86039
-57.359 11.0083 72.7636 6.99999 7.86039
-65.5516 12.5798 54.5863 6.99999 7.86039
-73.7434 14.1513 36.4086 6.99999 7.86039
-81.9347 15.7227 18.2308 7 7.86039
