-7.1669e-05 0.000100049 200 7 2.80014
-0.600808 -3.23956 219.727 7 2.80014
-1.20055 -6.48076 239.453 7 2.80014
-1.79892 -9.72415 259.18 7 2.80014
-2.3959 -12.97 278.905 7 2.80014
-2.99149 -16.2185 298.631 7 2.80014
-3.58596 -19.4696 318.356 7 2.80014
-4.17983 -22.7228 338.081 7 2.80014
-4.77353 -25.9774 357.805 7 2.80014
-5.36737 -29.2327 377.529 7 2.80014
-5.96136 -32.4884 397.254 7 2.80014
-7.1669e-05 0.000100049 200 7 2.80014
-0.600808 -3.23956 219.727 7 2.80014
-1.20055 -6.48076 239.453 7 2.80014
-1.79892 -9.72415 259.18 7 2.80014
-2.3959 -12.97 278.905 7 2.80014
-2.99149 -16.2185 298.631 7 2.80014
-3.58596 -19.4696 318.356 7 2.80014
-4.17983 -22.7228 338.081 7 2.80014
-4.77353 -25.9774 357.805 7 2.80014
-5.36737 -29.2327 377.529 7 2.80014
-5.96136 -32.4884 397.254 7 2.80014
-7.1669e-05 0.000100049 200 7 2.80014
-0.600808 -3.23956 219.727 7 2.80014
-1.20055 -6.48076 239.453 7 2.80014
-1.79892 -9.72415 259.18 7 2.80014
-2.3959 -12.97 278.905 7 2.80014
-2.99149 -16.2185 298.631 7 2.80014
-3.58596 -19.4696 318.356 7 2.80014
-4.17983 -22.7228 338.081 7 2.80014
-4.77353 -25.9774 357.805 7 2.80014
-5.36737 -29.2327 377.529 7 2.80014
-5.96136 -32.4884 397.254 7 2.80014
-7.1669e-05 0.000100049 200 7 2.80014
-0.600808 -3.23956 219.727 7 2.80014
-1.20055 -6.48076 239.453 7 2.80014
-1.79892 -9.72415 259.18 7 2.80014
-2.3959 -12.97 278.905 7 2.80014
-2.99149 -16.2185 298.631 7 2.80014
-3.58596 -19.4696 318.356 7 2.80014
-4.17983 -22.7228 338.081 7 2.80014
-4.77353 -25.9774 357.805 7 2.80014
-5.36737 -29.2327 377.529 7 2.80014
-5.96136 -32.4884 397.254 7 2.80014
-7.1669e-05 0.000100049 200 7 2.80014
-0.600808 -3.23956 219.727 7 2.80014
-1.20055 -6.48076 239.453 7 2.80014
-1.79892 -9.72415 259.18 7 2.80014
-2.3959 -12.97 278.905 7 2.80014
-2.99149 -16.2185 298.631 7 2.80014
-3.58596 -19.4696 318.356 7 2.80014
-4.17983 -22.7228 338.081 7 2.80014
-4.77353 -25.9774 357.805 7 2.80014
-5.36737 -29.2327 377.529 7 2.80014
-5.96136 -32.4884 397.254 7 2.80014
-7.1669e-05 0.000100049 200 7 2.80014
-0.600808 -3.23956 219.727 7 2.80014
-1.20055 -6.48076 239.453 7 2.80014
-1.79892 -9.72415 259.18 7 2.80014
-2.3959 -12.97 278.905 7 2.80014
-2.99149 -16.2185 298.631 7 2.80014
-3.58596 -19.4696 318.356 7 2.80014
-4.17983 -22.7228 338.081 7 2.80014
-4.77353 -25.9774 357.805 7 2.80014
-5.36737 -29.2327 377.529 7 2.80014
-5.96136 -32.4884 397.254 7 2.80014
