3.36468e-05 -2.93054e-05 200 7 2.70014
1.86658 -4.27298 219.449 7 2.70014
3.73273 -8.5457 238.898 7 2.70014
5.5984 -12.8183 258.347 7 2.70014
7.46353 -17.0909 277.796 7 2.70014
9.3282 -21.3638 297.245 7 2.70014
11.1925 -25.6374 316.694 7 2.70014
13.0564 -29.9118 336.143 7 2.70014
14.9198 -34.1867 355.592 7 2.70014
16.7828 -38.4619 375.04 7 2.70014
18.6455 -42.7373 394.489 7 2.70014
3.36468e-05 -2.93054e-05 200 7 2.70014
1.86658 -4.27298 219.449 7 2.70014
3.73273 -8.5457 238.898 7 2.70014
5.5984 -12.8183 258.347 7 2.70014
7.46353 -17.0909 277.796 7 2.70014
9.3282 -21.3638 297.245 7 2.70014
11.1925 -25.6374 316.694 7 2.70014
13.0564 -29.9118 336.143 7 2.70014
14.9198 -34.1867 355.592 7 2.70014
16.7828 -38.4619 375.04 7 2.70014
18.6455 -42.7373 394.489 7 2.70014
3.36468e-05 -2.93054e-05 200 7 2.70014
1.86658 -4.27298 219.449 7 2.70014
3.73273 -8.5457 238.898 7 2.70014
5.5984 -12.8183 258.347 7 2.70014
7.46353 -17.0909 277.796 7 2.70014
9.3282 -21.3638 297.245 7 2.70014
11.1925 -25.6374 316.694 7 2.70014
13.0564 -29.9118 336.143 7 2.70014
14.9198 -34.1867 355.592 7 2.70014
16.7828 -38.4619 375.04 7 2.70014
18.6455 -42.7373 394.489 7 2.70014
3.36468e-05 -2.93054e-05 200 7 2.70014
1.86658 -4.27298 219.449 7 2.70014
3.73273 -8.5457 238.898 7 2.70014
5.5984 -12.8183 258.347 7 2.70014
7.46353 -17.0909 277.796 7 2.70014
9.3282 -21.3638 297.245 7 2.70014
11.1925 -25.6374 316.694 7 2.70014
13.0564 -29.9118 336.143 7 2.70014
14.9198 -34.1867 355.592 7 2.70014
16.7828 -38.4619 375.04 7 2.70014
18.6455 -42.7373 394.489 7 2.70014
3.36468e-05 -2.93054e-05 200 7 2.70014
1.86658 -4.27298 219.449 7 2.70014
3.73273 -8.5457 238.898 7 2.70014
5.5984 -12.8183 258.347 7 2.70014
7.46353 -17.0909 277.796 7 2.70014
9.3282 -21.3638 297.245 7 2.70014
11.1925 -25.6374 316.694 7 2.70014
13.0564 -29.9118 336.143 7 2.70014
14.9198 -34.1867 355.592 7 2.70014
16.7828 -38.4619 375.04 7 2.70014
18.6455 -42.7373 394.489 7 2.70014
3.36468e-05 -2.93054e-05 200 7 2.70014
1.86658 -4.27298 219.449 7 2.70014
3.73273 -8.5457 238.898 7 2.70014
5.5984 -12.8183 258.347 7 2.70014
7.46353 -17.0909 277.796 7 2.70014
9.3282 -21.3638 297.245 7 2.70014
11.1925 -25.6374 316.694 7 2.70014
13.0564 -29.9118 336.143 7 2.70014
14.9198 -34.1867 355.592 7 2.70014
16.7828 -38.4619 375.04 7 2.70014
18.6455 -42.7373 394.489 7 2.70014
