-6.13651e-05 -7.7257e-06 200 7 0.580029
1.8403 -19.4127 195.555 7 0.580029
3.68158 -38.8256 191.111 7 0.580029
5.52459 -58.2389 186.669 7 0.580029
7.36956 -77.6528 182.231 7 0.580029
9.2164 -97.0674 177.797 7 0.580029
11.0649 -116.483 173.366 7 0.580029
12.915 -135.898 168.938 7 0.580029
14.7663 -155.315 164.513 7 0.580029
16.6187 -174.731 160.089 7 0.580029
18.4717 -194.148 155.666 7 0.580029
-6.13651e-05 -7.7257e-06 200 7 0.580029
1.8403 -19.4127 195.555 7 0.580029
3.68158 -38.8256 191.111 7 0.580029
5.52459 -58.2389 186.669 7 0.580029
7.36956 -77.6528 182.231 7 0.580029
9.2164 -97.0674 177.797 7 0.580029
11.0649 -116.483 173.366 7 0.580029
12.915 -135.898 168.938 7 0.580029
14.7663 -155.315 164.513 7 0.580029
16.6187 -174.731 160.089 7 0.580029
18.4717 -194.148 155.666 7 0.580029
-6.13651e-05 -7.7257e-06 200 7 0.580029
1.8403 -19.4127 195.555 7 0.580029
3.68158 -38.8256 191.111 7 0.580029
5.52459 -58.2389 186.669 7 0.580029
7.36956 -77.6528 182.231 7 0.580029
9.2164 -97.0674 177.797 7 0.580029
11.0649 -116.483 173.366 7 0.580029
12.915 -135.898 168.938 7 0.580029
14.7663 -155.315 164.513 7 0.580029
16.6187 -174.731 160.089 7 0.580029
18.4717 -194.148 155.666 7 0.580029
-6.13651e-05 -7.7257e-06 200 7 0.580029
1.8403 -19.4127 195.555 7 0.580029
3.68158 -38.8256 191.111 7 0.580029
5.52459 -58.2389 186.669 7 0.580029
7.36956 -77.6528 182.231 7 0.580029
9.2164 -97.0674 177.797 7 0.580029
11.0649 -116.483 173.366 7 0.580029
12.915 -135.898 168.938 7 0.580029
14.7663 -155.315 164.513 7 0.580029
16.6187 -174.731 160.089 7 0.580029
18.4717 -194.148 155.666 7 0.580029
-6.13651e-05 -7.7257e-06 200 7 0.580029
1.8403 -19.4127 195.555 7 0.580029
3.68158 -38.8256 191.111 7 0.580029
5.52459 -58.2389 186.669 7 0.580029
7.36956 -77.6528 182.231 7 0.580029
9.2164 -97.0674 177.797 7 0.580029
11.0649 -116.483 173.366 7 0.580029
12.915 -135.898 168.938 7 0.580029
14.7663 -155.315 164.513 7 0.580029
16.6187 -174.731 160.089 7 0.580029
18.4717 -194.148 155.666 7 0.580029
-6.13651e-05 -7.7257e-06 200 7 0.580029
1.8403 -19.4127 195.555 7 0.580029
3.68158 -38.8256 191.111 7 0.580029
5.52459 -58.2389 186.669 7 0.580029
7.36956 -77.6528 182.231 7 0.580029
9.2164 -97.0674 177.797 7 0.580029
11.0649 -116.483 173.366 7 0.580029
12.915 -135.898 168.938 7 0.580029
14.7663 -155.315 164.513 7 0.580029
16.6187 -174.731 160.089 7 0.580029
18.4717 -194.148 155.666 7 0.580029
