-5.89577e-05 1.97604e-05 200 6.99999 3.32017
-13.1079 1.73073 215.006 6.99999 3.32017
-26.2155 3.46125 230.013 6.99999 3.32017
-39.3228 5.19114 245.02 7 3.32017
-52.4297 6.91994 260.027 7 3.32017
-65.5361 8.64736 275.035 7 3.32017
-78.6423 10.3736 290.043 7 3.32017
-91.7486 12.099 305.052 7 3.32017
-104.855 13.8238 320.06 7 3.32017
-117.962 15.5483 335.068 7 3.32017
-131.069 17.2726 350.076 7 3.32017
-5.89577e-05 1.97604e-05 200 6.99999 3.32017
-13.1079 1.73073 215.006 6.99999 3.32017
-26.2155 3.46125 230.013 6.99999 3.32017
-39.3228 5.19114 245.02 7 3.32017
-52.4297 6.91994 260.027 7 3.32017
-65.5361 8.64736 275.035 7 3.32017
-78.6423 10.3736 290.043 7 3.32017
-91.7486 12.099 305.052 7 3.32017
-104.855 13.8238 320.06 7 3.32017
-117.962 15.5483 335.068 7 3.32017
-131.069 17.2726 350.076 7 3.32017
-5.89577e-05 1.97604e-05 200 6.99999 3.32017
-13.1079 1.73073 215.006 6.99999 3.32017
-26.2155 3.46125 230.013 6.99999 3.32017
-39.3228 5.19114 245.02 7 3.32017
-52.4297 6.91994 260.027 7 3.32017
-65.5361 8.64736 275.035 7 3.32017
-78.6423 10.3736 290.043 7 3.32017
-91.7486 12.099 305.052 7 3.32017
-104.855 13.8238 320.06 7 3.32017
-117.962 15.5483 335.068 7 3.32017
-131.069 17.2726 350.076 7 3.32017
-5.89577e-05 1.97604e-05 200 6.99999 3.32017
-13.1079 1.73073 215.006 6.99999 3.32017
-26.2155 3.46125 230.013 6.99999 3.32017
-39.3228 5.19114 245.02 7 3.32017
-52.4297 6.91994 260.027 7 3.32017
-65.5361 8.64736 275.035 7 3.32017
-78.6423 10.3736 290.043 7 3.32017
-91.7486 12.099 305.052 7 3.32017
-104.855 13.8238 320.06 7 3.32017
-117.962 15.5483 335.068 7 3.32017
-131.069 17.2726 350.076 7 3.32017
-5.89577e-05 1.97604e-05 200 6.99999 3.32017
-13.1079 1.73073 215.006 6.99999 3.32017
-26.2155 3.46125 230.013 6.99999 3.32017
-39.3228 5.19114 245.02 7 3.32017
-52.4297 6.91994 260.027 7 3.32017
-65.5361 8.64736 275.035 7 3.32017
-78.6423 10.3736 290.043 7 3.32017
-91.7486 12.099 305.052 7 3.32017
-104.855 13.8238 320.06 7 3.32017
-117.962 15.5483 335.068 7 3.32017
-131.069 17.2726 350.076 7 3.32017
-5.89577e-05 1.97604e-05 200 6.99999 3.32017
-13.1079 1.73073 215.006 6.99999 3.32017
-26.2155 3.46125 230.013 6.99999 3.32017
-39.3228 5.19114 245.02 7 3.32017
-52.4297 6.91994 260.027 7 3.32017
-65.5361 8.64736 275.035 7 3.32017
-78.6423 10.3736 290.043 7 3.32017
-91.7486 12.099 305.052 7 3.32017
-104.855 13.8238 320.06 7 3.32017
-117.962 15.5483 335.068 7 3.32017
-131.069 17.2726 350.076 7 3.32017
