2.70925e-05 -3.29099e-05 200 7 0.60003
2.03293 -19.3698 195.453 7 0.60003
4.06546 -38.7393 190.904 7 0.60003
6.09765 -58.1083 186.353 7 0.60003
8.12969 -77.4768 181.799 7 0.60003
10.1617 -96.8446 177.243 7 0.60003
12.1936 -116.212 172.684 7 0.60003
14.2257 -135.578 168.122 7 0.60003
16.2582 -154.944 163.557 7 0.60003
18.2911 -174.309 158.991 7 0.60003
20.3245 -193.675 154.426 7 0.60003
2.70925e-05 -3.29099e-05 200 7 0.60003
2.03293 -19.3698 195.453 7 0.60003
4.06546 -38.7393 190.904 7 0.60003
6.09765 -58.1083 186.353 7 0.60003
8.12969 -77.4768 181.799 7 0.60003
10.1617 -96.8446 177.243 7 0.60003
12.1936 -116.212 172.684 7 0.60003
14.2257 -135.578 168.122 7 0.60003
16.2582 -154.944 163.557 7 0.60003
18.2911 -174.309 158.991 7 0.60003
20.3245 -193.675 154.426 7 0.60003
2.70925e-05 -3.29099e-05 200 7 0.60003
2.03293 -19.3698 195.453 7 0.60003
4.06546 -38.7393 190.904 7 0.60003
6.09765 -58.1083 186.353 7 0.60003
8.12969 -77.4768 181.799 7 0.60003
10.1617 -96.8446 177.243 7 0.60003
12.1936 -116.212 172.684 7 0.60003
14.2257 -135.578 168.122 7 0.60003
16.2582 -154.944 163.557 7 0.60003
18.2911 -174.309 158.991 7 0.60003
20.3245 -193.675 154.426 7 0.60003
2.70925e-05 -3.29099e-05 200 7 0.60003
2.03293 -19.3698 195.453 7 0.60003
4.06546 -38.7393 190.904 7 0.60003
6.09765 -58.1083 186.353 7 0.60003
8.12969 -77.4768 181.799 7 0.60003
10.1617 -96.8446 177.243 7 0.60003
12.1936 -116.212 172.684 7 0.60003
14.2257 -135.578 168.122 7 0.60003
16.2582 -154.944 163.557 7 0.60003
18.2911 -174.309 158.991 7 0.60003
20.3245 -193.675 154.426 7 0.60003
2.70925e-05 -3.29099e-05 200 7 0.60003
2.03293 -19.3698 195.453 7 0.60003
4.06546 -38.7393 190.904 7 0.60003
6.09765 -58.1083 186.353 7 0.60003
8.12969 -77.4768 181.799 7 0.60003
10.1617 -96.8446 177.243 7 0.60003
12.1936 -116.212 172.684 7 0.60003
14.2257 -135.578 168.122 7 0.60003
16.2582 -154.944 163.557 7 0.60003
18.2911 -174.309 158.991 7 0.60003
20.3245 -193.675 154.426 7 0.60003
2.70925e-05 -3.29099e-05 200 7 0.60003
2.03293 -19.3698 195.453 7 0.60003
4.06546 -38.7393 190.904 7 0.60003
6.09765 -58.1083 186.353 7 0.60003
8.12969 -77.4768 181.799 7 0.60003
10.1617 -96.8446 177.243 7 0.60003
12.1936 -116.212 172.684 7 0.60003
14.2257 -135.578 168.122 7 0.60003
16.2582 -154.944 163.557 7 0.60003
18.2911 -174.309 158.991 7 0.60003
20.3245 -193.675 154.426 7 0.60003
