7.06295e-05 -7.73842e-05 200 7 2.82014
-1.09228 -3.0487 219.736 7 2.82014
-2.18569 -6.09635 239.472 7 2.82014
-3.28117 -9.14197 259.209 7 2.82014
-4.3793 -12.1849 278.945 7 2.82014
-5.48013 -15.2254 298.682 7 2.82014
-6.5837 -18.2636 318.419 7 2.82014
-7.6899 -21.3 338.157 7 2.82014
-8.79814 -24.3354 357.894 7 2.82014
-9.90764 -27.3706 377.631 7 2.82014
-11.0176 -30.4057 397.368 7 2.82014
7.06295e-05 -7.73842e-05 200 7 2.82014
-1.09228 -3.0487 219.736 7 2.82014
-2.18569 -6.09635 239.472 7 2.82014
-3.28117 -9.14197 259.209 7 2.82014
-4.3793 -12.1849 278.945 7 2.82014
-5.48013 -15.2254 298.682 7 2.82014
-6.5837 -18.2636 318.419 7 2.82014
-7.6899 -21.3 338.157 7 2.82014
-8.79814 -24.3354 357.894 7 2.82014
-9.90764 -27.3706 377.631 7 2.82014
-11.0176 -30.4057 397.368 7 2.82014
7.06295e-05 -7.73842e-05 200 7 2.82014
-1.09228 -3.0487 219.736 7 2.82014
-2.18569 -6.09635 239.472 7 2.82014
-3.28117 -9.14197 259.209 7 2.82014
-4.3793 -12.1849 278.945 7 2.82014
-5.48013 -15.2254 298.682 7 2.82014
-6.5837 -18.2636 318.419 7 2.82014
-7.6899 -21.3 338.157 7 2.82014
-8.79814 -24.3354 357.894 7 2.82014
-9.90764 -27.3706 377.631 7 2.82014
-11.0176 -30.4057 397.368 7 2.82014
7.06295e-05 -7.73842e-05 200 7 2.82014
-1.09228 -3.0487 219.736 7 2.82014
-2.18569 -6.09635 239.472 7 2.82014
-3.28117 -9.14197 259.209 7 2.82014
-4.3793 -12.1849 278.945 7 2.82014
-5.48013 -15.2254 298.682 7 2.82014
-6.5837 -18.2636 318.419 7 2.82014
-7.6899 -21.3 338.157 7 2.82014
-8.79814 -24.3354 357.894 7 2.82014
-9.90764 -27.3706 377.631 7 2.82014
-11.0176 -30.4057 397.368 7 2.82014
7.06295e-05 -7.73842e-05 200 7 2.82014
-1.09228 -3.0487 219.736 7 2.82014
-2.18569 -6.09635 239.472 7 2.82014
-3.28117 -9.14197 259.209 7 2.82014
-4.3793 -12.1849 278.945 7 2.82014
-5.48013 -15.2254 298.682 7 2.82014
-6.5837 -18.2636 318.419 7 2.82014
-7.6899 -21.3 338.157 7 2.82014
-8.79814 -24.3354 357.894 7 2.82014
-9.90764 -27.3706 377.631 7 2.82014
-11.0176 -30.4057 397.368 7 2.82014
7.06295e-05 -7.73842e-05 200 7 2.82014
-1.09228 -3.0487 219.736 7 2.82014
-2.18569 -6.09635 239.472 7 2.82014
-3.28117 -9.14197 259.209 7 2.82014
-4.3793 -12.1849 278.945 7 2.82014
-5.48013 -15.2254 298.682 7 2.82014
-6.5837 -18.2636 318.419 7 2.82014
-7.6899 -21.3 338.157 7 2.82014
-8.79814 -24.3354 357.894 7 2.82014
-9.90764 -27.3706 377.631 7 2.82014
-11.0176 -30.4057 397.368 7 2.82014
