-0.000170175 -3.89935e-05 200 6.99998 7.14036
-17.1939 -2.6769 209.86 6.99998 7.14036
-34.3881 -5.35365 219.719 6.99998 7.14036
-51.5829 -8.03022 229.577 6.99998 7.14036
-68.7788 -10.7065 239.433 6.99999 7.14036
-85.9759 -13.3824 249.287 6.99999 7.14036
-103.174 -16.0579 259.139 6.99999 7.14036
-120.374 -18.733 268.988 6.99999 7.14036
-137.575 -21.4079 278.836 6.99999 7.14036
-154.777 -24.0828 288.682 7 7.14036
-171.979 -26.7576 298.528 7 7.14036
-0.000170175 -3.89935e-05 200 6.99998 7.14036
-17.1939 -2.6769 209.86 6.99998 7.14036
-34.3881 -5.35365 219.719 6.99998 7.14036
-51.5829 -8.03022 229.577 6.99998 7.14036
-68.7788 -10.7065 239.433 6.99999 7.14036
-85.9759 -13.3824 249.287 6.99999 7.14036
-103.174 -16.0579 259.139 6.99999 7.14036
-120.374 -18.733 268.988 6.99999 7.14036
-137.575 -21.4079 278.836 6.99999 7.14036
-154.777 -24.0828 288.682 7 7.14036
-171.979 -26.7576 298.528 7 7.14036
-0.000170175 -3.89935e-05 200 6.99998 7.14036
-17.1939 -2.6769 209.86 6.99998 7.14036
-34.3881 -5.35365 219.719 6.99998 7.14036
-51.5829 -8.03022 229.577 6.99998 7.14036
-68.7788 -10.7065 239.433 6.99999 7.14036
-85.9759 -13.3824 249.287 6.99999 7.14036
-103.174 -16.0579 259.139 6.99999 7.14036
-120.374 -18.733 268.988 6.99999 7.14036
-137.575 -21.4079 278.836 6.99999 7.14036
-154.777 -24.0828 288.682 7 7.14036
-171.979 -26.7576 298.528 7 7.14036
-0.000170175 -3.89935e-05 200 6.99998 7.14036
-17.1939 -2.6769 209.86 6.99998 7.14036
-34.3881 -5.35365 219.719 6.99998 7.14036
-51.5829 -8.03022 229.577 6.99998 7.14036
-68.7788 -10.7065 239.433 6.99999 7.14036
-85.9759 -13.3824 249.287 6.99999 7.14036
-103.174 -16.0579 259.139 6.99999 7.14036
-120.374 -18.733 268.988 6.99999 7.14036
-137.575 -21.4079 278.836 6.99999 7.14036
-154.777 -24.0828 288.682 7 7.14036
-171.979 -26.7576 298.528 7 7.14036
-0.000170175 -3.89935e-05 200 6.99998 7.14036
-17.1939 -2.6769 209.86 6.99998 7.14036
-34.3881 -5.35365 219.719 6.99998 7.14036
-51.5829 -8.03022 229.577 6.99998 7.14036
-68.7788 -10.7065 239.433 6.99999 7.14036
-85.9759 -13.3824 249.287 6.99999 7.14036
-103.174 -16.0579 259.139 6.99999 7.14036
-120.374 -18.733 268.988 6.99999 7.14036
-137.575 -21.4079 278.836 6.99999 7.14036
-154.777 -24.0828 288.682 7 7.14036
-171.979 -26.7576 298.528 7 7.14036
-0.000170175 -3.89935e-05 200 6.99998 7.14036
-17.1939 -2.6769 209.86 6.99998 7.14036
-34.3881 -5.35365 219.719 6.99998 7.14036
-51.5829 -8.03022 229.577 6.99998 7.14036
-68.7788 -10.7065 239.433 6.99999 7.14036
-85.9759 -13.3824 249.287 6.99999 7.14036
-103.174 -16.0579 259.139 6.99999 7.14036
-120.374 -18.733 268.988 6.99999 7.14036
-137.575 -21.4079 278.836 6.99999 7.14036
-154.777 -24.0828 288.682 7 7.14036
-171.979 -26.7576 298.528 7 7.14036
