-7.503e-05 4.31418e-05 200 6.99999 3.76019
-18.9405 4.96878 204.071 6.99999 3.76019
-37.8809 9.93719 208.143 6.99999 3.76019
-56.8213 14.905 212.215 6.99999 3.76019
-75.7618 19.8721 216.288 7 3.76019
-94.7023 24.8385 220.361 7 3.76019
-113.643 29.8044 224.435 7 3.76019
-132.584 34.77 228.508 7 3.76019
-151.524 39.7358 232.582 7 3.76019
-170.465 44.7013 236.655 7 3.76019
-189.406 49.6667 240.728 7 3.76019
-7.503e-05 4.31418e-05 200 6.99999 3.76019
-18.9405 4.96878 204.071 6.99999 3.76019
-37.8809 9.93719 208.143 6.99999 3.76019
-56.8213 14.905 212.215 6.99999 3.76019
-75.7618 19.8721 216.288 7 3.76019
-94.7023 24.8385 220.361 7 3.76019
-113.643 29.8044 224.435 7 3.76019
-132.584 34.77 228.508 7 3.76019
-151.524 39.7358 232.582 7 3.76019
-170.465 44.7013 236.655 7 3.76019
-189.406 49.6667 240.728 7 3.76019
-7.503e-05 4.31418e-05 200 6.99999 3.76019
-18.9405 4.96878 204.071 6.99999 3.76019
-37.8809 9.93719 208.143 6.99999 3.76019
-56.8213 14.905 212.215 6.99999 3.76019
-75.7618 19.8721 216.288 7 3.76019
-94.7023 24.8385 220.361 7 3.76019
-113.643 29.8044 224.435 7 3.76019
-132.584 34.77 228.508 7 3.76019
-151.524 39.7358 232.582 7 3.76019
-170.465 44.7013 236.655 7 3.76019
-189.406 49.6667 240.728 7 3.76019
-7.503e-05 4.31418e-05 200 6.99999 3.76019
-18.9405 4.96878 204.071 6.99999 3.76019
-37.8809 9.93719 208.143 6.99999 3.76019
-56.8213 14.905 212.215 6.99999 3.76019
-75.7618 19.8721 216.288 7 3.76019
-94.7023 24.8385 220.361 7 3.76019
-113.643 29.8044 224.435 7 3.76019
-132.584 34.77 228.508 7 3.76019
-151.524 39.7358 232.582 7 3.76019
-170.465 44.7013 236.655 7 3.76019
-189.406 49.6667 240.728 7 3.76019
-7.503e-05 4.31418e-05 200 6.99999 3.76019
-18.9405 4.96878 204.071 6.99999 3.76019
-37.8809 9.93719 208.143 6.99999 3.76019
-56.8213 14.905 212.215 6.99999 3.76019
-75.7618 19.8721 216.288 7 3.76019
-94.7023 24.8385 220.361 7 3.76019
-113.643 29.8044 224.435 7 3.76019
-132.584 34.77 228.508 7 3.76019
-151.524 39.7358 232.582 7 3.76019
-170.465 44.7013 236.655 7 3.76019
-189.406 49.6667 240.728 7 3.76019
-7.503e-05 4.31418e-05 200 6.99999 3.76019
-18.9405 4.96878 204.071 6.99999 3.76019
-37.8809 9.93719 208.143 6.99999 3.76019
-56.8213 14.905 212.215 6.99999 3.76019
-75.7618 19.8721 216.288 7 3.76019
-94.7023 24.8385 220.361 7 3.76019
-113.643 29.8044 224.435 7 3.76019
-132.584 34.77 228.508 7 3.76019
-151.524 39.7358 232.582 7 3.76019
-170.465 44.7013 236.655 7 3.76019
-189.406 49.6667 240.728 7 3.76019
