-0.000278102 -8.38392e-06 200 6.99998 7.50038
-19.1943 -0.560873 194.407 6.99998 7.50038
-38.3882 -1.12173 188.814 6.99998 7.50038
-57.5818 -1.68253 183.22 6.99998 7.50038
-76.7751 -2.24319 177.624 6.99998 7.50038
-95.9679 -2.80365 172.027 6.99998 7.50038
-115.16 -3.3639 166.429 6.99999 7.50038
-134.352 -3.92397 160.829 6.99999 7.50038
-153.544 -4.48394 155.228 6.99999 7.50038
-172.735 -5.04387 149.626 7 7.50038
-191.926 -5.60376 144.023 7 7.50038
-0.000278102 -8.38392e-06 200 6.99998 7.50038
-19.1943 -0.560873 194.407 6.99998 7.50038
-38.3882 -1.12173 188.814 6.99998 7.50038
-57.5818 -1.68253 183.22 6.99998 7.50038
-76.7751 -2.24319 177.624 6.99998 7.50038
-95.9679 -2.80365 172.027 6.99998 7.50038
-115.16 -3.3639 166.429 6.99999 7.50038
-134.352 -3.92397 160.829 6.99999 7.50038
-153.544 -4.48394 155.228 6.99999 7.50038
-172.735 -5.04387 149.626 7 7.50038
-191.926 -5.60376 144.023 7 7.50038
-0.000278102 -8.38392e-06 200 6.99998 7.50038
-19.1943 -0.560873 194.407 6.99998 7.50038
-38.3882 -1.12173 188.814 6.99998 7.50038
-57.5818 -1.68253 183.22 6.99998 7.50038
-76.7751 -2.24319 177.624 6.99998 7.50038
-95.9679 -2.80365 172.027 6.99998 7.50038
-115.16 -3.3639 166.429 6.99999 7.50038
-134.352 -3.92397 160.829 6.99999 7.50038
-153.544 -4.48394 155.228 6.99999 7.50038
-172.735 -5.04387 149.626 7 7.50038
-191.926 -5.60376 144.023 7 7.50038
-0.000278102 -8.38392e-06 200 6.99998 7.50038
-19.1943 -0.560873 194.407 6.99998 7.50038
-38.3882 -1.12173 188.814 6.99998 7.50038
-57.5818 -1.68253 183.22 6.99998 7.50038
-76.7751 -2.24319 177.624 6.99998 7.50038
-95.9679 -2.80365 172.027 6.99998 7.50038
-115.16 -3.3639 166.429 6.99999 7.50038
-134.352 -3.92397 160.829 6.99999 7.50038
-153.544 -4.48394 155.228 6.99999 7.50038
-172.735 -5.04387 149.626 7 7.50038
-191.926 -5.60376 144.023 7 7.50038
-0.000278102 -8.38392e-06 200 6.99998 7.50038
-19.1943 -0.560873 194.407 6.99998 7.50038
-38.3882 -1.12173 188.814 6.99998 7.50038
-57.5818 -1.68253 183.22 6.99998 7.50038
-76.7751 -2.24319 177.624 6.99998 7.50038
-95.9679 -2.80365 172.027 6.99998 7.50038
-115.16 -3.3639 166.429 6.99999 7.50038
-134.352 -3.92397 160.829 6.99999 7.50038
-153.544 -4.48394 155.228 6.99999 7.50038
-172.735 -5.04387 149.626 7 7.50038
-191.926 -5.60376 144.023 7 7.50038
-0.000278102 -8.38392e-06 200 6.99998 7.50038
-19.1943 -0.560873 194.407 6.99998 7.50038
-38.3882 -1.12173 188.814 6.99998 7.50038
-57.5818 -1.68253 183.22 6.99998 7.50038
-76.7751 -2.24319 177.624 6.99998 7.50038
-95.9679 -2.80365 172.027 6.99998 7.50038
-115.16 -3.3639 166.429 6.99999 7.50038
-134.352 -3.92397 160.829 6.99999 7.50038
-153.544 -4.48394 155.228 6.99999 7.50038
-172.735 -5.04387 149.626 7 7.50038
-191.926 -5.60376 144.023 7 7.50038
