3.89703e-05 -2.22491e-05 200 6.99999 6.46032
6.6714 -3.30282 218.563 6.99999 6.46032
13.343 -6.60567 237.126 6.99999 6.46032
20.0148 -9.90862 255.689 6.99999 6.46032
26.687 -13.2117 274.252 6.99999 6.46032
33.3596 -16.515 292.814 6.99999 6.46032
40.0324 -19.8186 311.377 6.99999 6.46032
46.7054 -23.1224 329.939 7 6.46032
53.3786 -26.4266 348.501 7 6.46032
60.0515 -29.731 367.063 7 6.46032
66.7241 -33.0357 385.625 7 6.46032
3.89703e-05 -2.22491e-05 200 6.99999 6.46032
6.6714 -3.30282 218.563 6.99999 6.46032
13.343 -6.60567 237.126 6.99999 6.46032
20.0148 -9.90862 255.689 6.99999 6.46032
26.687 -13.2117 274.252 6.99999 6.46032
33.3596 -16.515 292.814 6.99999 6.46032
40.0324 -19.8186 311.377 6.99999 6.46032
46.7054 -23.1224 329.939 7 6.46032
53.3786 -26.4266 348.501 7 6.46032
60.0515 -29.731 367.063 7 6.46032
66.7241 -33.0357 385.625 7 6.46032
3.89703e-05 -2.22491e-05 200 6.99999 6.46032
6.6714 -3.30282 218.563 6.99999 6.46032
13.343 -6.60567 237.126 6.99999 6.46032
20.0148 -9.90862 255.689 6.99999 6.46032
26.687 -13.2117 274.252 6.99999 6.46032
33.3596 -16.515 292.814 6.99999 6.46032
40.0324 -19.8186 311.377 6.99999 6.46032
46.7054 -23.1224 329.939 7 6.46032
53.3786 -26.4266 348.501 7 6.46032
60.0515 -29.731 367.063 7 6.46032
66.7241 -33.0357 385.625 7 6.46032
3.89703e-05 -2.22491e-05 200 6.99999 6.46032
6.6714 -3.30282 218.563 6.99999 6.46032
13.343 -6.60567 237.126 6.99999 6.46032
20.0148 -9.90862 255.689 6.99999 6.46032
26.687 -13.2117 274.252 6.99999 6.46032
33.3596 -16.515 292.814 6.99999 6.46032
40.0324 -19.8186 311.377 6.99999 6.46032
46.7054 -23.1224 329.939 7 6.46032
53.3786 -26.4266 348.501 7 6.46032
60.0515 -29.731 367.063 7 6.46032
66.7241 -33.0357 385.625 7 6.46032
3.89703e-05 -2.22491e-05 200 6.99999 6.46032
6.6714 -3.30282 218.563 6.99999 6.46032
13.343 -6.60567 237.126 6.99999 6.46032
20.0148 -9.90862 255.689 6.99999 6.46032
26.687 -13.2117 274.252 6.99999 6.46032
33.3596 -16.515 292.814 6.99999 6.46032
40.0324 -19.8186 311.377 6.99999 6.46032
46.7054 -23.1224 329.939 7 6.46032
53.3786 -26.4266 348.501 7 6.46032
60.0515 -29.731 367.063 7 6.46032
66.7241 -33.0357 385.625 7 6.46032
3.89703e-05 -2.22491e-05 200 6.99999 6.46032
6.6714 -3.30282 218.563 6.99999 6.46032
13.343 -6.60567 237.126 6.99999 6.46032
20.0148 -9.90862 255.689 6.99999 6.46032
26.687 -13.2117 274.252 6.99999 6.46032
33.3596 -16.515 292.814 6.99999 6.46032
40.0324 -19.8186 311.377 6.99999 6.46032
46.7054 -23.1224 329.939 7 6.46032
53.3786 -26.4266 348.501 7 6.46032
60.0515 -29.731 367.063 7 6.46032
66.7241 -33.0357 385.625 7 6.46032
