-2.15096e-05 2.76642e-05 200 7 2.92015
-3.63162 -2.03181 219.562 7 2.92015
-7.26305 -4.0641 239.125 7 2.92015
-10.8946 -6.09674 258.687 7 2.92015
-14.5264 -8.1297 278.249 7 2.92015
-18.1587 -10.163 297.811 7 2.92015
-21.7916 -12.1966 317.373 7 2.92015
-25.4253 -14.2301 336.935 7 2.92015
-29.0597 -16.2633 356.496 7 2.92015
-32.6946 -18.2962 376.058 7 2.92015
-36.33 -20.3288 395.619 7 2.92015
-2.15096e-05 2.76642e-05 200 7 2.92015
-3.63162 -2.03181 219.562 7 2.92015
-7.26305 -4.0641 239.125 7 2.92015
-10.8946 -6.09674 258.687 7 2.92015
-14.5264 -8.1297 278.249 7 2.92015
-18.1587 -10.163 297.811 7 2.92015
-21.7916 -12.1966 317.373 7 2.92015
-25.4253 -14.2301 336.935 7 2.92015
-29.0597 -16.2633 356.496 7 2.92015
-32.6946 -18.2962 376.058 7 2.92015
-36.33 -20.3288 395.619 7 2.92015
-2.15096e-05 2.76642e-05 200 7 2.92015
-3.63162 -2.03181 219.562 7 2.92015
-7.26305 -4.0641 239.125 7 2.92015
-10.8946 -6.09674 258.687 7 2.92015
-14.5264 -8.1297 278.249 7 2.92015
-18.1587 -10.163 297.811 7 2.92015
-21.7916 -12.1966 317.373 7 2.92015
-25.4253 -14.2301 336.935 7 2.92015
-29.0597 -16.2633 356.496 7 2.92015
-32.6946 -18.2962 376.058 7 2.92015
-36.33 -20.3288 395.619 7 2.92015
-2.15096e-05 2.76642e-05 200 7 2.92015
-3.63162 -2.03181 219.562 7 2.92015
-7.26305 -4.0641 239.125 7 2.92015
-10.8946 -6.09674 258.687 7 2.92015
-14.5264 -8.1297 278.249 7 2.92015
-18.1587 -10.163 297.811 7 2.92015
-21.7916 -12.1966 317.373 7 2.92015
-25.4253 -14.2301 336.935 7 2.92015
-29.0597 -16.2633 356.496 7 2.92015
-32.6946 -18.2962 376.058 7 2.92015
-36.33 -20.3288 395.619 7 2.92015
-2.15096e-05 2.76642e-05 200 7 2.92015
-3.63162 -2.03181 219.562 7 2.92015
-7.26305 -4.0641 239.125 7 2.92015
-10.8946 -6.09674 258.687 7 2.92015
-14.5264 -8.1297 278.249 7 2.92015
-18.1587 -10.163 297.811 7 2.92015
-21.7916 -12.1966 317.373 7 2.92015
-25.4253 -14.2301 336.935 7 2.92015
-29.0597 -16.2633 356.496 7 2.92015
-32.6946 -18.2962 376.058 7 2.92015
-36.33 -20.3288 395.619 7 2.92015
-2.15096e-05 2.76642e-05 200 7 2.92015
-3.63162 -2.03181 219.562 7 2.92015
-7.26305 -4.0641 239.125 7 2.92015
-10.8946 -6.09674 258.687 7 2.92015
-14.5264 -8.1297 278.249 7 2.92015
-18.1587 -10.163 297.811 7 2.92015
-21.7916 -12.1966 317.373 7 2.92015
-25.4253 -14.2301 336.935 7 2.92015
-29.0597 -16.2633 356.496 7 2.92015
-32.6946 -18.2962 376.058 7 2.92015
-36.33 -20.3288 395.619 7 2.92015
