-0.000263203 -4.77405e-06 200 6.99998 7.38037
-19.9547 -1.33646 199.799 6.99998 7.38037
-39.909 -2.67311 199.597 6.99998 7.38037
-59.8634 -4.01018 199.396 6.99998 7.38037
-79.8177 -5.34782 199.195 6.99998 7.38037
-99.772 -6.68603 198.995 6.99999 7.38037
-119.726 -8.02472 198.795 6.99999 7.38037
-139.68 -9.36376 198.594 6.99999 7.38037
-159.635 -10.703 198.393 6.99999 7.38037
-179.589 -12.0422 198.192 7 7.38037
-199.543 -13.3815 197.989 7 7.38037
-0.000263203 -4.77405e-06 200 6.99998 7.38037
-19.9547 -1.33646 199.799 6.99998 7.38037
-39.909 -2.67311 199.597 6.99998 7.38037
-59.8634 -4.01018 199.396 6.99998 7.38037
-79.8177 -5.34782 199.195 6.99998 7.38037
-99.772 -6.68603 198.995 6.99999 7.38037
-119.726 -8.02472 198.795 6.99999 7.38037
-139.68 -9.36376 198.594 6.99999 7.38037
-159.635 -10.703 198.393 6.99999 7.38037
-179.589 -12.0422 198.192 7 7.38037
-199.543 -13.3815 197.989 7 7.38037
-0.000263203 -4.77405e-06 200 6.99998 7.38037
-19.9547 -1.33646 199.799 6.99998 7.38037
-39.909 -2.67311 199.597 6.99998 7.38037
-59.8634 -4.01018 199.396 6.99998 7.38037
-79.8177 -5.34782 199.195 6.99998 7.38037
-99.772 -6.68603 198.995 6.99999 7.38037
-119.726 -8.02472 198.795 6.99999 7.38037
-139.68 -9.36376 198.594 6.99999 7.38037
-159.635 -10.703 198.393 6.99999 7.38037
-179.589 -12.0422 198.192 7 7.38037
-199.543 -13.3815 197.989 7 7.38037
-0.000263203 -4.77405e-06 200 6.99998 7.38037
-19.9547 -1.33646 199.799 6.99998 7.38037
-39.909 -2.67311 199.597 6.99998 7.38037
-59.8634 -4.01018 199.396 6.99998 7.38037
-79.8177 -5.34782 199.195 6.99998 7.38037
-99.772 -6.68603 198.995 6.99999 7.38037
-119.726 -8.02472 198.795 6.99999 7.38037
-139.68 -9.36376 198.594 6.99999 7.38037
-159.635 -10.703 198.393 6.99999 7.38037
-179.589 -12.0422 198.192 7 7.38037
-199.543 -13.3815 197.989 7 7.38037
-0.000263203 -4.77405e-06 200 6.99998 7.38037
-19.9547 -1.33646 199.799 6.99998 7.38037
-39.909 -2.67311 199.597 6.99998 7.38037
-59.8634 -4.01018 199.396 6.99998 7.38037
-79.8177 -5.34782 199.195 6.99998 7.38037
-99.772 -6.68603 198.995 6.99999 7.38037
-119.726 -8.02472 198.795 6.99999 7.38037
-139.68 -9.36376 198.594 6.99999 7.38037
-159.635 -10.703 198.393 6.99999 7.38037
-179.589 -12.0422 198.192 7 7.38037
-199.543 -13.3815 197.989 7 7.38037
-0.000263203 -4.77405e-06 200 6.99998 7.38037
-19.9547 -1.33646 199.799 6.99998 7.38037
-39.909 -2.67311 199.597 6.99998 7.38037
-59.8634 -4.01018 199.396 6.99998 7.38037
-79.8177 -5.34782 199.195 6.99998 7.38037
-99.772 -6.68603 198.995 6.99999 7.38037
-119.726 -8.02472 198.795 6.99999 7.38037
-139.68 -9.36376 198.594 6.99999 7.38037
-159.635 -10.703 198.393 6.99999 7.38037
-179.589 -12.0422 198.192 7 7.38037
-199.543 -13.3815 197.989 7 7.38037
