-1.39118e-06 -4.27307e-05 200 6.99999 6.78034
-5.63705 -3.66259 218.837 6.99999 6.78034
-11.2748 -7.32502 237.673 6.99999 6.78034
-16.9141 -10.9873 256.509 6.99999 6.78034
-22.5551 -14.6494 275.344 6.99999 6.78034
-28.1982 -18.3115 294.179 6.99999 6.78034
-33.8433 -21.9738 313.013 6.99999 6.78034
-39.4902 -25.6361 331.846 6.99999 6.78034
-45.1387 -29.2985 350.68 7 6.78034
-50.7881 -32.961 369.512 7 6.78034
-56.4378 -36.6237 388.345 7 6.78034
-1.39118e-06 -4.27307e-05 200 6.99999 6.78034
-5.63705 -3.66259 218.837 6.99999 6.78034
-11.2748 -7.32502 237.673 6.99999 6.78034
-16.9141 -10.9873 256.509 6.99999 6.78034
-22.5551 -14.6494 275.344 6.99999 6.78034
-28.1982 -18.3115 294.179 6.99999 6.78034
-33.8433 -21.9738 313.013 6.99999 6.78034
-39.4902 -25.6361 331.846 6.99999 6.78034
-45.1387 -29.2985 350.68 7 6.78034
-50.7881 -32.961 369.512 7 6.78034
-56.4378 -36.6237 388.345 7 6.78034
-1.39118e-06 -4.27307e-05 200 6.99999 6.78034
-5.63705 -3.66259 218.837 6.99999 6.78034
-11.2748 -7.32502 237.673 6.99999 6.78034
-16.9141 -10.9873 256.509 6.99999 6.78034
-22.5551 -14.6494 275.344 6.99999 6.78034
-28.1982 -18.3115 294.179 6.99999 6.78034
-33.8433 -21.9738 313.013 6.99999 6.78034
-39.4902 -25.6361 331.846 6.99999 6.78034
-45.1387 -29.2985 350.68 7 6.78034
-50.7881 -32.961 369.512 7 6.78034
-56.4378 -36.6237 388.345 7 6.78034
-1.39118e-06 -4.27307e-05 200 6.99999 6.78034
-5.63705 -3.66259 218.837 6.99999 6.78034
-11.2748 -7.32502 237.673 6.99999 6.78034
-16.9141 -10.9873 256.509 6.99999 6.78034
-22.5551 -14.6494 275.344 6.99999 6.78034
-28.1982 -18.3115 294.179 6.99999 6.78034
-33.8433 -21.9738 313.013 6.99999 6.78034
-39.4902 -25.6361 331.846 6.99999 6.78034
-45.1387 -29.2985 350.68 7 6.78034
-50.7881 -32.961 369.512 7 6.78034
-56.4378 -36.6237 388.345 7 6.78034
-1.39118e-06 -4.27307e-05 200 6.99999 6.78034
-5.63705 -3.66259 218.837 6.99999 6.78034
-11.2748 -7.32502 237.673 6.99999 6.78034
-16.9141 -10.9873 256.509 6.99999 6.78034
-22.5551 -14.6494 275.344 6.99999 6.78034
-28.1982 -18.3115 294.179 6.99999 6.78034
-33.8433 -21.9738 313.013 6.99999 6.78034
-39.4902 -25.6361 331.846 6.99999 6.78034
-45.1387 -29.2985 350.68 7 6.78034
-50.7881 -32.961 369.512 7 6.78034
-56.4378 -36.6237 388.345 7 6.78034
-1.39118e-06 -4.27307e-05 200 6.99999 6.78034
-5.63705 -3.66259 218.837 6.99999 6.78034
-11.2748 -7.32502 237.673 6.99999 6.78034
-16.9141 -10.9873 256.509 6.99999 6.78034
-22.5551 -14.6494 275.344 6.99999 6.78034
-28.1982 -18.3115 294.179 6.99999 6.78034
-33.8433 -21.9738 313.013 6.99999 6.78034
-39.4902 -25.6361 331.846 6.99999 6.78034
-45.1387 -29.2985 350.68 7 6.78034
-50.7881 -32.961 369.512 7 6.78034
-56.4378 -36.6237 388.345 7 6.78034
