-0.000162634 2.56787e-05 200 6.99997 7.88039
-7.27621 1.6604 181.444 6.99997 7.88039
-14.5517 3.32082 162.888 6.99997 7.88039
-21.8261 4.98134 144.332 6.99998 7.88039
-29.099 6.64203 125.775 6.99998 7.88039
-36.37 8.3029 107.218 6.99998 7.88039
-43.6394 9.96383 88.66 6.99998 7.88039
-50.9071 11.6249 70.1013 6.99999 7.88039
-58.1735 13.286 51.5421 6.99999 7.88039
-65.4388 14.9472 32.9826 6.99999 7.88039
-72.7036 16.6085 14.4228 7 7.88039
-0.000162634 2.56787e-05 200 6.99997 7.88039
-7.27621 1.6604 181.444 6.99997 7.88039
-14.5517 3.32082 162.888 6.99997 7.88039
-21.8261 4.98134 144.332 6.99998 7.88039
-29.099 6.64203 125.775 6.99998 7.88039
-36.37 8.3029 107.218 6.99998 7.88039
-43.6394 9.96383 88.66 6.99998 7.88039
-50.9071 11.6249 70.1013 6.99999 7.88039
-58.1735 13.286 51.5421 6.99999 7.88039
-65.4388 14.9472 32.9826 6.99999 7.88039
-72.7036 16.6085 14.4228 7 7.88039
-0.000162634 2.56787e-05 200 6.99997 7.88039
-7.27621 1.6604 181.444 6.99997 7.88039
-14.5517 3.32082 162.888 6.99997 7.88039
-21.8261 4.98134 144.332 6.99998 7.88039
-29.099 6.64203 125.775 6.99998 7.88039
-36.37 8.3029 107.218 6.99998 7.88039
-43.6394 9.96383 88.66 6.99998 7.88039
-50.9071 11.6249 70.1013 6.99999 7.88039
-58.1735 13.286 51.5421 6.99999 7.88039
-65.4388 14.9472 32.9826 6.99999 7.88039
-72.7036 16.6085 14.4228 7 7.88039
-0.000162634 2.56787e-05 200 6.99997 7.88039
-7.27621 1.6604 181.444 6.99997 7.88039
-14.5517 3.32082 162.888 6.99997 7.88039
-21.8261 4.98134 144.332 6.99998 7.88039
-29.099 6.64203 125.775 6.99998 7.88039
-36.37 8.3029 107.218 6.99998 7.88039
-43.6394 9.96383 88.66 6.99998 7.88039
-50.9071 11.6249 70.1013 6.99999 7.88039
-58.1735 13.286 51.5421 6.99999 7.88039
-65.4388 14.9472 32.9826 6.99999 7.88039
-72.7036 16.6085 14.4228 7 7.88039
-0.000162634 2.56787e-05 200 6.99997 7.88039
-7.27621 1.6604 181.444 6.99997 7.88039
-14.5517 3.32082 162.888 6.99997 7.88039
-21.8261 4.98134 144.332 6.99998 7.88039
-29.099 6.64203 125.775 6.99998 7.88039
-36.37 8.3029 107.218 6.99998 7.88039
-43.6394 9.96383 88.66 6.99998 7.88039
-50.9071 11.6249 70.1013 6.99999 7.88039
-58.1735 13.286 51.5421 6.99999 7.88039
-65.4388 14.9472 32.9826 6.99999 7.88039
-72.7036 16.6085 14.4228 7 7.88039
-0.000162634 2.56787e-05 200 6.99997 7.88039
-7.27621 1.6604 181.444 6.99997 7.88039
-14.5517 3.32082 162.888 6.99997 7.88039
-21.8261 4.98134 144.332 6.99998 7.88039
-29.099 6.64203 125.775 6.99998 7.88039
-36.37 8.3029 107.218 6.99998 7.88039
-43.6394 9.96383 88.66 6.99998 7.88039
-50.9071 11.6249 70.1013 6.99999 7.88039
-58.1735 13.286 51.5421 6.99999 7.88039
-65.4388 14.9472 32.9826 6.99999 7.88039
-72.7036 16.6085 14.4228 7 7.88039
