0.00020129 -2.72167e-05 200 6.99997 9.02045
10.196 -1.35958 217.153 6.99997 9.02045
20.3917 -2.71912 234.305 6.99997 9.02045
30.5874 -4.07867 251.458 6.99997 9.02045
40.7832 -5.43822 268.61 6.99997 9.02045
50.979 -6.79777 285.762 6.99998 9.02045
61.1749 -8.15736 302.915 6.99998 9.02045
71.3709 -9.51702 320.067 6.99998 9.02045
81.567 -10.8767 337.219 6.99999 9.02045
91.763 -12.2365 354.371 6.99999 9.02045
101.959 -13.5962 371.523 6.99999 9.02045
0.00020129 -2.72167e-05 200 6.99997 9.02045
10.196 -1.35958 217.153 6.99997 9.02045
20.3917 -2.71912 234.305 6.99997 9.02045
30.5874 -4.07867 251.458 6.99997 9.02045
40.7832 -5.43822 268.61 6.99997 9.02045
50.979 -6.79777 285.762 6.99998 9.02045
61.1749 -8.15736 302.915 6.99998 9.02045
71.3709 -9.51702 320.067 6.99998 9.02045
81.567 -10.8767 337.219 6.99999 9.02045
91.763 -12.2365 354.371 6.99999 9.02045
101.959 -13.5962 371.523 6.99999 9.02045
0.00020129 -2.72167e-05 200 6.99997 9.02045
10.196 -1.35958 217.153 6.99997 9.02045
20.3917 -2.71912 234.305 6.99997 9.02045
30.5874 -4.07867 251.458 6.99997 9.02045
40.7832 -5.43822 268.61 6.99997 9.02045
50.979 -6.79777 285.762 6.99998 9.02045
61.1749 -8.15736 302.915 6.99998 9.02045
71.3709 -9.51702 320.067 6.99998 9.02045
81.567 -10.8767 337.219 6.99999 9.02045
91.763 -12.2365 354.371 6.99999 9.02045
101.959 -13.5962 371.523 6.99999 9.02045
0.00020129 -2.72167e-05 200 6.99997 9.02045
10.196 -1.35958 217.153 6.99997 9.02045
20.3917 -2.71912 234.305 6.99997 9.02045
30.5874 -4.07867 251.458 6.99997 9.02045
40.7832 -5.43822 268.61 6.99997 9.02045
50.979 -6.79777 285.762 6.99998 9.02045
61.1749 -8.15736 302.915 6.99998 9.02045
71.3709 -9.51702 320.067 6.99998 9.02045
81.567 -10.8767 337.219 6.99999 9.02045
91.763 -12.2365 354.371 6.99999 9.02045
101.959 -13.5962 371.523 6.99999 9.02045
0.00020129 -2.72167e-05 200 6.99997 9.02045
10.196 -1.35958 217.153 6.99997 9.02045
20.3917 -2.71912 234.305 6.99997 9.02045
30.5874 -4.07867 251.458 6.99997 9.02045
40.7832 -5.43822 268.61 6.99997 9.02045
50.979 -6.79777 285.762 6.99998 9.02045
61.1749 -8.15736 302.915 6.99998 9.02045
71.3709 -9.51702 320.067 6.99998 9.02045
81.567 -10.8767 337.219 6.99999 9.02045
91.763 -12.2365 354.371 6.99999 9.02045
101.959 -13.5962 371.523 6.99999 9.02045
0.00020129 -2.72167e-05 200 6.99997 9.02045
10.196 -1.35958 217.153 6.99997 9.02045
20.3917 -2.71912 234.305 6.99997 9.02045
30.5874 -4.07867 251.458 6.99997 9.02045
40.7832 -5.43822 268.61 6.99997 9.02045
50.979 -6.79777 285.762 6.99998 9.02045
61.1749 -8.15736 302.915 6.99998 9.02045
71.3709 -9.51702 320.067 6.99998 9.02045
81.567 -10.8767 337.219 6.99999 9.02045
91.763 -12.2365 354.371 6.99999 9.02045
101.959 -13.5962 371.523 6.99999 9.02045
