-1.79048e-05 -2.07428e-05 200 7 0.720036
3.29684 -19.0591 194.912 7 0.720036
6.59397 -38.1179 189.824 7 0.720036
9.89158 -57.1766 184.736 7 0.720036
13.1898 -76.235 179.647 7 0.720036
16.4884 -95.2931 174.557 7 0.720036
19.7873 -114.351 169.465 7 0.720036
23.0864 -133.408 164.372 7 0.720036
26.386 -152.465 159.278 7 0.720036
29.6863 -171.522 154.185 7 0.720036
32.987 -190.578 149.091 7 0.720036
-1.79048e-05 -2.07428e-05 200 7 0.720036
3.29684 -19.0591 194.912 7 0.720036
6.59397 -38.1179 189.824 7 0.720036
9.89158 -57.1766 184.736 7 0.720036
13.1898 -76.235 179.647 7 0.720036
16.4884 -95.2931 174.557 7 0.720036
19.7873 -114.351 169.465 7 0.720036
23.0864 -133.408 164.372 7 0.720036
26.386 -152.465 159.278 7 0.720036
29.6863 -171.522 154.185 7 0.720036
32.987 -190.578 149.091 7 0.720036
-1.79048e-05 -2.07428e-05 200 7 0.720036
3.29684 -19.0591 194.912 7 0.720036
6.59397 -38.1179 189.824 7 0.720036
9.89158 -57.1766 184.736 7 0.720036
13.1898 -76.235 179.647 7 0.720036
16.4884 -95.2931 174.557 7 0.720036
19.7873 -114.351 169.465 7 0.720036
23.0864 -133.408 164.372 7 0.720036
26.386 -152.465 159.278 7 0.720036
29.6863 -171.522 154.185 7 0.720036
32.987 -190.578 149.091 7 0.720036
-1.79048e-05 -2.07428e-05 200 7 0.720036
3.29684 -19.0591 194.912 7 0.720036
6.59397 -38.1179 189.824 7 0.720036
9.89158 -57.1766 184.736 7 0.720036
13.1898 -76.235 179.647 7 0.720036
16.4884 -95.2931 174.557 7 0.720036
19.7873 -114.351 169.465 7 0.720036
23.0864 -133.408 164.372 7 0.720036
26.386 -152.465 159.278 7 0.720036
29.6863 -171.522 154.185 7 0.720036
32.987 -190.578 149.091 7 0.720036
-1.79048e-05 -2.07428e-05 200 7 0.720036
3.29684 -19.0591 194.912 7 0.720036
6.59397 -38.1179 189.824 7 0.720036
9.89158 -57.1766 184.736 7 0.720036
13.1898 -76.235 179.647 7 0.720036
16.4884 -95.2931 174.557 7 0.720036
19.7873 -114.351 169.465 7 0.720036
23.0864 -133.408 164.372 7 0.720036
26.386 -152.465 159.278 7 0.720036
29.6863 -171.522 154.185 7 0.720036
32.987 -190.578 149.091 7 0.720036
-1.79048e-05 -2.07428e-05 200 7 0.720036
3.29684 -19.0591 194.912 7 0.720036
6.59397 -38.1179 189.824 7 0.720036
9.89158 -57.1766 184.736 7 0.720036
13.1898 -76.235 179.647 7 0.720036
16.4884 -95.2931 174.557 7 0.720036
19.7873 -114.351 169.465 7 0.720036
23.0864 -133.408 164.372 7 0.720036
26.386 -152.465 159.278 7 0.720036
29.6863 -171.522 154.185 7 0.720036
32.987 -190.578 149.091 7 0.720036
