2.27979e-05 -3.57183e-05 200 7 0.860043
5.02144 -18.6223 194.709 7 0.860043
10.0426 -37.2443 189.416 7 0.860043
15.0632 -55.8657 184.121 7 0.860043
20.0831 -74.4865 178.823 7 0.860043
25.1022 -93.1064 173.522 7 0.860043
30.1208 -111.725 168.217 7 0.860043
35.1392 -130.344 162.909 7 0.860043
40.1579 -148.961 157.599 7 0.860043
45.1771 -167.579 152.288 7 0.860043
50.1965 -186.196 146.977 7 0.860043
2.27979e-05 -3.57183e-05 200 7 0.860043
5.02144 -18.6223 194.709 7 0.860043
10.0426 -37.2443 189.416 7 0.860043
15.0632 -55.8657 184.121 7 0.860043
20.0831 -74.4865 178.823 7 0.860043
25.1022 -93.1064 173.522 7 0.860043
30.1208 -111.725 168.217 7 0.860043
35.1392 -130.344 162.909 7 0.860043
40.1579 -148.961 157.599 7 0.860043
45.1771 -167.579 152.288 7 0.860043
50.1965 -186.196 146.977 7 0.860043
2.27979e-05 -3.57183e-05 200 7 0.860043
5.02144 -18.6223 194.709 7 0.860043
10.0426 -37.2443 189.416 7 0.860043
15.0632 -55.8657 184.121 7 0.860043
20.0831 -74.4865 178.823 7 0.860043
25.1022 -93.1064 173.522 7 0.860043
30.1208 -111.725 168.217 7 0.860043
35.1392 -130.344 162.909 7 0.860043
40.1579 -148.961 157.599 7 0.860043
45.1771 -167.579 152.288 7 0.860043
50.1965 -186.196 146.977 7 0.860043
2.27979e-05 -3.57183e-05 200 7 0.860043
5.02144 -18.6223 194.709 7 0.860043
10.0426 -37.2443 189.416 7 0.860043
15.0632 -55.8657 184.121 7 0.860043
20.0831 -74.4865 178.823 7 0.860043
25.1022 -93.1064 173.522 7 0.860043
30.1208 -111.725 168.217 7 0.860043
35.1392 -130.344 162.909 7 0.860043
40.1579 -148.961 157.599 7 0.860043
45.1771 -167.579 152.288 7 0.860043
50.1965 -186.196 146.977 7 0.860043
2.27979e-05 -3.57183e-05 200 7 0.860043
5.02144 -18.6223 194.709 7 0.860043
10.0426 -37.2443 189.416 7 0.860043
15.0632 -55.8657 184.121 7 0.860043
20.0831 -74.4865 178.823 7 0.860043
25.1022 -93.1064 173.522 7 0.860043
30.1208 -111.725 168.217 7 0.860043
35.1392 -130.344 162.909 7 0.860043
40.1579 -148.961 157.599 7 0.860043
45.1771 -167.579 152.288 7 0.860043
50.1965 -186.196 146.977 7 0.860043
2.27979e-05 -3.57183e-05 200 7 0.860043
5.02144 -18.6223 194.709 7 0.860043
10.0426 -37.2443 189.416 7 0.860043
15.0632 -55.8657 184.121 7 0.860043
20.0831 -74.4865 178.823 7 0.860043
25.1022 -93.1064 173.522 7 0.860043
30.1208 -111.725 168.217 7 0.860043
35.1392 -130.344 162.909 7 0.860043
40.1579 -148.961 157.599 7 0.860043
45.1771 -167.579 152.288 7 0.860043
50.1965 -186.196 146.977 7 0.860043
