0.000110611 1.25277e-06 200 6.99999 5.68028
19.6888 1.05886 196.648 6.99999 5.68028
39.3775 2.11779 193.296 6.99999 5.68028
59.0665 3.17682 189.946 6.99999 5.68028
78.7558 4.23588 186.597 6.99999 5.68028
98.4455 5.29486 183.252 6.99999 5.68028
118.136 6.3537 179.908 7 5.68028
137.826 7.4124 176.567 7 5.68028
157.517 8.471 173.227 7 5.68028
177.208 9.52959 169.889 7 5.68028
196.899 10.5882 166.551 7 5.68028
0.000110611 1.25277e-06 200 6.99999 5.68028
19.6888 1.05886 196.648 6.99999 5.68028
39.3775 2.11779 193.296 6.99999 5.68028
59.0665 3.17682 189.946 6.99999 5.68028
78.7558 4.23588 186.597 6.99999 5.68028
98.4455 5.29486 183.252 6.99999 5.68028
118.136 6.3537 179.908 7 5.68028
137.826 7.4124 176.567 7 5.68028
157.517 8.471 173.227 7 5.68028
177.208 9.52959 169.889 7 5.68028
196.899 10.5882 166.551 7 5.68028
0.000110611 1.25277e-06 200 6.99999 5.68028
19.6888 1.05886 196.648 6.99999 5.68028
39.3775 2.11779 193.296 6.99999 5.68028
59.0665 3.17682 189.946 6.99999 5.68028
78.7558 4.23588 186.597 6.99999 5.68028
98.4455 5.29486 183.252 6.99999 5.68028
118.136 6.3537 179.908 7 5.68028
137.826 7.4124 176.567 7 5.68028
157.517 8.471 173.227 7 5.68028
177.208 9.52959 169.889 7 5.68028
196.899 10.5882 166.551 7 5.68028
0.000110611 1.25277e-06 200 6.99999 5.68028
19.6888 1.05886 196.648 6.99999 5.68028
39.3775 2.11779 193.296 6.99999 5.68028
59.0665 3.17682 189.946 6.99999 5.68028
78.7558 4.23588 186.597 6.99999 5.68028
98.4455 5.29486 183.252 6.99999 5.68028
118.136 6.3537 179.908 7 5.68028
137.826 7.4124 176.567 7 5.68028
157.517 8.471 173.227 7 5.68028
177.208 9.52959 169.889 7 5.68028
196.899 10.5882 166.551 7 5.68028
0.000110611 1.25277e-06 200 6.99999 5.68028
19.6888 1.05886 196.648 6.99999 5.68028
39.3775 2.11779 193.296 6.99999 5.68028
59.0665 3.17682 189.946 6.99999 5.68028
78.7558 4.23588 186.597 6.99999 5.68028
98.4455 5.29486 183.252 6.99999 5.68028
118.136 6.3537 179.908 7 5.68028
137.826 7.4124 176.567 7 5.68028
157.517 8.471 173.227 7 5.68028
177.208 9.52959 169.889 7 5.68028
196.899 10.5882 166.551 7 5.68028
0.000110611 1.25277e-06 200 6.99999 5.68028
19.6888 1.05886 196.648 6.99999 5.68028
39.3775 2.11779 193.296 6.99999 5.68028
59.0665 3.17682 189.946 6.99999 5.68028
78.7558 4.23588 186.597 6.99999 5.68028
98.4455 5.29486 183.252 6.99999 5.68028
118.136 6.3537 179.908 7 5.68028
137.826 7.4124 176.567 7 5.68028
157.517 8.471 173.227 7 5.68028
177.208 9.52959 169.889 7 5.68028
196.899 10.5882 166.551 7 5.68028
