0.000138672 -1.34061e-05 200 6.99999 6.0003
18.5392 -1.116 207.42 6.99999 6.0003
37.0781 -2.2319 214.841 6.99999 6.0003
55.6167 -3.3477 222.262 6.99999 6.0003
74.1547 -4.46346 229.685 6.99999 6.0003
92.6921 -5.57922 237.11 6.99999 6.0003
111.229 -6.69505 244.536 6.99999 6.0003
129.765 -7.81099 251.963 7 6.0003
148.301 -8.92707 259.392 7 6.0003
166.836 -10.0433 266.822 7 6.0003
185.371 -11.1596 274.252 7 6.0003
0.000138672 -1.34061e-05 200 6.99999 6.0003
18.5392 -1.116 207.42 6.99999 6.0003
37.0781 -2.2319 214.841 6.99999 6.0003
55.6167 -3.3477 222.262 6.99999 6.0003
74.1547 -4.46346 229.685 6.99999 6.0003
92.6921 -5.57922 237.11 6.99999 6.0003
111.229 -6.69505 244.536 6.99999 6.0003
129.765 -7.81099 251.963 7 6.0003
148.301 -8.92707 259.392 7 6.0003
166.836 -10.0433 266.822 7 6.0003
185.371 -11.1596 274.252 7 6.0003
0.000138672 -1.34061e-05 200 6.99999 6.0003
18.5392 -1.116 207.42 6.99999 6.0003
37.0781 -2.2319 214.841 6.99999 6.0003
55.6167 -3.3477 222.262 6.99999 6.0003
74.1547 -4.46346 229.685 6.99999 6.0003
92.6921 -5.57922 237.11 6.99999 6.0003
111.229 -6.69505 244.536 6.99999 6.0003
129.765 -7.81099 251.963 7 6.0003
148.301 -8.92707 259.392 7 6.0003
166.836 -10.0433 266.822 7 6.0003
185.371 -11.1596 274.252 7 6.0003
0.000138672 -1.34061e-05 200 6.99999 6.0003
18.5392 -1.116 207.42 6.99999 6.0003
37.0781 -2.2319 214.841 6.99999 6.0003
55.6167 -3.3477 222.262 6.99999 6.0003
74.1547 -4.46346 229.685 6.99999 6.0003
92.6921 -5.57922 237.11 6.99999 6.0003
111.229 -6.69505 244.536 6.99999 6.0003
129.765 -7.81099 251.963 7 6.0003
148.301 -8.92707 259.392 7 6.0003
166.836 -10.0433 266.822 7 6.0003
185.371 -11.1596 274.252 7 6.0003
0.000138672 -1.34061e-05 200 6.99999 6.0003
18.5392 -1.116 207.42 6.99999 6.0003
37.0781 -2.2319 214.841 6.99999 6.0003
55.6167 -3.3477 222.262 6.99999 6.0003
74.1547 -4.46346 229.685 6.99999 6.0003
92.6921 -5.57922 237.11 6.99999 6.0003
111.229 -6.69505 244.536 6.99999 6.0003
129.765 -7.81099 251.963 7 6.0003
148.301 -8.92707 259.392 7 6.0003
166.836 -10.0433 266.822 7 6.0003
185.371 -11.1596 274.252 7 6.0003
0.000138672 -1.34061e-05 200 6.99999 6.0003
18.5392 -1.116 207.42 6.99999 6.0003
37.0781 -2.2319 214.841 6.99999 6.0003
55.6167 -3.3477 222.262 6.99999 6.0003
74.1547 -4.46346 229.685 6.99999 6.0003
92.6921 -5.57922 237.11 6.99999 6.0003
111.229 -6.69505 244.536 6.99999 6.0003
129.765 -7.81099 251.963 7 6.0003
148.301 -8.92707 259.392 7 6.0003
166.836 -10.0433 266.822 7 6.0003
185.371 -11.1596 274.252 7 6.0003
