4.98103e-05 -5.93301e-05 200 7 3.04015
-6.65447 -0.85533 218.841 7 3.04015
-13.31 -1.70979 237.682 7 3.04015
-19.9673 -2.56268 256.522 7 3.04015
-26.6268 -3.41348 275.362 7 3.04015
-33.2888 -4.26181 294.2 7 3.04015
-39.9533 -5.10767 313.038 7 3.04015
-46.62 -5.95137 331.876 7 3.04015
-53.2884 -6.79327 350.713 7 3.04015
-59.9579 -7.63405 369.549 7 3.04015
-66.6281 -8.47436 388.385 7 3.04015
4.98103e-05 -5.93301e-05 200 7 3.04015
-6.65447 -0.85533 218.841 7 3.04015
-13.31 -1.70979 237.682 7 3.04015
-19.9673 -2.56268 256.522 7 3.04015
-26.6268 -3.41348 275.362 7 3.04015
-33.2888 -4.26181 294.2 7 3.04015
-39.9533 -5.10767 313.038 7 3.04015
-46.62 -5.95137 331.876 7 3.04015
-53.2884 -6.79327 350.713 7 3.04015
-59.9579 -7.63405 369.549 7 3.04015
-66.6281 -8.47436 388.385 7 3.04015
4.98103e-05 -5.93301e-05 200 7 3.04015
-6.65447 -0.85533 218.841 7 3.04015
-13.31 -1.70979 237.682 7 3.04015
-19.9673 -2.56268 256.522 7 3.04015
-26.6268 -3.41348 275.362 7 3.04015
-33.2888 -4.26181 294.2 7 3.04015
-39.9533 -5.10767 313.038 7 3.04015
-46.62 -5.95137 331.876 7 3.04015
-53.2884 -6.79327 350.713 7 3.04015
-59.9579 -7.63405 369.549 7 3.04015
-66.6281 -8.47436 388.385 7 3.04015
4.98103e-05 -5.93301e-05 200 7 3.04015
-6.65447 -0.85533 218.841 7 3.04015
-13.31 -1.70979 237.682 7 3.04015
-19.9673 -2.56268 256.522 7 3.04015
-26.6268 -3.41348 275.362 7 3.04015
-33.2888 -4.26181 294.2 7 3.04015
-39.9533 -5.10767 313.038 7 3.04015
-46.62 -5.95137 331.876 7 3.04015
-53.2884 -6.79327 350.713 7 3.04015
-59.9579 -7.63405 369.549 7 3.04015
-66.6281 -8.47436 388.385 7 3.04015
4.98103e-05 -5.93301e-05 200 7 3.04015
-6.65447 -0.85533 218.841 7 3.04015
-13.31 -1.70979 237.682 7 3.04015
-19.9673 -2.56268 256.522 7 3.04015
-26.6268 -3.41348 275.362 7 3.04015
-33.2888 -4.26181 294.2 7 3.04015
-39.9533 -5.10767 313.038 7 3.04015
-46.62 -5.95137 331.876 7 3.04015
-53.2884 -6.79327 350.713 7 3.04015
-59.9579 -7.63405 369.549 7 3.04015
-66.6281 -8.47436 388.385 7 3.04015
4.98103e-05 -5.93301e-05 200 7 3.04015
-6.65447 -0.85533 218.841 7 3.04015
-13.31 -1.70979 237.682 7 3.04015
-19.9673 -2.56268 256.522 7 3.04015
-26.6268 -3.41348 275.362 7 3.04015
-33.2888 -4.26181 294.2 7 3.04015
-39.9533 -5.10767 313.038 7 3.04015
-46.62 -5.95137 331.876 7 3.04015
-53.2884 -6.79327 350.713 7 3.04015
-59.9579 -7.63405 369.549 7 3.04015
-66.6281 -8.47436 388.385 7 3.04015
