4.64085e-05 2.58174e-05 200 6.99999 5.10026
8.18162 4.91688 182.425 6.99999 5.10026
16.3631 9.83375 164.849 6.99999 5.10026
24.5447 14.7507 147.274 6.99999 5.10026
32.7266 19.6678 129.699 6.99999 5.10026
40.909 24.585 112.125 6.99999 5.10026
49.0919 29.5024 94.5501 7 5.10026
57.2755 34.42 76.9761 7 5.10026
65.4598 39.3378 59.4025 7 5.10026
73.645 44.2556 41.8293 7 5.10026
81.8307 49.1736 24.2564 7 5.10026
4.64085e-05 2.58174e-05 200 6.99999 5.10026
8.18162 4.91688 182.425 6.99999 5.10026
16.3631 9.83375 164.849 6.99999 5.10026
24.5447 14.7507 147.274 6.99999 5.10026
32.7266 19.6678 129.699 6.99999 5.10026
40.909 24.585 112.125 6.99999 5.10026
49.0919 29.5024 94.5501 7 5.10026
57.2755 34.42 76.9761 7 5.10026
65.4598 39.3378 59.4025 7 5.10026
73.645 44.2556 41.8293 7 5.10026
81.8307 49.1736 24.2564 7 5.10026
4.64085e-05 2.58174e-05 200 6.99999 5.10026
8.18162 4.91688 182.425 6.99999 5.10026
16.3631 9.83375 164.849 6.99999 5.10026
24.5447 14.7507 147.274 6.99999 5.10026
32.7266 19.6678 129.699 6.99999 5.10026
40.909 24.585 112.125 6.99999 5.10026
49.0919 29.5024 94.5501 7 5.10026
57.2755 34.42 76.9761 7 5.10026
65.4598 39.3378 59.4025 7 5.10026
73.645 44.2556 41.8293 7 5.10026
81.8307 49.1736 24.2564 7 5.10026
4.64085e-05 2.58174e-05 200 6.99999 5.10026
8.18162 4.91688 182.425 6.99999 5.10026
16.3631 9.83375 164.849 6.99999 5.10026
24.5447 14.7507 147.274 6.99999 5.10026
32.7266 19.6678 129.699 6.99999 5.10026
40.909 24.585 112.125 6.99999 5.10026
49.0919 29.5024 94.5501 7 5.10026
57.2755 34.42 76.9761 7 5.10026
65.4598 39.3378 59.4025 7 5.10026
73.645 44.2556 41.8293 7 5.10026
81.8307 49.1736 24.2564 7 5.10026
4.64085e-05 2.58174e-05 200 6.99999 5.10026
8.18162 4.91688 182.425 6.99999 5.10026
16.3631 9.83375 164.849 6.99999 5.10026
24.5447 14.7507 147.274 6.99999 5.10026
32.7266 19.6678 129.699 6.99999 5.10026
40.909 24.585 112.125 6.99999 5.10026
49.0919 29.5024 94.5501 7 5.10026
57.2755 34.42 76.9761 7 5.10026
65.4598 39.3378 59.4025 7 5.10026
73.645 44.2556 41.8293 7 5.10026
81.8307 49.1736 24.2564 7 5.10026
4.64085e-05 2.58174e-05 200 6.99999 5.10026
8.18162 4.91688 182.425 6.99999 5.10026
16.3631 9.83375 164.849 6.99999 5.10026
24.5447 14.7507 147.274 6.99999 5.10026
32.7266 19.6678 129.699 6.99999 5.10026
40.909 24.585 112.125 6.99999 5.10026
49.0919 29.5024 94.5501 7 5.10026
57.2755 34.42 76.9761 7 5.10026
65.4598 39.3378 59.4025 7 5.10026
73.645 44.2556 41.8293 7 5.10026
81.8307 49.1736 24.2564 7 5.10026
