-4.80262e-05 -4.15073e-05 200 6.99999 6.84034
-7.92196 -3.5999 218.008 6.99999 6.84034
-15.8443 -7.19965 236.016 6.99999 6.84034
-23.7673 -10.7993 254.024 6.99999 6.84034
-31.6911 -14.3988 272.031 6.99999 6.84034
-39.6161 -17.9983 290.037 6.99999 6.84034
-47.5423 -21.5979 308.044 6.99999 6.84034
-55.4694 -25.1978 326.049 6.99999 6.84034
-63.3974 -28.7978 344.054 7 6.84034
-71.3262 -32.3978 362.059 7 6.84034
-79.2556 -35.9979 380.064 7 6.84034
-4.80262e-05 -4.15073e-05 200 6.99999 6.84034
-7.92196 -3.5999 218.008 6.99999 6.84034
-15.8443 -7.19965 236.016 6.99999 6.84034
-23.7673 -10.7993 254.024 6.99999 6.84034
-31.6911 -14.3988 272.031 6.99999 6.84034
-39.6161 -17.9983 290.037 6.99999 6.84034
-47.5423 -21.5979 308.044 6.99999 6.84034
-55.4694 -25.1978 326.049 6.99999 6.84034
-63.3974 -28.7978 344.054 7 6.84034
-71.3262 -32.3978 362.059 7 6.84034
-79.2556 -35.9979 380.064 7 6.84034
-4.80262e-05 -4.15073e-05 200 6.99999 6.84034
-7.92196 -3.5999 218.008 6.99999 6.84034
-15.8443 -7.19965 236.016 6.99999 6.84034
-23.7673 -10.7993 254.024 6.99999 6.84034
-31.6911 -14.3988 272.031 6.99999 6.84034
-39.6161 -17.9983 290.037 6.99999 6.84034
-47.5423 -21.5979 308.044 6.99999 6.84034
-55.4694 -25.1978 326.049 6.99999 6.84034
-63.3974 -28.7978 344.054 7 6.84034
-71.3262 -32.3978 362.059 7 6.84034
-79.2556 -35.9979 380.064 7 6.84034
-4.80262e-05 -4.15073e-05 200 6.99999 6.84034
-7.92196 -3.5999 218.008 6.99999 6.84034
-15.8443 -7.19965 236.016 6.99999 6.84034
-23.7673 -10.7993 254.024 6.99999 6.84034
-31.6911 -14.3988 272.031 6.99999 6.84034
-39.6161 -17.9983 290.037 6.99999 6.84034
-47.5423 -21.5979 308.044 6.99999 6.84034
-55.4694 -25.1978 326.049 6.99999 6.84034
-63.3974 -28.7978 344.054 7 6.84034
-71.3262 -32.3978 362.059 7 6.84034
-79.2556 -35.9979 380.064 7 6.84034
-4.80262e-05 -4.15073e-05 200 6.99999 6.84034
-7.92196 -3.5999 218.008 6.99999 6.84034
-15.8443 -7.19965 236.016 6.99999 6.84034
-23.7673 -10.7993 254.024 6.99999 6.84034
-31.6911 -14.3988 272.031 6.99999 6.84034
-39.6161 -17.9983 290.037 6.99999 6.84034
-47.5423 -21.5979 308.044 6.99999 6.84034
-55.4694 -25.1978 326.049 6.99999 6.84034
-63.3974 -28.7978 344.054 7 6.84034
-71.3262 -32.3978 362.059 7 6.84034
-79.2556 -35.9979 380.064 7 6.84034
-4.80262e-05 -4.15073e-05 200 6.99999 6.84034
-7.92196 -3.5999 218.008 6.99999 6.84034
-15.8443 -7.19965 236.016 6.99999 6.84034
-23.7673 -10.7993 254.024 6.99999 6.84034
-31.6911 -14.3988 272.031 6.99999 6.84034
-39.6161 -17.9983 290.037 6.99999 6.84034
-47.5423 -21.5979 308.044 6.99999 6.84034
-55.4694 -25.1978 326.049 6.99999 6.84034
-63.3974 -28.7978 344.054 7 6.84034
-71.3262 -32.3978 362.059 7 6.84034
-79.2556 -35.9979 380.064 7 6.84034
