4.60715e-05 -3.40064e-05 200 6.99997 9.18046
2.81822 -1.79981 219.719 6.99997 9.18046
5.63647 -3.59957 239.438 6.99997 9.18046
8.45502 -5.3993 259.156 6.99997 9.18046
11.274 -7.19905 278.875 6.99998 9.18046
14.0934 -8.99876 298.593 6.99998 9.18046
16.9129 -10.7984 318.312 6.99998 9.18046
19.7324 -12.5979 338.03 6.99998 9.18046
22.5519 -14.3972 357.748 6.99999 9.18046
25.3714 -16.1964 377.467 6.99999 9.18046
28.1908 -17.9954 397.185 6.99999 9.18046
4.60715e-05 -3.40064e-05 200 6.99997 9.18046
2.81822 -1.79981 219.719 6.99997 9.18046
5.63647 -3.59957 239.438 6.99997 9.18046
8.45502 -5.3993 259.156 6.99997 9.18046
11.274 -7.19905 278.875 6.99998 9.18046
14.0934 -8.99876 298.593 6.99998 9.18046
16.9129 -10.7984 318.312 6.99998 9.18046
19.7324 -12.5979 338.03 6.99998 9.18046
22.5519 -14.3972 357.748 6.99999 9.18046
25.3714 -16.1964 377.467 6.99999 9.18046
28.1908 -17.9954 397.185 6.99999 9.18046
4.60715e-05 -3.40064e-05 200 6.99997 9.18046
2.81822 -1.79981 219.719 6.99997 9.18046
5.63647 -3.59957 239.438 6.99997 9.18046
8.45502 -5.3993 259.156 6.99997 9.18046
11.274 -7.19905 278.875 6.99998 9.18046
14.0934 -8.99876 298.593 6.99998 9.18046
16.9129 -10.7984 318.312 6.99998 9.18046
19.7324 -12.5979 338.03 6.99998 9.18046
22.5519 -14.3972 357.748 6.99999 9.18046
25.3714 -16.1964 377.467 6.99999 9.18046
28.1908 -17.9954 397.185 6.99999 9.18046
4.60715e-05 -3.40064e-05 200 6.99997 9.18046
2.81822 -1.79981 219.719 6.99997 9.18046
5.63647 -3.59957 239.438 6.99997 9.18046
8.45502 -5.3993 259.156 6.99997 9.18046
11.274 -7.19905 278.875 6.99998 9.18046
14.0934 -8.99876 298.593 6.99998 9.18046
16.9129 -10.7984 318.312 6.99998 9.18046
19.7324 -12.5979 338.03 6.99998 9.18046
22.5519 -14.3972 357.748 6.99999 9.18046
25.3714 -16.1964 377.467 6.99999 9.18046
28.1908 -17.9954 397.185 6.99999 9.18046
4.60715e-05 -3.40064e-05 200 6.99997 9.18046
2.81822 -1.79981 219.719 6.99997 9.18046
5.63647 -3.59957 239.438 6.99997 9.18046
8.45502 -5.3993 259.156 6.99997 9.18046
11.274 -7.19905 278.875 6.99998 9.18046
14.0934 -8.99876 298.593 6.99998 9.18046
16.9129 -10.7984 318.312 6.99998 9.18046
19.7324 -12.5979 338.03 6.99998 9.18046
22.5519 -14.3972 357.748 6.99999 9.18046
25.3714 -16.1964 377.467 6.99999 9.18046
28.1908 -17.9954 397.185 6.99999 9.18046
4.60715e-05 -3.40064e-05 200 6.99997 9.18046
2.81822 -1.79981 219.719 6.99997 9.18046
5.63647 -3.59957 239.438 6.99997 9.18046
8.45502 -5.3993 259.156 6.99997 9.18046
11.274 -7.19905 278.875 6.99998 9.18046
14.0934 -8.99876 298.593 6.99998 9.18046
16.9129 -10.7984 318.312 6.99998 9.18046
19.7324 -12.5979 338.03 6.99998 9.18046
22.5519 -14.3972 357.748 6.99999 9.18046
25.3714 -16.1964 377.467 6.99999 9.18046
28.1908 -17.9954 397.185 6.99999 9.18046
