3.0405e-05 1.09126e-05 200 7 2.0001
13.4084 -11.2995 209.62 7 2.0001
26.8167 -22.5995 219.239 7 2.0001
40.2249 -33.9004 228.857 7 2.0001
53.6332 -45.2023 238.474 7 2.0001
67.0415 -56.5055 248.089 7 2.0001
80.45 -67.8103 257.703 7 2.0001
93.8584 -79.1166 267.314 7 2.0001
107.267 -90.424 276.925 7 2.0001
120.674 -101.732 286.535 7 2.0001
134.082 -113.041 296.145 7 2.0001
3.0405e-05 1.09126e-05 200 7 2.0001
13.4084 -11.2995 209.62 7 2.0001
26.8167 -22.5995 219.239 7 2.0001
40.2249 -33.9004 228.857 7 2.0001
53.6332 -45.2023 238.474 7 2.0001
67.0415 -56.5055 248.089 7 2.0001
80.45 -67.8103 257.703 7 2.0001
93.8584 -79.1166 267.314 7 2.0001
107.267 -90.424 276.925 7 2.0001
120.674 -101.732 286.535 7 2.0001
134.082 -113.041 296.145 7 2.0001
3.0405e-05 1.09126e-05 200 7 2.0001
13.4084 -11.2995 209.62 7 2.0001
26.8167 -22.5995 219.239 7 2.0001
40.2249 -33.9004 228.857 7 2.0001
53.6332 -45.2023 238.474 7 2.0001
67.0415 -56.5055 248.089 7 2.0001
80.45 -67.8103 257.703 7 2.0001
93.8584 -79.1166 267.314 7 2.0001
107.267 -90.424 276.925 7 2.0001
120.674 -101.732 286.535 7 2.0001
134.082 -113.041 296.145 7 2.0001
3.0405e-05 1.09126e-05 200 7 2.0001
13.4084 -11.2995 209.62 7 2.0001
26.8167 -22.5995 219.239 7 2.0001
40.2249 -33.9004 228.857 7 2.0001
53.6332 -45.2023 238.474 7 2.0001
67.0415 -56.5055 248.089 7 2.0001
80.45 -67.8103 257.703 7 2.0001
93.8584 -79.1166 267.314 7 2.0001
107.267 -90.424 276.925 7 2.0001
120.674 -101.732 286.535 7 2.0001
134.082 -113.041 296.145 7 2.0001
3.0405e-05 1.09126e-05 200 7 2.0001
13.4084 -11.2995 209.62 7 2.0001
26.8167 -22.5995 219.239 7 2.0001
40.2249 -33.9004 228.857 7 2.0001
53.6332 -45.2023 238.474 7 2.0001
67.0415 -56.5055 248.089 7 2.0001
80.45 -67.8103 257.703 7 2.0001
93.8584 -79.1166 267.314 7 2.0001
107.267 -90.424 276.925 7 2.0001
120.674 -101.732 286.535 7 2.0001
134.082 -113.041 296.145 7 2.0001
3.0405e-05 1.09126e-05 200 7 2.0001
13.4084 -11.2995 209.62 7 2.0001
26.8167 -22.5995 219.239 7 2.0001
40.2249 -33.9004 228.857 7 2.0001
53.6332 -45.2023 238.474 7 2.0001
67.0415 -56.5055 248.089 7 2.0001
80.45 -67.8103 257.703 7 2.0001
93.8584 -79.1166 267.314 7 2.0001
107.267 -90.424 276.925 7 2.0001
120.674 -101.732 286.535 7 2.0001
134.082 -113.041 296.145 7 2.0001
