-1.23367e-05 -6.79392e-06 200 7 1.06005
7.70488 -17.8362 195.256 7 1.06005
15.4101 -35.6727 190.514 7 1.06005
23.1161 -53.5099 185.775 7 1.06005
30.8232 -71.3478 181.041 7 1.06005
38.5315 -89.1867 176.313 7 1.06005
46.2412 -107.026 171.59 7 1.06005
53.9523 -124.867 166.872 7 1.06005
61.6649 -142.708 162.158 7 1.06005
69.3785 -160.549 157.446 7 1.06005
77.0927 -178.39 152.736 7 1.06005
-1.23367e-05 -6.79392e-06 200 7 1.06005
7.70488 -17.8362 195.256 7 1.06005
15.4101 -35.6727 190.514 7 1.06005
23.1161 -53.5099 185.775 7 1.06005
30.8232 -71.3478 181.041 7 1.06005
38.5315 -89.1867 176.313 7 1.06005
46.2412 -107.026 171.59 7 1.06005
53.9523 -124.867 166.872 7 1.06005
61.6649 -142.708 162.158 7 1.06005
69.3785 -160.549 157.446 7 1.06005
77.0927 -178.39 152.736 7 1.06005
-1.23367e-05 -6.79392e-06 200 7 1.06005
7.70488 -17.8362 195.256 7 1.06005
15.4101 -35.6727 190.514 7 1.06005
23.1161 -53.5099 185.775 7 1.06005
30.8232 -71.3478 181.041 7 1.06005
38.5315 -89.1867 176.313 7 1.06005
46.2412 -107.026 171.59 7 1.06005
53.9523 -124.867 166.872 7 1.06005
61.6649 -142.708 162.158 7 1.06005
69.3785 -160.549 157.446 7 1.06005
77.0927 -178.39 152.736 7 1.06005
-1.23367e-05 -6.79392e-06 200 7 1.06005
7.70488 -17.8362 195.256 7 1.06005
15.4101 -35.6727 190.514 7 1.06005
23.1161 -53.5099 185.775 7 1.06005
30.8232 -71.3478 181.041 7 1.06005
38.5315 -89.1867 176.313 7 1.06005
46.2412 -107.026 171.59 7 1.06005
53.9523 -124.867 166.872 7 1.06005
61.6649 -142.708 162.158 7 1.06005
69.3785 -160.549 157.446 7 1.06005
77.0927 -178.39 152.736 7 1.06005
-1.23367e-05 -6.79392e-06 200 7 1.06005
7.70488 -17.8362 195.256 7 1.06005
15.4101 -35.6727 190.514 7 1.06005
23.1161 -53.5099 185.775 7 1.06005
30.8232 -71.3478 181.041 7 1.06005
38.5315 -89.1867 176.313 7 1.06005
46.2412 -107.026 171.59 7 1.06005
53.9523 -124.867 166.872 7 1.06005
61.6649 -142.708 162.158 7 1.06005
69.3785 -160.549 157.446 7 1.06005
77.0927 -178.39 152.736 7 1.06005
-1.23367e-05 -6.79392e-06 200 7 1.06005
7.70488 -17.8362 195.256 7 1.06005
15.4101 -35.6727 190.514 7 1.06005
23.1161 -53.5099 185.775 7 1.06005
30.8232 -71.3478 181.041 7 1.06005
38.5315 -89.1867 176.313 7 1.06005
46.2412 -107.026 171.59 7 1.06005
53.9523 -124.867 166.872 7 1.06005
61.6649 -142.708 162.158 7 1.06005
69.3785 -160.549 157.446 7 1.06005
77.0927 -178.39 152.736 7 1.06005
