-6.00656e-05 1.79396e-05 200 6.99999 3.54018
-16.8885 3.50046 210.126 6.99999 3.54018
-33.777 7.00083 220.251 6.99999 3.54018
-50.6655 10.5008 230.377 7 3.54018
-67.5539 13.9998 240.503 7 3.54018
-84.4423 17.4978 250.63 7 3.54018
-101.331 20.995 260.757 7 3.54018
-118.219 24.4915 270.884 7 3.54018
-135.107 27.9876 281.012 7 3.54018
-151.995 31.4834 291.139 7 3.54018
-168.883 34.9792 301.267 7 3.54018
-6.00656e-05 1.79396e-05 200 6.99999 3.54018
-16.8885 3.50046 210.126 6.99999 3.54018
-33.777 7.00083 220.251 6.99999 3.54018
-50.6655 10.5008 230.377 7 3.54018
-67.5539 13.9998 240.503 7 3.54018
-84.4423 17.4978 250.63 7 3.54018
-101.331 20.995 260.757 7 3.54018
-118.219 24.4915 270.884 7 3.54018
-135.107 27.9876 281.012 7 3.54018
-151.995 31.4834 291.139 7 3.54018
-168.883 34.9792 301.267 7 3.54018
-6.00656e-05 1.79396e-05 200 6.99999 3.54018
-16.8885 3.50046 210.126 6.99999 3.54018
-33.777 7.00083 220.251 6.99999 3.54018
-50.6655 10.5008 230.377 7 3.54018
-67.5539 13.9998 240.503 7 3.54018
-84.4423 17.4978 250.63 7 3.54018
-101.331 20.995 260.757 7 3.54018
-118.219 24.4915 270.884 7 3.54018
-135.107 27.9876 281.012 7 3.54018
-151.995 31.4834 291.139 7 3.54018
-168.883 34.9792 301.267 7 3.54018
-6.00656e-05 1.79396e-05 200 6.99999 3.54018
-16.8885 3.50046 210.126 6.99999 3.54018
-33.777 7.00083 220.251 6.99999 3.54018
-50.6655 10.5008 230.377 7 3.54018
-67.5539 13.9998 240.503 7 3.54018
-84.4423 17.4978 250.63 7 3.54018
-101.331 20.995 260.757 7 3.54018
-118.219 24.4915 270.884 7 3.54018
-135.107 27.9876 281.012 7 3.54018
-151.995 31.4834 291.139 7 3.54018
-168.883 34.9792 301.267 7 3.54018
-6.00656e-05 1.79396e-05 200 6.99999 3.54018
-16.8885 3.50046 210.126 6.99999 3.54018
-33.777 7.00083 220.251 6.99999 3.54018
-50.6655 10.5008 230.377 7 3.54018
-67.5539 13.9998 240.503 7 3.54018
-84.4423 17.4978 250.63 7 3.54018
-101.331 20.995 260.757 7 3.54018
-118.219 24.4915 270.884 7 3.54018
-135.107 27.9876 281.012 7 3.54018
-151.995 31.4834 291.139 7 3.54018
-168.883 34.9792 301.267 7 3.54018
-6.00656e-05 1.79396e-05 200 6.99999 3.54018
-16.8885 3.50046 210.126 6.99999 3.54018
-33.777 7.00083 220.251 6.99999 3.54018
-50.6655 10.5008 230.377 7 3.54018
-67.5539 13.9998 240.503 7 3.54018
-84.4423 17.4978 250.63 7 3.54018
-101.331 20.995 260.757 7 3.54018
-118.219 24.4915 270.884 7 3.54018
-135.107 27.9876 281.012 7 3.54018
-151.995 31.4834 291.139 7 3.54018
-168.883 34.9792 301.267 7 3.54018
