-5.35876e-05 5.71018e-05 200 6.99999 4.0802
-18.1262 6.43328 194.517 6.99999 4.0802
-36.2527 12.8661 189.036 6.99999 4.0802
-54.3797 19.2981 183.555 6.99999 4.0802
-72.5074 25.7292 178.075 7 4.0802
-90.636 32.1592 172.596 7 4.0802
-108.765 38.5881 167.119 7 4.0802
-126.895 45.0164 161.641 7 4.0802
-145.024 51.4442 156.164 7 4.0802
-163.154 57.8722 150.687 7 4.0802
-181.283 64.3004 145.21 7 4.0802
-5.35876e-05 5.71018e-05 200 6.99999 4.0802
-18.1262 6.43328 194.517 6.99999 4.0802
-36.2527 12.8661 189.036 6.99999 4.0802
-54.3797 19.2981 183.555 6.99999 4.0802
-72.5074 25.7292 178.075 7 4.0802
-90.636 32.1592 172.596 7 4.0802
-108.765 38.5881 167.119 7 4.0802
-126.895 45.0164 161.641 7 4.0802
-145.024 51.4442 156.164 7 4.0802
-163.154 57.8722 150.687 7 4.0802
-181.283 64.3004 145.21 7 4.0802
-5.35876e-05 5.71018e-05 200 6.99999 4.0802
-18.1262 6.43328 194.517 6.99999 4.0802
-36.2527 12.8661 189.036 6.99999 4.0802
-54.3797 19.2981 183.555 6.99999 4.0802
-72.5074 25.7292 178.075 7 4.0802
-90.636 32.1592 172.596 7 4.0802
-108.765 38.5881 167.119 7 4.0802
-126.895 45.0164 161.641 7 4.0802
-145.024 51.4442 156.164 7 4.0802
-163.154 57.8722 150.687 7 4.0802
-181.283 64.3004 145.21 7 4.0802
-5.35876e-05 5.71018e-05 200 6.99999 4.0802
-18.1262 6.43328 194.517 6.99999 4.0802
-36.2527 12.8661 189.036 6.99999 4.0802
-54.3797 19.2981 183.555 6.99999 4.0802
-72.5074 25.7292 178.075 7 4.0802
-90.636 32.1592 172.596 7 4.0802
-108.765 38.5881 167.119 7 4.0802
-126.895 45.0164 161.641 7 4.0802
-145.024 51.4442 156.164 7 4.0802
-163.154 57.8722 150.687 7 4.0802
-181.283 64.3004 145.21 7 4.0802
-5.35876e-05 5.71018e-05 200 6.99999 4.0802
-18.1262 6.43328 194.517 6.99999 4.0802
-36.2527 12.8661 189.036 6.99999 4.0802
-54.3797 19.2981 183.555 6.99999 4.0802
-72.5074 25.7292 178.075 7 4.0802
-90.636 32.1592 172.596 7 4.0802
-108.765 38.5881 167.119 7 4.0802
-126.895 45.0164 161.641 7 4.0802
-145.024 51.4442 156.164 7 4.0802
-163.154 57.8722 150.687 7 4.0802
-181.283 64.3004 145.21 7 4.0802
-5.35876e-05 5.71018e-05 200 6.99999 4.0802
-18.1262 6.43328 194.517 6.99999 4.0802
-36.2527 12.8661 189.036 6.99999 4.0802
-54.3797 19.2981 183.555 6.99999 4.0802
-72.5074 25.7292 178.075 7 4.0802
-90.636 32.1592 172.596 7 4.0802
-108.765 38.5881 167.119 7 4.0802
-126.895 45.0164 161.641 7 4.0802
-145.024 51.4442 156.164 7 4.0802
-163.154 57.8722 150.687 7 4.0802
-181.283 64.3004 145.21 7 4.0802
