6.6196e-05 1.80494e-05 200 6.99999 5.34027
14.6049 3.43838 186.776 6.99999 5.34027
29.2099 6.87676 173.552 6.99999 5.34027
43.8154 10.3152 160.328 6.99999 5.34027
58.4216 13.7537 147.106 6.99999 5.34027
73.0288 17.1925 133.884 6.99999 5.34027
87.6371 20.6315 120.664 7 5.34027
102.246 24.0709 107.445 7 5.34027
116.856 27.5107 94.2273 7 5.34027
131.467 30.9508 81.01 7 5.34027
146.078 34.391 67.7933 7 5.34027
6.6196e-05 1.80494e-05 200 6.99999 5.34027
14.6049 3.43838 186.776 6.99999 5.34027
29.2099 6.87676 173.552 6.99999 5.34027
43.8154 10.3152 160.328 6.99999 5.34027
58.4216 13.7537 147.106 6.99999 5.34027
73.0288 17.1925 133.884 6.99999 5.34027
87.6371 20.6315 120.664 7 5.34027
102.246 24.0709 107.445 7 5.34027
116.856 27.5107 94.2273 7 5.34027
131.467 30.9508 81.01 7 5.34027
146.078 34.391 67.7933 7 5.34027
6.6196e-05 1.80494e-05 200 6.99999 5.34027
14.6049 3.43838 186.776 6.99999 5.34027
29.2099 6.87676 173.552 6.99999 5.34027
43.8154 10.3152 160.328 6.99999 5.34027
58.4216 13.7537 147.106 6.99999 5.34027
73.0288 17.1925 133.884 6.99999 5.34027
87.6371 20.6315 120.664 7 5.34027
102.246 24.0709 107.445 7 5.34027
116.856 27.5107 94.2273 7 5.34027
131.467 30.9508 81.01 7 5.34027
146.078 34.391 67.7933 7 5.34027
6.6196e-05 1.80494e-05 200 6.99999 5.34027
14.6049 3.43838 186.776 6.99999 5.34027
29.2099 6.87676 173.552 6.99999 5.34027
43.8154 10.3152 160.328 6.99999 5.34027
58.4216 13.7537 147.106 6.99999 5.34027
73.0288 17.1925 133.884 6.99999 5.34027
87.6371 20.6315 120.664 7 5.34027
102.246 24.0709 107.445 7 5.34027
116.856 27.5107 94.2273 7 5.34027
131.467 30.9508 81.01 7 5.34027
146.078 34.391 67.7933 7 5.34027
6.6196e-05 1.80494e-05 200 6.99999 5.34027
14.6049 3.43838 186.776 6.99999 5.34027
29.2099 6.87676 173.552 6.99999 5.34027
43.8154 10.3152 160.328 6.99999 5.34027
58.4216 13.7537 147.106 6.99999 5.34027
73.0288 17.1925 133.884 6.99999 5.34027
87.6371 20.6315 120.664 7 5.34027
102.246 24.0709 107.445 7 5.34027
116.856 27.5107 94.2273 7 5.34027
131.467 30.9508 81.01 7 5.34027
146.078 34.391 67.7933 7 5.34027
6.6196e-05 1.80494e-05 200 6.99999 5.34027
14.6049 3.43838 186.776 6.99999 5.34027
29.2099 6.87676 173.552 6.99999 5.34027
43.8154 10.3152 160.328 6.99999 5.34027
58.4216 13.7537 147.106 6.99999 5.34027
73.0288 17.1925 133.884 6.99999 5.34027
87.6371 20.6315 120.664 7 5.34027
102.246 24.0709 107.445 7 5.34027
116.856 27.5107 94.2273 7 5.34027
131.467 30.9508 81.01 7 5.34027
146.078 34.391 67.7933 7 5.34027
