5.67759e-05 -4.09959e-05 200 7 2.52013
5.96626 -6.13711 218.076 7 2.52013
11.9319 -12.2738 236.152 7 2.52013
17.8964 -18.41 254.229 7 2.52013
23.8592 -24.5453 272.307 7 2.52013
29.8203 -30.6797 290.386 7 2.52013
35.7797 -36.8135 308.465 7 2.52013
41.7378 -42.9465 326.545 7 2.52013
47.6948 -49.079 344.625 7 2.52013
53.6512 -55.2115 362.706 7 2.52013
59.6073 -61.3443 380.787 7 2.52013
5.67759e-05 -4.09959e-05 200 7 2.52013
5.96626 -6.13711 218.076 7 2.52013
11.9319 -12.2738 236.152 7 2.52013
17.8964 -18.41 254.229 7 2.52013
23.8592 -24.5453 272.307 7 2.52013
29.8203 -30.6797 290.386 7 2.52013
35.7797 -36.8135 308.465 7 2.52013
41.7378 -42.9465 326.545 7 2.52013
47.6948 -49.079 344.625 7 2.52013
53.6512 -55.2115 362.706 7 2.52013
59.6073 -61.3443 380.787 7 2.52013
5.67759e-05 -4.09959e-05 200 7 2.52013
5.96626 -6.13711 218.076 7 2.52013
11.9319 -12.2738 236.152 7 2.52013
17.8964 -18.41 254.229 7 2.52013
23.8592 -24.5453 272.307 7 2.52013
29.8203 -30.6797 290.386 7 2.52013
35.7797 -36.8135 308.465 7 2.52013
41.7378 -42.9465 326.545 7 2.52013
47.6948 -49.079 344.625 7 2.52013
53.6512 -55.2115 362.706 7 2.52013
59.6073 -61.3443 380.787 7 2.52013
5.67759e-05 -4.09959e-05 200 7 2.52013
5.96626 -6.13711 218.076 7 2.52013
11.9319 -12.2738 236.152 7 2.52013
17.8964 -18.41 254.229 7 2.52013
23.8592 -24.5453 272.307 7 2.52013
29.8203 -30.6797 290.386 7 2.52013
35.7797 -36.8135 308.465 7 2.52013
41.7378 -42.9465 326.545 7 2.52013
47.6948 -49.079 344.625 7 2.52013
53.6512 -55.2115 362.706 7 2.52013
59.6073 -61.3443 380.787 7 2.52013
5.67759e-05 -4.09959e-05 200 7 2.52013
5.96626 -6.13711 218.076 7 2.52013
11.9319 -12.2738 236.152 7 2.52013
17.8964 -18.41 254.229 7 2.52013
23.8592 -24.5453 272.307 7 2.52013
29.8203 -30.6797 290.386 7 2.52013
35.7797 -36.8135 308.465 7 2.52013
41.7378 -42.9465 326.545 7 2.52013
47.6948 -49.079 344.625 7 2.52013
53.6512 -55.2115 362.706 7 2.52013
59.6073 -61.3443 380.787 7 2.52013
5.67759e-05 -4.09959e-05 200 7 2.52013
5.96626 -6.13711 218.076 7 2.52013
11.9319 -12.2738 236.152 7 2.52013
17.8964 -18.41 254.229 7 2.52013
23.8592 -24.5453 272.307 7 2.52013
29.8203 -30.6797 290.386 7 2.52013
35.7797 -36.8135 308.465 7 2.52013
41.7378 -42.9465 326.545 7 2.52013
47.6948 -49.079 344.625 7 2.52013
53.6512 -55.2115 362.706 7 2.52013
59.6073 -61.3443 380.787 7 2.52013
