3.7957e-05 1.69078e-05 200 7 1.70008
13.9144 -13.8874 203.679 7 1.70008
27.8286 -27.7753 207.356 7 1.70008
41.7424 -41.6642 211.031 7 1.70008
55.6557 -55.5544 214.703 7 1.70008
69.5685 -69.4458 218.372 7 1.70008
83.481 -83.3382 222.038 7 1.70008
97.3931 -97.2314 225.704 7 1.70008
111.305 -111.125 229.368 7 1.70008
125.216 -125.019 233.032 7 1.70008
139.128 -138.914 236.695 7 1.70008
3.7957e-05 1.69078e-05 200 7 1.70008
13.9144 -13.8874 203.679 7 1.70008
27.8286 -27.7753 207.356 7 1.70008
41.7424 -41.6642 211.031 7 1.70008
55.6557 -55.5544 214.703 7 1.70008
69.5685 -69.4458 218.372 7 1.70008
83.481 -83.3382 222.038 7 1.70008
97.3931 -97.2314 225.704 7 1.70008
111.305 -111.125 229.368 7 1.70008
125.216 -125.019 233.032 7 1.70008
139.128 -138.914 236.695 7 1.70008
3.7957e-05 1.69078e-05 200 7 1.70008
13.9144 -13.8874 203.679 7 1.70008
27.8286 -27.7753 207.356 7 1.70008
41.7424 -41.6642 211.031 7 1.70008
55.6557 -55.5544 214.703 7 1.70008
69.5685 -69.4458 218.372 7 1.70008
83.481 -83.3382 222.038 7 1.70008
97.3931 -97.2314 225.704 7 1.70008
111.305 -111.125 229.368 7 1.70008
125.216 -125.019 233.032 7 1.70008
139.128 -138.914 236.695 7 1.70008
3.7957e-05 1.69078e-05 200 7 1.70008
13.9144 -13.8874 203.679 7 1.70008
27.8286 -27.7753 207.356 7 1.70008
41.7424 -41.6642 211.031 7 1.70008
55.6557 -55.5544 214.703 7 1.70008
69.5685 -69.4458 218.372 7 1.70008
83.481 -83.3382 222.038 7 1.70008
97.3931 -97.2314 225.704 7 1.70008
111.305 -111.125 229.368 7 1.70008
125.216 -125.019 233.032 7 1.70008
139.128 -138.914 236.695 7 1.70008
3.7957e-05 1.69078e-05 200 7 1.70008
13.9144 -13.8874 203.679 7 1.70008
27.8286 -27.7753 207.356 7 1.70008
41.7424 -41.6642 211.031 7 1.70008
55.6557 -55.5544 214.703 7 1.70008
69.5685 -69.4458 218.372 7 1.70008
83.481 -83.3382 222.038 7 1.70008
97.3931 -97.2314 225.704 7 1.70008
111.305 -111.125 229.368 7 1.70008
125.216 -125.019 233.032 7 1.70008
139.128 -138.914 236.695 7 1.70008
3.7957e-05 1.69078e-05 200 7 1.70008
13.9144 -13.8874 203.679 7 1.70008
27.8286 -27.7753 207.356 7 1.70008
41.7424 -41.6642 211.031 7 1.70008
55.6557 -55.5544 214.703 7 1.70008
69.5685 -69.4458 218.372 7 1.70008
83.481 -83.3382 222.038 7 1.70008
97.3931 -97.2314 225.704 7 1.70008
111.305 -111.125 229.368 7 1.70008
125.216 -125.019 233.032 7 1.70008
139.128 -138.914 236.695 7 1.70008
