-6.87258e-05 4.6347e-05 200 6.99999 3.72019
-18.7157 4.72886 205.231 6.99999 3.72019
-37.4313 9.45726 210.463 6.99999 3.72019
-56.1469 14.1848 215.695 6.99999 3.72019
-74.8626 18.9111 220.928 7 3.72019
-93.5782 23.6363 226.163 7 3.72019
-112.294 28.3598 231.398 7 3.72019
-131.01 33.0818 236.635 7 3.72019
-149.725 37.8027 241.873 7 3.72019
-168.441 42.5232 247.111 7 3.72019
-187.157 47.2436 252.348 7 3.72019
-6.87258e-05 4.6347e-05 200 6.99999 3.72019
-18.7157 4.72886 205.231 6.99999 3.72019
-37.4313 9.45726 210.463 6.99999 3.72019
-56.1469 14.1848 215.695 6.99999 3.72019
-74.8626 18.9111 220.928 7 3.72019
-93.5782 23.6363 226.163 7 3.72019
-112.294 28.3598 231.398 7 3.72019
-131.01 33.0818 236.635 7 3.72019
-149.725 37.8027 241.873 7 3.72019
-168.441 42.5232 247.111 7 3.72019
-187.157 47.2436 252.348 7 3.72019
-6.87258e-05 4.6347e-05 200 6.99999 3.72019
-18.7157 4.72886 205.231 6.99999 3.72019
-37.4313 9.45726 210.463 6.99999 3.72019
-56.1469 14.1848 215.695 6.99999 3.72019
-74.8626 18.9111 220.928 7 3.72019
-93.5782 23.6363 226.163 7 3.72019
-112.294 28.3598 231.398 7 3.72019
-131.01 33.0818 236.635 7 3.72019
-149.725 37.8027 241.873 7 3.72019
-168.441 42.5232 247.111 7 3.72019
-187.157 47.2436 252.348 7 3.72019
-6.87258e-05 4.6347e-05 200 6.99999 3.72019
-18.7157 4.72886 205.231 6.99999 3.72019
-37.4313 9.45726 210.463 6.99999 3.72019
-56.1469 14.1848 215.695 6.99999 3.72019
-74.8626 18.9111 220.928 7 3.72019
-93.5782 23.6363 226.163 7 3.72019
-112.294 28.3598 231.398 7 3.72019
-131.01 33.0818 236.635 7 3.72019
-149.725 37.8027 241.873 7 3.72019
-168.441 42.5232 247.111 7 3.72019
-187.157 47.2436 252.348 7 3.72019
-6.87258e-05 4.6347e-05 200 6.99999 3.72019
-18.7157 4.72886 205.231 6.99999 3.72019
-37.4313 9.45726 210.463 6.99999 3.72019
-56.1469 14.1848 215.695 6.99999 3.72019
-74.8626 18.9111 220.928 7 3.72019
-93.5782 23.6363 226.163 7 3.72019
-112.294 28.3598 231.398 7 3.72019
-131.01 33.0818 236.635 7 3.72019
-149.725 37.8027 241.873 7 3.72019
-168.441 42.5232 247.111 7 3.72019
-187.157 47.2436 252.348 7 3.72019
-6.87258e-05 4.6347e-05 200 6.99999 3.72019
-18.7157 4.72886 205.231 6.99999 3.72019
-37.4313 9.45726 210.463 6.99999 3.72019
-56.1469 14.1848 215.695 6.99999 3.72019
-74.8626 18.9111 220.928 7 3.72019
-93.5782 23.6363 226.163 7 3.72019
-112.294 28.3598 231.398 7 3.72019
-131.01 33.0818 236.635 7 3.72019
-149.725 37.8027 241.873 7 3.72019
-168.441 42.5232 247.111 7 3.72019
-187.157 47.2436 252.348 7 3.72019
