-8.51387e-05 3.07385e-05 200 6.99997 7.9804
-2.39029 2.02258 180.246 6.99997 7.9804
-4.7799 4.0452 160.493 6.99997 7.9804
-7.16827 6.06807 140.739 6.99998 7.9804
-9.55481 8.09128 120.985 6.99998 7.9804
-11.9391 10.1149 101.231 6.99998 7.9804
-14.3212 12.1388 81.4764 6.99998 7.9804
-16.7012 14.1629 61.7219 6.99999 7.9804
-19.0793 16.1872 41.9671 6.99999 7.9804
-21.4559 18.2114 22.2122 6.99999 7.9804
-23.8318 20.2357 2.45727 7 7.9804
-8.51387e-05 3.07385e-05 200 6.99997 7.9804
-2.39029 2.02258 180.246 6.99997 7.9804
-4.7799 4.0452 160.493 6.99997 7.9804
-7.16827 6.06807 140.739 6.99998 7.9804
-9.55481 8.09128 120.985 6.99998 7.9804
-11.9391 10.1149 101.231 6.99998 7.9804
-14.3212 12.1388 81.4764 6.99998 7.9804
-16.7012 14.1629 61.7219 6.99999 7.9804
-19.0793 16.1872 41.9671 6.99999 7.9804
-21.4559 18.2114 22.2122 6.99999 7.9804
-23.8318 20.2357 2.45727 7 7.9804
-8.51387e-05 3.07385e-05 200 6.99997 7.9804
-2.39029 2.02258 180.246 6.99997 7.9804
-4.7799 4.0452 160.493 6.99997 7.9804
-7.16827 6.06807 140.739 6.99998 7.9804
-9.55481 8.09128 120.985 6.99998 7.9804
-11.9391 10.1149 101.231 6.99998 7.9804
-14.3212 12.1388 81.4764 6.99998 7.9804
-16.7012 14.1629 61.7219 6.99999 7.9804
-19.0793 16.1872 41.9671 6.99999 7.9804
-21.4559 18.2114 22.2122 6.99999 7.9804
-23.8318 20.2357 2.45727 7 7.9804
-8.51387e-05 3.07385e-05 200 6.99997 7.9804
-2.39029 2.02258 180.246 6.99997 7.9804
-4.7799 4.0452 160.493 6.99997 7.9804
-7.16827 6.06807 140.739 6.99998 7.9804
-9.55481 8.09128 120.985 6.99998 7.9804
-11.9391 10.1149 101.231 6.99998 7.9804
-14.3212 12.1388 81.4764 6.99998 7.9804
-16.7012 14.1629 61.7219 6.99999 7.9804
-19.0793 16.1872 41.9671 6.99999 7.9804
-21.4559 18.2114 22.2122 6.99999 7.9804
-23.8318 20.2357 2.45727 7 7.9804
-8.51387e-05 3.07385e-05 200 6.99997 7.9804
-2.39029 2.02258 180.246 6.99997 7.9804
-4.7799 4.0452 160.493 6.99997 7.9804
-7.16827 6.06807 140.739 6.99998 7.9804
-9.55481 8.09128 120.985 6.99998 7.9804
-11.9391 10.1149 101.231 6.99998 7.9804
-14.3212 12.1388 81.4764 6.99998 7.9804
-16.7012 14.1629 61.7219 6.99999 7.9804
-19.0793 16.1872 41.9671 6.99999 7.9804
-21.4559 18.2114 22.2122 6.99999 7.9804
-23.8318 20.2357 2.45727 7 7.9804
-8.51387e-05 3.07385e-05 200 6.99997 7.9804
-2.39029 2.02258 180.246 6.99997 7.9804
-4.7799 4.0452 160.493 6.99997 7.9804
-7.16827 6.06807 140.739 6.99998 7.9804
-9.55481 8.09128 120.985 6.99998 7.9804
-11.9391 10.1149 101.231 6.99998 7.9804
-14.3212 12.1388 81.4764 6.99998 7.9804
-16.7012 14.1629 61.7219 6.99999 7.9804
-19.0793 16.1872 41.9671 6.99999 7.9804
-21.4559 18.2114 22.2122 6.99999 7.9804
-23.8318 20.2357 2.45727 7 7.9804
