6.68129e-06 -2.47025e-05 200 7 1.36007
11.4692 -16.2721 198.082 7 1.36007
22.9386 -32.5442 196.166 7 1.36007
34.4082 -48.8165 194.252 7 1.36007
45.8779 -65.0891 192.342 7 1.36007
57.3479 -81.362 190.436 7 1.36007
68.8181 -97.6352 188.534 7 1.36007
80.2883 -113.909 186.635 7 1.36007
91.7584 -130.182 184.737 7 1.36007
103.228 -146.457 182.841 7 1.36007
114.698 -162.731 180.945 7 1.36007
6.68129e-06 -2.47025e-05 200 7 1.36007
11.4692 -16.2721 198.082 7 1.36007
22.9386 -32.5442 196.166 7 1.36007
34.4082 -48.8165 194.252 7 1.36007
45.8779 -65.0891 192.342 7 1.36007
57.3479 -81.362 190.436 7 1.36007
68.8181 -97.6352 188.534 7 1.36007
80.2883 -113.909 186.635 7 1.36007
91.7584 -130.182 184.737 7 1.36007
103.228 -146.457 182.841 7 1.36007
114.698 -162.731 180.945 7 1.36007
6.68129e-06 -2.47025e-05 200 7 1.36007
11.4692 -16.2721 198.082 7 1.36007
22.9386 -32.5442 196.166 7 1.36007
34.4082 -48.8165 194.252 7 1.36007
45.8779 -65.0891 192.342 7 1.36007
57.3479 -81.362 190.436 7 1.36007
68.8181 -97.6352 188.534 7 1.36007
80.2883 -113.909 186.635 7 1.36007
91.7584 -130.182 184.737 7 1.36007
103.228 -146.457 182.841 7 1.36007
114.698 -162.731 180.945 7 1.36007
6.68129e-06 -2.47025e-05 200 7 1.36007
11.4692 -16.2721 198.082 7 1.36007
22.9386 -32.5442 196.166 7 1.36007
34.4082 -48.8165 194.252 7 1.36007
45.8779 -65.0891 192.342 7 1.36007
57.3479 -81.362 190.436 7 1.36007
68.8181 -97.6352 188.534 7 1.36007
80.2883 -113.909 186.635 7 1.36007
91.7584 -130.182 184.737 7 1.36007
103.228 -146.457 182.841 7 1.36007
114.698 -162.731 180.945 7 1.36007
6.68129e-06 -2.47025e-05 200 7 1.36007
11.4692 -16.2721 198.082 7 1.36007
22.9386 -32.5442 196.166 7 1.36007
34.4082 -48.8165 194.252 7 1.36007
45.8779 -65.0891 192.342 7 1.36007
57.3479 -81.362 190.436 7 1.36007
68.8181 -97.6352 188.534 7 1.36007
80.2883 -113.909 186.635 7 1.36007
91.7584 -130.182 184.737 7 1.36007
103.228 -146.457 182.841 7 1.36007
114.698 -162.731 180.945 7 1.36007
6.68129e-06 -2.47025e-05 200 7 1.36007
11.4692 -16.2721 198.082 7 1.36007
22.9386 -32.5442 196.166 7 1.36007
34.4082 -48.8165 194.252 7 1.36007
45.8779 -65.0891 192.342 7 1.36007
57.3479 -81.362 190.436 7 1.36007
68.8181 -97.6352 188.534 7 1.36007
80.2883 -113.909 186.635 7 1.36007
91.7584 -130.182 184.737 7 1.36007
103.228 -146.457 182.841 7 1.36007
114.698 -162.731 180.945 7 1.36007
