-7.02874e-05 -3.25497e-05 200 6.99999 3.70019
-18.5771 4.59548 205.812 6.99999 3.70019
-37.1541 9.19171 211.623 6.99999 3.70019
-55.7313 13.7892 217.433 6.99999 3.70019
-74.3086 18.3887 223.241 7 3.70019
-92.8861 22.9906 229.046 7 3.70019
-111.464 27.5948 234.848 7 3.70019
-130.042 32.2009 240.648 7 3.70019
-148.62 36.8082 246.446 7 3.70019
-167.199 41.4165 252.243 7 3.70019
-185.777 46.0251 258.039 7 3.70019
-7.02874e-05 -3.25497e-05 200 6.99999 3.70019
-18.5771 4.59548 205.812 6.99999 3.70019
-37.1541 9.19171 211.623 6.99999 3.70019
-55.7313 13.7892 217.433 6.99999 3.70019
-74.3086 18.3887 223.241 7 3.70019
-92.8861 22.9906 229.046 7 3.70019
-111.464 27.5948 234.848 7 3.70019
-130.042 32.2009 240.648 7 3.70019
-148.62 36.8082 246.446 7 3.70019
-167.199 41.4165 252.243 7 3.70019
-185.777 46.0251 258.039 7 3.70019
-7.02874e-05 -3.25497e-05 200 6.99999 3.70019
-18.5771 4.59548 205.812 6.99999 3.70019
-37.1541 9.19171 211.623 6.99999 3.70019
-55.7313 13.7892 217.433 6.99999 3.70019
-74.3086 18.3887 223.241 7 3.70019
-92.8861 22.9906 229.046 7 3.70019
-111.464 27.5948 234.848 7 3.70019
-130.042 32.2009 240.648 7 3.70019
-148.62 36.8082 246.446 7 3.70019
-167.199 41.4165 252.243 7 3.70019
-185.777 46.0251 258.039 7 3.70019
-7.02874e-05 -3.25497e-05 200 6.99999 3.70019
-18.5771 4.59548 205.812 6.99999 3.70019
-37.1541 9.19171 211.623 6.99999 3.70019
-55.7313 13.7892 217.433 6.99999 3.70019
-74.3086 18.3887 223.241 7 3.70019
-92.8861 22.9906 229.046 7 3.70019
-111.464 27.5948 234.848 7 3.70019
-130.042 32.2009 240.648 7 3.70019
-148.62 36.8082 246.446 7 3.70019
-167.199 41.4165 252.243 7 3.70019
-185.777 46.0251 258.039 7 3.70019
-7.02874e-05 -3.25497e-05 200 6.99999 3.70019
-18.5771 4.59548 205.812 6.99999 3.70019
-37.1541 9.19171 211.623 6.99999 3.70019
-55.7313 13.7892 217.433 6.99999 3.70019
-74.3086 18.3887 223.241 7 3.70019
-92.8861 22.9906 229.046 7 3.70019
-111.464 27.5948 234.848 7 3.70019
-130.042 32.2009 240.648 7 3.70019
-148.62 36.8082 246.446 7 3.70019
-167.199 41.4165 252.243 7 3.70019
-185.777 46.0251 258.039 7 3.70019
-7.02874e-05 -3.25497e-05 200 6.99999 3.70019
-18.5771 4.59548 205.812 6.99999 3.70019
-37.1541 9.19171 211.623 6.99999 3.70019
-55.7313 13.7892 217.433 6.99999 3.70019
-74.3086 18.3887 223.241 7 3.70019
-92.8861 22.9906 229.046 7 3.70019
-111.464 27.5948 234.848 7 3.70019
-130.042 32.2009 240.648 7 3.70019
-148.62 36.8082 246.446 7 3.70019
-167.199 41.4165 252.243 7 3.70019
-185.777 46.0251 258.039 7 3.70019
