-0.000214221 -7.52628e-06 200 6.99998 9.84049
-19.0057 -0.587447 206.201 6.99998 9.84049
-38.0111 -1.17487 212.402 6.99998 9.84049
-57.0165 -1.76224 218.603 6.99998 9.84049
-76.0217 -2.34955 224.805 6.99999 9.84049
-95.0267 -2.93678 231.007 6.99999 9.84049
-114.032 -3.52401 237.21 6.99999 9.84049
-133.036 -4.11127 243.413 6.99999 9.84049
-152.041 -4.69861 249.616 6.99999 9.84049
-171.045 -5.28597 255.82 6.99999 9.84049
-190.05 -5.87331 262.024 7 9.84049
-0.000214221 -7.52628e-06 200 6.99998 9.84049
-19.0057 -0.587447 206.201 6.99998 9.84049
-38.0111 -1.17487 212.402 6.99998 9.84049
-57.0165 -1.76224 218.603 6.99998 9.84049
-76.0217 -2.34955 224.805 6.99999 9.84049
-95.0267 -2.93678 231.007 6.99999 9.84049
-114.032 -3.52401 237.21 6.99999 9.84049
-133.036 -4.11127 243.413 6.99999 9.84049
-152.041 -4.69861 249.616 6.99999 9.84049
-171.045 -5.28597 255.82 6.99999 9.84049
-190.05 -5.87331 262.024 7 9.84049
-0.000214221 -7.52628e-06 200 6.99998 9.84049
-19.0057 -0.587447 206.201 6.99998 9.84049
-38.0111 -1.17487 212.402 6.99998 9.84049
-57.0165 -1.76224 218.603 6.99998 9.84049
-76.0217 -2.34955 224.805 6.99999 9.84049
-95.0267 -2.93678 231.007 6.99999 9.84049
-114.032 -3.52401 237.21 6.99999 9.84049
-133.036 -4.11127 243.413 6.99999 9.84049
-152.041 -4.69861 249.616 6.99999 9.84049
-171.045 -5.28597 255.82 6.99999 9.84049
-190.05 -5.87331 262.024 7 9.84049
-0.000214221 -7.52628e-06 200 6.99998 9.84049
-19.0057 -0.587447 206.201 6.99998 9.84049
-38.0111 -1.17487 212.402 6.99998 9.84049
-57.0165 -1.76224 218.603 6.99998 9.84049
-76.0217 -2.34955 224.805 6.99999 9.84049
-95.0267 -2.93678 231.007 6.99999 9.84049
-114.032 -3.52401 237.21 6.99999 9.84049
-133.036 -4.11127 243.413 6.99999 9.84049
-152.041 -4.69861 249.616 6.99999 9.84049
-171.045 -5.28597 255.82 6.99999 9.84049
-190.05 -5.87331 262.024 7 9.84049
-0.000214221 -7.52628e-06 200 6.99998 9.84049
-19.0057 -0.587447 206.201 6.99998 9.84049
-38.0111 -1.17487 212.402 6.99998 9.84049
-57.0165 -1.76224 218.603 6.99998 9.84049
-76.0217 -2.34955 224.805 6.99999 9.84049
-95.0267 -2.93678 231.007 6.99999 9.84049
-114.032 -3.52401 237.21 6.99999 9.84049
-133.036 -4.11127 243.413 6.99999 9.84049
-152.041 -4.69861 249.616 6.99999 9.84049
-171.045 -5.28597 255.82 6.99999 9.84049
-190.05 -5.87331 262.024 7 9.84049
-0.000214221 -7.52628e-06 200 6.99998 9.84049
-19.0057 -0.587447 206.201 6.99998 9.84049
-38.0111 -1.17487 212.402 6.99998 9.84049
-57.0165 -1.76224 218.603 6.99998 9.84049
-76.0217 -2.34955 224.805 6.99999 9.84049
-95.0267 -2.93678 231.007 6.99999 9.84049
-114.032 -3.52401 237.21 6.99999 9.84049
-133.036 -4.11127 243.413 6.99999 9.84049
-152.041 -4.69861 249.616 6.99999 9.84049
-171.045 -5.28597 255.82 6.99999 9.84049
-190.05 -5.87331 262.024 7 9.84049
