-6.95906e-05 3.10966e-05 200 6.99999 4.44022
-11.7689 6.96635 185.407 6.99999 4.44022
-23.5376 13.9327 170.813 6.99999 4.44022
-35.3059 20.8992 156.219 6.99999 4.44022
-47.0735 27.8658 141.625 6.99999 4.44022
-58.8404 34.8327 127.031 7 4.44022
-70.6066 41.8 112.436 7 4.44022
-82.3721 48.7677 97.8401 7 4.44022
-94.1368 55.736 83.2444 7 4.44022
-105.901 62.7048 68.6486 7 4.44022
-117.665 69.6737 54.0529 7 4.44022
-6.95906e-05 3.10966e-05 200 6.99999 4.44022
-11.7689 6.96635 185.407 6.99999 4.44022
-23.5376 13.9327 170.813 6.99999 4.44022
-35.3059 20.8992 156.219 6.99999 4.44022
-47.0735 27.8658 141.625 6.99999 4.44022
-58.8404 34.8327 127.031 7 4.44022
-70.6066 41.8 112.436 7 4.44022
-82.3721 48.7677 97.8401 7 4.44022
-94.1368 55.736 83.2444 7 4.44022
-105.901 62.7048 68.6486 7 4.44022
-117.665 69.6737 54.0529 7 4.44022
-6.95906e-05 3.10966e-05 200 6.99999 4.44022
-11.7689 6.96635 185.407 6.99999 4.44022
-23.5376 13.9327 170.813 6.99999 4.44022
-35.3059 20.8992 156.219 6.99999 4.44022
-47.0735 27.8658 141.625 6.99999 4.44022
-58.8404 34.8327 127.031 7 4.44022
-70.6066 41.8 112.436 7 4.44022
-82.3721 48.7677 97.8401 7 4.44022
-94.1368 55.736 83.2444 7 4.44022
-105.901 62.7048 68.6486 7 4.44022
-117.665 69.6737 54.0529 7 4.44022
-6.95906e-05 3.10966e-05 200 6.99999 4.44022
-11.7689 6.96635 185.407 6.99999 4.44022
-23.5376 13.9327 170.813 6.99999 4.44022
-35.3059 20.8992 156.219 6.99999 4.44022
-47.0735 27.8658 141.625 6.99999 4.44022
-58.8404 34.8327 127.031 7 4.44022
-70.6066 41.8 112.436 7 4.44022
-82.3721 48.7677 97.8401 7 4.44022
-94.1368 55.736 83.2444 7 4.44022
-105.901 62.7048 68.6486 7 4.44022
-117.665 69.6737 54.0529 7 4.44022
-6.95906e-05 3.10966e-05 200 6.99999 4.44022
-11.7689 6.96635 185.407 6.99999 4.44022
-23.5376 13.9327 170.813 6.99999 4.44022
-35.3059 20.8992 156.219 6.99999 4.44022
-47.0735 27.8658 141.625 6.99999 4.44022
-58.8404 34.8327 127.031 7 4.44022
-70.6066 41.8 112.436 7 4.44022
-82.3721 48.7677 97.8401 7 4.44022
-94.1368 55.736 83.2444 7 4.44022
-105.901 62.7048 68.6486 7 4.44022
-117.665 69.6737 54.0529 7 4.44022
-6.95906e-05 3.10966e-05 200 6.99999 4.44022
-11.7689 6.96635 185.407 6.99999 4.44022
-23.5376 13.9327 170.813 6.99999 4.44022
-35.3059 20.8992 156.219 6.99999 4.44022
-47.0735 27.8658 141.625 6.99999 4.44022
-58.8404 34.8327 127.031 7 4.44022
-70.6066 41.8 112.436 7 4.44022
-82.3721 48.7677 97.8401 7 4.44022
-94.1368 55.736 83.2444 7 4.44022
-105.901 62.7048 68.6486 7 4.44022
-117.665 69.6737 54.0529 7 4.44022
