0.000158863 -1.32532e-05 200 6.99999 6.0803
17.2802 -1.60064 209.942 6.99999 6.0803
34.5597 -3.20124 219.885 6.99999 6.0803
51.8382 -4.80181 229.829 6.99999 6.0803
69.1155 -6.40245 239.776 6.99999 6.0803
86.3914 -8.00327 249.725 6.99999 6.0803
103.666 -9.60428 259.676 6.99999 6.0803
120.94 -11.2055 269.629 7 6.0803
138.212 -12.8069 279.583 7 6.0803
155.484 -14.4083 289.539 7 6.0803
172.756 -16.0098 299.495 7 6.0803
0.000158863 -1.32532e-05 200 6.99999 6.0803
17.2802 -1.60064 209.942 6.99999 6.0803
34.5597 -3.20124 219.885 6.99999 6.0803
51.8382 -4.80181 229.829 6.99999 6.0803
69.1155 -6.40245 239.776 6.99999 6.0803
86.3914 -8.00327 249.725 6.99999 6.0803
103.666 -9.60428 259.676 6.99999 6.0803
120.94 -11.2055 269.629 7 6.0803
138.212 -12.8069 279.583 7 6.0803
155.484 -14.4083 289.539 7 6.0803
172.756 -16.0098 299.495 7 6.0803
0.000158863 -1.32532e-05 200 6.99999 6.0803
17.2802 -1.60064 209.942 6.99999 6.0803
34.5597 -3.20124 219.885 6.99999 6.0803
51.8382 -4.80181 229.829 6.99999 6.0803
69.1155 -6.40245 239.776 6.99999 6.0803
86.3914 -8.00327 249.725 6.99999 6.0803
103.666 -9.60428 259.676 6.99999 6.0803
120.94 -11.2055 269.629 7 6.0803
138.212 -12.8069 279.583 7 6.0803
155.484 -14.4083 289.539 7 6.0803
172.756 -16.0098 299.495 7 6.0803
0.000158863 -1.32532e-05 200 6.99999 6.0803
17.2802 -1.60064 209.942 6.99999 6.0803
34.5597 -3.20124 219.885 6.99999 6.0803
51.8382 -4.80181 229.829 6.99999 6.0803
69.1155 -6.40245 239.776 6.99999 6.0803
86.3914 -8.00327 249.725 6.99999 6.0803
103.666 -9.60428 259.676 6.99999 6.0803
120.94 -11.2055 269.629 7 6.0803
138.212 -12.8069 279.583 7 6.0803
155.484 -14.4083 289.539 7 6.0803
172.756 -16.0098 299.495 7 6.0803
0.000158863 -1.32532e-05 200 6.99999 6.0803
17.2802 -1.60064 209.942 6.99999 6.0803
34.5597 -3.20124 219.885 6.99999 6.0803
51.8382 -4.80181 229.829 6.99999 6.0803
69.1155 -6.40245 239.776 6.99999 6.0803
86.3914 -8.00327 249.725 6.99999 6.0803
103.666 -9.60428 259.676 6.99999 6.0803
120.94 -11.2055 269.629 7 6.0803
138.212 -12.8069 279.583 7 6.0803
155.484 -14.4083 289.539 7 6.0803
172.756 -16.0098 299.495 7 6.0803
0.000158863 -1.32532e-05 200 6.99999 6.0803
17.2802 -1.60064 209.942 6.99999 6.0803
34.5597 -3.20124 219.885 6.99999 6.0803
51.8382 -4.80181 229.829 6.99999 6.0803
69.1155 -6.40245 239.776 6.99999 6.0803
86.3914 -8.00327 249.725 6.99999 6.0803
103.666 -9.60428 259.676 6.99999 6.0803
120.94 -11.2055 269.629 7 6.0803
138.212 -12.8069 279.583 7 6.0803
155.484 -14.4083 289.539 7 6.0803
172.756 -16.0098 299.495 7 6.0803
