-0.000249344 -1.45466e-05 200 6.99998 7.30037
-19.6326 -1.82591 203.353 6.99998 7.30037
-39.265 -3.65194 206.705 6.99998 7.30037
-58.8975 -5.47814 210.057 6.99998 7.30037
-78.53 -7.30456 213.409 6.99998 7.30037
-98.1625 -9.13123 216.76 6.99999 7.30037
-117.795 -10.9582 220.11 6.99999 7.30037
-137.428 -12.7856 223.46 6.99999 7.30037
-157.06 -14.6132 226.81 6.99999 7.30037
-176.693 -16.441 230.158 7 7.30037
-196.326 -18.2688 233.506 7 7.30037
-0.000249344 -1.45466e-05 200 6.99998 7.30037
-19.6326 -1.82591 203.353 6.99998 7.30037
-39.265 -3.65194 206.705 6.99998 7.30037
-58.8975 -5.47814 210.057 6.99998 7.30037
-78.53 -7.30456 213.409 6.99998 7.30037
-98.1625 -9.13123 216.76 6.99999 7.30037
-117.795 -10.9582 220.11 6.99999 7.30037
-137.428 -12.7856 223.46 6.99999 7.30037
-157.06 -14.6132 226.81 6.99999 7.30037
-176.693 -16.441 230.158 7 7.30037
-196.326 -18.2688 233.506 7 7.30037
-0.000249344 -1.45466e-05 200 6.99998 7.30037
-19.6326 -1.82591 203.353 6.99998 7.30037
-39.265 -3.65194 206.705 6.99998 7.30037
-58.8975 -5.47814 210.057 6.99998 7.30037
-78.53 -7.30456 213.409 6.99998 7.30037
-98.1625 -9.13123 216.76 6.99999 7.30037
-117.795 -10.9582 220.11 6.99999 7.30037
-137.428 -12.7856 223.46 6.99999 7.30037
-157.06 -14.6132 226.81 6.99999 7.30037
-176.693 -16.441 230.158 7 7.30037
-196.326 -18.2688 233.506 7 7.30037
-0.000249344 -1.45466e-05 200 6.99998 7.30037
-19.6326 -1.82591 203.353 6.99998 7.30037
-39.265 -3.65194 206.705 6.99998 7.30037
-58.8975 -5.47814 210.057 6.99998 7.30037
-78.53 -7.30456 213.409 6.99998 7.30037
-98.1625 -9.13123 216.76 6.99999 7.30037
-117.795 -10.9582 220.11 6.99999 7.30037
-137.428 -12.7856 223.46 6.99999 7.30037
-157.06 -14.6132 226.81 6.99999 7.30037
-176.693 -16.441 230.158 7 7.30037
-196.326 -18.2688 233.506 7 7.30037
-0.000249344 -1.45466e-05 200 6.99998 7.30037
-19.6326 -1.82591 203.353 6.99998 7.30037
-39.265 -3.65194 206.705 6.99998 7.30037
-58.8975 -5.47814 210.057 6.99998 7.30037
-78.53 -7.30456 213.409 6.99998 7.30037
-98.1625 -9.13123 216.76 6.99999 7.30037
-117.795 -10.9582 220.11 6.99999 7.30037
-137.428 -12.7856 223.46 6.99999 7.30037
-157.06 -14.6132 226.81 6.99999 7.30037
-176.693 -16.441 230.158 7 7.30037
-196.326 -18.2688 233.506 7 7.30037
-0.000249344 -1.45466e-05 200 6.99998 7.30037
-19.6326 -1.82591 203.353 6.99998 7.30037
-39.265 -3.65194 206.705 6.99998 7.30037
-58.8975 -5.47814 210.057 6.99998 7.30037
-78.53 -7.30456 213.409 6.99998 7.30037
-98.1625 -9.13123 216.76 6.99999 7.30037
-117.795 -10.9582 220.11 6.99999 7.30037
-137.428 -12.7856 223.46 6.99999 7.30037
-157.06 -14.6132 226.81 6.99999 7.30037
-176.693 -16.441 230.158 7 7.30037
-196.326 -18.2688 233.506 7 7.30037
