-4.90963e-05 4.16718e-05 200 6.99999 3.28016
-12.2759 1.38416 215.729 7 3.28016
-24.5515 2.76773 231.457 7 3.28016
-36.8267 4.14986 247.187 7 3.28016
-49.1011 5.5301 262.917 7 3.28016
-61.3749 6.90837 278.648 7 3.28016
-73.6479 8.28464 294.379 7 3.28016
-85.9203 9.65898 310.111 7 3.28016
-98.1921 11.0317 325.844 7 3.28016
-110.464 12.4036 341.577 7 3.28016
-122.735 13.7753 357.31 7 3.28016
-4.90963e-05 4.16718e-05 200 6.99999 3.28016
-12.2759 1.38416 215.729 7 3.28016
-24.5515 2.76773 231.457 7 3.28016
-36.8267 4.14986 247.187 7 3.28016
-49.1011 5.5301 262.917 7 3.28016
-61.3749 6.90837 278.648 7 3.28016
-73.6479 8.28464 294.379 7 3.28016
-85.9203 9.65898 310.111 7 3.28016
-98.1921 11.0317 325.844 7 3.28016
-110.464 12.4036 341.577 7 3.28016
-122.735 13.7753 357.31 7 3.28016
-4.90963e-05 4.16718e-05 200 6.99999 3.28016
-12.2759 1.38416 215.729 7 3.28016
-24.5515 2.76773 231.457 7 3.28016
-36.8267 4.14986 247.187 7 3.28016
-49.1011 5.5301 262.917 7 3.28016
-61.3749 6.90837 278.648 7 3.28016
-73.6479 8.28464 294.379 7 3.28016
-85.9203 9.65898 310.111 7 3.28016
-98.1921 11.0317 325.844 7 3.28016
-110.464 12.4036 341.577 7 3.28016
-122.735 13.7753 357.31 7 3.28016
-4.90963e-05 4.16718e-05 200 6.99999 3.28016
-12.2759 1.38416 215.729 7 3.28016
-24.5515 2.76773 231.457 7 3.28016
-36.8267 4.14986 247.187 7 3.28016
-49.1011 5.5301 262.917 7 3.28016
-61.3749 6.90837 278.648 7 3.28016
-73.6479 8.28464 294.379 7 3.28016
-85.9203 9.65898 310.111 7 3.28016
-98.1921 11.0317 325.844 7 3.28016
-110.464 12.4036 341.577 7 3.28016
-122.735 13.7753 357.31 7 3.28016
-4.90963e-05 4.16718e-05 200 6.99999 3.28016
-12.2759 1.38416 215.729 7 3.28016
-24.5515 2.76773 231.457 7 3.28016
-36.8267 4.14986 247.187 7 3.28016
-49.1011 5.5301 262.917 7 3.28016
-61.3749 6.90837 278.648 7 3.28016
-73.6479 8.28464 294.379 7 3.28016
-85.9203 9.65898 310.111 7 3.28016
-98.1921 11.0317 325.844 7 3.28016
-110.464 12.4036 341.577 7 3.28016
-122.735 13.7753 357.31 7 3.28016
-4.90963e-05 4.16718e-05 200 6.99999 3.28016
-12.2759 1.38416 215.729 7 3.28016
-24.5515 2.76773 231.457 7 3.28016
-36.8267 4.14986 247.187 7 3.28016
-49.1011 5.5301 262.917 7 3.28016
-61.3749 6.90837 278.648 7 3.28016
-73.6479 8.28464 294.379 7 3.28016
-85.9203 9.65898 310.111 7 3.28016
-98.1921 11.0317 325.844 7 3.28016
-110.464 12.4036 341.577 7 3.28016
-122.735 13.7753 357.31 7 3.28016
