-0.000244063 -2.78995e-05 200 6.99998 7.32037
-19.7724 -1.70828 202.48 6.99998 7.32037
-39.5446 -3.41645 204.959 6.99998 7.32037
-59.317 -5.12444 207.436 6.99998 7.32037
-79.0897 -6.83218 209.912 6.99998 7.32037
-98.8626 -8.53961 212.386 6.99999 7.32037
-118.636 -10.2467 214.858 6.99999 7.32037
-138.409 -11.9535 217.327 6.99999 7.32037
-158.183 -13.6599 219.795 6.99999 7.32037
-177.957 -15.366 222.261 7 7.32037
-197.731 -17.0721 224.727 7 7.32037
-0.000244063 -2.78995e-05 200 6.99998 7.32037
-19.7724 -1.70828 202.48 6.99998 7.32037
-39.5446 -3.41645 204.959 6.99998 7.32037
-59.317 -5.12444 207.436 6.99998 7.32037
-79.0897 -6.83218 209.912 6.99998 7.32037
-98.8626 -8.53961 212.386 6.99999 7.32037
-118.636 -10.2467 214.858 6.99999 7.32037
-138.409 -11.9535 217.327 6.99999 7.32037
-158.183 -13.6599 219.795 6.99999 7.32037
-177.957 -15.366 222.261 7 7.32037
-197.731 -17.0721 224.727 7 7.32037
-0.000244063 -2.78995e-05 200 6.99998 7.32037
-19.7724 -1.70828 202.48 6.99998 7.32037
-39.5446 -3.41645 204.959 6.99998 7.32037
-59.317 -5.12444 207.436 6.99998 7.32037
-79.0897 -6.83218 209.912 6.99998 7.32037
-98.8626 -8.53961 212.386 6.99999 7.32037
-118.636 -10.2467 214.858 6.99999 7.32037
-138.409 -11.9535 217.327 6.99999 7.32037
-158.183 -13.6599 219.795 6.99999 7.32037
-177.957 -15.366 222.261 7 7.32037
-197.731 -17.0721 224.727 7 7.32037
-0.000244063 -2.78995e-05 200 6.99998 7.32037
-19.7724 -1.70828 202.48 6.99998 7.32037
-39.5446 -3.41645 204.959 6.99998 7.32037
-59.317 -5.12444 207.436 6.99998 7.32037
-79.0897 -6.83218 209.912 6.99998 7.32037
-98.8626 -8.53961 212.386 6.99999 7.32037
-118.636 -10.2467 214.858 6.99999 7.32037
-138.409 -11.9535 217.327 6.99999 7.32037
-158.183 -13.6599 219.795 6.99999 7.32037
-177.957 -15.366 222.261 7 7.32037
-197.731 -17.0721 224.727 7 7.32037
-0.000244063 -2.78995e-05 200 6.99998 7.32037
-19.7724 -1.70828 202.48 6.99998 7.32037
-39.5446 -3.41645 204.959 6.99998 7.32037
-59.317 -5.12444 207.436 6.99998 7.32037
-79.0897 -6.83218 209.912 6.99998 7.32037
-98.8626 -8.53961 212.386 6.99999 7.32037
-118.636 -10.2467 214.858 6.99999 7.32037
-138.409 -11.9535 217.327 6.99999 7.32037
-158.183 -13.6599 219.795 6.99999 7.32037
-177.957 -15.366 222.261 7 7.32037
-197.731 -17.0721 224.727 7 7.32037
-0.000244063 -2.78995e-05 200 6.99998 7.32037
-19.7724 -1.70828 202.48 6.99998 7.32037
-39.5446 -3.41645 204.959 6.99998 7.32037
-59.317 -5.12444 207.436 6.99998 7.32037
-79.0897 -6.83218 209.912 6.99998 7.32037
-98.8626 -8.53961 212.386 6.99999 7.32037
-118.636 -10.2467 214.858 6.99999 7.32037
-138.409 -11.9535 217.327 6.99999 7.32037
-158.183 -13.6599 219.795 6.99999 7.32037
-177.957 -15.366 222.261 7 7.32037
-197.731 -17.0721 224.727 7 7.32037
