-2.03194e-05 -5.83497e-05 200 6.99999 3.40017
-14.6484 2.39842 213.404 6.99999 3.40017
-29.2971 4.79785 226.808 7 3.40017
-43.9465 7.19869 240.211 7 3.40017
-58.5968 9.60114 253.612 7 3.40017
-73.248 12.005 267.012 7 3.40017
-87.9001 14.4103 280.411 7 3.40017
-102.553 16.8165 293.809 7 3.40017
-117.207 19.2233 307.206 7 3.40017
-131.861 21.6305 320.602 7 3.40017
-146.515 24.0379 333.999 7 3.40017
-2.03194e-05 -5.83497e-05 200 6.99999 3.40017
-14.6484 2.39842 213.404 6.99999 3.40017
-29.2971 4.79785 226.808 7 3.40017
-43.9465 7.19869 240.211 7 3.40017
-58.5968 9.60114 253.612 7 3.40017
-73.248 12.005 267.012 7 3.40017
-87.9001 14.4103 280.411 7 3.40017
-102.553 16.8165 293.809 7 3.40017
-117.207 19.2233 307.206 7 3.40017
-131.861 21.6305 320.602 7 3.40017
-146.515 24.0379 333.999 7 3.40017
-2.03194e-05 -5.83497e-05 200 6.99999 3.40017
-14.6484 2.39842 213.404 6.99999 3.40017
-29.2971 4.79785 226.808 7 3.40017
-43.9465 7.19869 240.211 7 3.40017
-58.5968 9.60114 253.612 7 3.40017
-73.248 12.005 267.012 7 3.40017
-87.9001 14.4103 280.411 7 3.40017
-102.553 16.8165 293.809 7 3.40017
-117.207 19.2233 307.206 7 3.40017
-131.861 21.6305 320.602 7 3.40017
-146.515 24.0379 333.999 7 3.40017
-2.03194e-05 -5.83497e-05 200 6.99999 3.40017
-14.6484 2.39842 213.404 6.99999 3.40017
-29.2971 4.79785 226.808 7 3.40017
-43.9465 7.19869 240.211 7 3.40017
-58.5968 9.60114 253.612 7 3.40017
-73.248 12.005 267.012 7 3.40017
-87.9001 14.4103 280.411 7 3.40017
-102.553 16.8165 293.809 7 3.40017
-117.207 19.2233 307.206 7 3.40017
-131.861 21.6305 320.602 7 3.40017
-146.515 24.0379 333.999 7 3.40017
-2.03194e-05 -5.83497e-05 200 6.99999 3.40017
-14.6484 2.39842 213.404 6.99999 3.40017
-29.2971 4.79785 226.808 7 3.40017
-43.9465 7.19869 240.211 7 3.40017
-58.5968 9.60114 253.612 7 3.40017
-73.248 12.005 267.012 7 3.40017
-87.9001 14.4103 280.411 7 3.40017
-102.553 16.8165 293.809 7 3.40017
-117.207 19.2233 307.206 7 3.40017
-131.861 21.6305 320.602 7 3.40017
-146.515 24.0379 333.999 7 3.40017
-2.03194e-05 -5.83497e-05 200 6.99999 3.40017
-14.6484 2.39842 213.404 6.99999 3.40017
-29.2971 4.79785 226.808 7 3.40017
-43.9465 7.19869 240.211 7 3.40017
-58.5968 9.60114 253.612 7 3.40017
-73.248 12.005 267.012 7 3.40017
-87.9001 14.4103 280.411 7 3.40017
-102.553 16.8165 293.809 7 3.40017
-117.207 19.2233 307.206 7 3.40017
-131.861 21.6305 320.602 7 3.40017
-146.515 24.0379 333.999 7 3.40017
