-0.000135982 -3.10081e-05 200 6.99998 6.98035
-12.8238 -3.29052 214.991 6.99998 6.98035
-25.6475 -6.58106 229.982 6.99998 6.98035
-38.4712 -9.87175 244.973 6.99999 6.98035
-51.2946 -13.1627 259.964 6.99999 6.98035
-64.1177 -16.4542 274.955 6.99999 6.98035
-76.9406 -19.746 289.947 6.99999 6.98035
-89.7636 -23.0382 304.938 6.99999 6.98035
-102.587 -26.3307 319.929 7 6.98035
-115.41 -29.6234 334.92 7 6.98035
-128.233 -32.9161 349.91 7 6.98035
-0.000135982 -3.10081e-05 200 6.99998 6.98035
-12.8238 -3.29052 214.991 6.99998 6.98035
-25.6475 -6.58106 229.982 6.99998 6.98035
-38.4712 -9.87175 244.973 6.99999 6.98035
-51.2946 -13.1627 259.964 6.99999 6.98035
-64.1177 -16.4542 274.955 6.99999 6.98035
-76.9406 -19.746 289.947 6.99999 6.98035
-89.7636 -23.0382 304.938 6.99999 6.98035
-102.587 -26.3307 319.929 7 6.98035
-115.41 -29.6234 334.92 7 6.98035
-128.233 -32.9161 349.91 7 6.98035
-0.000135982 -3.10081e-05 200 6.99998 6.98035
-12.8238 -3.29052 214.991 6.99998 6.98035
-25.6475 -6.58106 229.982 6.99998 6.98035
-38.4712 -9.87175 244.973 6.99999 6.98035
-51.2946 -13.1627 259.964 6.99999 6.98035
-64.1177 -16.4542 274.955 6.99999 6.98035
-76.9406 -19.746 289.947 6.99999 6.98035
-89.7636 -23.0382 304.938 6.99999 6.98035
-102.587 -26.3307 319.929 7 6.98035
-115.41 -29.6234 334.92 7 6.98035
-128.233 -32.9161 349.91 7 6.98035
-0.000135982 -3.10081e-05 200 6.99998 6.98035
-12.8238 -3.29052 214.991 6.99998 6.98035
-25.6475 -6.58106 229.982 6.99998 6.98035
-38.4712 -9.87175 244.973 6.99999 6.98035
-51.2946 -13.1627 259.964 6.99999 6.98035
-64.1177 -16.4542 274.955 6.99999 6.98035
-76.9406 -19.746 289.947 6.99999 6.98035
-89.7636 -23.0382 304.938 6.99999 6.98035
-102.587 -26.3307 319.929 7 6.98035
-115.41 -29.6234 334.92 7 6.98035
-128.233 -32.9161 349.91 7 6.98035
-0.000135982 -3.10081e-05 200 6.99998 6.98035
-12.8238 -3.29052 214.991 6.99998 6.98035
-25.6475 -6.58106 229.982 6.99998 6.98035
-38.4712 -9.87175 244.973 6.99999 6.98035
-51.2946 -13.1627 259.964 6.99999 6.98035
-64.1177 -16.4542 274.955 6.99999 6.98035
-76.9406 -19.746 289.947 6.99999 6.98035
-89.7636 -23.0382 304.938 6.99999 6.98035
-102.587 -26.3307 319.929 7 6.98035
-115.41 -29.6234 334.92 7 6.98035
-128.233 -32.9161 349.91 7 6.98035
-0.000135982 -3.10081e-05 200 6.99998 6.98035
-12.8238 -3.29052 214.991 6.99998 6.98035
-25.6475 -6.58106 229.982 6.99998 6.98035
-38.4712 -9.87175 244.973 6.99999 6.98035
-51.2946 -13.1627 259.964 6.99999 6.98035
-64.1177 -16.4542 274.955 6.99999 6.98035
-76.9406 -19.746 289.947 6.99999 6.98035
-89.7636 -23.0382 304.938 6.99999 6.98035
-102.587 -26.3307 319.929 7 6.98035
-115.41 -29.6234 334.92 7 6.98035
-128.233 -32.9161 349.91 7 6.98035
