-6.83659e-05 1.66862e-06 200 7 0.440022
0.758215 -19.6898 196.574 7 0.440022
1.51749 -39.3798 193.149 7 0.440022
2.27851 -59.0703 189.728 7 0.440022
3.04153 -78.7615 186.311 7 0.440022
3.80666 -98.4535 182.899 7 0.440022
4.5741 -118.146 179.493 7 0.440022
5.34386 -137.84 176.092 7 0.440022
6.11564 -157.534 172.694 7 0.440022
6.88882 -177.229 169.299 7 0.440022
7.66275 -196.923 165.905 7 0.440022
-6.83659e-05 1.66862e-06 200 7 0.440022
0.758215 -19.6898 196.574 7 0.440022
1.51749 -39.3798 193.149 7 0.440022
2.27851 -59.0703 189.728 7 0.440022
3.04153 -78.7615 186.311 7 0.440022
3.80666 -98.4535 182.899 7 0.440022
4.5741 -118.146 179.493 7 0.440022
5.34386 -137.84 176.092 7 0.440022
6.11564 -157.534 172.694 7 0.440022
6.88882 -177.229 169.299 7 0.440022
7.66275 -196.923 165.905 7 0.440022
-6.83659e-05 1.66862e-06 200 7 0.440022
0.758215 -19.6898 196.574 7 0.440022
1.51749 -39.3798 193.149 7 0.440022
2.27851 -59.0703 189.728 7 0.440022
3.04153 -78.7615 186.311 7 0.440022
3.80666 -98.4535 182.899 7 0.440022
4.5741 -118.146 179.493 7 0.440022
5.34386 -137.84 176.092 7 0.440022
6.11564 -157.534 172.694 7 0.440022
6.88882 -177.229 169.299 7 0.440022
7.66275 -196.923 165.905 7 0.440022
-6.83659e-05 1.66862e-06 200 7 0.440022
0.758215 -19.6898 196.574 7 0.440022
1.51749 -39.3798 193.149 7 0.440022
2.27851 -59.0703 189.728 7 0.440022
3.04153 -78.7615 186.311 7 0.440022
3.80666 -98.4535 182.899 7 0.440022
4.5741 -118.146 179.493 7 0.440022
5.34386 -137.84 176.092 7 0.440022
6.11564 -157.534 172.694 7 0.440022
6.88882 -177.229 169.299 7 0.440022
7.66275 -196.923 165.905 7 0.440022
-6.83659e-05 1.66862e-06 200 7 0.440022
0.758215 -19.6898 196.574 7 0.440022
1.51749 -39.3798 193.149 7 0.440022
2.27851 -59.0703 189.728 7 0.440022
3.04153 -78.7615 186.311 7 0.440022
3.80666 -98.4535 182.899 7 0.440022
4.5741 -118.146 179.493 7 0.440022
5.34386 -137.84 176.092 7 0.440022
6.11564 -157.534 172.694 7 0.440022
6.88882 -177.229 169.299 7 0.440022
7.66275 -196.923 165.905 7 0.440022
-6.83659e-05 1.66862e-06 200 7 0.440022
0.758215 -19.6898 196.574 7 0.440022
1.51749 -39.3798 193.149 7 0.440022
2.27851 -59.0703 189.728 7 0.440022
3.04153 -78.7615 186.311 7 0.440022
3.80666 -98.4535 182.899 7 0.440022
4.5741 -118.146 179.493 7 0.440022
5.34386 -137.84 176.092 7 0.440022
6.11564 -157.534 172.694 7 0.440022
6.88882 -177.229 169.299 7 0.440022
7.66275 -196.923 165.905 7 0.440022
