-4.78996e-05 5.93452e-05 200 6.99999 3.02015
-6.16335 -1.03848 218.998 7 3.02015
-12.3263 -2.07792 237.997 7 3.02015
-18.4884 -3.11903 256.995 7 3.02015
-24.6496 -4.16226 275.994 7 3.02015
-30.8097 -5.20774 294.993 7 3.02015
-36.9685 -6.25573 313.992 7 3.02015
-43.1263 -7.30634 332.992 7 3.02015
-49.2833 -8.35902 351.991 7 3.02015
-55.4402 -9.41281 370.991 7 3.02015
-61.5975 -10.4667 389.99 7 3.02015
-4.78996e-05 5.93452e-05 200 6.99999 3.02015
-6.16335 -1.03848 218.998 7 3.02015
-12.3263 -2.07792 237.997 7 3.02015
-18.4884 -3.11903 256.995 7 3.02015
-24.6496 -4.16226 275.994 7 3.02015
-30.8097 -5.20774 294.993 7 3.02015
-36.9685 -6.25573 313.992 7 3.02015
-43.1263 -7.30634 332.992 7 3.02015
-49.2833 -8.35902 351.991 7 3.02015
-55.4402 -9.41281 370.991 7 3.02015
-61.5975 -10.4667 389.99 7 3.02015
-4.78996e-05 5.93452e-05 200 6.99999 3.02015
-6.16335 -1.03848 218.998 7 3.02015
-12.3263 -2.07792 237.997 7 3.02015
-18.4884 -3.11903 256.995 7 3.02015
-24.6496 -4.16226 275.994 7 3.02015
-30.8097 -5.20774 294.993 7 3.02015
-36.9685 -6.25573 313.992 7 3.02015
-43.1263 -7.30634 332.992 7 3.02015
-49.2833 -8.35902 351.991 7 3.02015
-55.4402 -9.41281 370.991 7 3.02015
-61.5975 -10.4667 389.99 7 3.02015
-4.78996e-05 5.93452e-05 200 6.99999 3.02015
-6.16335 -1.03848 218.998 7 3.02015
-12.3263 -2.07792 237.997 7 3.02015
-18.4884 -3.11903 256.995 7 3.02015
-24.6496 -4.16226 275.994 7 3.02015
-30.8097 -5.20774 294.993 7 3.02015
-36.9685 -6.25573 313.992 7 3.02015
-43.1263 -7.30634 332.992 7 3.02015
-49.2833 -8.35902 351.991 7 3.02015
-55.4402 -9.41281 370.991 7 3.02015
-61.5975 -10.4667 389.99 7 3.02015
-4.78996e-05 5.93452e-05 200 6.99999 3.02015
-6.16335 -1.03848 218.998 7 3.02015
-12.3263 -2.07792 237.997 7 3.02015
-18.4884 -3.11903 256.995 7 3.02015
-24.6496 -4.16226 275.994 7 3.02015
-30.8097 -5.20774 294.993 7 3.02015
-36.9685 -6.25573 313.992 7 3.02015
-43.1263 -7.30634 332.992 7 3.02015
-49.2833 -8.35902 351.991 7 3.02015
-55.4402 -9.41281 370.991 7 3.02015
-61.5975 -10.4667 389.99 7 3.02015
-4.78996e-05 5.93452e-05 200 6.99999 3.02015
-6.16335 -1.03848 218.998 7 3.02015
-12.3263 -2.07792 237.997 7 3.02015
-18.4884 -3.11903 256.995 7 3.02015
-24.6496 -4.16226 275.994 7 3.02015
-30.8097 -5.20774 294.993 7 3.02015
-36.9685 -6.25573 313.992 7 3.02015
-43.1263 -7.30634 332.992 7 3.02015
-49.2833 -8.35902 351.991 7 3.02015
-55.4402 -9.41281 370.991 7 3.02015
-61.5975 -10.4667 389.99 7 3.02015
