-5.08665e-05 -3.00469e-05 200 6.99999 6.82034
-7.16968 -3.62494 218.316 6.99999 6.82034
-14.3396 -7.24993 236.631 6.99999 6.82034
-21.51 -10.875 254.946 6.99999 6.82034
-28.6812 -14.5003 273.261 6.99999 6.82034
-35.8537 -18.1257 291.576 6.99999 6.82034
-43.0275 -21.7511 309.889 6.99999 6.82034
-50.2025 -25.3767 328.203 6.99999 6.82034
-57.3789 -29.0024 346.515 7 6.82034
-64.5564 -32.6282 364.828 7 6.82034
-71.7346 -36.254 383.14 7 6.82034
-5.08665e-05 -3.00469e-05 200 6.99999 6.82034
-7.16968 -3.62494 218.316 6.99999 6.82034
-14.3396 -7.24993 236.631 6.99999 6.82034
-21.51 -10.875 254.946 6.99999 6.82034
-28.6812 -14.5003 273.261 6.99999 6.82034
-35.8537 -18.1257 291.576 6.99999 6.82034
-43.0275 -21.7511 309.889 6.99999 6.82034
-50.2025 -25.3767 328.203 6.99999 6.82034
-57.3789 -29.0024 346.515 7 6.82034
-64.5564 -32.6282 364.828 7 6.82034
-71.7346 -36.254 383.14 7 6.82034
-5.08665e-05 -3.00469e-05 200 6.99999 6.82034
-7.16968 -3.62494 218.316 6.99999 6.82034
-14.3396 -7.24993 236.631 6.99999 6.82034
-21.51 -10.875 254.946 6.99999 6.82034
-28.6812 -14.5003 273.261 6.99999 6.82034
-35.8537 -18.1257 291.576 6.99999 6.82034
-43.0275 -21.7511 309.889 6.99999 6.82034
-50.2025 -25.3767 328.203 6.99999 6.82034
-57.3789 -29.0024 346.515 7 6.82034
-64.5564 -32.6282 364.828 7 6.82034
-71.7346 -36.254 383.14 7 6.82034
-5.08665e-05 -3.00469e-05 200 6.99999 6.82034
-7.16968 -3.62494 218.316 6.99999 6.82034
-14.3396 -7.24993 236.631 6.99999 6.82034
-21.51 -10.875 254.946 6.99999 6.82034
-28.6812 -14.5003 273.261 6.99999 6.82034
-35.8537 -18.1257 291.576 6.99999 6.82034
-43.0275 -21.7511 309.889 6.99999 6.82034
-50.2025 -25.3767 328.203 6.99999 6.82034
-57.3789 -29.0024 346.515 7 6.82034
-64.5564 -32.6282 364.828 7 6.82034
-71.7346 -36.254 383.14 7 6.82034
-5.08665e-05 -3.00469e-05 200 6.99999 6.82034
-7.16968 -3.62494 218.316 6.99999 6.82034
-14.3396 -7.24993 236.631 6.99999 6.82034
-21.51 -10.875 254.946 6.99999 6.82034
-28.6812 -14.5003 273.261 6.99999 6.82034
-35.8537 -18.1257 291.576 6.99999 6.82034
-43.0275 -21.7511 309.889 6.99999 6.82034
-50.2025 -25.3767 328.203 6.99999 6.82034
-57.3789 -29.0024 346.515 7 6.82034
-64.5564 -32.6282 364.828 7 6.82034
-71.7346 -36.254 383.14 7 6.82034
-5.08665e-05 -3.00469e-05 200 6.99999 6.82034
-7.16968 -3.62494 218.316 6.99999 6.82034
-14.3396 -7.24993 236.631 6.99999 6.82034
-21.51 -10.875 254.946 6.99999 6.82034
-28.6812 -14.5003 273.261 6.99999 6.82034
-35.8537 -18.1257 291.576 6.99999 6.82034
-43.0275 -21.7511 309.889 6.99999 6.82034
-50.2025 -25.3767 328.203 6.99999 6.82034
-57.3789 -29.0024 346.515 7 6.82034
-64.5564 -32.6282 364.828 7 6.82034
-71.7346 -36.254 383.14 7 6.82034
