-6.12241e-05 1.36436e-05 200 6.99999 4.94025
3.19151 5.72624 181.105 6.99999 4.94025
6.38417 11.4527 162.21 6.99999 4.94025
9.57852 17.1795 143.315 6.99999 4.94025
12.7749 22.9067 124.421 6.99999 4.94025
15.9738 28.6346 105.528 6.99999 4.94025
19.1751 34.3633 86.6353 7 4.94025
22.3782 40.0925 67.7431 7 4.94025
25.5827 45.8222 48.8512 7 4.94025
28.7879 51.5522 29.9596 7 4.94025
31.9934 57.2823 11.068 7 4.94025
-6.12241e-05 1.36436e-05 200 6.99999 4.94025
3.19151 5.72624 181.105 6.99999 4.94025
6.38417 11.4527 162.21 6.99999 4.94025
9.57852 17.1795 143.315 6.99999 4.94025
12.7749 22.9067 124.421 6.99999 4.94025
15.9738 28.6346 105.528 6.99999 4.94025
19.1751 34.3633 86.6353 7 4.94025
22.3782 40.0925 67.7431 7 4.94025
25.5827 45.8222 48.8512 7 4.94025
28.7879 51.5522 29.9596 7 4.94025
31.9934 57.2823 11.068 7 4.94025
-6.12241e-05 1.36436e-05 200 6.99999 4.94025
3.19151 5.72624 181.105 6.99999 4.94025
6.38417 11.4527 162.21 6.99999 4.94025
9.57852 17.1795 143.315 6.99999 4.94025
12.7749 22.9067 124.421 6.99999 4.94025
15.9738 28.6346 105.528 6.99999 4.94025
19.1751 34.3633 86.6353 7 4.94025
22.3782 40.0925 67.7431 7 4.94025
25.5827 45.8222 48.8512 7 4.94025
28.7879 51.5522 29.9596 7 4.94025
31.9934 57.2823 11.068 7 4.94025
-6.12241e-05 1.36436e-05 200 6.99999 4.94025
3.19151 5.72624 181.105 6.99999 4.94025
6.38417 11.4527 162.21 6.99999 4.94025
9.57852 17.1795 143.315 6.99999 4.94025
12.7749 22.9067 124.421 6.99999 4.94025
15.9738 28.6346 105.528 6.99999 4.94025
19.1751 34.3633 86.6353 7 4.94025
22.3782 40.0925 67.7431 7 4.94025
25.5827 45.8222 48.8512 7 4.94025
28.7879 51.5522 29.9596 7 4.94025
31.9934 57.2823 11.068 7 4.94025
-6.12241e-05 1.36436e-05 200 6.99999 4.94025
3.19151 5.72624 181.105 6.99999 4.94025
6.38417 11.4527 162.21 6.99999 4.94025
9.57852 17.1795 143.315 6.99999 4.94025
12.7749 22.9067 124.421 6.99999 4.94025
15.9738 28.6346 105.528 6.99999 4.94025
19.1751 34.3633 86.6353 7 4.94025
22.3782 40.0925 67.7431 7 4.94025
25.5827 45.8222 48.8512 7 4.94025
28.7879 51.5522 29.9596 7 4.94025
31.9934 57.2823 11.068 7 4.94025
-6.12241e-05 1.36436e-05 200 6.99999 4.94025
3.19151 5.72624 181.105 6.99999 4.94025
6.38417 11.4527 162.21 6.99999 4.94025
9.57852 17.1795 143.315 6.99999 4.94025
12.7749 22.9067 124.421 6.99999 4.94025
15.9738 28.6346 105.528 6.99999 4.94025
19.1751 34.3633 86.6353 7 4.94025
22.3782 40.0925 67.7431 7 4.94025
25.5827 45.8222 48.8512 7 4.94025
28.7879 51.5522 29.9596 7 4.94025
31.9934 57.2823 11.068 7 4.94025
