0.00011172 1.06694e-05 200 6.99999 5.44027
16.6839 2.75794 189.321 6.99999 5.44027
33.3675 5.51593 178.641 6.99999 5.44027
50.0505 8.27406 167.961 6.99999 5.44027
66.733 11.0324 157.28 6.99999 5.44027
83.4149 13.7909 146.597 6.99999 5.44027
100.096 16.5497 135.914 7 5.44027
116.776 19.3085 125.23 7 5.44027
133.456 22.0674 114.545 7 5.44027
150.136 24.8263 103.86 7 5.44027
166.817 27.5852 93.1756 7 5.44027
0.00011172 1.06694e-05 200 6.99999 5.44027
16.6839 2.75794 189.321 6.99999 5.44027
33.3675 5.51593 178.641 6.99999 5.44027
50.0505 8.27406 167.961 6.99999 5.44027
66.733 11.0324 157.28 6.99999 5.44027
83.4149 13.7909 146.597 6.99999 5.44027
100.096 16.5497 135.914 7 5.44027
116.776 19.3085 125.23 7 5.44027
133.456 22.0674 114.545 7 5.44027
150.136 24.8263 103.86 7 5.44027
166.817 27.5852 93.1756 7 5.44027
0.00011172 1.06694e-05 200 6.99999 5.44027
16.6839 2.75794 189.321 6.99999 5.44027
33.3675 5.51593 178.641 6.99999 5.44027
50.0505 8.27406 167.961 6.99999 5.44027
66.733 11.0324 157.28 6.99999 5.44027
83.4149 13.7909 146.597 6.99999 5.44027
100.096 16.5497 135.914 7 5.44027
116.776 19.3085 125.23 7 5.44027
133.456 22.0674 114.545 7 5.44027
150.136 24.8263 103.86 7 5.44027
166.817 27.5852 93.1756 7 5.44027
0.00011172 1.06694e-05 200 6.99999 5.44027
16.6839 2.75794 189.321 6.99999 5.44027
33.3675 5.51593 178.641 6.99999 5.44027
50.0505 8.27406 167.961 6.99999 5.44027
66.733 11.0324 157.28 6.99999 5.44027
83.4149 13.7909 146.597 6.99999 5.44027
100.096 16.5497 135.914 7 5.44027
116.776 19.3085 125.23 7 5.44027
133.456 22.0674 114.545 7 5.44027
150.136 24.8263 103.86 7 5.44027
166.817 27.5852 93.1756 7 5.44027
0.00011172 1.06694e-05 200 6.99999 5.44027
16.6839 2.75794 189.321 6.99999 5.44027
33.3675 5.51593 178.641 6.99999 5.44027
50.0505 8.27406 167.961 6.99999 5.44027
66.733 11.0324 157.28 6.99999 5.44027
83.4149 13.7909 146.597 6.99999 5.44027
100.096 16.5497 135.914 7 5.44027
116.776 19.3085 125.23 7 5.44027
133.456 22.0674 114.545 7 5.44027
150.136 24.8263 103.86 7 5.44027
166.817 27.5852 93.1756 7 5.44027
0.00011172 1.06694e-05 200 6.99999 5.44027
16.6839 2.75794 189.321 6.99999 5.44027
33.3675 5.51593 178.641 6.99999 5.44027
50.0505 8.27406 167.961 6.99999 5.44027
66.733 11.0324 157.28 6.99999 5.44027
83.4149 13.7909 146.597 6.99999 5.44027
100.096 16.5497 135.914 7 5.44027
116.776 19.3085 125.23 7 5.44027
133.456 22.0674 114.545 7 5.44027
150.136 24.8263 103.86 7 5.44027
166.817 27.5852 93.1756 7 5.44027
