-0.0001691 -2.66788e-05 200 6.99998 9.56048
-13.0681 -1.54635 215.062 6.99998 9.56048
-26.1362 -3.0926 230.123 6.99998 9.56048
-39.2046 -4.63874 245.184 6.99998 9.56048
-52.2735 -6.18469 260.244 6.99998 9.56048
-65.3428 -7.73033 275.304 6.99998 9.56048
-78.4127 -9.27558 290.364 6.99998 9.56048
-91.483 -10.8205 305.423 6.99999 9.56048
-104.554 -12.3651 320.482 6.99999 9.56048
-117.624 -13.9095 335.541 6.99999 9.56048
-130.695 -15.4539 350.6 6.99999 9.56048
-0.0001691 -2.66788e-05 200 6.99998 9.56048
-13.0681 -1.54635 215.062 6.99998 9.56048
-26.1362 -3.0926 230.123 6.99998 9.56048
-39.2046 -4.63874 245.184 6.99998 9.56048
-52.2735 -6.18469 260.244 6.99998 9.56048
-65.3428 -7.73033 275.304 6.99998 9.56048
-78.4127 -9.27558 290.364 6.99998 9.56048
-91.483 -10.8205 305.423 6.99999 9.56048
-104.554 -12.3651 320.482 6.99999 9.56048
-117.624 -13.9095 335.541 6.99999 9.56048
-130.695 -15.4539 350.6 6.99999 9.56048
-0.0001691 -2.66788e-05 200 6.99998 9.56048
-13.0681 -1.54635 215.062 6.99998 9.56048
-26.1362 -3.0926 230.123 6.99998 9.56048
-39.2046 -4.63874 245.184 6.99998 9.56048
-52.2735 -6.18469 260.244 6.99998 9.56048
-65.3428 -7.73033 275.304 6.99998 9.56048
-78.4127 -9.27558 290.364 6.99998 9.56048
-91.483 -10.8205 305.423 6.99999 9.56048
-104.554 -12.3651 320.482 6.99999 9.56048
-117.624 -13.9095 335.541 6.99999 9.56048
-130.695 -15.4539 350.6 6.99999 9.56048
-0.0001691 -2.66788e-05 200 6.99998 9.56048
-13.0681 -1.54635 215.062 6.99998 9.56048
-26.1362 -3.0926 230.123 6.99998 9.56048
-39.2046 -4.63874 245.184 6.99998 9.56048
-52.2735 -6.18469 260.244 6.99998 9.56048
-65.3428 -7.73033 275.304 6.99998 9.56048
-78.4127 -9.27558 290.364 6.99998 9.56048
-91.483 -10.8205 305.423 6.99999 9.56048
-104.554 -12.3651 320.482 6.99999 9.56048
-117.624 -13.9095 335.541 6.99999 9.56048
-130.695 -15.4539 350.6 6.99999 9.56048
-0.0001691 -2.66788e-05 200 6.99998 9.56048
-13.0681 -1.54635 215.062 6.99998 9.56048
-26.1362 -3.0926 230.123 6.99998 9.56048
-39.2046 -4.63874 245.184 6.99998 9.56048
-52.2735 -6.18469 260.244 6.99998 9.56048
-65.3428 -7.73033 275.304 6.99998 9.56048
-78.4127 -9.27558 290.364 6.99998 9.56048
-91.483 -10.8205 305.423 6.99999 9.56048
-104.554 -12.3651 320.482 6.99999 9.56048
-117.624 -13.9095 335.541 6.99999 9.56048
-130.695 -15.4539 350.6 6.99999 9.56048
-0.0001691 -2.66788e-05 200 6.99998 9.56048
-13.0681 -1.54635 215.062 6.99998 9.56048
-26.1362 -3.0926 230.123 6.99998 9.56048
-39.2046 -4.63874 245.184 6.99998 9.56048
-52.2735 -6.18469 260.244 6.99998 9.56048
-65.3428 -7.73033 275.304 6.99998 9.56048
-78.4127 -9.27558 290.364 6.99998 9.56048
-91.483 -10.8205 305.423 6.99999 9.56048
-104.554 -12.3651 320.482 6.99999 9.56048
-117.624 -13.9095 335.541 6.99999 9.56048
-130.695 -15.4539 350.6 6.99999 9.56048
