0.000399122 -7.44877e-06 200 6.99997 8.76044
18.6686 -0.0666921 207.176 6.99997 8.76044
37.3367 -0.133289 214.353 6.99997 8.76044
56.0046 -0.199787 221.531 6.99997 8.76044
74.6721 -0.266242 228.709 6.99997 8.76044
93.3394 -0.332727 235.887 6.99998 8.76044
112.006 -0.399265 243.067 6.99998 8.76044
130.673 -0.46587 250.247 6.99998 8.76044
149.339 -0.53254 257.428 6.99999 8.76044
168.005 -0.599241 264.61 6.99999 8.76044
186.671 -0.665936 271.792 6.99999 8.76044
0.000399122 -7.44877e-06 200 6.99997 8.76044
18.6686 -0.0666921 207.176 6.99997 8.76044
37.3367 -0.133289 214.353 6.99997 8.76044
56.0046 -0.199787 221.531 6.99997 8.76044
74.6721 -0.266242 228.709 6.99997 8.76044
93.3394 -0.332727 235.887 6.99998 8.76044
112.006 -0.399265 243.067 6.99998 8.76044
130.673 -0.46587 250.247 6.99998 8.76044
149.339 -0.53254 257.428 6.99999 8.76044
168.005 -0.599241 264.61 6.99999 8.76044
186.671 -0.665936 271.792 6.99999 8.76044
0.000399122 -7.44877e-06 200 6.99997 8.76044
18.6686 -0.0666921 207.176 6.99997 8.76044
37.3367 -0.133289 214.353 6.99997 8.76044
56.0046 -0.199787 221.531 6.99997 8.76044
74.6721 -0.266242 228.709 6.99997 8.76044
93.3394 -0.332727 235.887 6.99998 8.76044
112.006 -0.399265 243.067 6.99998 8.76044
130.673 -0.46587 250.247 6.99998 8.76044
149.339 -0.53254 257.428 6.99999 8.76044
168.005 -0.599241 264.61 6.99999 8.76044
186.671 -0.665936 271.792 6.99999 8.76044
0.000399122 -7.44877e-06 200 6.99997 8.76044
18.6686 -0.0666921 207.176 6.99997 8.76044
37.3367 -0.133289 214.353 6.99997 8.76044
56.0046 -0.199787 221.531 6.99997 8.76044
74.6721 -0.266242 228.709 6.99997 8.76044
93.3394 -0.332727 235.887 6.99998 8.76044
112.006 -0.399265 243.067 6.99998 8.76044
130.673 -0.46587 250.247 6.99998 8.76044
149.339 -0.53254 257.428 6.99999 8.76044
168.005 -0.599241 264.61 6.99999 8.76044
186.671 -0.665936 271.792 6.99999 8.76044
0.000399122 -7.44877e-06 200 6.99997 8.76044
18.6686 -0.0666921 207.176 6.99997 8.76044
37.3367 -0.133289 214.353 6.99997 8.76044
56.0046 -0.199787 221.531 6.99997 8.76044
74.6721 -0.266242 228.709 6.99997 8.76044
93.3394 -0.332727 235.887 6.99998 8.76044
112.006 -0.399265 243.067 6.99998 8.76044
130.673 -0.46587 250.247 6.99998 8.76044
149.339 -0.53254 257.428 6.99999 8.76044
168.005 -0.599241 264.61 6.99999 8.76044
186.671 -0.665936 271.792 6.99999 8.76044
0.000399122 -7.44877e-06 200 6.99997 8.76044
18.6686 -0.0666921 207.176 6.99997 8.76044
37.3367 -0.133289 214.353 6.99997 8.76044
56.0046 -0.199787 221.531 6.99997 8.76044
74.6721 -0.266242 228.709 6.99997 8.76044
93.3394 -0.332727 235.887 6.99998 8.76044
112.006 -0.399265 243.067 6.99998 8.76044
130.673 -0.46587 250.247 6.99998 8.76044
149.339 -0.53254 257.428 6.99999 8.76044
168.005 -0.599241 264.61 6.99999 8.76044
186.671 -0.665936 271.792 6.99999 8.76044
