2.83465e-05 -1.1329e-05 200 7 2.68013
2.34836 -4.48114 219.35 7 2.68013
4.69638 -8.96228 238.699 7 2.68013
7.04359 -13.4431 258.049 7 2.68013
9.3894 -17.923 277.399 7 2.68013
11.7336 -22.402 296.75 7 2.68013
14.0761 -26.8804 316.101 7 2.68013
16.417 -31.3584 335.452 7 2.68013
18.7561 -35.836 354.803 7 2.68013
21.0939 -40.3135 374.155 7 2.68013
23.4312 -44.7911 393.507 7 2.68013
2.83465e-05 -1.1329e-05 200 7 2.68013
2.34836 -4.48114 219.35 7 2.68013
4.69638 -8.96228 238.699 7 2.68013
7.04359 -13.4431 258.049 7 2.68013
9.3894 -17.923 277.399 7 2.68013
11.7336 -22.402 296.75 7 2.68013
14.0761 -26.8804 316.101 7 2.68013
16.417 -31.3584 335.452 7 2.68013
18.7561 -35.836 354.803 7 2.68013
21.0939 -40.3135 374.155 7 2.68013
23.4312 -44.7911 393.507 7 2.68013
2.83465e-05 -1.1329e-05 200 7 2.68013
2.34836 -4.48114 219.35 7 2.68013
4.69638 -8.96228 238.699 7 2.68013
7.04359 -13.4431 258.049 7 2.68013
9.3894 -17.923 277.399 7 2.68013
11.7336 -22.402 296.75 7 2.68013
14.0761 -26.8804 316.101 7 2.68013
16.417 -31.3584 335.452 7 2.68013
18.7561 -35.836 354.803 7 2.68013
21.0939 -40.3135 374.155 7 2.68013
23.4312 -44.7911 393.507 7 2.68013
2.83465e-05 -1.1329e-05 200 7 2.68013
2.34836 -4.48114 219.35 7 2.68013
4.69638 -8.96228 238.699 7 2.68013
7.04359 -13.4431 258.049 7 2.68013
9.3894 -17.923 277.399 7 2.68013
11.7336 -22.402 296.75 7 2.68013
14.0761 -26.8804 316.101 7 2.68013
16.417 -31.3584 335.452 7 2.68013
18.7561 -35.836 354.803 7 2.68013
21.0939 -40.3135 374.155 7 2.68013
23.4312 -44.7911 393.507 7 2.68013
2.83465e-05 -1.1329e-05 200 7 2.68013
2.34836 -4.48114 219.35 7 2.68013
4.69638 -8.96228 238.699 7 2.68013
7.04359 -13.4431 258.049 7 2.68013
9.3894 -17.923 277.399 7 2.68013
11.7336 -22.402 296.75 7 2.68013
14.0761 -26.8804 316.101 7 2.68013
16.417 -31.3584 335.452 7 2.68013
18.7561 -35.836 354.803 7 2.68013
21.0939 -40.3135 374.155 7 2.68013
23.4312 -44.7911 393.507 7 2.68013
2.83465e-05 -1.1329e-05 200 7 2.68013
2.34836 -4.48114 219.35 7 2.68013
4.69638 -8.96228 238.699 7 2.68013
7.04359 -13.4431 258.049 7 2.68013
9.3894 -17.923 277.399 7 2.68013
11.7336 -22.402 296.75 7 2.68013
14.0761 -26.8804 316.101 7 2.68013
16.417 -31.3584 335.452 7 2.68013
18.7561 -35.836 354.803 7 2.68013
21.0939 -40.3135 374.155 7 2.68013
23.4312 -44.7911 393.507 7 2.68013
