1.80864e-05 -3.24534e-05 200 7 1.16006
9.04715 -17.3715 195.953 7 1.16006
18.0942 -34.7429 191.904 7 1.16006
27.1414 -52.1141 187.856 7 1.16006
36.1887 -69.4853 183.808 7 1.16006
45.2362 -86.8563 179.759 7 1.16006
54.2836 -104.227 175.71 7 1.16006
63.3307 -121.598 171.661 7 1.16006
72.3775 -138.969 167.611 7 1.16006
81.424 -156.341 163.562 7 1.16006
90.4704 -173.712 159.513 7 1.16006
1.80864e-05 -3.24534e-05 200 7 1.16006
9.04715 -17.3715 195.953 7 1.16006
18.0942 -34.7429 191.904 7 1.16006
27.1414 -52.1141 187.856 7 1.16006
36.1887 -69.4853 183.808 7 1.16006
45.2362 -86.8563 179.759 7 1.16006
54.2836 -104.227 175.71 7 1.16006
63.3307 -121.598 171.661 7 1.16006
72.3775 -138.969 167.611 7 1.16006
81.424 -156.341 163.562 7 1.16006
90.4704 -173.712 159.513 7 1.16006
1.80864e-05 -3.24534e-05 200 7 1.16006
9.04715 -17.3715 195.953 7 1.16006
18.0942 -34.7429 191.904 7 1.16006
27.1414 -52.1141 187.856 7 1.16006
36.1887 -69.4853 183.808 7 1.16006
45.2362 -86.8563 179.759 7 1.16006
54.2836 -104.227 175.71 7 1.16006
63.3307 -121.598 171.661 7 1.16006
72.3775 -138.969 167.611 7 1.16006
81.424 -156.341 163.562 7 1.16006
90.4704 -173.712 159.513 7 1.16006
1.80864e-05 -3.24534e-05 200 7 1.16006
9.04715 -17.3715 195.953 7 1.16006
18.0942 -34.7429 191.904 7 1.16006
27.1414 -52.1141 187.856 7 1.16006
36.1887 -69.4853 183.808 7 1.16006
45.2362 -86.8563 179.759 7 1.16006
54.2836 -104.227 175.71 7 1.16006
63.3307 -121.598 171.661 7 1.16006
72.3775 -138.969 167.611 7 1.16006
81.424 -156.341 163.562 7 1.16006
90.4704 -173.712 159.513 7 1.16006
1.80864e-05 -3.24534e-05 200 7 1.16006
9.04715 -17.3715 195.953 7 1.16006
18.0942 -34.7429 191.904 7 1.16006
27.1414 -52.1141 187.856 7 1.16006
36.1887 -69.4853 183.808 7 1.16006
45.2362 -86.8563 179.759 7 1.16006
54.2836 -104.227 175.71 7 1.16006
63.3307 -121.598 171.661 7 1.16006
72.3775 -138.969 167.611 7 1.16006
81.424 -156.341 163.562 7 1.16006
90.4704 -173.712 159.513 7 1.16006
1.80864e-05 -3.24534e-05 200 7 1.16006
9.04715 -17.3715 195.953 7 1.16006
18.0942 -34.7429 191.904 7 1.16006
27.1414 -52.1141 187.856 7 1.16006
36.1887 -69.4853 183.808 7 1.16006
45.2362 -86.8563 179.759 7 1.16006
54.2836 -104.227 175.71 7 1.16006
63.3307 -121.598 171.661 7 1.16006
72.3775 -138.969 167.611 7 1.16006
81.424 -156.341 163.562 7 1.16006
90.4704 -173.712 159.513 7 1.16006
