0.000115479 1.65204e-05 200 6.99999 5.58028
18.8067 1.77185 193.429 6.99999 5.58028
37.6132 3.5436 186.858 6.99999 5.58028
56.4197 5.31528 180.287 6.99999 5.58028
75.226 7.08698 173.715 6.99999 5.58028
94.0321 8.85876 167.143 6.99999 5.58028
112.838 10.6307 160.571 7 5.58028
131.644 12.4027 153.997 7 5.58028
150.449 14.1749 147.424 7 5.58028
169.255 15.9472 140.851 7 5.58028
188.061 17.7195 134.278 7 5.58028
0.000115479 1.65204e-05 200 6.99999 5.58028
18.8067 1.77185 193.429 6.99999 5.58028
37.6132 3.5436 186.858 6.99999 5.58028
56.4197 5.31528 180.287 6.99999 5.58028
75.226 7.08698 173.715 6.99999 5.58028
94.0321 8.85876 167.143 6.99999 5.58028
112.838 10.6307 160.571 7 5.58028
131.644 12.4027 153.997 7 5.58028
150.449 14.1749 147.424 7 5.58028
169.255 15.9472 140.851 7 5.58028
188.061 17.7195 134.278 7 5.58028
0.000115479 1.65204e-05 200 6.99999 5.58028
18.8067 1.77185 193.429 6.99999 5.58028
37.6132 3.5436 186.858 6.99999 5.58028
56.4197 5.31528 180.287 6.99999 5.58028
75.226 7.08698 173.715 6.99999 5.58028
94.0321 8.85876 167.143 6.99999 5.58028
112.838 10.6307 160.571 7 5.58028
131.644 12.4027 153.997 7 5.58028
150.449 14.1749 147.424 7 5.58028
169.255 15.9472 140.851 7 5.58028
188.061 17.7195 134.278 7 5.58028
0.000115479 1.65204e-05 200 6.99999 5.58028
18.8067 1.77185 193.429 6.99999 5.58028
37.6132 3.5436 186.858 6.99999 5.58028
56.4197 5.31528 180.287 6.99999 5.58028
75.226 7.08698 173.715 6.99999 5.58028
94.0321 8.85876 167.143 6.99999 5.58028
112.838 10.6307 160.571 7 5.58028
131.644 12.4027 153.997 7 5.58028
150.449 14.1749 147.424 7 5.58028
169.255 15.9472 140.851 7 5.58028
188.061 17.7195 134.278 7 5.58028
0.000115479 1.65204e-05 200 6.99999 5.58028
18.8067 1.77185 193.429 6.99999 5.58028
37.6132 3.5436 186.858 6.99999 5.58028
56.4197 5.31528 180.287 6.99999 5.58028
75.226 7.08698 173.715 6.99999 5.58028
94.0321 8.85876 167.143 6.99999 5.58028
112.838 10.6307 160.571 7 5.58028
131.644 12.4027 153.997 7 5.58028
150.449 14.1749 147.424 7 5.58028
169.255 15.9472 140.851 7 5.58028
188.061 17.7195 134.278 7 5.58028
0.000115479 1.65204e-05 200 6.99999 5.58028
18.8067 1.77185 193.429 6.99999 5.58028
37.6132 3.5436 186.858 6.99999 5.58028
56.4197 5.31528 180.287 6.99999 5.58028
75.226 7.08698 173.715 6.99999 5.58028
94.0321 8.85876 167.143 6.99999 5.58028
112.838 10.6307 160.571 7 5.58028
131.644 12.4027 153.997 7 5.58028
150.449 14.1749 147.424 7 5.58028
169.255 15.9472 140.851 7 5.58028
188.061 17.7195 134.278 7 5.58028
