-0.000227187 -1.27431e-05 200 6.99998 7.20036
-18.3696 -2.38037 207.543 6.99998 7.20036
-36.7389 -4.76095 215.087 6.99998 7.20036
-55.108 -7.14191 222.631 6.99998 7.20036
-73.4769 -9.52327 230.175 6.99999 7.20036
-91.8457 -11.905 237.72 6.99999 7.20036
-110.215 -14.2872 245.264 6.99999 7.20036
-128.583 -16.6696 252.808 6.99999 7.20036
-146.953 -19.0521 260.351 6.99999 7.20036
-165.322 -21.4348 267.893 7 7.20036
-183.692 -23.8174 275.435 7 7.20036
-0.000227187 -1.27431e-05 200 6.99998 7.20036
-18.3696 -2.38037 207.543 6.99998 7.20036
-36.7389 -4.76095 215.087 6.99998 7.20036
-55.108 -7.14191 222.631 6.99998 7.20036
-73.4769 -9.52327 230.175 6.99999 7.20036
-91.8457 -11.905 237.72 6.99999 7.20036
-110.215 -14.2872 245.264 6.99999 7.20036
-128.583 -16.6696 252.808 6.99999 7.20036
-146.953 -19.0521 260.351 6.99999 7.20036
-165.322 -21.4348 267.893 7 7.20036
-183.692 -23.8174 275.435 7 7.20036
-0.000227187 -1.27431e-05 200 6.99998 7.20036
-18.3696 -2.38037 207.543 6.99998 7.20036
-36.7389 -4.76095 215.087 6.99998 7.20036
-55.108 -7.14191 222.631 6.99998 7.20036
-73.4769 -9.52327 230.175 6.99999 7.20036
-91.8457 -11.905 237.72 6.99999 7.20036
-110.215 -14.2872 245.264 6.99999 7.20036
-128.583 -16.6696 252.808 6.99999 7.20036
-146.953 -19.0521 260.351 6.99999 7.20036
-165.322 -21.4348 267.893 7 7.20036
-183.692 -23.8174 275.435 7 7.20036
-0.000227187 -1.27431e-05 200 6.99998 7.20036
-18.3696 -2.38037 207.543 6.99998 7.20036
-36.7389 -4.76095 215.087 6.99998 7.20036
-55.108 -7.14191 222.631 6.99998 7.20036
-73.4769 -9.52327 230.175 6.99999 7.20036
-91.8457 -11.905 237.72 6.99999 7.20036
-110.215 -14.2872 245.264 6.99999 7.20036
-128.583 -16.6696 252.808 6.99999 7.20036
-146.953 -19.0521 260.351 6.99999 7.20036
-165.322 -21.4348 267.893 7 7.20036
-183.692 -23.8174 275.435 7 7.20036
-0.000227187 -1.27431e-05 200 6.99998 7.20036
-18.3696 -2.38037 207.543 6.99998 7.20036
-36.7389 -4.76095 215.087 6.99998 7.20036
-55.108 -7.14191 222.631 6.99998 7.20036
-73.4769 -9.52327 230.175 6.99999 7.20036
-91.8457 -11.905 237.72 6.99999 7.20036
-110.215 -14.2872 245.264 6.99999 7.20036
-128.583 -16.6696 252.808 6.99999 7.20036
-146.953 -19.0521 260.351 6.99999 7.20036
-165.322 -21.4348 267.893 7 7.20036
-183.692 -23.8174 275.435 7 7.20036
-0.000227187 -1.27431e-05 200 6.99998 7.20036
-18.3696 -2.38037 207.543 6.99998 7.20036
-36.7389 -4.76095 215.087 6.99998 7.20036
-55.108 -7.14191 222.631 6.99998 7.20036
-73.4769 -9.52327 230.175 6.99999 7.20036
-91.8457 -11.905 237.72 6.99999 7.20036
-110.215 -14.2872 245.264 6.99999 7.20036
-128.583 -16.6696 252.808 6.99999 7.20036
-146.953 -19.0521 260.351 6.99999 7.20036
-165.322 -21.4348 267.893 7 7.20036
-183.692 -23.8174 275.435 7 7.20036
