0.000381448 2.05108e-05 200 6.99997 8.50043
18.9394 1.38975 193.724 6.99997 8.50043
37.8787 2.77961 187.448 6.99997 8.50043
56.8183 4.16962 181.174 6.99997 8.50043
75.7583 5.55974 174.901 6.99997 8.50043
94.6989 6.94992 168.63 6.99998 8.50043
113.64 8.34012 162.361 6.99998 8.50043
132.582 9.73027 156.093 6.99998 8.50043
151.524 11.1204 149.826 6.99999 8.50043
170.466 12.5104 143.561 6.99999 8.50043
189.409 13.9004 137.296 6.99999 8.50043
0.000381448 2.05108e-05 200 6.99997 8.50043
18.9394 1.38975 193.724 6.99997 8.50043
37.8787 2.77961 187.448 6.99997 8.50043
56.8183 4.16962 181.174 6.99997 8.50043
75.7583 5.55974 174.901 6.99997 8.50043
94.6989 6.94992 168.63 6.99998 8.50043
113.64 8.34012 162.361 6.99998 8.50043
132.582 9.73027 156.093 6.99998 8.50043
151.524 11.1204 149.826 6.99999 8.50043
170.466 12.5104 143.561 6.99999 8.50043
189.409 13.9004 137.296 6.99999 8.50043
0.000381448 2.05108e-05 200 6.99997 8.50043
18.9394 1.38975 193.724 6.99997 8.50043
37.8787 2.77961 187.448 6.99997 8.50043
56.8183 4.16962 181.174 6.99997 8.50043
75.7583 5.55974 174.901 6.99997 8.50043
94.6989 6.94992 168.63 6.99998 8.50043
113.64 8.34012 162.361 6.99998 8.50043
132.582 9.73027 156.093 6.99998 8.50043
151.524 11.1204 149.826 6.99999 8.50043
170.466 12.5104 143.561 6.99999 8.50043
189.409 13.9004 137.296 6.99999 8.50043
0.000381448 2.05108e-05 200 6.99997 8.50043
18.9394 1.38975 193.724 6.99997 8.50043
37.8787 2.77961 187.448 6.99997 8.50043
56.8183 4.16962 181.174 6.99997 8.50043
75.7583 5.55974 174.901 6.99997 8.50043
94.6989 6.94992 168.63 6.99998 8.50043
113.64 8.34012 162.361 6.99998 8.50043
132.582 9.73027 156.093 6.99998 8.50043
151.524 11.1204 149.826 6.99999 8.50043
170.466 12.5104 143.561 6.99999 8.50043
189.409 13.9004 137.296 6.99999 8.50043
0.000381448 2.05108e-05 200 6.99997 8.50043
18.9394 1.38975 193.724 6.99997 8.50043
37.8787 2.77961 187.448 6.99997 8.50043
56.8183 4.16962 181.174 6.99997 8.50043
75.7583 5.55974 174.901 6.99997 8.50043
94.6989 6.94992 168.63 6.99998 8.50043
113.64 8.34012 162.361 6.99998 8.50043
132.582 9.73027 156.093 6.99998 8.50043
151.524 11.1204 149.826 6.99999 8.50043
170.466 12.5104 143.561 6.99999 8.50043
189.409 13.9004 137.296 6.99999 8.50043
0.000381448 2.05108e-05 200 6.99997 8.50043
18.9394 1.38975 193.724 6.99997 8.50043
37.8787 2.77961 187.448 6.99997 8.50043
56.8183 4.16962 181.174 6.99997 8.50043
75.7583 5.55974 174.901 6.99997 8.50043
94.6989 6.94992 168.63 6.99998 8.50043
113.64 8.34012 162.361 6.99998 8.50043
132.582 9.73027 156.093 6.99998 8.50043
151.524 11.1204 149.826 6.99999 8.50043
170.466 12.5104 143.561 6.99999 8.50043
189.409 13.9004 137.296 6.99999 8.50043
