-0.00019782 3.34381e-06 200 6.99999 9.9805
-19.9437 -0.0393571 201.503 6.99999 9.9805
-39.8872 -0.0787712 203.005 6.99999 9.9805
-59.8307 -0.118318 204.509 6.99999 9.9805
-79.7741 -0.158064 206.013 6.99999 9.9805
-99.7173 -0.198049 207.519 6.99999 9.9805
-119.661 -0.238282 209.025 6.99999 9.9805
-139.604 -0.278761 210.533 6.99999 9.9805
-159.547 -0.319465 212.042 6.99999 9.9805
-179.49 -0.360307 213.551 6.99999 9.9805
-199.433 -0.401169 215.061 7 9.9805
-0.00019782 3.34381e-06 200 6.99999 9.9805
-19.9437 -0.0393571 201.503 6.99999 9.9805
-39.8872 -0.0787712 203.005 6.99999 9.9805
-59.8307 -0.118318 204.509 6.99999 9.9805
-79.7741 -0.158064 206.013 6.99999 9.9805
-99.7173 -0.198049 207.519 6.99999 9.9805
-119.661 -0.238282 209.025 6.99999 9.9805
-139.604 -0.278761 210.533 6.99999 9.9805
-159.547 -0.319465 212.042 6.99999 9.9805
-179.49 -0.360307 213.551 6.99999 9.9805
-199.433 -0.401169 215.061 7 9.9805
-0.00019782 3.34381e-06 200 6.99999 9.9805
-19.9437 -0.0393571 201.503 6.99999 9.9805
-39.8872 -0.0787712 203.005 6.99999 9.9805
-59.8307 -0.118318 204.509 6.99999 9.9805
-79.7741 -0.158064 206.013 6.99999 9.9805
-99.7173 -0.198049 207.519 6.99999 9.9805
-119.661 -0.238282 209.025 6.99999 9.9805
-139.604 -0.278761 210.533 6.99999 9.9805
-159.547 -0.319465 212.042 6.99999 9.9805
-179.49 -0.360307 213.551 6.99999 9.9805
-199.433 -0.401169 215.061 7 9.9805
-0.00019782 3.34381e-06 200 6.99999 9.9805
-19.9437 -0.0393571 201.503 6.99999 9.9805
-39.8872 -0.0787712 203.005 6.99999 9.9805
-59.8307 -0.118318 204.509 6.99999 9.9805
-79.7741 -0.158064 206.013 6.99999 9.9805
-99.7173 -0.198049 207.519 6.99999 9.9805
-119.661 -0.238282 209.025 6.99999 9.9805
-139.604 -0.278761 210.533 6.99999 9.9805
-159.547 -0.319465 212.042 6.99999 9.9805
-179.49 -0.360307 213.551 6.99999 9.9805
-199.433 -0.401169 215.061 7 9.9805
-0.00019782 3.34381e-06 200 6.99999 9.9805
-19.9437 -0.0393571 201.503 6.99999 9.9805
-39.8872 -0.0787712 203.005 6.99999 9.9805
-59.8307 -0.118318 204.509 6.99999 9.9805
-79.7741 -0.158064 206.013 6.99999 9.9805
-99.7173 -0.198049 207.519 6.99999 9.9805
-119.661 -0.238282 209.025 6.99999 9.9805
-139.604 -0.278761 210.533 6.99999 9.9805
-159.547 -0.319465 212.042 6.99999 9.9805
-179.49 -0.360307 213.551 6.99999 9.9805
-199.433 -0.401169 215.061 7 9.9805
-0.00019782 3.34381e-06 200 6.99999 9.9805
-19.9437 -0.0393571 201.503 6.99999 9.9805
-39.8872 -0.0787712 203.005 6.99999 9.9805
-59.8307 -0.118318 204.509 6.99999 9.9805
-79.7741 -0.158064 206.013 6.99999 9.9805
-99.7173 -0.198049 207.519 6.99999 9.9805
-119.661 -0.238282 209.025 6.99999 9.9805
-139.604 -0.278761 210.533 6.99999 9.9805
-159.547 -0.319465 212.042 6.99999 9.9805
-179.49 -0.360307 213.551 6.99999 9.9805
-199.433 -0.401169 215.061 7 9.9805
