-0.000105559 -5.24592e-06 200 6.99999 4.28021
-15.2509 6.87777 189.041 6.99999 4.28021
-30.5013 13.7561 178.081 6.99999 4.28021
-45.7505 20.6353 167.12 6.99999 4.28021
-60.9984 27.5158 156.158 6.99999 4.28021
-76.2446 34.3977 145.195 7 4.28021
-91.4894 41.2806 134.23 7 4.28021
-106.733 48.1645 123.264 7 4.28021
-121.975 55.0492 112.297 7 4.28021
-137.216 61.9345 101.329 7 4.28021
-152.457 68.82 90.361 7 4.28021
-0.000105559 -5.24592e-06 200 6.99999 4.28021
-15.2509 6.87777 189.041 6.99999 4.28021
-30.5013 13.7561 178.081 6.99999 4.28021
-45.7505 20.6353 167.12 6.99999 4.28021
-60.9984 27.5158 156.158 6.99999 4.28021
-76.2446 34.3977 145.195 7 4.28021
-91.4894 41.2806 134.23 7 4.28021
-106.733 48.1645 123.264 7 4.28021
-121.975 55.0492 112.297 7 4.28021
-137.216 61.9345 101.329 7 4.28021
-152.457 68.82 90.361 7 4.28021
-0.000105559 -5.24592e-06 200 6.99999 4.28021
-15.2509 6.87777 189.041 6.99999 4.28021
-30.5013 13.7561 178.081 6.99999 4.28021
-45.7505 20.6353 167.12 6.99999 4.28021
-60.9984 27.5158 156.158 6.99999 4.28021
-76.2446 34.3977 145.195 7 4.28021
-91.4894 41.2806 134.23 7 4.28021
-106.733 48.1645 123.264 7 4.28021
-121.975 55.0492 112.297 7 4.28021
-137.216 61.9345 101.329 7 4.28021
-152.457 68.82 90.361 7 4.28021
-0.000105559 -5.24592e-06 200 6.99999 4.28021
-15.2509 6.87777 189.041 6.99999 4.28021
-30.5013 13.7561 178.081 6.99999 4.28021
-45.7505 20.6353 167.12 6.99999 4.28021
-60.9984 27.5158 156.158 6.99999 4.28021
-76.2446 34.3977 145.195 7 4.28021
-91.4894 41.2806 134.23 7 4.28021
-106.733 48.1645 123.264 7 4.28021
-121.975 55.0492 112.297 7 4.28021
-137.216 61.9345 101.329 7 4.28021
-152.457 68.82 90.361 7 4.28021
-0.000105559 -5.24592e-06 200 6.99999 4.28021
-15.2509 6.87777 189.041 6.99999 4.28021
-30.5013 13.7561 178.081 6.99999 4.28021
-45.7505 20.6353 167.12 6.99999 4.28021
-60.9984 27.5158 156.158 6.99999 4.28021
-76.2446 34.3977 145.195 7 4.28021
-91.4894 41.2806 134.23 7 4.28021
-106.733 48.1645 123.264 7 4.28021
-121.975 55.0492 112.297 7 4.28021
-137.216 61.9345 101.329 7 4.28021
-152.457 68.82 90.361 7 4.28021
-0.000105559 -5.24592e-06 200 6.99999 4.28021
-15.2509 6.87777 189.041 6.99999 4.28021
-30.5013 13.7561 178.081 6.99999 4.28021
-45.7505 20.6353 167.12 6.99999 4.28021
-60.9984 27.5158 156.158 6.99999 4.28021
-76.2446 34.3977 145.195 7 4.28021
-91.4894 41.2806 134.23 7 4.28021
-106.733 48.1645 123.264 7 4.28021
-121.975 55.0492 112.297 7 4.28021
-137.216 61.9345 101.329 7 4.28021
-152.457 68.82 90.361 7 4.28021
