8.85012e-06 -1.32281e-05 200 7 0.740037
3.52889 -19.0001 194.848 7 0.740037
7.05768 -38.0003 189.696 7 0.740037
10.5865 -57.0007 184.545 7 0.740037
14.1158 -76.0015 179.396 7 0.740037
17.646 -95.0025 174.248 7 0.740037
21.1772 -114.004 169.102 7 0.740037
24.7098 -133.005 163.958 7 0.740037
28.2436 -152.007 158.815 7 0.740037
31.7782 -171.009 153.674 7 0.740037
35.3133 -190.011 148.532 7 0.740037
8.85012e-06 -1.32281e-05 200 7 0.740037
3.52889 -19.0001 194.848 7 0.740037
7.05768 -38.0003 189.696 7 0.740037
10.5865 -57.0007 184.545 7 0.740037
14.1158 -76.0015 179.396 7 0.740037
17.646 -95.0025 174.248 7 0.740037
21.1772 -114.004 169.102 7 0.740037
24.7098 -133.005 163.958 7 0.740037
28.2436 -152.007 158.815 7 0.740037
31.7782 -171.009 153.674 7 0.740037
35.3133 -190.011 148.532 7 0.740037
8.85012e-06 -1.32281e-05 200 7 0.740037
3.52889 -19.0001 194.848 7 0.740037
7.05768 -38.0003 189.696 7 0.740037
10.5865 -57.0007 184.545 7 0.740037
14.1158 -76.0015 179.396 7 0.740037
17.646 -95.0025 174.248 7 0.740037
21.1772 -114.004 169.102 7 0.740037
24.7098 -133.005 163.958 7 0.740037
28.2436 -152.007 158.815 7 0.740037
31.7782 -171.009 153.674 7 0.740037
35.3133 -190.011 148.532 7 0.740037
8.85012e-06 -1.32281e-05 200 7 0.740037
3.52889 -19.0001 194.848 7 0.740037
7.05768 -38.0003 189.696 7 0.740037
10.5865 -57.0007 184.545 7 0.740037
14.1158 -76.0015 179.396 7 0.740037
17.646 -95.0025 174.248 7 0.740037
21.1772 -114.004 169.102 7 0.740037
24.7098 -133.005 163.958 7 0.740037
28.2436 -152.007 158.815 7 0.740037
31.7782 -171.009 153.674 7 0.740037
35.3133 -190.011 148.532 7 0.740037
8.85012e-06 -1.32281e-05 200 7 0.740037
3.52889 -19.0001 194.848 7 0.740037
7.05768 -38.0003 189.696 7 0.740037
10.5865 -57.0007 184.545 7 0.740037
14.1158 -76.0015 179.396 7 0.740037
17.646 -95.0025 174.248 7 0.740037
21.1772 -114.004 169.102 7 0.740037
24.7098 -133.005 163.958 7 0.740037
28.2436 -152.007 158.815 7 0.740037
31.7782 -171.009 153.674 7 0.740037
35.3133 -190.011 148.532 7 0.740037
8.85012e-06 -1.32281e-05 200 7 0.740037
3.52889 -19.0001 194.848 7 0.740037
7.05768 -38.0003 189.696 7 0.740037
10.5865 -57.0007 184.545 7 0.740037
14.1158 -76.0015 179.396 7 0.740037
17.646 -95.0025 174.248 7 0.740037
21.1772 -114.004 169.102 7 0.740037
24.7098 -133.005 163.958 7 0.740037
28.2436 -152.007 158.815 7 0.740037
31.7782 -171.009 153.674 7 0.740037
35.3133 -190.011 148.532 7 0.740037
