1.50345e-05 -2.99673e-05 200 7 1.42007
12.0848 -15.899 198.914 7 1.42007
24.1697 -31.798 197.828 7 1.42007
36.2548 -47.6969 196.744 7 1.42007
48.3401 -63.5959 195.662 7 1.42007
60.4255 -79.4949 194.583 7 1.42007
72.5108 -95.3942 193.506 7 1.42007
84.5958 -111.294 192.431 7 1.42007
96.6805 -127.194 191.357 7 1.42007
108.765 -143.094 190.283 7 1.42007
120.85 -158.994 189.21 7 1.42007
1.50345e-05 -2.99673e-05 200 7 1.42007
12.0848 -15.899 198.914 7 1.42007
24.1697 -31.798 197.828 7 1.42007
36.2548 -47.6969 196.744 7 1.42007
48.3401 -63.5959 195.662 7 1.42007
60.4255 -79.4949 194.583 7 1.42007
72.5108 -95.3942 193.506 7 1.42007
84.5958 -111.294 192.431 7 1.42007
96.6805 -127.194 191.357 7 1.42007
108.765 -143.094 190.283 7 1.42007
120.85 -158.994 189.21 7 1.42007
1.50345e-05 -2.99673e-05 200 7 1.42007
12.0848 -15.899 198.914 7 1.42007
24.1697 -31.798 197.828 7 1.42007
36.2548 -47.6969 196.744 7 1.42007
48.3401 -63.5959 195.662 7 1.42007
60.4255 -79.4949 194.583 7 1.42007
72.5108 -95.3942 193.506 7 1.42007
84.5958 -111.294 192.431 7 1.42007
96.6805 -127.194 191.357 7 1.42007
108.765 -143.094 190.283 7 1.42007
120.85 -158.994 189.21 7 1.42007
1.50345e-05 -2.99673e-05 200 7 1.42007
12.0848 -15.899 198.914 7 1.42007
24.1697 -31.798 197.828 7 1.42007
36.2548 -47.6969 196.744 7 1.42007
48.3401 -63.5959 195.662 7 1.42007
60.4255 -79.4949 194.583 7 1.42007
72.5108 -95.3942 193.506 7 1.42007
84.5958 -111.294 192.431 7 1.42007
96.6805 -127.194 191.357 7 1.42007
108.765 -143.094 190.283 7 1.42007
120.85 -158.994 189.21 7 1.42007
1.50345e-05 -2.99673e-05 200 7 1.42007
12.0848 -15.899 198.914 7 1.42007
24.1697 -31.798 197.828 7 1.42007
36.2548 -47.6969 196.744 7 1.42007
48.3401 -63.5959 195.662 7 1.42007
60.4255 -79.4949 194.583 7 1.42007
72.5108 -95.3942 193.506 7 1.42007
84.5958 -111.294 192.431 7 1.42007
96.6805 -127.194 191.357 7 1.42007
108.765 -143.094 190.283 7 1.42007
120.85 -158.994 189.21 7 1.42007
1.50345e-05 -2.99673e-05 200 7 1.42007
12.0848 -15.899 198.914 7 1.42007
24.1697 -31.798 197.828 7 1.42007
36.2548 -47.6969 196.744 7 1.42007
48.3401 -63.5959 195.662 7 1.42007
60.4255 -79.4949 194.583 7 1.42007
72.5108 -95.3942 193.506 7 1.42007
84.5958 -111.294 192.431 7 1.42007
96.6805 -127.194 191.357 7 1.42007
108.765 -143.094 190.283 7 1.42007
120.85 -158.994 189.21 7 1.42007
