0.000137294 4.62822e-06 200 6.99999 5.9003
19.5703 -0.467925 204.098 6.99999 5.9003
39.1403 -0.935964 208.196 6.99999 5.9003
58.71 -1.40418 212.296 6.99999 5.9003
78.2793 -1.87259 216.398 6.99999 5.9003
97.848 -2.34115 220.503 6.99999 5.9003
117.416 -2.80981 224.61 6.99999 5.9003
136.984 -3.27853 228.718 7 5.9003
156.552 -3.74726 232.828 7 5.9003
176.119 -4.21602 236.939 7 5.9003
195.686 -4.6848 241.051 7 5.9003
0.000137294 4.62822e-06 200 6.99999 5.9003
19.5703 -0.467925 204.098 6.99999 5.9003
39.1403 -0.935964 208.196 6.99999 5.9003
58.71 -1.40418 212.296 6.99999 5.9003
78.2793 -1.87259 216.398 6.99999 5.9003
97.848 -2.34115 220.503 6.99999 5.9003
117.416 -2.80981 224.61 6.99999 5.9003
136.984 -3.27853 228.718 7 5.9003
156.552 -3.74726 232.828 7 5.9003
176.119 -4.21602 236.939 7 5.9003
195.686 -4.6848 241.051 7 5.9003
0.000137294 4.62822e-06 200 6.99999 5.9003
19.5703 -0.467925 204.098 6.99999 5.9003
39.1403 -0.935964 208.196 6.99999 5.9003
58.71 -1.40418 212.296 6.99999 5.9003
78.2793 -1.87259 216.398 6.99999 5.9003
97.848 -2.34115 220.503 6.99999 5.9003
117.416 -2.80981 224.61 6.99999 5.9003
136.984 -3.27853 228.718 7 5.9003
156.552 -3.74726 232.828 7 5.9003
176.119 -4.21602 236.939 7 5.9003
195.686 -4.6848 241.051 7 5.9003
0.000137294 4.62822e-06 200 6.99999 5.9003
19.5703 -0.467925 204.098 6.99999 5.9003
39.1403 -0.935964 208.196 6.99999 5.9003
58.71 -1.40418 212.296 6.99999 5.9003
78.2793 -1.87259 216.398 6.99999 5.9003
97.848 -2.34115 220.503 6.99999 5.9003
117.416 -2.80981 224.61 6.99999 5.9003
136.984 -3.27853 228.718 7 5.9003
156.552 -3.74726 232.828 7 5.9003
176.119 -4.21602 236.939 7 5.9003
195.686 -4.6848 241.051 7 5.9003
0.000137294 4.62822e-06 200 6.99999 5.9003
19.5703 -0.467925 204.098 6.99999 5.9003
39.1403 -0.935964 208.196 6.99999 5.9003
58.71 -1.40418 212.296 6.99999 5.9003
78.2793 -1.87259 216.398 6.99999 5.9003
97.848 -2.34115 220.503 6.99999 5.9003
117.416 -2.80981 224.61 6.99999 5.9003
136.984 -3.27853 228.718 7 5.9003
156.552 -3.74726 232.828 7 5.9003
176.119 -4.21602 236.939 7 5.9003
195.686 -4.6848 241.051 7 5.9003
0.000137294 4.62822e-06 200 6.99999 5.9003
19.5703 -0.467925 204.098 6.99999 5.9003
39.1403 -0.935964 208.196 6.99999 5.9003
58.71 -1.40418 212.296 6.99999 5.9003
78.2793 -1.87259 216.398 6.99999 5.9003
97.848 -2.34115 220.503 6.99999 5.9003
117.416 -2.80981 224.61 6.99999 5.9003
136.984 -3.27853 228.718 7 5.9003
156.552 -3.74726 232.828 7 5.9003
176.119 -4.21602 236.939 7 5.9003
195.686 -4.6848 241.051 7 5.9003
