-0.000127502 2.04927e-05 200 6.99997 7.9404
-4.39003 1.89427 180.579 6.99997 7.9404
-8.77922 3.78869 161.159 6.99997 7.9404
-13.1673 5.68333 141.738 6.99998 7.9404
-17.5541 7.57812 122.317 6.99998 7.9404
-21.9392 9.47306 102.896 6.99998 7.9404
-26.3226 11.3681 83.4746 6.99998 7.9404
-30.7046 13.2633 64.0527 6.99999 7.9404
-35.0852 15.1586 44.6305 6.99999 7.9404
-39.4649 17.0539 25.2082 6.99999 7.9404
-43.8439 18.9492 5.7857 7 7.9404
-0.000127502 2.04927e-05 200 6.99997 7.9404
-4.39003 1.89427 180.579 6.99997 7.9404
-8.77922 3.78869 161.159 6.99997 7.9404
-13.1673 5.68333 141.738 6.99998 7.9404
-17.5541 7.57812 122.317 6.99998 7.9404
-21.9392 9.47306 102.896 6.99998 7.9404
-26.3226 11.3681 83.4746 6.99998 7.9404
-30.7046 13.2633 64.0527 6.99999 7.9404
-35.0852 15.1586 44.6305 6.99999 7.9404
-39.4649 17.0539 25.2082 6.99999 7.9404
-43.8439 18.9492 5.7857 7 7.9404
-0.000127502 2.04927e-05 200 6.99997 7.9404
-4.39003 1.89427 180.579 6.99997 7.9404
-8.77922 3.78869 161.159 6.99997 7.9404
-13.1673 5.68333 141.738 6.99998 7.9404
-17.5541 7.57812 122.317 6.99998 7.9404
-21.9392 9.47306 102.896 6.99998 7.9404
-26.3226 11.3681 83.4746 6.99998 7.9404
-30.7046 13.2633 64.0527 6.99999 7.9404
-35.0852 15.1586 44.6305 6.99999 7.9404
-39.4649 17.0539 25.2082 6.99999 7.9404
-43.8439 18.9492 5.7857 7 7.9404
-0.000127502 2.04927e-05 200 6.99997 7.9404
-4.39003 1.89427 180.579 6.99997 7.9404
-8.77922 3.78869 161.159 6.99997 7.9404
-13.1673 5.68333 141.738 6.99998 7.9404
-17.5541 7.57812 122.317 6.99998 7.9404
-21.9392 9.47306 102.896 6.99998 7.9404
-26.3226 11.3681 83.4746 6.99998 7.9404
-30.7046 13.2633 64.0527 6.99999 7.9404
-35.0852 15.1586 44.6305 6.99999 7.9404
-39.4649 17.0539 25.2082 6.99999 7.9404
-43.8439 18.9492 5.7857 7 7.9404
-0.000127502 2.04927e-05 200 6.99997 7.9404
-4.39003 1.89427 180.579 6.99997 7.9404
-8.77922 3.78869 161.159 6.99997 7.9404
-13.1673 5.68333 141.738 6.99998 7.9404
-17.5541 7.57812 122.317 6.99998 7.9404
-21.9392 9.47306 102.896 6.99998 7.9404
-26.3226 11.3681 83.4746 6.99998 7.9404
-30.7046 13.2633 64.0527 6.99999 7.9404
-35.0852 15.1586 44.6305 6.99999 7.9404
-39.4649 17.0539 25.2082 6.99999 7.9404
-43.8439 18.9492 5.7857 7 7.9404
-0.000127502 2.04927e-05 200 6.99997 7.9404
-4.39003 1.89427 180.579 6.99997 7.9404
-8.77922 3.78869 161.159 6.99997 7.9404
-13.1673 5.68333 141.738 6.99998 7.9404
-17.5541 7.57812 122.317 6.99998 7.9404
-21.9392 9.47306 102.896 6.99998 7.9404
-26.3226 11.3681 83.4746 6.99998 7.9404
-30.7046 13.2633 64.0527 6.99999 7.9404
-35.0852 15.1586 44.6305 6.99999 7.9404
-39.4649 17.0539 25.2082 6.99999 7.9404
-43.8439 18.9492 5.7857 7 7.9404
