0.000380989 -3.42679e-06 200 6.99997 8.78044
18.2678 -0.181814 208.141 6.99997 8.78044
36.5352 -0.36363 216.282 6.99997 8.78044
54.8024 -0.545453 224.424 6.99997 8.78044
73.0694 -0.727249 232.566 6.99997 8.78044
91.3361 -0.908994 240.708 6.99998 8.78044
109.602 -1.09066 248.851 6.99998 8.78044
127.869 -1.27221 256.995 6.99998 8.78044
146.134 -1.45366 265.139 6.99999 8.78044
164.4 -1.63504 273.284 6.99999 8.78044
182.666 -1.81636 281.429 6.99999 8.78044
0.000380989 -3.42679e-06 200 6.99997 8.78044
18.2678 -0.181814 208.141 6.99997 8.78044
36.5352 -0.36363 216.282 6.99997 8.78044
54.8024 -0.545453 224.424 6.99997 8.78044
73.0694 -0.727249 232.566 6.99997 8.78044
91.3361 -0.908994 240.708 6.99998 8.78044
109.602 -1.09066 248.851 6.99998 8.78044
127.869 -1.27221 256.995 6.99998 8.78044
146.134 -1.45366 265.139 6.99999 8.78044
164.4 -1.63504 273.284 6.99999 8.78044
182.666 -1.81636 281.429 6.99999 8.78044
0.000380989 -3.42679e-06 200 6.99997 8.78044
18.2678 -0.181814 208.141 6.99997 8.78044
36.5352 -0.36363 216.282 6.99997 8.78044
54.8024 -0.545453 224.424 6.99997 8.78044
73.0694 -0.727249 232.566 6.99997 8.78044
91.3361 -0.908994 240.708 6.99998 8.78044
109.602 -1.09066 248.851 6.99998 8.78044
127.869 -1.27221 256.995 6.99998 8.78044
146.134 -1.45366 265.139 6.99999 8.78044
164.4 -1.63504 273.284 6.99999 8.78044
182.666 -1.81636 281.429 6.99999 8.78044
0.000380989 -3.42679e-06 200 6.99997 8.78044
18.2678 -0.181814 208.141 6.99997 8.78044
36.5352 -0.36363 216.282 6.99997 8.78044
54.8024 -0.545453 224.424 6.99997 8.78044
73.0694 -0.727249 232.566 6.99997 8.78044
91.3361 -0.908994 240.708 6.99998 8.78044
109.602 -1.09066 248.851 6.99998 8.78044
127.869 -1.27221 256.995 6.99998 8.78044
146.134 -1.45366 265.139 6.99999 8.78044
164.4 -1.63504 273.284 6.99999 8.78044
182.666 -1.81636 281.429 6.99999 8.78044
0.000380989 -3.42679e-06 200 6.99997 8.78044
18.2678 -0.181814 208.141 6.99997 8.78044
36.5352 -0.36363 216.282 6.99997 8.78044
54.8024 -0.545453 224.424 6.99997 8.78044
73.0694 -0.727249 232.566 6.99997 8.78044
91.3361 -0.908994 240.708 6.99998 8.78044
109.602 -1.09066 248.851 6.99998 8.78044
127.869 -1.27221 256.995 6.99998 8.78044
146.134 -1.45366 265.139 6.99999 8.78044
164.4 -1.63504 273.284 6.99999 8.78044
182.666 -1.81636 281.429 6.99999 8.78044
0.000380989 -3.42679e-06 200 6.99997 8.78044
18.2678 -0.181814 208.141 6.99997 8.78044
36.5352 -0.36363 216.282 6.99997 8.78044
54.8024 -0.545453 224.424 6.99997 8.78044
73.0694 -0.727249 232.566 6.99997 8.78044
91.3361 -0.908994 240.708 6.99998 8.78044
109.602 -1.09066 248.851 6.99998 8.78044
127.869 -1.27221 256.995 6.99998 8.78044
146.134 -1.45366 265.139 6.99999 8.78044
164.4 -1.63504 273.284 6.99999 8.78044
182.666 -1.81636 281.429 6.99999 8.78044
