-7.27484e-05 9.05147e-05 200 6.99999 3.24016
-11.4081 1.02966 216.395 6.99999 3.24016
-22.8156 2.05798 232.791 7 3.24016
-34.2222 3.08423 249.187 7 3.24016
-45.628 4.10811 265.584 7 3.24016
-57.0328 5.12956 281.982 7 3.24016
-68.4366 6.14869 298.38 7 3.24016
-79.8398 7.166 314.779 7 3.24016
-91.2429 8.18237 331.179 7 3.24016
-102.646 9.19846 347.578 7 3.24016
-114.05 10.2144 363.977 7 3.24016
-7.27484e-05 9.05147e-05 200 6.99999 3.24016
-11.4081 1.02966 216.395 6.99999 3.24016
-22.8156 2.05798 232.791 7 3.24016
-34.2222 3.08423 249.187 7 3.24016
-45.628 4.10811 265.584 7 3.24016
-57.0328 5.12956 281.982 7 3.24016
-68.4366 6.14869 298.38 7 3.24016
-79.8398 7.166 314.779 7 3.24016
-91.2429 8.18237 331.179 7 3.24016
-102.646 9.19846 347.578 7 3.24016
-114.05 10.2144 363.977 7 3.24016
-7.27484e-05 9.05147e-05 200 6.99999 3.24016
-11.4081 1.02966 216.395 6.99999 3.24016
-22.8156 2.05798 232.791 7 3.24016
-34.2222 3.08423 249.187 7 3.24016
-45.628 4.10811 265.584 7 3.24016
-57.0328 5.12956 281.982 7 3.24016
-68.4366 6.14869 298.38 7 3.24016
-79.8398 7.166 314.779 7 3.24016
-91.2429 8.18237 331.179 7 3.24016
-102.646 9.19846 347.578 7 3.24016
-114.05 10.2144 363.977 7 3.24016
-7.27484e-05 9.05147e-05 200 6.99999 3.24016
-11.4081 1.02966 216.395 6.99999 3.24016
-22.8156 2.05798 232.791 7 3.24016
-34.2222 3.08423 249.187 7 3.24016
-45.628 4.10811 265.584 7 3.24016
-57.0328 5.12956 281.982 7 3.24016
-68.4366 6.14869 298.38 7 3.24016
-79.8398 7.166 314.779 7 3.24016
-91.2429 8.18237 331.179 7 3.24016
-102.646 9.19846 347.578 7 3.24016
-114.05 10.2144 363.977 7 3.24016
-7.27484e-05 9.05147e-05 200 6.99999 3.24016
-11.4081 1.02966 216.395 6.99999 3.24016
-22.8156 2.05798 232.791 7 3.24016
-34.2222 3.08423 249.187 7 3.24016
-45.628 4.10811 265.584 7 3.24016
-57.0328 5.12956 281.982 7 3.24016
-68.4366 6.14869 298.38 7 3.24016
-79.8398 7.166 314.779 7 3.24016
-91.2429 8.18237 331.179 7 3.24016
-102.646 9.19846 347.578 7 3.24016
-114.05 10.2144 363.977 7 3.24016
-7.27484e-05 9.05147e-05 200 6.99999 3.24016
-11.4081 1.02966 216.395 6.99999 3.24016
-22.8156 2.05798 232.791 7 3.24016
-34.2222 3.08423 249.187 7 3.24016
-45.628 4.10811 265.584 7 3.24016
-57.0328 5.12956 281.982 7 3.24016
-68.4366 6.14869 298.38 7 3.24016
-79.8398 7.166 314.779 7 3.24016
-91.2429 8.18237 331.179 7 3.24016
-102.646 9.19846 347.578 7 3.24016
-114.05 10.2144 363.977 7 3.24016
