7.59013e-05 9.84444e-06 200 6.99999 5.30027
13.6634 3.70167 185.871 6.99999 5.30027
27.3266 7.40347 171.743 6.99999 5.30027
40.9898 11.1055 157.614 6.99999 5.30027
54.6531 14.8078 143.486 6.99999 5.30027
68.3166 18.5104 129.358 6.99999 5.30027
81.9802 22.2133 115.23 7 5.30027
95.6441 25.9163 101.103 7 5.30027
109.308 29.6194 86.9758 7 5.30027
122.973 33.3225 72.8491 7 5.30027
136.638 37.0256 58.7227 7 5.30027
7.59013e-05 9.84444e-06 200 6.99999 5.30027
13.6634 3.70167 185.871 6.99999 5.30027
27.3266 7.40347 171.743 6.99999 5.30027
40.9898 11.1055 157.614 6.99999 5.30027
54.6531 14.8078 143.486 6.99999 5.30027
68.3166 18.5104 129.358 6.99999 5.30027
81.9802 22.2133 115.23 7 5.30027
95.6441 25.9163 101.103 7 5.30027
109.308 29.6194 86.9758 7 5.30027
122.973 33.3225 72.8491 7 5.30027
136.638 37.0256 58.7227 7 5.30027
7.59013e-05 9.84444e-06 200 6.99999 5.30027
13.6634 3.70167 185.871 6.99999 5.30027
27.3266 7.40347 171.743 6.99999 5.30027
40.9898 11.1055 157.614 6.99999 5.30027
54.6531 14.8078 143.486 6.99999 5.30027
68.3166 18.5104 129.358 6.99999 5.30027
81.9802 22.2133 115.23 7 5.30027
95.6441 25.9163 101.103 7 5.30027
109.308 29.6194 86.9758 7 5.30027
122.973 33.3225 72.8491 7 5.30027
136.638 37.0256 58.7227 7 5.30027
7.59013e-05 9.84444e-06 200 6.99999 5.30027
13.6634 3.70167 185.871 6.99999 5.30027
27.3266 7.40347 171.743 6.99999 5.30027
40.9898 11.1055 157.614 6.99999 5.30027
54.6531 14.8078 143.486 6.99999 5.30027
68.3166 18.5104 129.358 6.99999 5.30027
81.9802 22.2133 115.23 7 5.30027
95.6441 25.9163 101.103 7 5.30027
109.308 29.6194 86.9758 7 5.30027
122.973 33.3225 72.8491 7 5.30027
136.638 37.0256 58.7227 7 5.30027
7.59013e-05 9.84444e-06 200 6.99999 5.30027
13.6634 3.70167 185.871 6.99999 5.30027
27.3266 7.40347 171.743 6.99999 5.30027
40.9898 11.1055 157.614 6.99999 5.30027
54.6531 14.8078 143.486 6.99999 5.30027
68.3166 18.5104 129.358 6.99999 5.30027
81.9802 22.2133 115.23 7 5.30027
95.6441 25.9163 101.103 7 5.30027
109.308 29.6194 86.9758 7 5.30027
122.973 33.3225 72.8491 7 5.30027
136.638 37.0256 58.7227 7 5.30027
7.59013e-05 9.84444e-06 200 6.99999 5.30027
13.6634 3.70167 185.871 6.99999 5.30027
27.3266 7.40347 171.743 6.99999 5.30027
40.9898 11.1055 157.614 6.99999 5.30027
54.6531 14.8078 143.486 6.99999 5.30027
68.3166 18.5104 129.358 6.99999 5.30027
81.9802 22.2133 115.23 7 5.30027
95.6441 25.9163 101.103 7 5.30027
109.308 29.6194 86.9758 7 5.30027
122.973 33.3225 72.8491 7 5.30027
136.638 37.0256 58.7227 7 5.30027
