1.05551e-05 -3.06516e-05 200 7 1.34007
11.252 -16.3928 197.839 7 1.34007
22.5041 -32.7854 195.677 7 1.34007
33.756 -49.1779 193.513 7 1.34007
45.0075 -65.5702 191.347 7 1.34007
56.2583 -81.9627 189.178 7 1.34007
67.5084 -98.3555 187.007 7 1.34007
78.7578 -114.749 184.834 7 1.34007
90.0068 -131.142 182.662 7 1.34007
101.255 -147.535 180.489 7 1.34007
112.504 -163.929 178.316 7 1.34007
1.05551e-05 -3.06516e-05 200 7 1.34007
11.252 -16.3928 197.839 7 1.34007
22.5041 -32.7854 195.677 7 1.34007
33.756 -49.1779 193.513 7 1.34007
45.0075 -65.5702 191.347 7 1.34007
56.2583 -81.9627 189.178 7 1.34007
67.5084 -98.3555 187.007 7 1.34007
78.7578 -114.749 184.834 7 1.34007
90.0068 -131.142 182.662 7 1.34007
101.255 -147.535 180.489 7 1.34007
112.504 -163.929 178.316 7 1.34007
1.05551e-05 -3.06516e-05 200 7 1.34007
11.252 -16.3928 197.839 7 1.34007
22.5041 -32.7854 195.677 7 1.34007
33.756 -49.1779 193.513 7 1.34007
45.0075 -65.5702 191.347 7 1.34007
56.2583 -81.9627 189.178 7 1.34007
67.5084 -98.3555 187.007 7 1.34007
78.7578 -114.749 184.834 7 1.34007
90.0068 -131.142 182.662 7 1.34007
101.255 -147.535 180.489 7 1.34007
112.504 -163.929 178.316 7 1.34007
1.05551e-05 -3.06516e-05 200 7 1.34007
11.252 -16.3928 197.839 7 1.34007
22.5041 -32.7854 195.677 7 1.34007
33.756 -49.1779 193.513 7 1.34007
45.0075 -65.5702 191.347 7 1.34007
56.2583 -81.9627 189.178 7 1.34007
67.5084 -98.3555 187.007 7 1.34007
78.7578 -114.749 184.834 7 1.34007
90.0068 -131.142 182.662 7 1.34007
101.255 -147.535 180.489 7 1.34007
112.504 -163.929 178.316 7 1.34007
1.05551e-05 -3.06516e-05 200 7 1.34007
11.252 -16.3928 197.839 7 1.34007
22.5041 -32.7854 195.677 7 1.34007
33.756 -49.1779 193.513 7 1.34007
45.0075 -65.5702 191.347 7 1.34007
56.2583 -81.9627 189.178 7 1.34007
67.5084 -98.3555 187.007 7 1.34007
78.7578 -114.749 184.834 7 1.34007
90.0068 -131.142 182.662 7 1.34007
101.255 -147.535 180.489 7 1.34007
112.504 -163.929 178.316 7 1.34007
1.05551e-05 -3.06516e-05 200 7 1.34007
11.252 -16.3928 197.839 7 1.34007
22.5041 -32.7854 195.677 7 1.34007
33.756 -49.1779 193.513 7 1.34007
45.0075 -65.5702 191.347 7 1.34007
56.2583 -81.9627 189.178 7 1.34007
67.5084 -98.3555 187.007 7 1.34007
78.7578 -114.749 184.834 7 1.34007
90.0068 -131.142 182.662 7 1.34007
101.255 -147.535 180.489 7 1.34007
112.504 -163.929 178.316 7 1.34007
