4.35953e-05 -2.2952e-05 200 6.99999 6.60033
1.41182 -3.59925 219.623 6.99999 6.60033
2.82315 -7.1986 239.246 6.99999 6.60033
4.23357 -10.7981 258.869 6.99999 6.60033
5.64271 -14.3978 278.492 6.99999 6.60033
7.05039 -17.9975 298.115 6.99999 6.60033
8.45673 -21.5974 317.738 6.99999 6.60033
9.86199 -25.1974 337.361 6.99999 6.60033
11.2663 -28.7976 356.984 7 6.60033
12.6698 -32.398 376.607 7 6.60033
14.0728 -35.9985 396.23 7 6.60033
4.35953e-05 -2.2952e-05 200 6.99999 6.60033
1.41182 -3.59925 219.623 6.99999 6.60033
2.82315 -7.1986 239.246 6.99999 6.60033
4.23357 -10.7981 258.869 6.99999 6.60033
5.64271 -14.3978 278.492 6.99999 6.60033
7.05039 -17.9975 298.115 6.99999 6.60033
8.45673 -21.5974 317.738 6.99999 6.60033
9.86199 -25.1974 337.361 6.99999 6.60033
11.2663 -28.7976 356.984 7 6.60033
12.6698 -32.398 376.607 7 6.60033
14.0728 -35.9985 396.23 7 6.60033
4.35953e-05 -2.2952e-05 200 6.99999 6.60033
1.41182 -3.59925 219.623 6.99999 6.60033
2.82315 -7.1986 239.246 6.99999 6.60033
4.23357 -10.7981 258.869 6.99999 6.60033
5.64271 -14.3978 278.492 6.99999 6.60033
7.05039 -17.9975 298.115 6.99999 6.60033
8.45673 -21.5974 317.738 6.99999 6.60033
9.86199 -25.1974 337.361 6.99999 6.60033
11.2663 -28.7976 356.984 7 6.60033
12.6698 -32.398 376.607 7 6.60033
14.0728 -35.9985 396.23 7 6.60033
4.35953e-05 -2.2952e-05 200 6.99999 6.60033
1.41182 -3.59925 219.623 6.99999 6.60033
2.82315 -7.1986 239.246 6.99999 6.60033
4.23357 -10.7981 258.869 6.99999 6.60033
5.64271 -14.3978 278.492 6.99999 6.60033
7.05039 -17.9975 298.115 6.99999 6.60033
8.45673 -21.5974 317.738 6.99999 6.60033
9.86199 -25.1974 337.361 6.99999 6.60033
11.2663 -28.7976 356.984 7 6.60033
12.6698 -32.398 376.607 7 6.60033
14.0728 -35.9985 396.23 7 6.60033
4.35953e-05 -2.2952e-05 200 6.99999 6.60033
1.41182 -3.59925 219.623 6.99999 6.60033
2.82315 -7.1986 239.246 6.99999 6.60033
4.23357 -10.7981 258.869 6.99999 6.60033
5.64271 -14.3978 278.492 6.99999 6.60033
7.05039 -17.9975 298.115 6.99999 6.60033
8.45673 -21.5974 317.738 6.99999 6.60033
9.86199 -25.1974 337.361 6.99999 6.60033
11.2663 -28.7976 356.984 7 6.60033
12.6698 -32.398 376.607 7 6.60033
14.0728 -35.9985 396.23 7 6.60033
4.35953e-05 -2.2952e-05 200 6.99999 6.60033
1.41182 -3.59925 219.623 6.99999 6.60033
2.82315 -7.1986 239.246 6.99999 6.60033
4.23357 -10.7981 258.869 6.99999 6.60033
5.64271 -14.3978 278.492 6.99999 6.60033
7.05039 -17.9975 298.115 6.99999 6.60033
8.45673 -21.5974 317.738 6.99999 6.60033
9.86199 -25.1974 337.361 6.99999 6.60033
11.2663 -28.7976 356.984 7 6.60033
12.6698 -32.398 376.607 7 6.60033
14.0728 -35.9985 396.23 7 6.60033
