2.20265e-05 2.06068e-05 200 6.99999 4.86024
0.626546 6.0658 180.952 6.99999 4.86024
1.2528 12.1317 161.905 6.99999 4.86024
1.87892 18.1979 142.857 6.99999 4.86024
2.50523 24.2644 123.809 6.99999 4.86024
3.13177 30.3313 104.762 6.99999 4.86024
3.75823 36.3983 85.7148 7 4.86024
4.3847 42.4654 66.6675 7 4.86024
5.01142 48.5327 47.6203 7 4.86024
5.63836 54.6 28.5731 7 4.86024
6.26549 60.6675 9.52603 7 4.86024
2.20265e-05 2.06068e-05 200 6.99999 4.86024
0.626546 6.0658 180.952 6.99999 4.86024
1.2528 12.1317 161.905 6.99999 4.86024
1.87892 18.1979 142.857 6.99999 4.86024
2.50523 24.2644 123.809 6.99999 4.86024
3.13177 30.3313 104.762 6.99999 4.86024
3.75823 36.3983 85.7148 7 4.86024
4.3847 42.4654 66.6675 7 4.86024
5.01142 48.5327 47.6203 7 4.86024
5.63836 54.6 28.5731 7 4.86024
6.26549 60.6675 9.52603 7 4.86024
2.20265e-05 2.06068e-05 200 6.99999 4.86024
0.626546 6.0658 180.952 6.99999 4.86024
1.2528 12.1317 161.905 6.99999 4.86024
1.87892 18.1979 142.857 6.99999 4.86024
2.50523 24.2644 123.809 6.99999 4.86024
3.13177 30.3313 104.762 6.99999 4.86024
3.75823 36.3983 85.7148 7 4.86024
4.3847 42.4654 66.6675 7 4.86024
5.01142 48.5327 47.6203 7 4.86024
5.63836 54.6 28.5731 7 4.86024
6.26549 60.6675 9.52603 7 4.86024
2.20265e-05 2.06068e-05 200 6.99999 4.86024
0.626546 6.0658 180.952 6.99999 4.86024
1.2528 12.1317 161.905 6.99999 4.86024
1.87892 18.1979 142.857 6.99999 4.86024
2.50523 24.2644 123.809 6.99999 4.86024
3.13177 30.3313 104.762 6.99999 4.86024
3.75823 36.3983 85.7148 7 4.86024
4.3847 42.4654 66.6675 7 4.86024
5.01142 48.5327 47.6203 7 4.86024
5.63836 54.6 28.5731 7 4.86024
6.26549 60.6675 9.52603 7 4.86024
2.20265e-05 2.06068e-05 200 6.99999 4.86024
0.626546 6.0658 180.952 6.99999 4.86024
1.2528 12.1317 161.905 6.99999 4.86024
1.87892 18.1979 142.857 6.99999 4.86024
2.50523 24.2644 123.809 6.99999 4.86024
3.13177 30.3313 104.762 6.99999 4.86024
3.75823 36.3983 85.7148 7 4.86024
4.3847 42.4654 66.6675 7 4.86024
5.01142 48.5327 47.6203 7 4.86024
5.63836 54.6 28.5731 7 4.86024
6.26549 60.6675 9.52603 7 4.86024
2.20265e-05 2.06068e-05 200 6.99999 4.86024
0.626546 6.0658 180.952 6.99999 4.86024
1.2528 12.1317 161.905 6.99999 4.86024
1.87892 18.1979 142.857 6.99999 4.86024
2.50523 24.2644 123.809 6.99999 4.86024
3.13177 30.3313 104.762 6.99999 4.86024
3.75823 36.3983 85.7148 7 4.86024
4.3847 42.4654 66.6675 7 4.86024
5.01142 48.5327 47.6203 7 4.86024
5.63836 54.6 28.5731 7 4.86024
6.26549 60.6675 9.52603 7 4.86024
