7.20434e-05 -4.25779e-05 200 7 2.0201
13.2761 -11.1177 210.007 7 2.0201
26.5516 -22.2351 220.015 7 2.0201
39.8263 -33.3523 230.025 7 2.0201
53.0997 -44.4695 240.036 7 2.0201
66.3718 -55.5864 250.05 7 2.0201
79.6424 -66.7029 260.065 7 2.0201
92.9117 -77.8189 270.083 7 2.0201
106.18 -88.9344 280.103 7 2.0201
119.447 -100.05 290.125 7 2.0201
132.715 -111.165 300.146 7 2.0201
7.20434e-05 -4.25779e-05 200 7 2.0201
13.2761 -11.1177 210.007 7 2.0201
26.5516 -22.2351 220.015 7 2.0201
39.8263 -33.3523 230.025 7 2.0201
53.0997 -44.4695 240.036 7 2.0201
66.3718 -55.5864 250.05 7 2.0201
79.6424 -66.7029 260.065 7 2.0201
92.9117 -77.8189 270.083 7 2.0201
106.18 -88.9344 280.103 7 2.0201
119.447 -100.05 290.125 7 2.0201
132.715 -111.165 300.146 7 2.0201
7.20434e-05 -4.25779e-05 200 7 2.0201
13.2761 -11.1177 210.007 7 2.0201
26.5516 -22.2351 220.015 7 2.0201
39.8263 -33.3523 230.025 7 2.0201
53.0997 -44.4695 240.036 7 2.0201
66.3718 -55.5864 250.05 7 2.0201
79.6424 -66.7029 260.065 7 2.0201
92.9117 -77.8189 270.083 7 2.0201
106.18 -88.9344 280.103 7 2.0201
119.447 -100.05 290.125 7 2.0201
132.715 -111.165 300.146 7 2.0201
7.20434e-05 -4.25779e-05 200 7 2.0201
13.2761 -11.1177 210.007 7 2.0201
26.5516 -22.2351 220.015 7 2.0201
39.8263 -33.3523 230.025 7 2.0201
53.0997 -44.4695 240.036 7 2.0201
66.3718 -55.5864 250.05 7 2.0201
79.6424 -66.7029 260.065 7 2.0201
92.9117 -77.8189 270.083 7 2.0201
106.18 -88.9344 280.103 7 2.0201
119.447 -100.05 290.125 7 2.0201
132.715 -111.165 300.146 7 2.0201
7.20434e-05 -4.25779e-05 200 7 2.0201
13.2761 -11.1177 210.007 7 2.0201
26.5516 -22.2351 220.015 7 2.0201
39.8263 -33.3523 230.025 7 2.0201
53.0997 -44.4695 240.036 7 2.0201
66.3718 -55.5864 250.05 7 2.0201
79.6424 -66.7029 260.065 7 2.0201
92.9117 -77.8189 270.083 7 2.0201
106.18 -88.9344 280.103 7 2.0201
119.447 -100.05 290.125 7 2.0201
132.715 -111.165 300.146 7 2.0201
7.20434e-05 -4.25779e-05 200 7 2.0201
13.2761 -11.1177 210.007 7 2.0201
26.5516 -22.2351 220.015 7 2.0201
39.8263 -33.3523 230.025 7 2.0201
53.0997 -44.4695 240.036 7 2.0201
66.3718 -55.5864 250.05 7 2.0201
79.6424 -66.7029 260.065 7 2.0201
92.9117 -77.8189 270.083 7 2.0201
106.18 -88.9344 280.103 7 2.0201
119.447 -100.05 290.125 7 2.0201
132.715 -111.165 300.146 7 2.0201
