1.23328e-05 9.7972e-06 200 6.99999 5.12026
8.77426 4.80372 182.681 6.99999 5.12026
17.549 9.60765 165.363 6.99999 5.12026
26.3246 14.412 148.045 6.99999 5.12026
35.1015 19.2168 130.728 6.99999 5.12026
43.8797 24.0219 113.411 6.99999 5.12026
52.6589 28.8273 96.0957 7 5.12026
61.4391 33.633 78.7805 7 5.12026
70.2202 38.4389 61.4659 7 5.12026
79.0018 43.245 44.1516 7 5.12026
87.7837 48.0513 26.8375 7 5.12026
1.23328e-05 9.7972e-06 200 6.99999 5.12026
8.77426 4.80372 182.681 6.99999 5.12026
17.549 9.60765 165.363 6.99999 5.12026
26.3246 14.412 148.045 6.99999 5.12026
35.1015 19.2168 130.728 6.99999 5.12026
43.8797 24.0219 113.411 6.99999 5.12026
52.6589 28.8273 96.0957 7 5.12026
61.4391 33.633 78.7805 7 5.12026
70.2202 38.4389 61.4659 7 5.12026
79.0018 43.245 44.1516 7 5.12026
87.7837 48.0513 26.8375 7 5.12026
1.23328e-05 9.7972e-06 200 6.99999 5.12026
8.77426 4.80372 182.681 6.99999 5.12026
17.549 9.60765 165.363 6.99999 5.12026
26.3246 14.412 148.045 6.99999 5.12026
35.1015 19.2168 130.728 6.99999 5.12026
43.8797 24.0219 113.411 6.99999 5.12026
52.6589 28.8273 96.0957 7 5.12026
61.4391 33.633 78.7805 7 5.12026
70.2202 38.4389 61.4659 7 5.12026
79.0018 43.245 44.1516 7 5.12026
87.7837 48.0513 26.8375 7 5.12026
1.23328e-05 9.7972e-06 200 6.99999 5.12026
8.77426 4.80372 182.681 6.99999 5.12026
17.549 9.60765 165.363 6.99999 5.12026
26.3246 14.412 148.045 6.99999 5.12026
35.1015 19.2168 130.728 6.99999 5.12026
43.8797 24.0219 113.411 6.99999 5.12026
52.6589 28.8273 96.0957 7 5.12026
61.4391 33.633 78.7805 7 5.12026
70.2202 38.4389 61.4659 7 5.12026
79.0018 43.245 44.1516 7 5.12026
87.7837 48.0513 26.8375 7 5.12026
1.23328e-05 9.7972e-06 200 6.99999 5.12026
8.77426 4.80372 182.681 6.99999 5.12026
17.549 9.60765 165.363 6.99999 5.12026
26.3246 14.412 148.045 6.99999 5.12026
35.1015 19.2168 130.728 6.99999 5.12026
43.8797 24.0219 113.411 6.99999 5.12026
52.6589 28.8273 96.0957 7 5.12026
61.4391 33.633 78.7805 7 5.12026
70.2202 38.4389 61.4659 7 5.12026
79.0018 43.245 44.1516 7 5.12026
87.7837 48.0513 26.8375 7 5.12026
1.23328e-05 9.7972e-06 200 6.99999 5.12026
8.77426 4.80372 182.681 6.99999 5.12026
17.549 9.60765 165.363 6.99999 5.12026
26.3246 14.412 148.045 6.99999 5.12026
35.1015 19.2168 130.728 6.99999 5.12026
43.8797 24.0219 113.411 6.99999 5.12026
52.6589 28.8273 96.0957 7 5.12026
61.4391 33.633 78.7805 7 5.12026
70.2202 38.4389 61.4659 7 5.12026
79.0018 43.245 44.1516 7 5.12026
87.7837 48.0513 26.8375 7 5.12026
