2.47671e-05 -3.50904e-05 200 7 1.48007
12.6329 -15.5043 199.829 7 1.48007
25.2659 -31.0085 199.657 7 1.48007
37.8986 -46.5128 199.484 7 1.48007
50.5309 -62.0175 199.308 7 1.48007
63.1624 -77.5227 199.13 7 1.48007
75.7931 -93.0287 198.949 7 1.48007
88.4229 -108.535 198.765 7 1.48007
101.052 -124.042 198.58 7 1.48007
113.681 -139.55 198.395 7 1.48007
126.309 -155.058 198.209 7 1.48007
2.47671e-05 -3.50904e-05 200 7 1.48007
12.6329 -15.5043 199.829 7 1.48007
25.2659 -31.0085 199.657 7 1.48007
37.8986 -46.5128 199.484 7 1.48007
50.5309 -62.0175 199.308 7 1.48007
63.1624 -77.5227 199.13 7 1.48007
75.7931 -93.0287 198.949 7 1.48007
88.4229 -108.535 198.765 7 1.48007
101.052 -124.042 198.58 7 1.48007
113.681 -139.55 198.395 7 1.48007
126.309 -155.058 198.209 7 1.48007
2.47671e-05 -3.50904e-05 200 7 1.48007
12.6329 -15.5043 199.829 7 1.48007
25.2659 -31.0085 199.657 7 1.48007
37.8986 -46.5128 199.484 7 1.48007
50.5309 -62.0175 199.308 7 1.48007
63.1624 -77.5227 199.13 7 1.48007
75.7931 -93.0287 198.949 7 1.48007
88.4229 -108.535 198.765 7 1.48007
101.052 -124.042 198.58 7 1.48007
113.681 -139.55 198.395 7 1.48007
126.309 -155.058 198.209 7 1.48007
2.47671e-05 -3.50904e-05 200 7 1.48007
12.6329 -15.5043 199.829 7 1.48007
25.2659 -31.0085 199.657 7 1.48007
37.8986 -46.5128 199.484 7 1.48007
50.5309 -62.0175 199.308 7 1.48007
63.1624 -77.5227 199.13 7 1.48007
75.7931 -93.0287 198.949 7 1.48007
88.4229 -108.535 198.765 7 1.48007
101.052 -124.042 198.58 7 1.48007
113.681 -139.55 198.395 7 1.48007
126.309 -155.058 198.209 7 1.48007
2.47671e-05 -3.50904e-05 200 7 1.48007
12.6329 -15.5043 199.829 7 1.48007
25.2659 -31.0085 199.657 7 1.48007
37.8986 -46.5128 199.484 7 1.48007
50.5309 -62.0175 199.308 7 1.48007
63.1624 -77.5227 199.13 7 1.48007
75.7931 -93.0287 198.949 7 1.48007
88.4229 -108.535 198.765 7 1.48007
101.052 -124.042 198.58 7 1.48007
113.681 -139.55 198.395 7 1.48007
126.309 -155.058 198.209 7 1.48007
2.47671e-05 -3.50904e-05 200 7 1.48007
12.6329 -15.5043 199.829 7 1.48007
25.2659 -31.0085 199.657 7 1.48007
37.8986 -46.5128 199.484 7 1.48007
50.5309 -62.0175 199.308 7 1.48007
63.1624 -77.5227 199.13 7 1.48007
75.7931 -93.0287 198.949 7 1.48007
88.4229 -108.535 198.765 7 1.48007
101.052 -124.042 198.58 7 1.48007
113.681 -139.55 198.395 7 1.48007
126.309 -155.058 198.209 7 1.48007
