0.000118109 -1.07063e-05 200 6.99999 6.0203
18.258 -1.24014 208.069 6.99999 6.0203
36.516 -2.48024 216.138 6.99999 6.0203
54.7741 -3.72029 224.207 6.99999 6.0203
73.0324 -4.96038 232.276 6.99999 6.0203
91.2908 -6.20054 240.344 6.99999 6.0203
109.549 -7.44083 248.411 6.99999 6.0203
127.808 -8.68121 256.479 7 6.0203
146.067 -9.92161 264.545 7 6.0203
164.326 -11.162 272.612 7 6.0203
182.585 -12.4024 280.68 7 6.0203
0.000118109 -1.07063e-05 200 6.99999 6.0203
18.258 -1.24014 208.069 6.99999 6.0203
36.516 -2.48024 216.138 6.99999 6.0203
54.7741 -3.72029 224.207 6.99999 6.0203
73.0324 -4.96038 232.276 6.99999 6.0203
91.2908 -6.20054 240.344 6.99999 6.0203
109.549 -7.44083 248.411 6.99999 6.0203
127.808 -8.68121 256.479 7 6.0203
146.067 -9.92161 264.545 7 6.0203
164.326 -11.162 272.612 7 6.0203
182.585 -12.4024 280.68 7 6.0203
0.000118109 -1.07063e-05 200 6.99999 6.0203
18.258 -1.24014 208.069 6.99999 6.0203
36.516 -2.48024 216.138 6.99999 6.0203
54.7741 -3.72029 224.207 6.99999 6.0203
73.0324 -4.96038 232.276 6.99999 6.0203
91.2908 -6.20054 240.344 6.99999 6.0203
109.549 -7.44083 248.411 6.99999 6.0203
127.808 -8.68121 256.479 7 6.0203
146.067 -9.92161 264.545 7 6.0203
164.326 -11.162 272.612 7 6.0203
182.585 -12.4024 280.68 7 6.0203
0.000118109 -1.07063e-05 200 6.99999 6.0203
18.258 -1.24014 208.069 6.99999 6.0203
36.516 -2.48024 216.138 6.99999 6.0203
54.7741 -3.72029 224.207 6.99999 6.0203
73.0324 -4.96038 232.276 6.99999 6.0203
91.2908 -6.20054 240.344 6.99999 6.0203
109.549 -7.44083 248.411 6.99999 6.0203
127.808 -8.68121 256.479 7 6.0203
146.067 -9.92161 264.545 7 6.0203
164.326 -11.162 272.612 7 6.0203
182.585 -12.4024 280.68 7 6.0203
0.000118109 -1.07063e-05 200 6.99999 6.0203
18.258 -1.24014 208.069 6.99999 6.0203
36.516 -2.48024 216.138 6.99999 6.0203
54.7741 -3.72029 224.207 6.99999 6.0203
73.0324 -4.96038 232.276 6.99999 6.0203
91.2908 -6.20054 240.344 6.99999 6.0203
109.549 -7.44083 248.411 6.99999 6.0203
127.808 -8.68121 256.479 7 6.0203
146.067 -9.92161 264.545 7 6.0203
164.326 -11.162 272.612 7 6.0203
182.585 -12.4024 280.68 7 6.0203
0.000118109 -1.07063e-05 200 6.99999 6.0203
18.258 -1.24014 208.069 6.99999 6.0203
36.516 -2.48024 216.138 6.99999 6.0203
54.7741 -3.72029 224.207 6.99999 6.0203
73.0324 -4.96038 232.276 6.99999 6.0203
91.2908 -6.20054 240.344 6.99999 6.0203
109.549 -7.44083 248.411 6.99999 6.0203
127.808 -8.68121 256.479 7 6.0203
146.067 -9.92161 264.545 7 6.0203
164.326 -11.162 272.612 7 6.0203
182.585 -12.4024 280.68 7 6.0203
