-6.87365e-06 -1.83361e-05 200 7 1.14006
8.78155 -17.4678 195.785 7 1.14006
17.5634 -34.9356 191.572 7 1.14006
26.3458 -52.4036 187.36 7 1.14006
35.1287 -69.8721 183.151 7 1.14006
43.9123 -87.3411 178.947 7 1.14006
52.6965 -104.811 174.746 7 1.14006
61.4815 -122.281 170.549 7 1.14006
70.2672 -139.752 166.356 7 1.14006
79.0532 -157.223 162.165 7 1.14006
87.8394 -174.694 157.975 7 1.14006
-6.87365e-06 -1.83361e-05 200 7 1.14006
8.78155 -17.4678 195.785 7 1.14006
17.5634 -34.9356 191.572 7 1.14006
26.3458 -52.4036 187.36 7 1.14006
35.1287 -69.8721 183.151 7 1.14006
43.9123 -87.3411 178.947 7 1.14006
52.6965 -104.811 174.746 7 1.14006
61.4815 -122.281 170.549 7 1.14006
70.2672 -139.752 166.356 7 1.14006
79.0532 -157.223 162.165 7 1.14006
87.8394 -174.694 157.975 7 1.14006
-6.87365e-06 -1.83361e-05 200 7 1.14006
8.78155 -17.4678 195.785 7 1.14006
17.5634 -34.9356 191.572 7 1.14006
26.3458 -52.4036 187.36 7 1.14006
35.1287 -69.8721 183.151 7 1.14006
43.9123 -87.3411 178.947 7 1.14006
52.6965 -104.811 174.746 7 1.14006
61.4815 -122.281 170.549 7 1.14006
70.2672 -139.752 166.356 7 1.14006
79.0532 -157.223 162.165 7 1.14006
87.8394 -174.694 157.975 7 1.14006
-6.87365e-06 -1.83361e-05 200 7 1.14006
8.78155 -17.4678 195.785 7 1.14006
17.5634 -34.9356 191.572 7 1.14006
26.3458 -52.4036 187.36 7 1.14006
35.1287 -69.8721 183.151 7 1.14006
43.9123 -87.3411 178.947 7 1.14006
52.6965 -104.811 174.746 7 1.14006
61.4815 -122.281 170.549 7 1.14006
70.2672 -139.752 166.356 7 1.14006
79.0532 -157.223 162.165 7 1.14006
87.8394 -174.694 157.975 7 1.14006
-6.87365e-06 -1.83361e-05 200 7 1.14006
8.78155 -17.4678 195.785 7 1.14006
17.5634 -34.9356 191.572 7 1.14006
26.3458 -52.4036 187.36 7 1.14006
35.1287 -69.8721 183.151 7 1.14006
43.9123 -87.3411 178.947 7 1.14006
52.6965 -104.811 174.746 7 1.14006
61.4815 -122.281 170.549 7 1.14006
70.2672 -139.752 166.356 7 1.14006
79.0532 -157.223 162.165 7 1.14006
87.8394 -174.694 157.975 7 1.14006
-6.87365e-06 -1.83361e-05 200 7 1.14006
8.78155 -17.4678 195.785 7 1.14006
17.5634 -34.9356 191.572 7 1.14006
26.3458 -52.4036 187.36 7 1.14006
35.1287 -69.8721 183.151 7 1.14006
43.9123 -87.3411 178.947 7 1.14006
52.6965 -104.811 174.746 7 1.14006
61.4815 -122.281 170.549 7 1.14006
70.2672 -139.752 166.356 7 1.14006
79.0532 -157.223 162.165 7 1.14006
87.8394 -174.694 157.975 7 1.14006
