0.000363552 1.80421e-06 200 6.99997 8.80044
17.8175 -0.295131 209.082 6.99997 8.80044
35.6346 -0.590376 218.163 6.99997 8.80044
53.4518 -0.885749 227.244 6.99997 8.80044
71.269 -1.18122 236.325 6.99997 8.80044
89.0861 -1.47674 245.406 6.99998 8.80044
106.903 -1.77231 254.488 6.99998 8.80044
124.72 -2.06793 263.57 6.99998 8.80044
142.536 -2.36359 272.652 6.99999 8.80044
160.353 -2.65926 281.735 6.99999 8.80044
178.169 -2.95495 290.818 6.99999 8.80044
0.000363552 1.80421e-06 200 6.99997 8.80044
17.8175 -0.295131 209.082 6.99997 8.80044
35.6346 -0.590376 218.163 6.99997 8.80044
53.4518 -0.885749 227.244 6.99997 8.80044
71.269 -1.18122 236.325 6.99997 8.80044
89.0861 -1.47674 245.406 6.99998 8.80044
106.903 -1.77231 254.488 6.99998 8.80044
124.72 -2.06793 263.57 6.99998 8.80044
142.536 -2.36359 272.652 6.99999 8.80044
160.353 -2.65926 281.735 6.99999 8.80044
178.169 -2.95495 290.818 6.99999 8.80044
0.000363552 1.80421e-06 200 6.99997 8.80044
17.8175 -0.295131 209.082 6.99997 8.80044
35.6346 -0.590376 218.163 6.99997 8.80044
53.4518 -0.885749 227.244 6.99997 8.80044
71.269 -1.18122 236.325 6.99997 8.80044
89.0861 -1.47674 245.406 6.99998 8.80044
106.903 -1.77231 254.488 6.99998 8.80044
124.72 -2.06793 263.57 6.99998 8.80044
142.536 -2.36359 272.652 6.99999 8.80044
160.353 -2.65926 281.735 6.99999 8.80044
178.169 -2.95495 290.818 6.99999 8.80044
0.000363552 1.80421e-06 200 6.99997 8.80044
17.8175 -0.295131 209.082 6.99997 8.80044
35.6346 -0.590376 218.163 6.99997 8.80044
53.4518 -0.885749 227.244 6.99997 8.80044
71.269 -1.18122 236.325 6.99997 8.80044
89.0861 -1.47674 245.406 6.99998 8.80044
106.903 -1.77231 254.488 6.99998 8.80044
124.72 -2.06793 263.57 6.99998 8.80044
142.536 -2.36359 272.652 6.99999 8.80044
160.353 -2.65926 281.735 6.99999 8.80044
178.169 -2.95495 290.818 6.99999 8.80044
0.000363552 1.80421e-06 200 6.99997 8.80044
17.8175 -0.295131 209.082 6.99997 8.80044
35.6346 -0.590376 218.163 6.99997 8.80044
53.4518 -0.885749 227.244 6.99997 8.80044
71.269 -1.18122 236.325 6.99997 8.80044
89.0861 -1.47674 245.406 6.99998 8.80044
106.903 -1.77231 254.488 6.99998 8.80044
124.72 -2.06793 263.57 6.99998 8.80044
142.536 -2.36359 272.652 6.99999 8.80044
160.353 -2.65926 281.735 6.99999 8.80044
178.169 -2.95495 290.818 6.99999 8.80044
0.000363552 1.80421e-06 200 6.99997 8.80044
17.8175 -0.295131 209.082 6.99997 8.80044
35.6346 -0.590376 218.163 6.99997 8.80044
53.4518 -0.885749 227.244 6.99997 8.80044
71.269 -1.18122 236.325 6.99997 8.80044
89.0861 -1.47674 245.406 6.99998 8.80044
106.903 -1.77231 254.488 6.99998 8.80044
124.72 -2.06793 263.57 6.99998 8.80044
142.536 -2.36359 272.652 6.99999 8.80044
160.353 -2.65926 281.735 6.99999 8.80044
178.169 -2.95495 290.818 6.99999 8.80044
