0.000404868 2.94494e-05 200 6.99997 8.54043
19.5121 1.18772 195.77 6.99997 8.54043
39.0238 2.37535 191.54 6.99997 8.54043
58.5356 3.56289 187.311 6.99997 8.54043
78.0477 4.75035 183.083 6.99997 8.54043
97.5599 5.93774 178.856 6.99998 8.54043
117.072 7.1251 174.63 6.99998 8.54043
136.585 8.31247 170.406 6.99998 8.54043
156.098 9.49985 166.183 6.99999 8.54043
175.611 10.6872 161.96 6.99999 8.54043
195.125 11.8746 157.738 6.99999 8.54043
0.000404868 2.94494e-05 200 6.99997 8.54043
19.5121 1.18772 195.77 6.99997 8.54043
39.0238 2.37535 191.54 6.99997 8.54043
58.5356 3.56289 187.311 6.99997 8.54043
78.0477 4.75035 183.083 6.99997 8.54043
97.5599 5.93774 178.856 6.99998 8.54043
117.072 7.1251 174.63 6.99998 8.54043
136.585 8.31247 170.406 6.99998 8.54043
156.098 9.49985 166.183 6.99999 8.54043
175.611 10.6872 161.96 6.99999 8.54043
195.125 11.8746 157.738 6.99999 8.54043
0.000404868 2.94494e-05 200 6.99997 8.54043
19.5121 1.18772 195.77 6.99997 8.54043
39.0238 2.37535 191.54 6.99997 8.54043
58.5356 3.56289 187.311 6.99997 8.54043
78.0477 4.75035 183.083 6.99997 8.54043
97.5599 5.93774 178.856 6.99998 8.54043
117.072 7.1251 174.63 6.99998 8.54043
136.585 8.31247 170.406 6.99998 8.54043
156.098 9.49985 166.183 6.99999 8.54043
175.611 10.6872 161.96 6.99999 8.54043
195.125 11.8746 157.738 6.99999 8.54043
0.000404868 2.94494e-05 200 6.99997 8.54043
19.5121 1.18772 195.77 6.99997 8.54043
39.0238 2.37535 191.54 6.99997 8.54043
58.5356 3.56289 187.311 6.99997 8.54043
78.0477 4.75035 183.083 6.99997 8.54043
97.5599 5.93774 178.856 6.99998 8.54043
117.072 7.1251 174.63 6.99998 8.54043
136.585 8.31247 170.406 6.99998 8.54043
156.098 9.49985 166.183 6.99999 8.54043
175.611 10.6872 161.96 6.99999 8.54043
195.125 11.8746 157.738 6.99999 8.54043
0.000404868 2.94494e-05 200 6.99997 8.54043
19.5121 1.18772 195.77 6.99997 8.54043
39.0238 2.37535 191.54 6.99997 8.54043
58.5356 3.56289 187.311 6.99997 8.54043
78.0477 4.75035 183.083 6.99997 8.54043
97.5599 5.93774 178.856 6.99998 8.54043
117.072 7.1251 174.63 6.99998 8.54043
136.585 8.31247 170.406 6.99998 8.54043
156.098 9.49985 166.183 6.99999 8.54043
175.611 10.6872 161.96 6.99999 8.54043
195.125 11.8746 157.738 6.99999 8.54043
0.000404868 2.94494e-05 200 6.99997 8.54043
19.5121 1.18772 195.77 6.99997 8.54043
39.0238 2.37535 191.54 6.99997 8.54043
58.5356 3.56289 187.311 6.99997 8.54043
78.0477 4.75035 183.083 6.99997 8.54043
97.5599 5.93774 178.856 6.99998 8.54043
117.072 7.1251 174.63 6.99998 8.54043
136.585 8.31247 170.406 6.99998 8.54043
156.098 9.49985 166.183 6.99999 8.54043
175.611 10.6872 161.96 6.99999 8.54043
195.125 11.8746 157.738 6.99999 8.54043
