-9.8234e-05 2.11928e-05 200 6.99999 4.18021
-16.9096 6.70033 191.683 6.99999 4.18021
-33.8188 13.4008 183.365 6.99999 4.18021
-50.7272 20.1019 175.046 6.99999 4.18021
-67.6343 26.8041 166.726 6.99999 4.18021
-84.5401 33.5077 158.404 7 4.18021
-101.445 40.2124 150.08 7 4.18021
-118.348 46.9181 141.755 7 4.18021
-135.251 53.6248 133.429 7 4.18021
-152.153 60.3319 125.102 7 4.18021
-169.055 67.0393 116.776 7 4.18021
-9.8234e-05 2.11928e-05 200 6.99999 4.18021
-16.9096 6.70033 191.683 6.99999 4.18021
-33.8188 13.4008 183.365 6.99999 4.18021
-50.7272 20.1019 175.046 6.99999 4.18021
-67.6343 26.8041 166.726 6.99999 4.18021
-84.5401 33.5077 158.404 7 4.18021
-101.445 40.2124 150.08 7 4.18021
-118.348 46.9181 141.755 7 4.18021
-135.251 53.6248 133.429 7 4.18021
-152.153 60.3319 125.102 7 4.18021
-169.055 67.0393 116.776 7 4.18021
-9.8234e-05 2.11928e-05 200 6.99999 4.18021
-16.9096 6.70033 191.683 6.99999 4.18021
-33.8188 13.4008 183.365 6.99999 4.18021
-50.7272 20.1019 175.046 6.99999 4.18021
-67.6343 26.8041 166.726 6.99999 4.18021
-84.5401 33.5077 158.404 7 4.18021
-101.445 40.2124 150.08 7 4.18021
-118.348 46.9181 141.755 7 4.18021
-135.251 53.6248 133.429 7 4.18021
-152.153 60.3319 125.102 7 4.18021
-169.055 67.0393 116.776 7 4.18021
-9.8234e-05 2.11928e-05 200 6.99999 4.18021
-16.9096 6.70033 191.683 6.99999 4.18021
-33.8188 13.4008 183.365 6.99999 4.18021
-50.7272 20.1019 175.046 6.99999 4.18021
-67.6343 26.8041 166.726 6.99999 4.18021
-84.5401 33.5077 158.404 7 4.18021
-101.445 40.2124 150.08 7 4.18021
-118.348 46.9181 141.755 7 4.18021
-135.251 53.6248 133.429 7 4.18021
-152.153 60.3319 125.102 7 4.18021
-169.055 67.0393 116.776 7 4.18021
-9.8234e-05 2.11928e-05 200 6.99999 4.18021
-16.9096 6.70033 191.683 6.99999 4.18021
-33.8188 13.4008 183.365 6.99999 4.18021
-50.7272 20.1019 175.046 6.99999 4.18021
-67.6343 26.8041 166.726 6.99999 4.18021
-84.5401 33.5077 158.404 7 4.18021
-101.445 40.2124 150.08 7 4.18021
-118.348 46.9181 141.755 7 4.18021
-135.251 53.6248 133.429 7 4.18021
-152.153 60.3319 125.102 7 4.18021
-169.055 67.0393 116.776 7 4.18021
-9.8234e-05 2.11928e-05 200 6.99999 4.18021
-16.9096 6.70033 191.683 6.99999 4.18021
-33.8188 13.4008 183.365 6.99999 4.18021
-50.7272 20.1019 175.046 6.99999 4.18021
-67.6343 26.8041 166.726 6.99999 4.18021
-84.5401 33.5077 158.404 7 4.18021
-101.445 40.2124 150.08 7 4.18021
-118.348 46.9181 141.755 7 4.18021
-135.251 53.6248 133.429 7 4.18021
-152.153 60.3319 125.102 7 4.18021
-169.055 67.0393 116.776 7 4.18021
