-5.14067e-07 1.95731e-05 200 7 2.18011
11.7258 -9.57813 213.068 7 2.18011
23.452 -19.1569 226.135 7 2.18011
35.179 -28.7369 239.2 7 2.18011
46.9067 -38.3188 252.263 7 2.18011
58.635 -47.9028 265.324 7 2.18011
70.3638 -57.489 278.383 7 2.18011
82.093 -67.0775 291.441 7 2.18011
93.8222 -76.6678 304.496 7 2.18011
105.551 -86.2594 317.551 7 2.18011
117.28 -95.8513 330.606 7 2.18011
-5.14067e-07 1.95731e-05 200 7 2.18011
11.7258 -9.57813 213.068 7 2.18011
23.452 -19.1569 226.135 7 2.18011
35.179 -28.7369 239.2 7 2.18011
46.9067 -38.3188 252.263 7 2.18011
58.635 -47.9028 265.324 7 2.18011
70.3638 -57.489 278.383 7 2.18011
82.093 -67.0775 291.441 7 2.18011
93.8222 -76.6678 304.496 7 2.18011
105.551 -86.2594 317.551 7 2.18011
117.28 -95.8513 330.606 7 2.18011
-5.14067e-07 1.95731e-05 200 7 2.18011
11.7258 -9.57813 213.068 7 2.18011
23.452 -19.1569 226.135 7 2.18011
35.179 -28.7369 239.2 7 2.18011
46.9067 -38.3188 252.263 7 2.18011
58.635 -47.9028 265.324 7 2.18011
70.3638 -57.489 278.383 7 2.18011
82.093 -67.0775 291.441 7 2.18011
93.8222 -76.6678 304.496 7 2.18011
105.551 -86.2594 317.551 7 2.18011
117.28 -95.8513 330.606 7 2.18011
-5.14067e-07 1.95731e-05 200 7 2.18011
11.7258 -9.57813 213.068 7 2.18011
23.452 -19.1569 226.135 7 2.18011
35.179 -28.7369 239.2 7 2.18011
46.9067 -38.3188 252.263 7 2.18011
58.635 -47.9028 265.324 7 2.18011
70.3638 -57.489 278.383 7 2.18011
82.093 -67.0775 291.441 7 2.18011
93.8222 -76.6678 304.496 7 2.18011
105.551 -86.2594 317.551 7 2.18011
117.28 -95.8513 330.606 7 2.18011
-5.14067e-07 1.95731e-05 200 7 2.18011
11.7258 -9.57813 213.068 7 2.18011
23.452 -19.1569 226.135 7 2.18011
35.179 -28.7369 239.2 7 2.18011
46.9067 -38.3188 252.263 7 2.18011
58.635 -47.9028 265.324 7 2.18011
70.3638 -57.489 278.383 7 2.18011
82.093 -67.0775 291.441 7 2.18011
93.8222 -76.6678 304.496 7 2.18011
105.551 -86.2594 317.551 7 2.18011
117.28 -95.8513 330.606 7 2.18011
-5.14067e-07 1.95731e-05 200 7 2.18011
11.7258 -9.57813 213.068 7 2.18011
23.452 -19.1569 226.135 7 2.18011
35.179 -28.7369 239.2 7 2.18011
46.9067 -38.3188 252.263 7 2.18011
58.635 -47.9028 265.324 7 2.18011
70.3638 -57.489 278.383 7 2.18011
82.093 -67.0775 291.441 7 2.18011
93.8222 -76.6678 304.496 7 2.18011
105.551 -86.2594 317.551 7 2.18011
117.28 -95.8513 330.606 7 2.18011
