3.59235e-05 -2.52221e-05 200 7 1.62008
13.5929 -14.507 202.187 7 1.62008
27.1857 -29.014 204.374 7 1.62008
40.7781 -43.5212 206.562 7 1.62008
54.37 -58.0287 208.752 7 1.62008
67.9613 -72.5365 210.942 7 1.62008
81.5519 -87.0449 213.134 7 1.62008
95.142 -101.554 215.327 7 1.62008
108.732 -116.063 217.52 7 1.62008
122.321 -130.572 219.713 7 1.62008
135.91 -145.081 221.907 7 1.62008
3.59235e-05 -2.52221e-05 200 7 1.62008
13.5929 -14.507 202.187 7 1.62008
27.1857 -29.014 204.374 7 1.62008
40.7781 -43.5212 206.562 7 1.62008
54.37 -58.0287 208.752 7 1.62008
67.9613 -72.5365 210.942 7 1.62008
81.5519 -87.0449 213.134 7 1.62008
95.142 -101.554 215.327 7 1.62008
108.732 -116.063 217.52 7 1.62008
122.321 -130.572 219.713 7 1.62008
135.91 -145.081 221.907 7 1.62008
3.59235e-05 -2.52221e-05 200 7 1.62008
13.5929 -14.507 202.187 7 1.62008
27.1857 -29.014 204.374 7 1.62008
40.7781 -43.5212 206.562 7 1.62008
54.37 -58.0287 208.752 7 1.62008
67.9613 -72.5365 210.942 7 1.62008
81.5519 -87.0449 213.134 7 1.62008
95.142 -101.554 215.327 7 1.62008
108.732 -116.063 217.52 7 1.62008
122.321 -130.572 219.713 7 1.62008
135.91 -145.081 221.907 7 1.62008
3.59235e-05 -2.52221e-05 200 7 1.62008
13.5929 -14.507 202.187 7 1.62008
27.1857 -29.014 204.374 7 1.62008
40.7781 -43.5212 206.562 7 1.62008
54.37 -58.0287 208.752 7 1.62008
67.9613 -72.5365 210.942 7 1.62008
81.5519 -87.0449 213.134 7 1.62008
95.142 -101.554 215.327 7 1.62008
108.732 -116.063 217.52 7 1.62008
122.321 -130.572 219.713 7 1.62008
135.91 -145.081 221.907 7 1.62008
3.59235e-05 -2.52221e-05 200 7 1.62008
13.5929 -14.507 202.187 7 1.62008
27.1857 -29.014 204.374 7 1.62008
40.7781 -43.5212 206.562 7 1.62008
54.37 -58.0287 208.752 7 1.62008
67.9613 -72.5365 210.942 7 1.62008
81.5519 -87.0449 213.134 7 1.62008
95.142 -101.554 215.327 7 1.62008
108.732 -116.063 217.52 7 1.62008
122.321 -130.572 219.713 7 1.62008
135.91 -145.081 221.907 7 1.62008
3.59235e-05 -2.52221e-05 200 7 1.62008
13.5929 -14.507 202.187 7 1.62008
27.1857 -29.014 204.374 7 1.62008
40.7781 -43.5212 206.562 7 1.62008
54.37 -58.0287 208.752 7 1.62008
67.9613 -72.5365 210.942 7 1.62008
81.5519 -87.0449 213.134 7 1.62008
95.142 -101.554 215.327 7 1.62008
108.732 -116.063 217.52 7 1.62008
122.321 -130.572 219.713 7 1.62008
135.91 -145.081 221.907 7 1.62008
