1.5132e-05 -5.31309e-05 200 7 3.22016
-10.9545 0.837389 216.712 7 3.22016
-21.9098 1.67562 233.424 7 3.22016
-32.8664 2.51539 250.135 7 3.22016
-43.825 3.35747 266.844 7 3.22016
-54.7855 4.20208 283.552 7 3.22016
-65.7478 5.04889 300.259 7 3.22016
-76.7116 5.89756 316.964 7 3.22016
-87.6766 6.74755 333.669 7 3.22016
-98.6422 7.59802 350.373 7 3.22016
-109.608 8.44844 367.077 7 3.22016
1.5132e-05 -5.31309e-05 200 7 3.22016
-10.9545 0.837389 216.712 7 3.22016
-21.9098 1.67562 233.424 7 3.22016
-32.8664 2.51539 250.135 7 3.22016
-43.825 3.35747 266.844 7 3.22016
-54.7855 4.20208 283.552 7 3.22016
-65.7478 5.04889 300.259 7 3.22016
-76.7116 5.89756 316.964 7 3.22016
-87.6766 6.74755 333.669 7 3.22016
-98.6422 7.59802 350.373 7 3.22016
-109.608 8.44844 367.077 7 3.22016
1.5132e-05 -5.31309e-05 200 7 3.22016
-10.9545 0.837389 216.712 7 3.22016
-21.9098 1.67562 233.424 7 3.22016
-32.8664 2.51539 250.135 7 3.22016
-43.825 3.35747 266.844 7 3.22016
-54.7855 4.20208 283.552 7 3.22016
-65.7478 5.04889 300.259 7 3.22016
-76.7116 5.89756 316.964 7 3.22016
-87.6766 6.74755 333.669 7 3.22016
-98.6422 7.59802 350.373 7 3.22016
-109.608 8.44844 367.077 7 3.22016
1.5132e-05 -5.31309e-05 200 7 3.22016
-10.9545 0.837389 216.712 7 3.22016
-21.9098 1.67562 233.424 7 3.22016
-32.8664 2.51539 250.135 7 3.22016
-43.825 3.35747 266.844 7 3.22016
-54.7855 4.20208 283.552 7 3.22016
-65.7478 5.04889 300.259 7 3.22016
-76.7116 5.89756 316.964 7 3.22016
-87.6766 6.74755 333.669 7 3.22016
-98.6422 7.59802 350.373 7 3.22016
-109.608 8.44844 367.077 7 3.22016
1.5132e-05 -5.31309e-05 200 7 3.22016
-10.9545 0.837389 216.712 7 3.22016
-21.9098 1.67562 233.424 7 3.22016
-32.8664 2.51539 250.135 7 3.22016
-43.825 3.35747 266.844 7 3.22016
-54.7855 4.20208 283.552 7 3.22016
-65.7478 5.04889 300.259 7 3.22016
-76.7116 5.89756 316.964 7 3.22016
-87.6766 6.74755 333.669 7 3.22016
-98.6422 7.59802 350.373 7 3.22016
-109.608 8.44844 367.077 7 3.22016
1.5132e-05 -5.31309e-05 200 7 3.22016
-10.9545 0.837389 216.712 7 3.22016
-21.9098 1.67562 233.424 7 3.22016
-32.8664 2.51539 250.135 7 3.22016
-43.825 3.35747 266.844 7 3.22016
-54.7855 4.20208 283.552 7 3.22016
-65.7478 5.04889 300.259 7 3.22016
-76.7116 5.89756 316.964 7 3.22016
-87.6766 6.74755 333.669 7 3.22016
-98.6422 7.59802 350.373 7 3.22016
-109.608 8.44844 367.077 7 3.22016
