0.000269466 -1.26705e-05 200 6.99997 8.92045
14.1884 -0.928284 214.066 6.99997 8.92045
28.3767 -1.85664 228.131 6.99997 8.92045
42.5654 -2.78514 242.196 6.99997 8.92045
56.7546 -3.71375 256.261 6.99997 8.92045
70.9441 -4.64243 270.325 6.99998 8.92045
85.1338 -5.57114 284.389 6.99998 8.92045
99.3237 -6.49985 298.453 6.99998 8.92045
113.514 -7.4285 312.516 6.99999 8.92045
127.704 -8.35707 326.58 6.99999 8.92045
141.893 -9.2856 340.644 6.99999 8.92045
0.000269466 -1.26705e-05 200 6.99997 8.92045
14.1884 -0.928284 214.066 6.99997 8.92045
28.3767 -1.85664 228.131 6.99997 8.92045
42.5654 -2.78514 242.196 6.99997 8.92045
56.7546 -3.71375 256.261 6.99997 8.92045
70.9441 -4.64243 270.325 6.99998 8.92045
85.1338 -5.57114 284.389 6.99998 8.92045
99.3237 -6.49985 298.453 6.99998 8.92045
113.514 -7.4285 312.516 6.99999 8.92045
127.704 -8.35707 326.58 6.99999 8.92045
141.893 -9.2856 340.644 6.99999 8.92045
0.000269466 -1.26705e-05 200 6.99997 8.92045
14.1884 -0.928284 214.066 6.99997 8.92045
28.3767 -1.85664 228.131 6.99997 8.92045
42.5654 -2.78514 242.196 6.99997 8.92045
56.7546 -3.71375 256.261 6.99997 8.92045
70.9441 -4.64243 270.325 6.99998 8.92045
85.1338 -5.57114 284.389 6.99998 8.92045
99.3237 -6.49985 298.453 6.99998 8.92045
113.514 -7.4285 312.516 6.99999 8.92045
127.704 -8.35707 326.58 6.99999 8.92045
141.893 -9.2856 340.644 6.99999 8.92045
0.000269466 -1.26705e-05 200 6.99997 8.92045
14.1884 -0.928284 214.066 6.99997 8.92045
28.3767 -1.85664 228.131 6.99997 8.92045
42.5654 -2.78514 242.196 6.99997 8.92045
56.7546 -3.71375 256.261 6.99997 8.92045
70.9441 -4.64243 270.325 6.99998 8.92045
85.1338 -5.57114 284.389 6.99998 8.92045
99.3237 -6.49985 298.453 6.99998 8.92045
113.514 -7.4285 312.516 6.99999 8.92045
127.704 -8.35707 326.58 6.99999 8.92045
141.893 -9.2856 340.644 6.99999 8.92045
0.000269466 -1.26705e-05 200 6.99997 8.92045
14.1884 -0.928284 214.066 6.99997 8.92045
28.3767 -1.85664 228.131 6.99997 8.92045
42.5654 -2.78514 242.196 6.99997 8.92045
56.7546 -3.71375 256.261 6.99997 8.92045
70.9441 -4.64243 270.325 6.99998 8.92045
85.1338 -5.57114 284.389 6.99998 8.92045
99.3237 -6.49985 298.453 6.99998 8.92045
113.514 -7.4285 312.516 6.99999 8.92045
127.704 -8.35707 326.58 6.99999 8.92045
141.893 -9.2856 340.644 6.99999 8.92045
0.000269466 -1.26705e-05 200 6.99997 8.92045
14.1884 -0.928284 214.066 6.99997 8.92045
28.3767 -1.85664 228.131 6.99997 8.92045
42.5654 -2.78514 242.196 6.99997 8.92045
56.7546 -3.71375 256.261 6.99997 8.92045
70.9441 -4.64243 270.325 6.99998 8.92045
85.1338 -5.57114 284.389 6.99998 8.92045
99.3237 -6.49985 298.453 6.99998 8.92045
113.514 -7.4285 312.516 6.99999 8.92045
127.704 -8.35707 326.58 6.99999 8.92045
141.893 -9.2856 340.644 6.99999 8.92045
