1.90081e-06 1.6867e-05 200 6.99999 5.20026
11.0583 4.33291 183.908 6.99999 5.20026
22.1174 8.66589 167.817 6.99999 5.20026
33.1781 12.9991 151.727 6.99999 5.20026
44.2409 17.3325 135.639 6.99999 5.20026
55.3062 21.6661 119.552 6.99999 5.20026
66.3739 26.0002 103.467 7 5.20026
77.4434 30.3346 87.3837 7 5.20026
88.5141 34.6695 71.3011 7 5.20026
99.5858 39.0048 55.2194 7 5.20026
110.658 43.3401 39.1381 7 5.20026
1.90081e-06 1.6867e-05 200 6.99999 5.20026
11.0583 4.33291 183.908 6.99999 5.20026
22.1174 8.66589 167.817 6.99999 5.20026
33.1781 12.9991 151.727 6.99999 5.20026
44.2409 17.3325 135.639 6.99999 5.20026
55.3062 21.6661 119.552 6.99999 5.20026
66.3739 26.0002 103.467 7 5.20026
77.4434 30.3346 87.3837 7 5.20026
88.5141 34.6695 71.3011 7 5.20026
99.5858 39.0048 55.2194 7 5.20026
110.658 43.3401 39.1381 7 5.20026
1.90081e-06 1.6867e-05 200 6.99999 5.20026
11.0583 4.33291 183.908 6.99999 5.20026
22.1174 8.66589 167.817 6.99999 5.20026
33.1781 12.9991 151.727 6.99999 5.20026
44.2409 17.3325 135.639 6.99999 5.20026
55.3062 21.6661 119.552 6.99999 5.20026
66.3739 26.0002 103.467 7 5.20026
77.4434 30.3346 87.3837 7 5.20026
88.5141 34.6695 71.3011 7 5.20026
99.5858 39.0048 55.2194 7 5.20026
110.658 43.3401 39.1381 7 5.20026
1.90081e-06 1.6867e-05 200 6.99999 5.20026
11.0583 4.33291 183.908 6.99999 5.20026
22.1174 8.66589 167.817 6.99999 5.20026
33.1781 12.9991 151.727 6.99999 5.20026
44.2409 17.3325 135.639 6.99999 5.20026
55.3062 21.6661 119.552 6.99999 5.20026
66.3739 26.0002 103.467 7 5.20026
77.4434 30.3346 87.3837 7 5.20026
88.5141 34.6695 71.3011 7 5.20026
99.5858 39.0048 55.2194 7 5.20026
110.658 43.3401 39.1381 7 5.20026
1.90081e-06 1.6867e-05 200 6.99999 5.20026
11.0583 4.33291 183.908 6.99999 5.20026
22.1174 8.66589 167.817 6.99999 5.20026
33.1781 12.9991 151.727 6.99999 5.20026
44.2409 17.3325 135.639 6.99999 5.20026
55.3062 21.6661 119.552 6.99999 5.20026
66.3739 26.0002 103.467 7 5.20026
77.4434 30.3346 87.3837 7 5.20026
88.5141 34.6695 71.3011 7 5.20026
99.5858 39.0048 55.2194 7 5.20026
110.658 43.3401 39.1381 7 5.20026
1.90081e-06 1.6867e-05 200 6.99999 5.20026
11.0583 4.33291 183.908 6.99999 5.20026
22.1174 8.66589 167.817 6.99999 5.20026
33.1781 12.9991 151.727 6.99999 5.20026
44.2409 17.3325 135.639 6.99999 5.20026
55.3062 21.6661 119.552 6.99999 5.20026
66.3739 26.0002 103.467 7 5.20026
77.4434 30.3346 87.3837 7 5.20026
88.5141 34.6695 71.3011 7 5.20026
99.5858 39.0048 55.2194 7 5.20026
110.658 43.3401 39.1381 7 5.20026
