-6.02156e-05 2.90963e-05 200 6.99999 3.20016
-10.5066 0.664579 217.005 6.99999 3.20016
-21.0129 1.32875 234.01 7 3.20016
-31.5186 1.99191 251.016 7 3.20016
-42.0236 2.65355 268.022 7 3.20016
-52.528 3.31327 285.029 7 3.20016
-63.032 3.97094 302.036 7 3.20016
-73.5357 4.62696 319.043 7 3.20016
-84.0394 5.28182 336.05 7 3.20016
-94.5431 5.93578 353.057 7 3.20016
-105.047 6.58924 370.064 7 3.20016
-6.02156e-05 2.90963e-05 200 6.99999 3.20016
-10.5066 0.664579 217.005 6.99999 3.20016
-21.0129 1.32875 234.01 7 3.20016
-31.5186 1.99191 251.016 7 3.20016
-42.0236 2.65355 268.022 7 3.20016
-52.528 3.31327 285.029 7 3.20016
-63.032 3.97094 302.036 7 3.20016
-73.5357 4.62696 319.043 7 3.20016
-84.0394 5.28182 336.05 7 3.20016
-94.5431 5.93578 353.057 7 3.20016
-105.047 6.58924 370.064 7 3.20016
-6.02156e-05 2.90963e-05 200 6.99999 3.20016
-10.5066 0.664579 217.005 6.99999 3.20016
-21.0129 1.32875 234.01 7 3.20016
-31.5186 1.99191 251.016 7 3.20016
-42.0236 2.65355 268.022 7 3.20016
-52.528 3.31327 285.029 7 3.20016
-63.032 3.97094 302.036 7 3.20016
-73.5357 4.62696 319.043 7 3.20016
-84.0394 5.28182 336.05 7 3.20016
-94.5431 5.93578 353.057 7 3.20016
-105.047 6.58924 370.064 7 3.20016
-6.02156e-05 2.90963e-05 200 6.99999 3.20016
-10.5066 0.664579 217.005 6.99999 3.20016
-21.0129 1.32875 234.01 7 3.20016
-31.5186 1.99191 251.016 7 3.20016
-42.0236 2.65355 268.022 7 3.20016
-52.528 3.31327 285.029 7 3.20016
-63.032 3.97094 302.036 7 3.20016
-73.5357 4.62696 319.043 7 3.20016
-84.0394 5.28182 336.05 7 3.20016
-94.5431 5.93578 353.057 7 3.20016
-105.047 6.58924 370.064 7 3.20016
-6.02156e-05 2.90963e-05 200 6.99999 3.20016
-10.5066 0.664579 217.005 6.99999 3.20016
-21.0129 1.32875 234.01 7 3.20016
-31.5186 1.99191 251.016 7 3.20016
-42.0236 2.65355 268.022 7 3.20016
-52.528 3.31327 285.029 7 3.20016
-63.032 3.97094 302.036 7 3.20016
-73.5357 4.62696 319.043 7 3.20016
-84.0394 5.28182 336.05 7 3.20016
-94.5431 5.93578 353.057 7 3.20016
-105.047 6.58924 370.064 7 3.20016
-6.02156e-05 2.90963e-05 200 6.99999 3.20016
-10.5066 0.664579 217.005 6.99999 3.20016
-21.0129 1.32875 234.01 7 3.20016
-31.5186 1.99191 251.016 7 3.20016
-42.0236 2.65355 268.022 7 3.20016
-52.528 3.31327 285.029 7 3.20016
-63.032 3.97094 302.036 7 3.20016
-73.5357 4.62696 319.043 7 3.20016
-84.0394 5.28182 336.05 7 3.20016
-94.5431 5.93578 353.057 7 3.20016
-105.047 6.58924 370.064 7 3.20016
