-0.000210485 -7.20346e-06 200 6.99998 9.86049
-19.2158 -0.509355 205.523 6.99998 9.86049
-38.4314 -1.01868 211.046 6.99998 9.86049
-57.6469 -1.52799 216.57 6.99998 9.86049
-76.8624 -2.03735 222.093 6.99999 9.86049
-96.0778 -2.54676 227.617 6.99999 9.86049
-115.293 -3.05622 233.141 6.99999 9.86049
-134.508 -3.56572 238.666 6.99999 9.86049
-153.723 -4.07522 244.191 6.99999 9.86049
-172.938 -4.58469 249.717 6.99999 9.86049
-192.153 -5.09411 255.242 7 9.86049
-0.000210485 -7.20346e-06 200 6.99998 9.86049
-19.2158 -0.509355 205.523 6.99998 9.86049
-38.4314 -1.01868 211.046 6.99998 9.86049
-57.6469 -1.52799 216.57 6.99998 9.86049
-76.8624 -2.03735 222.093 6.99999 9.86049
-96.0778 -2.54676 227.617 6.99999 9.86049
-115.293 -3.05622 233.141 6.99999 9.86049
-134.508 -3.56572 238.666 6.99999 9.86049
-153.723 -4.07522 244.191 6.99999 9.86049
-172.938 -4.58469 249.717 6.99999 9.86049
-192.153 -5.09411 255.242 7 9.86049
-0.000210485 -7.20346e-06 200 6.99998 9.86049
-19.2158 -0.509355 205.523 6.99998 9.86049
-38.4314 -1.01868 211.046 6.99998 9.86049
-57.6469 -1.52799 216.57 6.99998 9.86049
-76.8624 -2.03735 222.093 6.99999 9.86049
-96.0778 -2.54676 227.617 6.99999 9.86049
-115.293 -3.05622 233.141 6.99999 9.86049
-134.508 -3.56572 238.666 6.99999 9.86049
-153.723 -4.07522 244.191 6.99999 9.86049
-172.938 -4.58469 249.717 6.99999 9.86049
-192.153 -5.09411 255.242 7 9.86049
-0.000210485 -7.20346e-06 200 6.99998 9.86049
-19.2158 -0.509355 205.523 6.99998 9.86049
-38.4314 -1.01868 211.046 6.99998 9.86049
-57.6469 -1.52799 216.57 6.99998 9.86049
-76.8624 -2.03735 222.093 6.99999 9.86049
-96.0778 -2.54676 227.617 6.99999 9.86049
-115.293 -3.05622 233.141 6.99999 9.86049
-134.508 -3.56572 238.666 6.99999 9.86049
-153.723 -4.07522 244.191 6.99999 9.86049
-172.938 -4.58469 249.717 6.99999 9.86049
-192.153 -5.09411 255.242 7 9.86049
-0.000210485 -7.20346e-06 200 6.99998 9.86049
-19.2158 -0.509355 205.523 6.99998 9.86049
-38.4314 -1.01868 211.046 6.99998 9.86049
-57.6469 -1.52799 216.57 6.99998 9.86049
-76.8624 -2.03735 222.093 6.99999 9.86049
-96.0778 -2.54676 227.617 6.99999 9.86049
-115.293 -3.05622 233.141 6.99999 9.86049
-134.508 -3.56572 238.666 6.99999 9.86049
-153.723 -4.07522 244.191 6.99999 9.86049
-172.938 -4.58469 249.717 6.99999 9.86049
-192.153 -5.09411 255.242 7 9.86049
-0.000210485 -7.20346e-06 200 6.99998 9.86049
-19.2158 -0.509355 205.523 6.99998 9.86049
-38.4314 -1.01868 211.046 6.99998 9.86049
-57.6469 -1.52799 216.57 6.99998 9.86049
-76.8624 -2.03735 222.093 6.99999 9.86049
-96.0778 -2.54676 227.617 6.99999 9.86049
-115.293 -3.05622 233.141 6.99999 9.86049
-134.508 -3.56572 238.666 6.99999 9.86049
-153.723 -4.07522 244.191 6.99999 9.86049
-172.938 -4.58469 249.717 6.99999 9.86049
-192.153 -5.09411 255.242 7 9.86049
