-0.000213799 -4.8485e-06 200 6.99998 9.82049
-18.768 -0.664995 206.88 6.99998 9.82049
-37.5358 -1.33002 213.76 6.99998 9.82049
-56.3035 -1.99503 220.64 6.99998 9.82049
-75.0713 -2.65996 227.519 6.99999 9.82049
-93.8392 -3.32474 234.399 6.99999 9.82049
-112.607 -3.98935 241.278 6.99999 9.82049
-131.375 -4.65379 248.158 6.99999 9.82049
-150.143 -5.3181 255.037 6.99999 9.82049
-168.911 -5.98231 261.916 6.99999 9.82049
-187.679 -6.64647 268.796 7 9.82049
-0.000213799 -4.8485e-06 200 6.99998 9.82049
-18.768 -0.664995 206.88 6.99998 9.82049
-37.5358 -1.33002 213.76 6.99998 9.82049
-56.3035 -1.99503 220.64 6.99998 9.82049
-75.0713 -2.65996 227.519 6.99999 9.82049
-93.8392 -3.32474 234.399 6.99999 9.82049
-112.607 -3.98935 241.278 6.99999 9.82049
-131.375 -4.65379 248.158 6.99999 9.82049
-150.143 -5.3181 255.037 6.99999 9.82049
-168.911 -5.98231 261.916 6.99999 9.82049
-187.679 -6.64647 268.796 7 9.82049
-0.000213799 -4.8485e-06 200 6.99998 9.82049
-18.768 -0.664995 206.88 6.99998 9.82049
-37.5358 -1.33002 213.76 6.99998 9.82049
-56.3035 -1.99503 220.64 6.99998 9.82049
-75.0713 -2.65996 227.519 6.99999 9.82049
-93.8392 -3.32474 234.399 6.99999 9.82049
-112.607 -3.98935 241.278 6.99999 9.82049
-131.375 -4.65379 248.158 6.99999 9.82049
-150.143 -5.3181 255.037 6.99999 9.82049
-168.911 -5.98231 261.916 6.99999 9.82049
-187.679 -6.64647 268.796 7 9.82049
-0.000213799 -4.8485e-06 200 6.99998 9.82049
-18.768 -0.664995 206.88 6.99998 9.82049
-37.5358 -1.33002 213.76 6.99998 9.82049
-56.3035 -1.99503 220.64 6.99998 9.82049
-75.0713 -2.65996 227.519 6.99999 9.82049
-93.8392 -3.32474 234.399 6.99999 9.82049
-112.607 -3.98935 241.278 6.99999 9.82049
-131.375 -4.65379 248.158 6.99999 9.82049
-150.143 -5.3181 255.037 6.99999 9.82049
-168.911 -5.98231 261.916 6.99999 9.82049
-187.679 -6.64647 268.796 7 9.82049
-0.000213799 -4.8485e-06 200 6.99998 9.82049
-18.768 -0.664995 206.88 6.99998 9.82049
-37.5358 -1.33002 213.76 6.99998 9.82049
-56.3035 -1.99503 220.64 6.99998 9.82049
-75.0713 -2.65996 227.519 6.99999 9.82049
-93.8392 -3.32474 234.399 6.99999 9.82049
-112.607 -3.98935 241.278 6.99999 9.82049
-131.375 -4.65379 248.158 6.99999 9.82049
-150.143 -5.3181 255.037 6.99999 9.82049
-168.911 -5.98231 261.916 6.99999 9.82049
-187.679 -6.64647 268.796 7 9.82049
-0.000213799 -4.8485e-06 200 6.99998 9.82049
-18.768 -0.664995 206.88 6.99998 9.82049
-37.5358 -1.33002 213.76 6.99998 9.82049
-56.3035 -1.99503 220.64 6.99998 9.82049
-75.0713 -2.65996 227.519 6.99999 9.82049
-93.8392 -3.32474 234.399 6.99999 9.82049
-112.607 -3.98935 241.278 6.99999 9.82049
-131.375 -4.65379 248.158 6.99999 9.82049
-150.143 -5.3181 255.037 6.99999 9.82049
-168.911 -5.98231 261.916 6.99999 9.82049
-187.679 -6.64647 268.796 7 9.82049
