0.000290003 -2.3696e-05 200 6.99997 8.94045
13.4518 -1.02336 214.766 6.99997 8.94045
26.9031 -2.04664 229.531 6.99997 8.94045
40.3538 -3.06983 244.297 6.99997 8.94045
53.8038 -4.09284 259.064 6.99997 8.94045
67.253 -5.11568 273.832 6.99998 8.94045
80.7014 -6.13836 288.6 6.99998 8.94045
94.1489 -7.16096 303.369 6.99998 8.94045
107.596 -8.18352 318.138 6.99999 8.94045
121.042 -9.20609 332.908 6.99999 8.94045
134.488 -10.2287 347.679 6.99999 8.94045
0.000290003 -2.3696e-05 200 6.99997 8.94045
13.4518 -1.02336 214.766 6.99997 8.94045
26.9031 -2.04664 229.531 6.99997 8.94045
40.3538 -3.06983 244.297 6.99997 8.94045
53.8038 -4.09284 259.064 6.99997 8.94045
67.253 -5.11568 273.832 6.99998 8.94045
80.7014 -6.13836 288.6 6.99998 8.94045
94.1489 -7.16096 303.369 6.99998 8.94045
107.596 -8.18352 318.138 6.99999 8.94045
121.042 -9.20609 332.908 6.99999 8.94045
134.488 -10.2287 347.679 6.99999 8.94045
0.000290003 -2.3696e-05 200 6.99997 8.94045
13.4518 -1.02336 214.766 6.99997 8.94045
26.9031 -2.04664 229.531 6.99997 8.94045
40.3538 -3.06983 244.297 6.99997 8.94045
53.8038 -4.09284 259.064 6.99997 8.94045
67.253 -5.11568 273.832 6.99998 8.94045
80.7014 -6.13836 288.6 6.99998 8.94045
94.1489 -7.16096 303.369 6.99998 8.94045
107.596 -8.18352 318.138 6.99999 8.94045
121.042 -9.20609 332.908 6.99999 8.94045
134.488 -10.2287 347.679 6.99999 8.94045
0.000290003 -2.3696e-05 200 6.99997 8.94045
13.4518 -1.02336 214.766 6.99997 8.94045
26.9031 -2.04664 229.531 6.99997 8.94045
40.3538 -3.06983 244.297 6.99997 8.94045
53.8038 -4.09284 259.064 6.99997 8.94045
67.253 -5.11568 273.832 6.99998 8.94045
80.7014 -6.13836 288.6 6.99998 8.94045
94.1489 -7.16096 303.369 6.99998 8.94045
107.596 -8.18352 318.138 6.99999 8.94045
121.042 -9.20609 332.908 6.99999 8.94045
134.488 -10.2287 347.679 6.99999 8.94045
0.000290003 -2.3696e-05 200 6.99997 8.94045
13.4518 -1.02336 214.766 6.99997 8.94045
26.9031 -2.04664 229.531 6.99997 8.94045
40.3538 -3.06983 244.297 6.99997 8.94045
53.8038 -4.09284 259.064 6.99997 8.94045
67.253 -5.11568 273.832 6.99998 8.94045
80.7014 -6.13836 288.6 6.99998 8.94045
94.1489 -7.16096 303.369 6.99998 8.94045
107.596 -8.18352 318.138 6.99999 8.94045
121.042 -9.20609 332.908 6.99999 8.94045
134.488 -10.2287 347.679 6.99999 8.94045
0.000290003 -2.3696e-05 200 6.99997 8.94045
13.4518 -1.02336 214.766 6.99997 8.94045
26.9031 -2.04664 229.531 6.99997 8.94045
40.3538 -3.06983 244.297 6.99997 8.94045
53.8038 -4.09284 259.064 6.99997 8.94045
67.253 -5.11568 273.832 6.99998 8.94045
80.7014 -6.13836 288.6 6.99998 8.94045
94.1489 -7.16096 303.369 6.99998 8.94045
107.596 -8.18352 318.138 6.99999 8.94045
121.042 -9.20609 332.908 6.99999 8.94045
134.488 -10.2287 347.679 6.99999 8.94045
