-0.000145489 -2.31232e-05 200 6.99999 4.36022
-13.6315 6.95095 187.121 6.99999 4.36022
-27.2618 13.9027 174.241 6.99999 4.36022
-40.8903 20.8557 161.36 6.99999 4.36022
-54.5168 27.8099 148.477 6.99999 4.36022
-68.141 34.7655 135.593 7 4.36022
-81.763 41.7223 122.707 7 4.36022
-95.3832 48.6803 109.82 7 4.36022
-109.002 55.6392 96.9324 7 4.36022
-122.62 62.5985 84.0439 7 4.36022
-136.238 69.5582 71.1551 7 4.36022
-0.000145489 -2.31232e-05 200 6.99999 4.36022
-13.6315 6.95095 187.121 6.99999 4.36022
-27.2618 13.9027 174.241 6.99999 4.36022
-40.8903 20.8557 161.36 6.99999 4.36022
-54.5168 27.8099 148.477 6.99999 4.36022
-68.141 34.7655 135.593 7 4.36022
-81.763 41.7223 122.707 7 4.36022
-95.3832 48.6803 109.82 7 4.36022
-109.002 55.6392 96.9324 7 4.36022
-122.62 62.5985 84.0439 7 4.36022
-136.238 69.5582 71.1551 7 4.36022
-0.000145489 -2.31232e-05 200 6.99999 4.36022
-13.6315 6.95095 187.121 6.99999 4.36022
-27.2618 13.9027 174.241 6.99999 4.36022
-40.8903 20.8557 161.36 6.99999 4.36022
-54.5168 27.8099 148.477 6.99999 4.36022
-68.141 34.7655 135.593 7 4.36022
-81.763 41.7223 122.707 7 4.36022
-95.3832 48.6803 109.82 7 4.36022
-109.002 55.6392 96.9324 7 4.36022
-122.62 62.5985 84.0439 7 4.36022
-136.238 69.5582 71.1551 7 4.36022
-0.000145489 -2.31232e-05 200 6.99999 4.36022
-13.6315 6.95095 187.121 6.99999 4.36022
-27.2618 13.9027 174.241 6.99999 4.36022
-40.8903 20.8557 161.36 6.99999 4.36022
-54.5168 27.8099 148.477 6.99999 4.36022
-68.141 34.7655 135.593 7 4.36022
-81.763 41.7223 122.707 7 4.36022
-95.3832 48.6803 109.82 7 4.36022
-109.002 55.6392 96.9324 7 4.36022
-122.62 62.5985 84.0439 7 4.36022
-136.238 69.5582 71.1551 7 4.36022
-0.000145489 -2.31232e-05 200 6.99999 4.36022
-13.6315 6.95095 187.121 6.99999 4.36022
-27.2618 13.9027 174.241 6.99999 4.36022
-40.8903 20.8557 161.36 6.99999 4.36022
-54.5168 27.8099 148.477 6.99999 4.36022
-68.141 34.7655 135.593 7 4.36022
-81.763 41.7223 122.707 7 4.36022
-95.3832 48.6803 109.82 7 4.36022
-109.002 55.6392 96.9324 7 4.36022
-122.62 62.5985 84.0439 7 4.36022
-136.238 69.5582 71.1551 7 4.36022
-0.000145489 -2.31232e-05 200 6.99999 4.36022
-13.6315 6.95095 187.121 6.99999 4.36022
-27.2618 13.9027 174.241 6.99999 4.36022
-40.8903 20.8557 161.36 6.99999 4.36022
-54.5168 27.8099 148.477 6.99999 4.36022
-68.141 34.7655 135.593 7 4.36022
-81.763 41.7223 122.707 7 4.36022
-95.3832 48.6803 109.82 7 4.36022
-109.002 55.6392 96.9324 7 4.36022
-122.62 62.5985 84.0439 7 4.36022
-136.238 69.5582 71.1551 7 4.36022
