6.7726e-05 -2.1111e-05 200 6.99999 6.32032
11.3521 -2.81243 216.224 6.99999 6.32032
22.7045 -5.62485 232.448 6.99999 6.32032
34.0574 -8.43727 248.672 6.99999 6.32032
45.4111 -11.2497 264.895 6.99999 6.32032
56.7656 -14.0622 281.117 6.99999 6.32032
68.1204 -16.8749 297.339 6.99999 6.32032
79.4754 -19.6877 313.561 7 6.32032
90.8303 -22.5008 329.783 7 6.32032
102.185 -25.3141 346.005 7 6.32032
113.54 -28.1275 362.228 7 6.32032
6.7726e-05 -2.1111e-05 200 6.99999 6.32032
11.3521 -2.81243 216.224 6.99999 6.32032
22.7045 -5.62485 232.448 6.99999 6.32032
34.0574 -8.43727 248.672 6.99999 6.32032
45.4111 -11.2497 264.895 6.99999 6.32032
56.7656 -14.0622 281.117 6.99999 6.32032
68.1204 -16.8749 297.339 6.99999 6.32032
79.4754 -19.6877 313.561 7 6.32032
90.8303 -22.5008 329.783 7 6.32032
102.185 -25.3141 346.005 7 6.32032
113.54 -28.1275 362.228 7 6.32032
6.7726e-05 -2.1111e-05 200 6.99999 6.32032
11.3521 -2.81243 216.224 6.99999 6.32032
22.7045 -5.62485 232.448 6.99999 6.32032
34.0574 -8.43727 248.672 6.99999 6.32032
45.4111 -11.2497 264.895 6.99999 6.32032
56.7656 -14.0622 281.117 6.99999 6.32032
68.1204 -16.8749 297.339 6.99999 6.32032
79.4754 -19.6877 313.561 7 6.32032
90.8303 -22.5008 329.783 7 6.32032
102.185 -25.3141 346.005 7 6.32032
113.54 -28.1275 362.228 7 6.32032
6.7726e-05 -2.1111e-05 200 6.99999 6.32032
11.3521 -2.81243 216.224 6.99999 6.32032
22.7045 -5.62485 232.448 6.99999 6.32032
34.0574 -8.43727 248.672 6.99999 6.32032
45.4111 -11.2497 264.895 6.99999 6.32032
56.7656 -14.0622 281.117 6.99999 6.32032
68.1204 -16.8749 297.339 6.99999 6.32032
79.4754 -19.6877 313.561 7 6.32032
90.8303 -22.5008 329.783 7 6.32032
102.185 -25.3141 346.005 7 6.32032
113.54 -28.1275 362.228 7 6.32032
6.7726e-05 -2.1111e-05 200 6.99999 6.32032
11.3521 -2.81243 216.224 6.99999 6.32032
22.7045 -5.62485 232.448 6.99999 6.32032
34.0574 -8.43727 248.672 6.99999 6.32032
45.4111 -11.2497 264.895 6.99999 6.32032
56.7656 -14.0622 281.117 6.99999 6.32032
68.1204 -16.8749 297.339 6.99999 6.32032
79.4754 -19.6877 313.561 7 6.32032
90.8303 -22.5008 329.783 7 6.32032
102.185 -25.3141 346.005 7 6.32032
113.54 -28.1275 362.228 7 6.32032
6.7726e-05 -2.1111e-05 200 6.99999 6.32032
11.3521 -2.81243 216.224 6.99999 6.32032
22.7045 -5.62485 232.448 6.99999 6.32032
34.0574 -8.43727 248.672 6.99999 6.32032
45.4111 -11.2497 264.895 6.99999 6.32032
56.7656 -14.0622 281.117 6.99999 6.32032
68.1204 -16.8749 297.339 6.99999 6.32032
79.4754 -19.6877 313.561 7 6.32032
90.8303 -22.5008 329.783 7 6.32032
102.185 -25.3141 346.005 7 6.32032
113.54 -28.1275 362.228 7 6.32032
