0.000375253 3.96312e-05 200 6.99997 8.44042
17.682 1.66536 190.802 6.99997 8.44042
35.3636 3.3306 181.605 6.99997 8.44042
53.045 4.99572 172.407 6.99997 8.44042
70.7264 6.66066 163.209 6.99997 8.44042
88.4077 8.32537 154.011 6.99998 8.44042
106.089 9.98976 144.812 6.99998 8.44042
123.77 11.6538 135.614 6.99998 8.44042
141.451 13.3176 126.416 6.99999 8.44042
159.133 14.9811 117.218 6.99999 8.44042
176.814 16.6446 108.02 6.99999 8.44042
0.000375253 3.96312e-05 200 6.99997 8.44042
17.682 1.66536 190.802 6.99997 8.44042
35.3636 3.3306 181.605 6.99997 8.44042
53.045 4.99572 172.407 6.99997 8.44042
70.7264 6.66066 163.209 6.99997 8.44042
88.4077 8.32537 154.011 6.99998 8.44042
106.089 9.98976 144.812 6.99998 8.44042
123.77 11.6538 135.614 6.99998 8.44042
141.451 13.3176 126.416 6.99999 8.44042
159.133 14.9811 117.218 6.99999 8.44042
176.814 16.6446 108.02 6.99999 8.44042
0.000375253 3.96312e-05 200 6.99997 8.44042
17.682 1.66536 190.802 6.99997 8.44042
35.3636 3.3306 181.605 6.99997 8.44042
53.045 4.99572 172.407 6.99997 8.44042
70.7264 6.66066 163.209 6.99997 8.44042
88.4077 8.32537 154.011 6.99998 8.44042
106.089 9.98976 144.812 6.99998 8.44042
123.77 11.6538 135.614 6.99998 8.44042
141.451 13.3176 126.416 6.99999 8.44042
159.133 14.9811 117.218 6.99999 8.44042
176.814 16.6446 108.02 6.99999 8.44042
0.000375253 3.96312e-05 200 6.99997 8.44042
17.682 1.66536 190.802 6.99997 8.44042
35.3636 3.3306 181.605 6.99997 8.44042
53.045 4.99572 172.407 6.99997 8.44042
70.7264 6.66066 163.209 6.99997 8.44042
88.4077 8.32537 154.011 6.99998 8.44042
106.089 9.98976 144.812 6.99998 8.44042
123.77 11.6538 135.614 6.99998 8.44042
141.451 13.3176 126.416 6.99999 8.44042
159.133 14.9811 117.218 6.99999 8.44042
176.814 16.6446 108.02 6.99999 8.44042
0.000375253 3.96312e-05 200 6.99997 8.44042
17.682 1.66536 190.802 6.99997 8.44042
35.3636 3.3306 181.605 6.99997 8.44042
53.045 4.99572 172.407 6.99997 8.44042
70.7264 6.66066 163.209 6.99997 8.44042
88.4077 8.32537 154.011 6.99998 8.44042
106.089 9.98976 144.812 6.99998 8.44042
123.77 11.6538 135.614 6.99998 8.44042
141.451 13.3176 126.416 6.99999 8.44042
159.133 14.9811 117.218 6.99999 8.44042
176.814 16.6446 108.02 6.99999 8.44042
0.000375253 3.96312e-05 200 6.99997 8.44042
17.682 1.66536 190.802 6.99997 8.44042
35.3636 3.3306 181.605 6.99997 8.44042
53.045 4.99572 172.407 6.99997 8.44042
70.7264 6.66066 163.209 6.99997 8.44042
88.4077 8.32537 154.011 6.99998 8.44042
106.089 9.98976 144.812 6.99998 8.44042
123.77 11.6538 135.614 6.99998 8.44042
141.451 13.3176 126.416 6.99999 8.44042
159.133 14.9811 117.218 6.99999 8.44042
176.814 16.6446 108.02 6.99999 8.44042
