0.000137549 -1.78551e-05 200 6.99999 6.26031
13.1153 -2.5494 214.883 6.99999 6.26031
26.2298 -5.0988 229.766 6.99999 6.26031
39.3432 -7.64817 244.65 6.99999 6.26031
52.455 -10.1975 259.536 6.99999 6.26031
65.5648 -12.7468 274.424 6.99999 6.26031
78.6728 -15.2963 289.313 6.99999 6.26031
91.7792 -17.8459 304.203 7 6.26031
104.884 -20.3957 319.094 7 6.26031
117.988 -22.9458 333.987 7 6.26031
131.092 -25.496 348.88 7 6.26031
0.000137549 -1.78551e-05 200 6.99999 6.26031
13.1153 -2.5494 214.883 6.99999 6.26031
26.2298 -5.0988 229.766 6.99999 6.26031
39.3432 -7.64817 244.65 6.99999 6.26031
52.455 -10.1975 259.536 6.99999 6.26031
65.5648 -12.7468 274.424 6.99999 6.26031
78.6728 -15.2963 289.313 6.99999 6.26031
91.7792 -17.8459 304.203 7 6.26031
104.884 -20.3957 319.094 7 6.26031
117.988 -22.9458 333.987 7 6.26031
131.092 -25.496 348.88 7 6.26031
0.000137549 -1.78551e-05 200 6.99999 6.26031
13.1153 -2.5494 214.883 6.99999 6.26031
26.2298 -5.0988 229.766 6.99999 6.26031
39.3432 -7.64817 244.65 6.99999 6.26031
52.455 -10.1975 259.536 6.99999 6.26031
65.5648 -12.7468 274.424 6.99999 6.26031
78.6728 -15.2963 289.313 6.99999 6.26031
91.7792 -17.8459 304.203 7 6.26031
104.884 -20.3957 319.094 7 6.26031
117.988 -22.9458 333.987 7 6.26031
131.092 -25.496 348.88 7 6.26031
0.000137549 -1.78551e-05 200 6.99999 6.26031
13.1153 -2.5494 214.883 6.99999 6.26031
26.2298 -5.0988 229.766 6.99999 6.26031
39.3432 -7.64817 244.65 6.99999 6.26031
52.455 -10.1975 259.536 6.99999 6.26031
65.5648 -12.7468 274.424 6.99999 6.26031
78.6728 -15.2963 289.313 6.99999 6.26031
91.7792 -17.8459 304.203 7 6.26031
104.884 -20.3957 319.094 7 6.26031
117.988 -22.9458 333.987 7 6.26031
131.092 -25.496 348.88 7 6.26031
0.000137549 -1.78551e-05 200 6.99999 6.26031
13.1153 -2.5494 214.883 6.99999 6.26031
26.2298 -5.0988 229.766 6.99999 6.26031
39.3432 -7.64817 244.65 6.99999 6.26031
52.455 -10.1975 259.536 6.99999 6.26031
65.5648 -12.7468 274.424 6.99999 6.26031
78.6728 -15.2963 289.313 6.99999 6.26031
91.7792 -17.8459 304.203 7 6.26031
104.884 -20.3957 319.094 7 6.26031
117.988 -22.9458 333.987 7 6.26031
131.092 -25.496 348.88 7 6.26031
0.000137549 -1.78551e-05 200 6.99999 6.26031
13.1153 -2.5494 214.883 6.99999 6.26031
26.2298 -5.0988 229.766 6.99999 6.26031
39.3432 -7.64817 244.65 6.99999 6.26031
52.455 -10.1975 259.536 6.99999 6.26031
65.5648 -12.7468 274.424 6.99999 6.26031
78.6728 -15.2963 289.313 6.99999 6.26031
91.7792 -17.8459 304.203 7 6.26031
104.884 -20.3957 319.094 7 6.26031
117.988 -22.9458 333.987 7 6.26031
131.092 -25.496 348.88 7 6.26031
