-0.000180135 -1.96931e-05 200 6.99998 7.08035
-15.75 -2.93669 211.972 6.99998 7.08035
-31.4998 -5.87354 223.944 6.99998 7.08035
-47.2495 -8.81067 235.915 6.99998 7.08035
-62.9994 -11.7481 247.887 6.99999 7.08035
-78.7494 -14.6857 259.858 6.99999 7.08035
-94.4997 -17.6236 271.829 6.99999 7.08035
-110.251 -20.5618 283.799 6.99999 7.08035
-126.002 -23.5002 295.768 7 7.08035
-141.754 -26.4388 307.737 7 7.08035
-157.506 -29.3775 319.705 7 7.08035
-0.000180135 -1.96931e-05 200 6.99998 7.08035
-15.75 -2.93669 211.972 6.99998 7.08035
-31.4998 -5.87354 223.944 6.99998 7.08035
-47.2495 -8.81067 235.915 6.99998 7.08035
-62.9994 -11.7481 247.887 6.99999 7.08035
-78.7494 -14.6857 259.858 6.99999 7.08035
-94.4997 -17.6236 271.829 6.99999 7.08035
-110.251 -20.5618 283.799 6.99999 7.08035
-126.002 -23.5002 295.768 7 7.08035
-141.754 -26.4388 307.737 7 7.08035
-157.506 -29.3775 319.705 7 7.08035
-0.000180135 -1.96931e-05 200 6.99998 7.08035
-15.75 -2.93669 211.972 6.99998 7.08035
-31.4998 -5.87354 223.944 6.99998 7.08035
-47.2495 -8.81067 235.915 6.99998 7.08035
-62.9994 -11.7481 247.887 6.99999 7.08035
-78.7494 -14.6857 259.858 6.99999 7.08035
-94.4997 -17.6236 271.829 6.99999 7.08035
-110.251 -20.5618 283.799 6.99999 7.08035
-126.002 -23.5002 295.768 7 7.08035
-141.754 -26.4388 307.737 7 7.08035
-157.506 -29.3775 319.705 7 7.08035
-0.000180135 -1.96931e-05 200 6.99998 7.08035
-15.75 -2.93669 211.972 6.99998 7.08035
-31.4998 -5.87354 223.944 6.99998 7.08035
-47.2495 -8.81067 235.915 6.99998 7.08035
-62.9994 -11.7481 247.887 6.99999 7.08035
-78.7494 -14.6857 259.858 6.99999 7.08035
-94.4997 -17.6236 271.829 6.99999 7.08035
-110.251 -20.5618 283.799 6.99999 7.08035
-126.002 -23.5002 295.768 7 7.08035
-141.754 -26.4388 307.737 7 7.08035
-157.506 -29.3775 319.705 7 7.08035
-0.000180135 -1.96931e-05 200 6.99998 7.08035
-15.75 -2.93669 211.972 6.99998 7.08035
-31.4998 -5.87354 223.944 6.99998 7.08035
-47.2495 -8.81067 235.915 6.99998 7.08035
-62.9994 -11.7481 247.887 6.99999 7.08035
-78.7494 -14.6857 259.858 6.99999 7.08035
-94.4997 -17.6236 271.829 6.99999 7.08035
-110.251 -20.5618 283.799 6.99999 7.08035
-126.002 -23.5002 295.768 7 7.08035
-141.754 -26.4388 307.737 7 7.08035
-157.506 -29.3775 319.705 7 7.08035
-0.000180135 -1.96931e-05 200 6.99998 7.08035
-15.75 -2.93669 211.972 6.99998 7.08035
-31.4998 -5.87354 223.944 6.99998 7.08035
-47.2495 -8.81067 235.915 6.99998 7.08035
-62.9994 -11.7481 247.887 6.99999 7.08035
-78.7494 -14.6857 259.858 6.99999 7.08035
-94.4997 -17.6236 271.829 6.99999 7.08035
-110.251 -20.5618 283.799 6.99999 7.08035
-126.002 -23.5002 295.768 7 7.08035
-141.754 -26.4388 307.737 7 7.08035
-157.506 -29.3775 319.705 7 7.08035
