-1.50149e-05 2.74291e-05 200 7 2.62013
3.74817 -5.09436 218.974 7 2.62013
7.49672 -10.1893 237.947 7 2.62013
11.2463 -15.286 256.92 7 2.62013
14.9975 -20.385 275.892 7 2.62013
18.7502 -25.4867 294.862 7 2.62013
22.5039 -30.591 313.832 7 2.62013
26.2584 -35.6974 332.801 7 2.62013
30.0129 -40.8057 351.77 7 2.62013
33.7672 -45.915 370.739 7 2.62013
37.5213 -51.0249 389.707 7 2.62013
-1.50149e-05 2.74291e-05 200 7 2.62013
3.74817 -5.09436 218.974 7 2.62013
7.49672 -10.1893 237.947 7 2.62013
11.2463 -15.286 256.92 7 2.62013
14.9975 -20.385 275.892 7 2.62013
18.7502 -25.4867 294.862 7 2.62013
22.5039 -30.591 313.832 7 2.62013
26.2584 -35.6974 332.801 7 2.62013
30.0129 -40.8057 351.77 7 2.62013
33.7672 -45.915 370.739 7 2.62013
37.5213 -51.0249 389.707 7 2.62013
-1.50149e-05 2.74291e-05 200 7 2.62013
3.74817 -5.09436 218.974 7 2.62013
7.49672 -10.1893 237.947 7 2.62013
11.2463 -15.286 256.92 7 2.62013
14.9975 -20.385 275.892 7 2.62013
18.7502 -25.4867 294.862 7 2.62013
22.5039 -30.591 313.832 7 2.62013
26.2584 -35.6974 332.801 7 2.62013
30.0129 -40.8057 351.77 7 2.62013
33.7672 -45.915 370.739 7 2.62013
37.5213 -51.0249 389.707 7 2.62013
-1.50149e-05 2.74291e-05 200 7 2.62013
3.74817 -5.09436 218.974 7 2.62013
7.49672 -10.1893 237.947 7 2.62013
11.2463 -15.286 256.92 7 2.62013
14.9975 -20.385 275.892 7 2.62013
18.7502 -25.4867 294.862 7 2.62013
22.5039 -30.591 313.832 7 2.62013
26.2584 -35.6974 332.801 7 2.62013
30.0129 -40.8057 351.77 7 2.62013
33.7672 -45.915 370.739 7 2.62013
37.5213 -51.0249 389.707 7 2.62013
-1.50149e-05 2.74291e-05 200 7 2.62013
3.74817 -5.09436 218.974 7 2.62013
7.49672 -10.1893 237.947 7 2.62013
11.2463 -15.286 256.92 7 2.62013
14.9975 -20.385 275.892 7 2.62013
18.7502 -25.4867 294.862 7 2.62013
22.5039 -30.591 313.832 7 2.62013
26.2584 -35.6974 332.801 7 2.62013
30.0129 -40.8057 351.77 7 2.62013
33.7672 -45.915 370.739 7 2.62013
37.5213 -51.0249 389.707 7 2.62013
-1.50149e-05 2.74291e-05 200 7 2.62013
3.74817 -5.09436 218.974 7 2.62013
7.49672 -10.1893 237.947 7 2.62013
11.2463 -15.286 256.92 7 2.62013
14.9975 -20.385 275.892 7 2.62013
18.7502 -25.4867 294.862 7 2.62013
22.5039 -30.591 313.832 7 2.62013
26.2584 -35.6974 332.801 7 2.62013
30.0129 -40.8057 351.77 7 2.62013
33.7672 -45.915 370.739 7 2.62013
37.5213 -51.0249 389.707 7 2.62013
