2.49352e-07 -2.27207e-05 200 6.99999 6.50033
5.2116 -3.40828 219.006 6.99999 6.50033
10.4238 -6.81662 238.012 6.99999 6.50033
15.6369 -10.2251 257.017 6.99999 6.50033
20.8508 -13.6338 276.023 6.99999 6.50033
26.0656 -17.0428 295.028 6.99999 6.50033
31.281 -20.4521 314.032 6.99999 6.50033
36.4966 -23.8617 333.037 6.99999 6.50033
41.712 -27.2714 352.041 7 6.50033
46.927 -30.6812 371.046 7 6.50033
52.1416 -34.091 390.051 7 6.50033
2.49352e-07 -2.27207e-05 200 6.99999 6.50033
5.2116 -3.40828 219.006 6.99999 6.50033
10.4238 -6.81662 238.012 6.99999 6.50033
15.6369 -10.2251 257.017 6.99999 6.50033
20.8508 -13.6338 276.023 6.99999 6.50033
26.0656 -17.0428 295.028 6.99999 6.50033
31.281 -20.4521 314.032 6.99999 6.50033
36.4966 -23.8617 333.037 6.99999 6.50033
41.712 -27.2714 352.041 7 6.50033
46.927 -30.6812 371.046 7 6.50033
52.1416 -34.091 390.051 7 6.50033
2.49352e-07 -2.27207e-05 200 6.99999 6.50033
5.2116 -3.40828 219.006 6.99999 6.50033
10.4238 -6.81662 238.012 6.99999 6.50033
15.6369 -10.2251 257.017 6.99999 6.50033
20.8508 -13.6338 276.023 6.99999 6.50033
26.0656 -17.0428 295.028 6.99999 6.50033
31.281 -20.4521 314.032 6.99999 6.50033
36.4966 -23.8617 333.037 6.99999 6.50033
41.712 -27.2714 352.041 7 6.50033
46.927 -30.6812 371.046 7 6.50033
52.1416 -34.091 390.051 7 6.50033
2.49352e-07 -2.27207e-05 200 6.99999 6.50033
5.2116 -3.40828 219.006 6.99999 6.50033
10.4238 -6.81662 238.012 6.99999 6.50033
15.6369 -10.2251 257.017 6.99999 6.50033
20.8508 -13.6338 276.023 6.99999 6.50033
26.0656 -17.0428 295.028 6.99999 6.50033
31.281 -20.4521 314.032 6.99999 6.50033
36.4966 -23.8617 333.037 6.99999 6.50033
41.712 -27.2714 352.041 7 6.50033
46.927 -30.6812 371.046 7 6.50033
52.1416 -34.091 390.051 7 6.50033
2.49352e-07 -2.27207e-05 200 6.99999 6.50033
5.2116 -3.40828 219.006 6.99999 6.50033
10.4238 -6.81662 238.012 6.99999 6.50033
15.6369 -10.2251 257.017 6.99999 6.50033
20.8508 -13.6338 276.023 6.99999 6.50033
26.0656 -17.0428 295.028 6.99999 6.50033
31.281 -20.4521 314.032 6.99999 6.50033
36.4966 -23.8617 333.037 6.99999 6.50033
41.712 -27.2714 352.041 7 6.50033
46.927 -30.6812 371.046 7 6.50033
52.1416 -34.091 390.051 7 6.50033
2.49352e-07 -2.27207e-05 200 6.99999 6.50033
5.2116 -3.40828 219.006 6.99999 6.50033
10.4238 -6.81662 238.012 6.99999 6.50033
15.6369 -10.2251 257.017 6.99999 6.50033
20.8508 -13.6338 276.023 6.99999 6.50033
26.0656 -17.0428 295.028 6.99999 6.50033
31.281 -20.4521 314.032 6.99999 6.50033
36.4966 -23.8617 333.037 6.99999 6.50033
41.712 -27.2714 352.041 7 6.50033
46.927 -30.6812 371.046 7 6.50033
52.1416 -34.091 390.051 7 6.50033
