0.000100018 -2.30471e-05 200 6.99999 6.48032
5.95412 -3.35797 218.796 6.99999 6.48032
11.9074 -6.71598 237.592 6.99999 6.48032
17.859 -10.0741 256.388 6.99999 6.48032
23.8084 -13.4322 275.185 6.99999 6.48032
29.7555 -16.7904 293.983 6.99999 6.48032
35.7002 -20.1486 312.781 6.99999 6.48032
41.6429 -23.5067 331.581 6.99999 6.48032
47.584 -26.8649 350.38 7 6.48032
53.5237 -30.223 369.18 7 6.48032
59.4628 -33.5811 387.981 7 6.48032
0.000100018 -2.30471e-05 200 6.99999 6.48032
5.95412 -3.35797 218.796 6.99999 6.48032
11.9074 -6.71598 237.592 6.99999 6.48032
17.859 -10.0741 256.388 6.99999 6.48032
23.8084 -13.4322 275.185 6.99999 6.48032
29.7555 -16.7904 293.983 6.99999 6.48032
35.7002 -20.1486 312.781 6.99999 6.48032
41.6429 -23.5067 331.581 6.99999 6.48032
47.584 -26.8649 350.38 7 6.48032
53.5237 -30.223 369.18 7 6.48032
59.4628 -33.5811 387.981 7 6.48032
0.000100018 -2.30471e-05 200 6.99999 6.48032
5.95412 -3.35797 218.796 6.99999 6.48032
11.9074 -6.71598 237.592 6.99999 6.48032
17.859 -10.0741 256.388 6.99999 6.48032
23.8084 -13.4322 275.185 6.99999 6.48032
29.7555 -16.7904 293.983 6.99999 6.48032
35.7002 -20.1486 312.781 6.99999 6.48032
41.6429 -23.5067 331.581 6.99999 6.48032
47.584 -26.8649 350.38 7 6.48032
53.5237 -30.223 369.18 7 6.48032
59.4628 -33.5811 387.981 7 6.48032
0.000100018 -2.30471e-05 200 6.99999 6.48032
5.95412 -3.35797 218.796 6.99999 6.48032
11.9074 -6.71598 237.592 6.99999 6.48032
17.859 -10.0741 256.388 6.99999 6.48032
23.8084 -13.4322 275.185 6.99999 6.48032
29.7555 -16.7904 293.983 6.99999 6.48032
35.7002 -20.1486 312.781 6.99999 6.48032
41.6429 -23.5067 331.581 6.99999 6.48032
47.584 -26.8649 350.38 7 6.48032
53.5237 -30.223 369.18 7 6.48032
59.4628 -33.5811 387.981 7 6.48032
0.000100018 -2.30471e-05 200 6.99999 6.48032
5.95412 -3.35797 218.796 6.99999 6.48032
11.9074 -6.71598 237.592 6.99999 6.48032
17.859 -10.0741 256.388 6.99999 6.48032
23.8084 -13.4322 275.185 6.99999 6.48032
29.7555 -16.7904 293.983 6.99999 6.48032
35.7002 -20.1486 312.781 6.99999 6.48032
41.6429 -23.5067 331.581 6.99999 6.48032
47.584 -26.8649 350.38 7 6.48032
53.5237 -30.223 369.18 7 6.48032
59.4628 -33.5811 387.981 7 6.48032
0.000100018 -2.30471e-05 200 6.99999 6.48032
5.95412 -3.35797 218.796 6.99999 6.48032
11.9074 -6.71598 237.592 6.99999 6.48032
17.859 -10.0741 256.388 6.99999 6.48032
23.8084 -13.4322 275.185 6.99999 6.48032
29.7555 -16.7904 293.983 6.99999 6.48032
35.7002 -20.1486 312.781 6.99999 6.48032
41.6429 -23.5067 331.581 6.99999 6.48032
47.584 -26.8649 350.38 7 6.48032
53.5237 -30.223 369.18 7 6.48032
59.4628 -33.5811 387.981 7 6.48032
