-0.000197917 2.02821e-05 200 6.99997 7.84039
-9.09691 1.47899 182.25 6.99997 7.84039
-18.193 2.95802 164.499 6.99998 7.84039
-27.288 4.43718 146.748 6.99998 7.84039
-36.3813 5.91659 128.996 6.99998 7.84039
-45.4725 7.39639 111.243 6.99998 7.84039
-54.5615 8.8766 93.4894 6.99998 7.84039
-63.6484 10.3572 75.7344 6.99999 7.84039
-72.7335 11.838 57.9785 6.99999 7.84039
-81.8171 13.319 40.2219 6.99999 7.84039
-90.9001 14.7999 22.465 7 7.84039
-0.000197917 2.02821e-05 200 6.99997 7.84039
-9.09691 1.47899 182.25 6.99997 7.84039
-18.193 2.95802 164.499 6.99998 7.84039
-27.288 4.43718 146.748 6.99998 7.84039
-36.3813 5.91659 128.996 6.99998 7.84039
-45.4725 7.39639 111.243 6.99998 7.84039
-54.5615 8.8766 93.4894 6.99998 7.84039
-63.6484 10.3572 75.7344 6.99999 7.84039
-72.7335 11.838 57.9785 6.99999 7.84039
-81.8171 13.319 40.2219 6.99999 7.84039
-90.9001 14.7999 22.465 7 7.84039
-0.000197917 2.02821e-05 200 6.99997 7.84039
-9.09691 1.47899 182.25 6.99997 7.84039
-18.193 2.95802 164.499 6.99998 7.84039
-27.288 4.43718 146.748 6.99998 7.84039
-36.3813 5.91659 128.996 6.99998 7.84039
-45.4725 7.39639 111.243 6.99998 7.84039
-54.5615 8.8766 93.4894 6.99998 7.84039
-63.6484 10.3572 75.7344 6.99999 7.84039
-72.7335 11.838 57.9785 6.99999 7.84039
-81.8171 13.319 40.2219 6.99999 7.84039
-90.9001 14.7999 22.465 7 7.84039
-0.000197917 2.02821e-05 200 6.99997 7.84039
-9.09691 1.47899 182.25 6.99997 7.84039
-18.193 2.95802 164.499 6.99998 7.84039
-27.288 4.43718 146.748 6.99998 7.84039
-36.3813 5.91659 128.996 6.99998 7.84039
-45.4725 7.39639 111.243 6.99998 7.84039
-54.5615 8.8766 93.4894 6.99998 7.84039
-63.6484 10.3572 75.7344 6.99999 7.84039
-72.7335 11.838 57.9785 6.99999 7.84039
-81.8171 13.319 40.2219 6.99999 7.84039
-90.9001 14.7999 22.465 7 7.84039
-0.000197917 2.02821e-05 200 6.99997 7.84039
-9.09691 1.47899 182.25 6.99997 7.84039
-18.193 2.95802 164.499 6.99998 7.84039
-27.288 4.43718 146.748 6.99998 7.84039
-36.3813 5.91659 128.996 6.99998 7.84039
-45.4725 7.39639 111.243 6.99998 7.84039
-54.5615 8.8766 93.4894 6.99998 7.84039
-63.6484 10.3572 75.7344 6.99999 7.84039
-72.7335 11.838 57.9785 6.99999 7.84039
-81.8171 13.319 40.2219 6.99999 7.84039
-90.9001 14.7999 22.465 7 7.84039
-0.000197917 2.02821e-05 200 6.99997 7.84039
-9.09691 1.47899 182.25 6.99997 7.84039
-18.193 2.95802 164.499 6.99998 7.84039
-27.288 4.43718 146.748 6.99998 7.84039
-36.3813 5.91659 128.996 6.99998 7.84039
-45.4725 7.39639 111.243 6.99998 7.84039
-54.5615 8.8766 93.4894 6.99998 7.84039
-63.6484 10.3572 75.7344 6.99999 7.84039
-72.7335 11.838 57.9785 6.99999 7.84039
-81.8171 13.319 40.2219 6.99999 7.84039
-90.9001 14.7999 22.465 7 7.84039
