-7.32894e-05 5.98828e-05 200 6.99999 3.64018
-18.0631 4.21128 207.483 6.99999 3.64018
-36.126 8.42188 214.966 6.99999 3.64018
-54.1889 12.6315 222.451 6.99999 3.64018
-72.2516 16.8396 229.936 7 3.64018
-90.3142 21.0463 237.423 7 3.64018
-108.377 25.2516 244.91 7 3.64018
-126.439 29.4558 252.398 7 3.64018
-144.502 33.6591 259.886 7 3.64018
-162.565 37.8618 267.374 7 3.64018
-180.628 42.0642 274.861 7 3.64018
-7.32894e-05 5.98828e-05 200 6.99999 3.64018
-18.0631 4.21128 207.483 6.99999 3.64018
-36.126 8.42188 214.966 6.99999 3.64018
-54.1889 12.6315 222.451 6.99999 3.64018
-72.2516 16.8396 229.936 7 3.64018
-90.3142 21.0463 237.423 7 3.64018
-108.377 25.2516 244.91 7 3.64018
-126.439 29.4558 252.398 7 3.64018
-144.502 33.6591 259.886 7 3.64018
-162.565 37.8618 267.374 7 3.64018
-180.628 42.0642 274.861 7 3.64018
-7.32894e-05 5.98828e-05 200 6.99999 3.64018
-18.0631 4.21128 207.483 6.99999 3.64018
-36.126 8.42188 214.966 6.99999 3.64018
-54.1889 12.6315 222.451 6.99999 3.64018
-72.2516 16.8396 229.936 7 3.64018
-90.3142 21.0463 237.423 7 3.64018
-108.377 25.2516 244.91 7 3.64018
-126.439 29.4558 252.398 7 3.64018
-144.502 33.6591 259.886 7 3.64018
-162.565 37.8618 267.374 7 3.64018
-180.628 42.0642 274.861 7 3.64018
-7.32894e-05 5.98828e-05 200 6.99999 3.64018
-18.0631 4.21128 207.483 6.99999 3.64018
-36.126 8.42188 214.966 6.99999 3.64018
-54.1889 12.6315 222.451 6.99999 3.64018
-72.2516 16.8396 229.936 7 3.64018
-90.3142 21.0463 237.423 7 3.64018
-108.377 25.2516 244.91 7 3.64018
-126.439 29.4558 252.398 7 3.64018
-144.502 33.6591 259.886 7 3.64018
-162.565 37.8618 267.374 7 3.64018
-180.628 42.0642 274.861 7 3.64018
-7.32894e-05 5.98828e-05 200 6.99999 3.64018
-18.0631 4.21128 207.483 6.99999 3.64018
-36.126 8.42188 214.966 6.99999 3.64018
-54.1889 12.6315 222.451 6.99999 3.64018
-72.2516 16.8396 229.936 7 3.64018
-90.3142 21.0463 237.423 7 3.64018
-108.377 25.2516 244.91 7 3.64018
-126.439 29.4558 252.398 7 3.64018
-144.502 33.6591 259.886 7 3.64018
-162.565 37.8618 267.374 7 3.64018
-180.628 42.0642 274.861 7 3.64018
-7.32894e-05 5.98828e-05 200 6.99999 3.64018
-18.0631 4.21128 207.483 6.99999 3.64018
-36.126 8.42188 214.966 6.99999 3.64018
-54.1889 12.6315 222.451 6.99999 3.64018
-72.2516 16.8396 229.936 7 3.64018
-90.3142 21.0463 237.423 7 3.64018
-108.377 25.2516 244.91 7 3.64018
-126.439 29.4558 252.398 7 3.64018
-144.502 33.6591 259.886 7 3.64018
-162.565 37.8618 267.374 7 3.64018
-180.628 42.0642 274.861 7 3.64018
