2.888e-05 -1.71049e-05 200 7 1.18006
9.30842 -17.2705 196.116 7 1.18006
18.6166 -34.5412 192.232 7 1.18006
27.9247 -51.8122 188.35 7 1.18006
37.2327 -69.0836 184.47 7 1.18006
46.5409 -86.3553 180.591 7 1.18006
55.8492 -103.627 176.713 7 1.18006
65.1577 -120.899 172.837 7 1.18006
74.4666 -138.172 168.962 7 1.18006
83.7757 -155.444 165.088 7 1.18006
93.085 -172.716 161.215 7 1.18006
2.888e-05 -1.71049e-05 200 7 1.18006
9.30842 -17.2705 196.116 7 1.18006
18.6166 -34.5412 192.232 7 1.18006
27.9247 -51.8122 188.35 7 1.18006
37.2327 -69.0836 184.47 7 1.18006
46.5409 -86.3553 180.591 7 1.18006
55.8492 -103.627 176.713 7 1.18006
65.1577 -120.899 172.837 7 1.18006
74.4666 -138.172 168.962 7 1.18006
83.7757 -155.444 165.088 7 1.18006
93.085 -172.716 161.215 7 1.18006
2.888e-05 -1.71049e-05 200 7 1.18006
9.30842 -17.2705 196.116 7 1.18006
18.6166 -34.5412 192.232 7 1.18006
27.9247 -51.8122 188.35 7 1.18006
37.2327 -69.0836 184.47 7 1.18006
46.5409 -86.3553 180.591 7 1.18006
55.8492 -103.627 176.713 7 1.18006
65.1577 -120.899 172.837 7 1.18006
74.4666 -138.172 168.962 7 1.18006
83.7757 -155.444 165.088 7 1.18006
93.085 -172.716 161.215 7 1.18006
2.888e-05 -1.71049e-05 200 7 1.18006
9.30842 -17.2705 196.116 7 1.18006
18.6166 -34.5412 192.232 7 1.18006
27.9247 -51.8122 188.35 7 1.18006
37.2327 -69.0836 184.47 7 1.18006
46.5409 -86.3553 180.591 7 1.18006
55.8492 -103.627 176.713 7 1.18006
65.1577 -120.899 172.837 7 1.18006
74.4666 -138.172 168.962 7 1.18006
83.7757 -155.444 165.088 7 1.18006
93.085 -172.716 161.215 7 1.18006
2.888e-05 -1.71049e-05 200 7 1.18006
9.30842 -17.2705 196.116 7 1.18006
18.6166 -34.5412 192.232 7 1.18006
27.9247 -51.8122 188.35 7 1.18006
37.2327 -69.0836 184.47 7 1.18006
46.5409 -86.3553 180.591 7 1.18006
55.8492 -103.627 176.713 7 1.18006
65.1577 -120.899 172.837 7 1.18006
74.4666 -138.172 168.962 7 1.18006
83.7757 -155.444 165.088 7 1.18006
93.085 -172.716 161.215 7 1.18006
2.888e-05 -1.71049e-05 200 7 1.18006
9.30842 -17.2705 196.116 7 1.18006
18.6166 -34.5412 192.232 7 1.18006
27.9247 -51.8122 188.35 7 1.18006
37.2327 -69.0836 184.47 7 1.18006
46.5409 -86.3553 180.591 7 1.18006
55.8492 -103.627 176.713 7 1.18006
65.1577 -120.899 172.837 7 1.18006
74.4666 -138.172 168.962 7 1.18006
83.7757 -155.444 165.088 7 1.18006
93.085 -172.716 161.215 7 1.18006
