-0.00010577 4.07669e-06 200 6.99999 4.50023
-10.239 6.93381 184.281 6.99999 4.50023
-20.4771 13.868 168.561 6.99999 4.50023
-30.7138 20.8029 152.841 6.99999 4.50023
-40.9485 27.7387 137.121 6.99999 4.50023
-51.1811 34.6754 121.399 7 4.50023
-61.4117 41.6132 105.676 7 4.50023
-71.6406 48.552 89.9527 7 4.50023
-81.8683 55.4917 74.2289 7 4.50023
-92.0949 62.432 58.5048 7 4.50023
-102.321 69.3727 42.7805 7 4.50023
-0.00010577 4.07669e-06 200 6.99999 4.50023
-10.239 6.93381 184.281 6.99999 4.50023
-20.4771 13.868 168.561 6.99999 4.50023
-30.7138 20.8029 152.841 6.99999 4.50023
-40.9485 27.7387 137.121 6.99999 4.50023
-51.1811 34.6754 121.399 7 4.50023
-61.4117 41.6132 105.676 7 4.50023
-71.6406 48.552 89.9527 7 4.50023
-81.8683 55.4917 74.2289 7 4.50023
-92.0949 62.432 58.5048 7 4.50023
-102.321 69.3727 42.7805 7 4.50023
-0.00010577 4.07669e-06 200 6.99999 4.50023
-10.239 6.93381 184.281 6.99999 4.50023
-20.4771 13.868 168.561 6.99999 4.50023
-30.7138 20.8029 152.841 6.99999 4.50023
-40.9485 27.7387 137.121 6.99999 4.50023
-51.1811 34.6754 121.399 7 4.50023
-61.4117 41.6132 105.676 7 4.50023
-71.6406 48.552 89.9527 7 4.50023
-81.8683 55.4917 74.2289 7 4.50023
-92.0949 62.432 58.5048 7 4.50023
-102.321 69.3727 42.7805 7 4.50023
-0.00010577 4.07669e-06 200 6.99999 4.50023
-10.239 6.93381 184.281 6.99999 4.50023
-20.4771 13.868 168.561 6.99999 4.50023
-30.7138 20.8029 152.841 6.99999 4.50023
-40.9485 27.7387 137.121 6.99999 4.50023
-51.1811 34.6754 121.399 7 4.50023
-61.4117 41.6132 105.676 7 4.50023
-71.6406 48.552 89.9527 7 4.50023
-81.8683 55.4917 74.2289 7 4.50023
-92.0949 62.432 58.5048 7 4.50023
-102.321 69.3727 42.7805 7 4.50023
-0.00010577 4.07669e-06 200 6.99999 4.50023
-10.239 6.93381 184.281 6.99999 4.50023
-20.4771 13.868 168.561 6.99999 4.50023
-30.7138 20.8029 152.841 6.99999 4.50023
-40.9485 27.7387 137.121 6.99999 4.50023
-51.1811 34.6754 121.399 7 4.50023
-61.4117 41.6132 105.676 7 4.50023
-71.6406 48.552 89.9527 7 4.50023
-81.8683 55.4917 74.2289 7 4.50023
-92.0949 62.432 58.5048 7 4.50023
-102.321 69.3727 42.7805 7 4.50023
-0.00010577 4.07669e-06 200 6.99999 4.50023
-10.239 6.93381 184.281 6.99999 4.50023
-20.4771 13.868 168.561 6.99999 4.50023
-30.7138 20.8029 152.841 6.99999 4.50023
-40.9485 27.7387 137.121 6.99999 4.50023
-51.1811 34.6754 121.399 7 4.50023
-61.4117 41.6132 105.676 7 4.50023
-71.6406 48.552 89.9527 7 4.50023
-81.8683 55.4917 74.2289 7 4.50023
-92.0949 62.432 58.5048 7 4.50023
-102.321 69.3727 42.7805 7 4.50023
