5.73283e-05 -3.06931e-05 200 7 2.0601
12.9651 -10.7401 210.796 7 2.0601
25.9297 -21.4801 221.593 7 2.0601
38.8938 -32.2204 232.39 7 2.0601
51.8572 -42.9609 243.188 7 2.0601
64.8199 -53.7019 253.986 7 2.0601
77.7817 -64.4433 264.785 7 2.0601
90.7429 -75.1855 275.584 7 2.0601
103.703 -85.9285 286.383 7 2.0601
116.663 -96.6723 297.182 7 2.0601
129.622 -107.416 307.981 7 2.0601
5.73283e-05 -3.06931e-05 200 7 2.0601
12.9651 -10.7401 210.796 7 2.0601
25.9297 -21.4801 221.593 7 2.0601
38.8938 -32.2204 232.39 7 2.0601
51.8572 -42.9609 243.188 7 2.0601
64.8199 -53.7019 253.986 7 2.0601
77.7817 -64.4433 264.785 7 2.0601
90.7429 -75.1855 275.584 7 2.0601
103.703 -85.9285 286.383 7 2.0601
116.663 -96.6723 297.182 7 2.0601
129.622 -107.416 307.981 7 2.0601
5.73283e-05 -3.06931e-05 200 7 2.0601
12.9651 -10.7401 210.796 7 2.0601
25.9297 -21.4801 221.593 7 2.0601
38.8938 -32.2204 232.39 7 2.0601
51.8572 -42.9609 243.188 7 2.0601
64.8199 -53.7019 253.986 7 2.0601
77.7817 -64.4433 264.785 7 2.0601
90.7429 -75.1855 275.584 7 2.0601
103.703 -85.9285 286.383 7 2.0601
116.663 -96.6723 297.182 7 2.0601
129.622 -107.416 307.981 7 2.0601
5.73283e-05 -3.06931e-05 200 7 2.0601
12.9651 -10.7401 210.796 7 2.0601
25.9297 -21.4801 221.593 7 2.0601
38.8938 -32.2204 232.39 7 2.0601
51.8572 -42.9609 243.188 7 2.0601
64.8199 -53.7019 253.986 7 2.0601
77.7817 -64.4433 264.785 7 2.0601
90.7429 -75.1855 275.584 7 2.0601
103.703 -85.9285 286.383 7 2.0601
116.663 -96.6723 297.182 7 2.0601
129.622 -107.416 307.981 7 2.0601
5.73283e-05 -3.06931e-05 200 7 2.0601
12.9651 -10.7401 210.796 7 2.0601
25.9297 -21.4801 221.593 7 2.0601
38.8938 -32.2204 232.39 7 2.0601
51.8572 -42.9609 243.188 7 2.0601
64.8199 -53.7019 253.986 7 2.0601
77.7817 -64.4433 264.785 7 2.0601
90.7429 -75.1855 275.584 7 2.0601
103.703 -85.9285 286.383 7 2.0601
116.663 -96.6723 297.182 7 2.0601
129.622 -107.416 307.981 7 2.0601
5.73283e-05 -3.06931e-05 200 7 2.0601
12.9651 -10.7401 210.796 7 2.0601
25.9297 -21.4801 221.593 7 2.0601
38.8938 -32.2204 232.39 7 2.0601
51.8572 -42.9609 243.188 7 2.0601
64.8199 -53.7019 253.986 7 2.0601
77.7817 -64.4433 264.785 7 2.0601
90.7429 -75.1855 275.584 7 2.0601
103.703 -85.9285 286.383 7 2.0601
116.663 -96.6723 297.182 7 2.0601
129.622 -107.416 307.981 7 2.0601
