-0.000209651 -3.62618e-05 200 6.99998 7.22036
-18.6922 -2.27699 206.74 6.99998 7.22036
-37.3845 -4.55383 213.48 6.99998 7.22036
-56.0772 -6.83046 220.218 6.99998 7.22036
-74.7705 -9.10685 226.954 6.99998 7.22036
-93.4645 -11.383 233.689 6.99999 7.22036
-112.159 -13.6589 240.422 6.99999 7.22036
-130.855 -15.9348 247.153 6.99999 7.22036
-149.551 -18.2107 253.882 6.99999 7.22036
-168.247 -20.4867 260.61 7 7.22036
-186.943 -22.7628 267.338 7 7.22036
-0.000209651 -3.62618e-05 200 6.99998 7.22036
-18.6922 -2.27699 206.74 6.99998 7.22036
-37.3845 -4.55383 213.48 6.99998 7.22036
-56.0772 -6.83046 220.218 6.99998 7.22036
-74.7705 -9.10685 226.954 6.99998 7.22036
-93.4645 -11.383 233.689 6.99999 7.22036
-112.159 -13.6589 240.422 6.99999 7.22036
-130.855 -15.9348 247.153 6.99999 7.22036
-149.551 -18.2107 253.882 6.99999 7.22036
-168.247 -20.4867 260.61 7 7.22036
-186.943 -22.7628 267.338 7 7.22036
-0.000209651 -3.62618e-05 200 6.99998 7.22036
-18.6922 -2.27699 206.74 6.99998 7.22036
-37.3845 -4.55383 213.48 6.99998 7.22036
-56.0772 -6.83046 220.218 6.99998 7.22036
-74.7705 -9.10685 226.954 6.99998 7.22036
-93.4645 -11.383 233.689 6.99999 7.22036
-112.159 -13.6589 240.422 6.99999 7.22036
-130.855 -15.9348 247.153 6.99999 7.22036
-149.551 -18.2107 253.882 6.99999 7.22036
-168.247 -20.4867 260.61 7 7.22036
-186.943 -22.7628 267.338 7 7.22036
-0.000209651 -3.62618e-05 200 6.99998 7.22036
-18.6922 -2.27699 206.74 6.99998 7.22036
-37.3845 -4.55383 213.48 6.99998 7.22036
-56.0772 -6.83046 220.218 6.99998 7.22036
-74.7705 -9.10685 226.954 6.99998 7.22036
-93.4645 -11.383 233.689 6.99999 7.22036
-112.159 -13.6589 240.422 6.99999 7.22036
-130.855 -15.9348 247.153 6.99999 7.22036
-149.551 -18.2107 253.882 6.99999 7.22036
-168.247 -20.4867 260.61 7 7.22036
-186.943 -22.7628 267.338 7 7.22036
-0.000209651 -3.62618e-05 200 6.99998 7.22036
-18.6922 -2.27699 206.74 6.99998 7.22036
-37.3845 -4.55383 213.48 6.99998 7.22036
-56.0772 -6.83046 220.218 6.99998 7.22036
-74.7705 -9.10685 226.954 6.99998 7.22036
-93.4645 -11.383 233.689 6.99999 7.22036
-112.159 -13.6589 240.422 6.99999 7.22036
-130.855 -15.9348 247.153 6.99999 7.22036
-149.551 -18.2107 253.882 6.99999 7.22036
-168.247 -20.4867 260.61 7 7.22036
-186.943 -22.7628 267.338 7 7.22036
-0.000209651 -3.62618e-05 200 6.99998 7.22036
-18.6922 -2.27699 206.74 6.99998 7.22036
-37.3845 -4.55383 213.48 6.99998 7.22036
-56.0772 -6.83046 220.218 6.99998 7.22036
-74.7705 -9.10685 226.954 6.99998 7.22036
-93.4645 -11.383 233.689 6.99999 7.22036
-112.159 -13.6589 240.422 6.99999 7.22036
-130.855 -15.9348 247.153 6.99999 7.22036
-149.551 -18.2107 253.882 6.99999 7.22036
-168.247 -20.4867 260.61 7 7.22036
-186.943 -22.7628 267.338 7 7.22036
