-0.000252106 5.30279e-06 200 6.99998 7.68038
-15.2027 0.598545 187.018 6.99998 7.68038
-30.405 1.19714 174.036 6.99998 7.68038
-45.6069 1.79577 161.053 6.99998 7.68038
-60.8083 2.39438 148.07 6.99998 7.68038
-76.0093 2.99292 135.086 6.99998 7.68038
-91.2095 3.59138 122.101 6.99998 7.68038
-106.409 4.18973 109.116 6.99999 7.68038
-121.608 4.78791 96.1302 6.99999 7.68038
-136.807 5.38601 83.1438 7 7.68038
-152.005 5.98408 70.157 7 7.68038
-0.000252106 5.30279e-06 200 6.99998 7.68038
-15.2027 0.598545 187.018 6.99998 7.68038
-30.405 1.19714 174.036 6.99998 7.68038
-45.6069 1.79577 161.053 6.99998 7.68038
-60.8083 2.39438 148.07 6.99998 7.68038
-76.0093 2.99292 135.086 6.99998 7.68038
-91.2095 3.59138 122.101 6.99998 7.68038
-106.409 4.18973 109.116 6.99999 7.68038
-121.608 4.78791 96.1302 6.99999 7.68038
-136.807 5.38601 83.1438 7 7.68038
-152.005 5.98408 70.157 7 7.68038
-0.000252106 5.30279e-06 200 6.99998 7.68038
-15.2027 0.598545 187.018 6.99998 7.68038
-30.405 1.19714 174.036 6.99998 7.68038
-45.6069 1.79577 161.053 6.99998 7.68038
-60.8083 2.39438 148.07 6.99998 7.68038
-76.0093 2.99292 135.086 6.99998 7.68038
-91.2095 3.59138 122.101 6.99998 7.68038
-106.409 4.18973 109.116 6.99999 7.68038
-121.608 4.78791 96.1302 6.99999 7.68038
-136.807 5.38601 83.1438 7 7.68038
-152.005 5.98408 70.157 7 7.68038
-0.000252106 5.30279e-06 200 6.99998 7.68038
-15.2027 0.598545 187.018 6.99998 7.68038
-30.405 1.19714 174.036 6.99998 7.68038
-45.6069 1.79577 161.053 6.99998 7.68038
-60.8083 2.39438 148.07 6.99998 7.68038
-76.0093 2.99292 135.086 6.99998 7.68038
-91.2095 3.59138 122.101 6.99998 7.68038
-106.409 4.18973 109.116 6.99999 7.68038
-121.608 4.78791 96.1302 6.99999 7.68038
-136.807 5.38601 83.1438 7 7.68038
-152.005 5.98408 70.157 7 7.68038
-0.000252106 5.30279e-06 200 6.99998 7.68038
-15.2027 0.598545 187.018 6.99998 7.68038
-30.405 1.19714 174.036 6.99998 7.68038
-45.6069 1.79577 161.053 6.99998 7.68038
-60.8083 2.39438 148.07 6.99998 7.68038
-76.0093 2.99292 135.086 6.99998 7.68038
-91.2095 3.59138 122.101 6.99998 7.68038
-106.409 4.18973 109.116 6.99999 7.68038
-121.608 4.78791 96.1302 6.99999 7.68038
-136.807 5.38601 83.1438 7 7.68038
-152.005 5.98408 70.157 7 7.68038
-0.000252106 5.30279e-06 200 6.99998 7.68038
-15.2027 0.598545 187.018 6.99998 7.68038
-30.405 1.19714 174.036 6.99998 7.68038
-45.6069 1.79577 161.053 6.99998 7.68038
-60.8083 2.39438 148.07 6.99998 7.68038
-76.0093 2.99292 135.086 6.99998 7.68038
-91.2095 3.59138 122.101 6.99998 7.68038
-106.409 4.18973 109.116 6.99999 7.68038
-121.608 4.78791 96.1302 6.99999 7.68038
-136.807 5.38601 83.1438 7 7.68038
-152.005 5.98408 70.157 7 7.68038
