1.0172e-06 -3.78751e-05 200 7 0.500025
1.17492 -19.5834 196.113 7 0.500025
2.34985 -39.1666 192.225 7 0.500025
3.52505 -58.7494 188.335 7 0.500025
4.70066 -78.3318 184.442 7 0.500025
5.87675 -97.9137 180.548 7 0.500025
7.05346 -117.495 176.652 7 0.500025
8.23103 -137.077 172.755 7 0.500025
9.40966 -156.658 168.858 7 0.500025
10.5893 -176.239 164.962 7 0.500025
11.7696 -195.82 161.066 7 0.500025
1.0172e-06 -3.78751e-05 200 7 0.500025
1.17492 -19.5834 196.113 7 0.500025
2.34985 -39.1666 192.225 7 0.500025
3.52505 -58.7494 188.335 7 0.500025
4.70066 -78.3318 184.442 7 0.500025
5.87675 -97.9137 180.548 7 0.500025
7.05346 -117.495 176.652 7 0.500025
8.23103 -137.077 172.755 7 0.500025
9.40966 -156.658 168.858 7 0.500025
10.5893 -176.239 164.962 7 0.500025
11.7696 -195.82 161.066 7 0.500025
1.0172e-06 -3.78751e-05 200 7 0.500025
1.17492 -19.5834 196.113 7 0.500025
2.34985 -39.1666 192.225 7 0.500025
3.52505 -58.7494 188.335 7 0.500025
4.70066 -78.3318 184.442 7 0.500025
5.87675 -97.9137 180.548 7 0.500025
7.05346 -117.495 176.652 7 0.500025
8.23103 -137.077 172.755 7 0.500025
9.40966 -156.658 168.858 7 0.500025
10.5893 -176.239 164.962 7 0.500025
11.7696 -195.82 161.066 7 0.500025
1.0172e-06 -3.78751e-05 200 7 0.500025
1.17492 -19.5834 196.113 7 0.500025
2.34985 -39.1666 192.225 7 0.500025
3.52505 -58.7494 188.335 7 0.500025
4.70066 -78.3318 184.442 7 0.500025
5.87675 -97.9137 180.548 7 0.500025
7.05346 -117.495 176.652 7 0.500025
8.23103 -137.077 172.755 7 0.500025
9.40966 -156.658 168.858 7 0.500025
10.5893 -176.239 164.962 7 0.500025
11.7696 -195.82 161.066 7 0.500025
1.0172e-06 -3.78751e-05 200 7 0.500025
1.17492 -19.5834 196.113 7 0.500025
2.34985 -39.1666 192.225 7 0.500025
3.52505 -58.7494 188.335 7 0.500025
4.70066 -78.3318 184.442 7 0.500025
5.87675 -97.9137 180.548 7 0.500025
7.05346 -117.495 176.652 7 0.500025
8.23103 -137.077 172.755 7 0.500025
9.40966 -156.658 168.858 7 0.500025
10.5893 -176.239 164.962 7 0.500025
11.7696 -195.82 161.066 7 0.500025
1.0172e-06 -3.78751e-05 200 7 0.500025
1.17492 -19.5834 196.113 7 0.500025
2.34985 -39.1666 192.225 7 0.500025
3.52505 -58.7494 188.335 7 0.500025
4.70066 -78.3318 184.442 7 0.500025
5.87675 -97.9137 180.548 7 0.500025
7.05346 -117.495 176.652 7 0.500025
8.23103 -137.077 172.755 7 0.500025
9.40966 -156.658 168.858 7 0.500025
10.5893 -176.239 164.962 7 0.500025
11.7696 -195.82 161.066 7 0.500025
