-9.02737e-05 2.0058e-05 200 6.99999 4.0002
-18.7762 6.14644 196.888 6.99999 4.0002
-37.5521 12.293 193.776 6.99999 4.0002
-56.3279 18.4397 190.664 6.99999 4.0002
-75.1036 24.5865 187.55 6.99999 4.0002
-93.879 30.7336 184.437 7 4.0002
-112.654 36.8814 181.322 7 4.0002
-131.429 43.03 178.206 7 4.0002
-150.203 49.1793 175.089 7 4.0002
-168.977 55.329 171.971 7 4.0002
-187.751 61.479 168.854 7 4.0002
-9.02737e-05 2.0058e-05 200 6.99999 4.0002
-18.7762 6.14644 196.888 6.99999 4.0002
-37.5521 12.293 193.776 6.99999 4.0002
-56.3279 18.4397 190.664 6.99999 4.0002
-75.1036 24.5865 187.55 6.99999 4.0002
-93.879 30.7336 184.437 7 4.0002
-112.654 36.8814 181.322 7 4.0002
-131.429 43.03 178.206 7 4.0002
-150.203 49.1793 175.089 7 4.0002
-168.977 55.329 171.971 7 4.0002
-187.751 61.479 168.854 7 4.0002
-9.02737e-05 2.0058e-05 200 6.99999 4.0002
-18.7762 6.14644 196.888 6.99999 4.0002
-37.5521 12.293 193.776 6.99999 4.0002
-56.3279 18.4397 190.664 6.99999 4.0002
-75.1036 24.5865 187.55 6.99999 4.0002
-93.879 30.7336 184.437 7 4.0002
-112.654 36.8814 181.322 7 4.0002
-131.429 43.03 178.206 7 4.0002
-150.203 49.1793 175.089 7 4.0002
-168.977 55.329 171.971 7 4.0002
-187.751 61.479 168.854 7 4.0002
-9.02737e-05 2.0058e-05 200 6.99999 4.0002
-18.7762 6.14644 196.888 6.99999 4.0002
-37.5521 12.293 193.776 6.99999 4.0002
-56.3279 18.4397 190.664 6.99999 4.0002
-75.1036 24.5865 187.55 6.99999 4.0002
-93.879 30.7336 184.437 7 4.0002
-112.654 36.8814 181.322 7 4.0002
-131.429 43.03 178.206 7 4.0002
-150.203 49.1793 175.089 7 4.0002
-168.977 55.329 171.971 7 4.0002
-187.751 61.479 168.854 7 4.0002
-9.02737e-05 2.0058e-05 200 6.99999 4.0002
-18.7762 6.14644 196.888 6.99999 4.0002
-37.5521 12.293 193.776 6.99999 4.0002
-56.3279 18.4397 190.664 6.99999 4.0002
-75.1036 24.5865 187.55 6.99999 4.0002
-93.879 30.7336 184.437 7 4.0002
-112.654 36.8814 181.322 7 4.0002
-131.429 43.03 178.206 7 4.0002
-150.203 49.1793 175.089 7 4.0002
-168.977 55.329 171.971 7 4.0002
-187.751 61.479 168.854 7 4.0002
-9.02737e-05 2.0058e-05 200 6.99999 4.0002
-18.7762 6.14644 196.888 6.99999 4.0002
-37.5521 12.293 193.776 6.99999 4.0002
-56.3279 18.4397 190.664 6.99999 4.0002
-75.1036 24.5865 187.55 6.99999 4.0002
-93.879 30.7336 184.437 7 4.0002
-112.654 36.8814 181.322 7 4.0002
-131.429 43.03 178.206 7 4.0002
-150.203 49.1793 175.089 7 4.0002
-168.977 55.329 171.971 7 4.0002
-187.751 61.479 168.854 7 4.0002
