-5.61404e-05 -6.60403e-05 200 6.99999 3.66018
-18.2499 4.33581 206.939 6.99999 3.66018
-36.4999 8.67285 213.876 6.99999 3.66018
-54.7502 13.0118 220.812 7 3.66018
-73.0009 17.3527 227.745 7 3.66018
-91.2519 21.6959 234.676 7 3.66018
-109.503 26.0411 241.605 7 3.66018
-127.755 30.3881 248.531 7 3.66018
-146.007 34.7362 255.457 7 3.66018
-164.259 39.085 262.381 7 3.66018
-182.511 43.4339 269.305 7 3.66018
-5.61404e-05 -6.60403e-05 200 6.99999 3.66018
-18.2499 4.33581 206.939 6.99999 3.66018
-36.4999 8.67285 213.876 6.99999 3.66018
-54.7502 13.0118 220.812 7 3.66018
-73.0009 17.3527 227.745 7 3.66018
-91.2519 21.6959 234.676 7 3.66018
-109.503 26.0411 241.605 7 3.66018
-127.755 30.3881 248.531 7 3.66018
-146.007 34.7362 255.457 7 3.66018
-164.259 39.085 262.381 7 3.66018
-182.511 43.4339 269.305 7 3.66018
-5.61404e-05 -6.60403e-05 200 6.99999 3.66018
-18.2499 4.33581 206.939 6.99999 3.66018
-36.4999 8.67285 213.876 6.99999 3.66018
-54.7502 13.0118 220.812 7 3.66018
-73.0009 17.3527 227.745 7 3.66018
-91.2519 21.6959 234.676 7 3.66018
-109.503 26.0411 241.605 7 3.66018
-127.755 30.3881 248.531 7 3.66018
-146.007 34.7362 255.457 7 3.66018
-164.259 39.085 262.381 7 3.66018
-182.511 43.4339 269.305 7 3.66018
-5.61404e-05 -6.60403e-05 200 6.99999 3.66018
-18.2499 4.33581 206.939 6.99999 3.66018
-36.4999 8.67285 213.876 6.99999 3.66018
-54.7502 13.0118 220.812 7 3.66018
-73.0009 17.3527 227.745 7 3.66018
-91.2519 21.6959 234.676 7 3.66018
-109.503 26.0411 241.605 7 3.66018
-127.755 30.3881 248.531 7 3.66018
-146.007 34.7362 255.457 7 3.66018
-164.259 39.085 262.381 7 3.66018
-182.511 43.4339 269.305 7 3.66018
-5.61404e-05 -6.60403e-05 200 6.99999 3.66018
-18.2499 4.33581 206.939 6.99999 3.66018
-36.4999 8.67285 213.876 6.99999 3.66018
-54.7502 13.0118 220.812 7 3.66018
-73.0009 17.3527 227.745 7 3.66018
-91.2519 21.6959 234.676 7 3.66018
-109.503 26.0411 241.605 7 3.66018
-127.755 30.3881 248.531 7 3.66018
-146.007 34.7362 255.457 7 3.66018
-164.259 39.085 262.381 7 3.66018
-182.511 43.4339 269.305 7 3.66018
-5.61404e-05 -6.60403e-05 200 6.99999 3.66018
-18.2499 4.33581 206.939 6.99999 3.66018
-36.4999 8.67285 213.876 6.99999 3.66018
-54.7502 13.0118 220.812 7 3.66018
-73.0009 17.3527 227.745 7 3.66018
-91.2519 21.6959 234.676 7 3.66018
-109.503 26.0411 241.605 7 3.66018
-127.755 30.3881 248.531 7 3.66018
-146.007 34.7362 255.457 7 3.66018
-164.259 39.085 262.381 7 3.66018
-182.511 43.4339 269.305 7 3.66018
