0.000128828 -7.38331e-06 200 6.99999 5.9603
19.0243 -0.861879 206.111 6.99999 5.9603
38.0484 -1.72372 212.222 6.99999 5.9603
57.0723 -2.58554 218.333 6.99999 5.9603
76.096 -3.44735 224.445 6.99999 5.9603
95.1196 -4.30914 230.558 6.99999 5.9603
114.143 -5.1709 236.671 6.99999 5.9603
133.166 -6.03264 242.785 7 5.9603
152.189 -6.89432 248.899 7 5.9603
171.212 -7.75595 255.014 7 5.9603
190.235 -8.61756 261.129 7 5.9603
0.000128828 -7.38331e-06 200 6.99999 5.9603
19.0243 -0.861879 206.111 6.99999 5.9603
38.0484 -1.72372 212.222 6.99999 5.9603
57.0723 -2.58554 218.333 6.99999 5.9603
76.096 -3.44735 224.445 6.99999 5.9603
95.1196 -4.30914 230.558 6.99999 5.9603
114.143 -5.1709 236.671 6.99999 5.9603
133.166 -6.03264 242.785 7 5.9603
152.189 -6.89432 248.899 7 5.9603
171.212 -7.75595 255.014 7 5.9603
190.235 -8.61756 261.129 7 5.9603
0.000128828 -7.38331e-06 200 6.99999 5.9603
19.0243 -0.861879 206.111 6.99999 5.9603
38.0484 -1.72372 212.222 6.99999 5.9603
57.0723 -2.58554 218.333 6.99999 5.9603
76.096 -3.44735 224.445 6.99999 5.9603
95.1196 -4.30914 230.558 6.99999 5.9603
114.143 -5.1709 236.671 6.99999 5.9603
133.166 -6.03264 242.785 7 5.9603
152.189 -6.89432 248.899 7 5.9603
171.212 -7.75595 255.014 7 5.9603
190.235 -8.61756 261.129 7 5.9603
0.000128828 -7.38331e-06 200 6.99999 5.9603
19.0243 -0.861879 206.111 6.99999 5.9603
38.0484 -1.72372 212.222 6.99999 5.9603
57.0723 -2.58554 218.333 6.99999 5.9603
76.096 -3.44735 224.445 6.99999 5.9603
95.1196 -4.30914 230.558 6.99999 5.9603
114.143 -5.1709 236.671 6.99999 5.9603
133.166 -6.03264 242.785 7 5.9603
152.189 -6.89432 248.899 7 5.9603
171.212 -7.75595 255.014 7 5.9603
190.235 -8.61756 261.129 7 5.9603
0.000128828 -7.38331e-06 200 6.99999 5.9603
19.0243 -0.861879 206.111 6.99999 5.9603
38.0484 -1.72372 212.222 6.99999 5.9603
57.0723 -2.58554 218.333 6.99999 5.9603
76.096 -3.44735 224.445 6.99999 5.9603
95.1196 -4.30914 230.558 6.99999 5.9603
114.143 -5.1709 236.671 6.99999 5.9603
133.166 -6.03264 242.785 7 5.9603
152.189 -6.89432 248.899 7 5.9603
171.212 -7.75595 255.014 7 5.9603
190.235 -8.61756 261.129 7 5.9603
0.000128828 -7.38331e-06 200 6.99999 5.9603
19.0243 -0.861879 206.111 6.99999 5.9603
38.0484 -1.72372 212.222 6.99999 5.9603
57.0723 -2.58554 218.333 6.99999 5.9603
76.096 -3.44735 224.445 6.99999 5.9603
95.1196 -4.30914 230.558 6.99999 5.9603
114.143 -5.1709 236.671 6.99999 5.9603
133.166 -6.03264 242.785 7 5.9603
152.189 -6.89432 248.899 7 5.9603
171.212 -7.75595 255.014 7 5.9603
190.235 -8.61756 261.129 7 5.9603
