-0.000222173 -5.06183e-06 200 6.99998 9.80049
-18.5041 -0.741284 207.554 6.99998 9.80049
-37.0078 -1.48261 215.108 6.99998 9.80049
-55.5113 -2.22402 222.663 6.99998 9.80049
-74.0145 -2.96555 230.218 6.99998 9.80049
-92.5174 -3.70725 237.775 6.99999 9.80049
-111.02 -4.44909 245.332 6.99999 9.80049
-129.522 -5.191 252.89 6.99999 9.80049
-148.024 -5.93291 260.449 6.99999 9.80049
-166.525 -6.6748 268.008 6.99999 9.80049
-185.027 -7.41667 275.567 6.99999 9.80049
-0.000222173 -5.06183e-06 200 6.99998 9.80049
-18.5041 -0.741284 207.554 6.99998 9.80049
-37.0078 -1.48261 215.108 6.99998 9.80049
-55.5113 -2.22402 222.663 6.99998 9.80049
-74.0145 -2.96555 230.218 6.99998 9.80049
-92.5174 -3.70725 237.775 6.99999 9.80049
-111.02 -4.44909 245.332 6.99999 9.80049
-129.522 -5.191 252.89 6.99999 9.80049
-148.024 -5.93291 260.449 6.99999 9.80049
-166.525 -6.6748 268.008 6.99999 9.80049
-185.027 -7.41667 275.567 6.99999 9.80049
-0.000222173 -5.06183e-06 200 6.99998 9.80049
-18.5041 -0.741284 207.554 6.99998 9.80049
-37.0078 -1.48261 215.108 6.99998 9.80049
-55.5113 -2.22402 222.663 6.99998 9.80049
-74.0145 -2.96555 230.218 6.99998 9.80049
-92.5174 -3.70725 237.775 6.99999 9.80049
-111.02 -4.44909 245.332 6.99999 9.80049
-129.522 -5.191 252.89 6.99999 9.80049
-148.024 -5.93291 260.449 6.99999 9.80049
-166.525 -6.6748 268.008 6.99999 9.80049
-185.027 -7.41667 275.567 6.99999 9.80049
-0.000222173 -5.06183e-06 200 6.99998 9.80049
-18.5041 -0.741284 207.554 6.99998 9.80049
-37.0078 -1.48261 215.108 6.99998 9.80049
-55.5113 -2.22402 222.663 6.99998 9.80049
-74.0145 -2.96555 230.218 6.99998 9.80049
-92.5174 -3.70725 237.775 6.99999 9.80049
-111.02 -4.44909 245.332 6.99999 9.80049
-129.522 -5.191 252.89 6.99999 9.80049
-148.024 -5.93291 260.449 6.99999 9.80049
-166.525 -6.6748 268.008 6.99999 9.80049
-185.027 -7.41667 275.567 6.99999 9.80049
-0.000222173 -5.06183e-06 200 6.99998 9.80049
-18.5041 -0.741284 207.554 6.99998 9.80049
-37.0078 -1.48261 215.108 6.99998 9.80049
-55.5113 -2.22402 222.663 6.99998 9.80049
-74.0145 -2.96555 230.218 6.99998 9.80049
-92.5174 -3.70725 237.775 6.99999 9.80049
-111.02 -4.44909 245.332 6.99999 9.80049
-129.522 -5.191 252.89 6.99999 9.80049
-148.024 -5.93291 260.449 6.99999 9.80049
-166.525 -6.6748 268.008 6.99999 9.80049
-185.027 -7.41667 275.567 6.99999 9.80049
-0.000222173 -5.06183e-06 200 6.99998 9.80049
-18.5041 -0.741284 207.554 6.99998 9.80049
-37.0078 -1.48261 215.108 6.99998 9.80049
-55.5113 -2.22402 222.663 6.99998 9.80049
-74.0145 -2.96555 230.218 6.99998 9.80049
-92.5174 -3.70725 237.775 6.99999 9.80049
-111.02 -4.44909 245.332 6.99999 9.80049
-129.522 -5.191 252.89 6.99999 9.80049
-148.024 -5.93291 260.449 6.99999 9.80049
-166.525 -6.6748 268.008 6.99999 9.80049
-185.027 -7.41667 275.567 6.99999 9.80049
