0.00010842 -9.87548e-06 200 6.99999 6.0603
17.6266 -1.48278 209.333 6.99999 6.0603
35.2533 -2.96555 218.666 6.99999 6.0603
52.8804 -4.4483 227.998 6.99999 6.0603
70.5081 -5.93099 237.329 6.99999 6.0603
88.1363 -7.41362 246.659 6.99999 6.0603
105.765 -8.89627 255.989 6.99999 6.0603
123.394 -10.379 265.317 7 6.0603
141.023 -11.8619 274.646 7 6.0603
158.651 -13.345 283.975 7 6.0603
176.28 -14.8281 293.304 7 6.0603
0.00010842 -9.87548e-06 200 6.99999 6.0603
17.6266 -1.48278 209.333 6.99999 6.0603
35.2533 -2.96555 218.666 6.99999 6.0603
52.8804 -4.4483 227.998 6.99999 6.0603
70.5081 -5.93099 237.329 6.99999 6.0603
88.1363 -7.41362 246.659 6.99999 6.0603
105.765 -8.89627 255.989 6.99999 6.0603
123.394 -10.379 265.317 7 6.0603
141.023 -11.8619 274.646 7 6.0603
158.651 -13.345 283.975 7 6.0603
176.28 -14.8281 293.304 7 6.0603
0.00010842 -9.87548e-06 200 6.99999 6.0603
17.6266 -1.48278 209.333 6.99999 6.0603
35.2533 -2.96555 218.666 6.99999 6.0603
52.8804 -4.4483 227.998 6.99999 6.0603
70.5081 -5.93099 237.329 6.99999 6.0603
88.1363 -7.41362 246.659 6.99999 6.0603
105.765 -8.89627 255.989 6.99999 6.0603
123.394 -10.379 265.317 7 6.0603
141.023 -11.8619 274.646 7 6.0603
158.651 -13.345 283.975 7 6.0603
176.28 -14.8281 293.304 7 6.0603
0.00010842 -9.87548e-06 200 6.99999 6.0603
17.6266 -1.48278 209.333 6.99999 6.0603
35.2533 -2.96555 218.666 6.99999 6.0603
52.8804 -4.4483 227.998 6.99999 6.0603
70.5081 -5.93099 237.329 6.99999 6.0603
88.1363 -7.41362 246.659 6.99999 6.0603
105.765 -8.89627 255.989 6.99999 6.0603
123.394 -10.379 265.317 7 6.0603
141.023 -11.8619 274.646 7 6.0603
158.651 -13.345 283.975 7 6.0603
176.28 -14.8281 293.304 7 6.0603
0.00010842 -9.87548e-06 200 6.99999 6.0603
17.6266 -1.48278 209.333 6.99999 6.0603
35.2533 -2.96555 218.666 6.99999 6.0603
52.8804 -4.4483 227.998 6.99999 6.0603
70.5081 -5.93099 237.329 6.99999 6.0603
88.1363 -7.41362 246.659 6.99999 6.0603
105.765 -8.89627 255.989 6.99999 6.0603
123.394 -10.379 265.317 7 6.0603
141.023 -11.8619 274.646 7 6.0603
158.651 -13.345 283.975 7 6.0603
176.28 -14.8281 293.304 7 6.0603
0.00010842 -9.87548e-06 200 6.99999 6.0603
17.6266 -1.48278 209.333 6.99999 6.0603
35.2533 -2.96555 218.666 6.99999 6.0603
52.8804 -4.4483 227.998 6.99999 6.0603
70.5081 -5.93099 237.329 6.99999 6.0603
88.1363 -7.41362 246.659 6.99999 6.0603
105.765 -8.89627 255.989 6.99999 6.0603
123.394 -10.379 265.317 7 6.0603
141.023 -11.8619 274.646 7 6.0603
158.651 -13.345 283.975 7 6.0603
176.28 -14.8281 293.304 7 6.0603
