2.23028e-05 -2.93683e-05 200 7 1.00005
6.89253 -18.0939 194.989 7 1.00005
13.7849 -36.1876 189.978 7 1.00005
20.6768 -54.2813 184.966 7 1.00005
27.5683 -72.3747 179.953 7 1.00005
34.4593 -90.468 174.938 7 1.00005
41.3501 -108.561 169.923 7 1.00005
48.2414 -126.654 164.908 7 1.00005
55.1331 -144.747 159.893 7 1.00005
62.0253 -162.84 154.879 7 1.00005
68.9178 -180.933 149.865 7 1.00005
2.23028e-05 -2.93683e-05 200 7 1.00005
6.89253 -18.0939 194.989 7 1.00005
13.7849 -36.1876 189.978 7 1.00005
20.6768 -54.2813 184.966 7 1.00005
27.5683 -72.3747 179.953 7 1.00005
34.4593 -90.468 174.938 7 1.00005
41.3501 -108.561 169.923 7 1.00005
48.2414 -126.654 164.908 7 1.00005
55.1331 -144.747 159.893 7 1.00005
62.0253 -162.84 154.879 7 1.00005
68.9178 -180.933 149.865 7 1.00005
2.23028e-05 -2.93683e-05 200 7 1.00005
6.89253 -18.0939 194.989 7 1.00005
13.7849 -36.1876 189.978 7 1.00005
20.6768 -54.2813 184.966 7 1.00005
27.5683 -72.3747 179.953 7 1.00005
34.4593 -90.468 174.938 7 1.00005
41.3501 -108.561 169.923 7 1.00005
48.2414 -126.654 164.908 7 1.00005
55.1331 -144.747 159.893 7 1.00005
62.0253 -162.84 154.879 7 1.00005
68.9178 -180.933 149.865 7 1.00005
2.23028e-05 -2.93683e-05 200 7 1.00005
6.89253 -18.0939 194.989 7 1.00005
13.7849 -36.1876 189.978 7 1.00005
20.6768 -54.2813 184.966 7 1.00005
27.5683 -72.3747 179.953 7 1.00005
34.4593 -90.468 174.938 7 1.00005
41.3501 -108.561 169.923 7 1.00005
48.2414 -126.654 164.908 7 1.00005
55.1331 -144.747 159.893 7 1.00005
62.0253 -162.84 154.879 7 1.00005
68.9178 -180.933 149.865 7 1.00005
2.23028e-05 -2.93683e-05 200 7 1.00005
6.89253 -18.0939 194.989 7 1.00005
13.7849 -36.1876 189.978 7 1.00005
20.6768 -54.2813 184.966 7 1.00005
27.5683 -72.3747 179.953 7 1.00005
34.4593 -90.468 174.938 7 1.00005
41.3501 -108.561 169.923 7 1.00005
48.2414 -126.654 164.908 7 1.00005
55.1331 -144.747 159.893 7 1.00005
62.0253 -162.84 154.879 7 1.00005
68.9178 -180.933 149.865 7 1.00005
2.23028e-05 -2.93683e-05 200 7 1.00005
6.89253 -18.0939 194.989 7 1.00005
13.7849 -36.1876 189.978 7 1.00005
20.6768 -54.2813 184.966 7 1.00005
27.5683 -72.3747 179.953 7 1.00005
34.4593 -90.468 174.938 7 1.00005
41.3501 -108.561 169.923 7 1.00005
48.2414 -126.654 164.908 7 1.00005
55.1331 -144.747 159.893 7 1.00005
62.0253 -162.84 154.879 7 1.00005
68.9178 -180.933 149.865 7 1.00005
