5.04807e-05 -3.08729e-05 200 7 1.76009
14.0372 -13.407 204.818 7 1.76009
28.0739 -26.8139 209.637 7 1.76009
42.1099 -40.2205 214.459 7 1.76009
56.145 -53.6267 219.286 7 1.76009
70.1791 -67.0322 224.116 7 1.76009
84.2121 -80.4372 228.952 7 1.76009
98.2443 -93.8417 233.791 7 1.76009
112.276 -107.246 238.633 7 1.76009
126.307 -120.65 243.477 7 1.76009
140.338 -134.053 248.322 7 1.76009
5.04807e-05 -3.08729e-05 200 7 1.76009
14.0372 -13.407 204.818 7 1.76009
28.0739 -26.8139 209.637 7 1.76009
42.1099 -40.2205 214.459 7 1.76009
56.145 -53.6267 219.286 7 1.76009
70.1791 -67.0322 224.116 7 1.76009
84.2121 -80.4372 228.952 7 1.76009
98.2443 -93.8417 233.791 7 1.76009
112.276 -107.246 238.633 7 1.76009
126.307 -120.65 243.477 7 1.76009
140.338 -134.053 248.322 7 1.76009
5.04807e-05 -3.08729e-05 200 7 1.76009
14.0372 -13.407 204.818 7 1.76009
28.0739 -26.8139 209.637 7 1.76009
42.1099 -40.2205 214.459 7 1.76009
56.145 -53.6267 219.286 7 1.76009
70.1791 -67.0322 224.116 7 1.76009
84.2121 -80.4372 228.952 7 1.76009
98.2443 -93.8417 233.791 7 1.76009
112.276 -107.246 238.633 7 1.76009
126.307 -120.65 243.477 7 1.76009
140.338 -134.053 248.322 7 1.76009
5.04807e-05 -3.08729e-05 200 7 1.76009
14.0372 -13.407 204.818 7 1.76009
28.0739 -26.8139 209.637 7 1.76009
42.1099 -40.2205 214.459 7 1.76009
56.145 -53.6267 219.286 7 1.76009
70.1791 -67.0322 224.116 7 1.76009
84.2121 -80.4372 228.952 7 1.76009
98.2443 -93.8417 233.791 7 1.76009
112.276 -107.246 238.633 7 1.76009
126.307 -120.65 243.477 7 1.76009
140.338 -134.053 248.322 7 1.76009
5.04807e-05 -3.08729e-05 200 7 1.76009
14.0372 -13.407 204.818 7 1.76009
28.0739 -26.8139 209.637 7 1.76009
42.1099 -40.2205 214.459 7 1.76009
56.145 -53.6267 219.286 7 1.76009
70.1791 -67.0322 224.116 7 1.76009
84.2121 -80.4372 228.952 7 1.76009
98.2443 -93.8417 233.791 7 1.76009
112.276 -107.246 238.633 7 1.76009
126.307 -120.65 243.477 7 1.76009
140.338 -134.053 248.322 7 1.76009
5.04807e-05 -3.08729e-05 200 7 1.76009
14.0372 -13.407 204.818 7 1.76009
28.0739 -26.8139 209.637 7 1.76009
42.1099 -40.2205 214.459 7 1.76009
56.145 -53.6267 219.286 7 1.76009
70.1791 -67.0322 224.116 7 1.76009
84.2121 -80.4372 228.952 7 1.76009
98.2443 -93.8417 233.791 7 1.76009
112.276 -107.246 238.633 7 1.76009
126.307 -120.65 243.477 7 1.76009
140.338 -134.053 248.322 7 1.76009
