-0.000266426 1.24902e-05 200 6.99998 7.56038
-18.2373 -0.164999 191.791 6.99998 7.56038
-36.4744 -0.330223 183.582 6.99998 7.56038
-54.7114 -0.495802 175.373 6.99998 7.56038
-72.9484 -0.661816 167.164 6.99998 7.56038
-91.1855 -0.828297 158.955 6.99998 7.56038
-109.422 -0.995187 150.746 6.99999 7.56038
-127.659 -1.16245 142.537 6.99999 7.56038
-145.896 -1.33005 134.327 6.99999 7.56038
-164.132 -1.49787 126.117 7 7.56038
-182.369 -1.66577 117.906 7 7.56038
-0.000266426 1.24902e-05 200 6.99998 7.56038
-18.2373 -0.164999 191.791 6.99998 7.56038
-36.4744 -0.330223 183.582 6.99998 7.56038
-54.7114 -0.495802 175.373 6.99998 7.56038
-72.9484 -0.661816 167.164 6.99998 7.56038
-91.1855 -0.828297 158.955 6.99998 7.56038
-109.422 -0.995187 150.746 6.99999 7.56038
-127.659 -1.16245 142.537 6.99999 7.56038
-145.896 -1.33005 134.327 6.99999 7.56038
-164.132 -1.49787 126.117 7 7.56038
-182.369 -1.66577 117.906 7 7.56038
-0.000266426 1.24902e-05 200 6.99998 7.56038
-18.2373 -0.164999 191.791 6.99998 7.56038
-36.4744 -0.330223 183.582 6.99998 7.56038
-54.7114 -0.495802 175.373 6.99998 7.56038
-72.9484 -0.661816 167.164 6.99998 7.56038
-91.1855 -0.828297 158.955 6.99998 7.56038
-109.422 -0.995187 150.746 6.99999 7.56038
-127.659 -1.16245 142.537 6.99999 7.56038
-145.896 -1.33005 134.327 6.99999 7.56038
-164.132 -1.49787 126.117 7 7.56038
-182.369 -1.66577 117.906 7 7.56038
-0.000266426 1.24902e-05 200 6.99998 7.56038
-18.2373 -0.164999 191.791 6.99998 7.56038
-36.4744 -0.330223 183.582 6.99998 7.56038
-54.7114 -0.495802 175.373 6.99998 7.56038
-72.9484 -0.661816 167.164 6.99998 7.56038
-91.1855 -0.828297 158.955 6.99998 7.56038
-109.422 -0.995187 150.746 6.99999 7.56038
-127.659 -1.16245 142.537 6.99999 7.56038
-145.896 -1.33005 134.327 6.99999 7.56038
-164.132 -1.49787 126.117 7 7.56038
-182.369 -1.66577 117.906 7 7.56038
-0.000266426 1.24902e-05 200 6.99998 7.56038
-18.2373 -0.164999 191.791 6.99998 7.56038
-36.4744 -0.330223 183.582 6.99998 7.56038
-54.7114 -0.495802 175.373 6.99998 7.56038
-72.9484 -0.661816 167.164 6.99998 7.56038
-91.1855 -0.828297 158.955 6.99998 7.56038
-109.422 -0.995187 150.746 6.99999 7.56038
-127.659 -1.16245 142.537 6.99999 7.56038
-145.896 -1.33005 134.327 6.99999 7.56038
-164.132 -1.49787 126.117 7 7.56038
-182.369 -1.66577 117.906 7 7.56038
-0.000266426 1.24902e-05 200 6.99998 7.56038
-18.2373 -0.164999 191.791 6.99998 7.56038
-36.4744 -0.330223 183.582 6.99998 7.56038
-54.7114 -0.495802 175.373 6.99998 7.56038
-72.9484 -0.661816 167.164 6.99998 7.56038
-91.1855 -0.828297 158.955 6.99998 7.56038
-109.422 -0.995187 150.746 6.99999 7.56038
-127.659 -1.16245 142.537 6.99999 7.56038
-145.896 -1.33005 134.327 6.99999 7.56038
-164.132 -1.49787 126.117 7 7.56038
-182.369 -1.66577 117.906 7 7.56038
