2.64183e-05 -2.63326e-06 200 7 2.72014
1.38165 -4.06526 219.534 7 2.72014
2.76298 -8.13067 239.067 7 2.72014
4.14413 -12.1968 258.601 7 2.72014
5.52509 -16.2639 278.134 7 2.72014
6.9056 -20.332 297.668 7 2.72014
8.28544 -24.4006 317.201 7 2.72014
9.66462 -28.4695 336.734 7 2.72014
11.0434 -32.5387 356.267 7 2.72014
12.4218 -36.6081 375.8 7 2.72014
13.8 -40.6776 395.333 7 2.72014
2.64183e-05 -2.63326e-06 200 7 2.72014
1.38165 -4.06526 219.534 7 2.72014
2.76298 -8.13067 239.067 7 2.72014
4.14413 -12.1968 258.601 7 2.72014
5.52509 -16.2639 278.134 7 2.72014
6.9056 -20.332 297.668 7 2.72014
8.28544 -24.4006 317.201 7 2.72014
9.66462 -28.4695 336.734 7 2.72014
11.0434 -32.5387 356.267 7 2.72014
12.4218 -36.6081 375.8 7 2.72014
13.8 -40.6776 395.333 7 2.72014
2.64183e-05 -2.63326e-06 200 7 2.72014
1.38165 -4.06526 219.534 7 2.72014
2.76298 -8.13067 239.067 7 2.72014
4.14413 -12.1968 258.601 7 2.72014
5.52509 -16.2639 278.134 7 2.72014
6.9056 -20.332 297.668 7 2.72014
8.28544 -24.4006 317.201 7 2.72014
9.66462 -28.4695 336.734 7 2.72014
11.0434 -32.5387 356.267 7 2.72014
12.4218 -36.6081 375.8 7 2.72014
13.8 -40.6776 395.333 7 2.72014
2.64183e-05 -2.63326e-06 200 7 2.72014
1.38165 -4.06526 219.534 7 2.72014
2.76298 -8.13067 239.067 7 2.72014
4.14413 -12.1968 258.601 7 2.72014
5.52509 -16.2639 278.134 7 2.72014
6.9056 -20.332 297.668 7 2.72014
8.28544 -24.4006 317.201 7 2.72014
9.66462 -28.4695 336.734 7 2.72014
11.0434 -32.5387 356.267 7 2.72014
12.4218 -36.6081 375.8 7 2.72014
13.8 -40.6776 395.333 7 2.72014
2.64183e-05 -2.63326e-06 200 7 2.72014
1.38165 -4.06526 219.534 7 2.72014
2.76298 -8.13067 239.067 7 2.72014
4.14413 -12.1968 258.601 7 2.72014
5.52509 -16.2639 278.134 7 2.72014
6.9056 -20.332 297.668 7 2.72014
8.28544 -24.4006 317.201 7 2.72014
9.66462 -28.4695 336.734 7 2.72014
11.0434 -32.5387 356.267 7 2.72014
12.4218 -36.6081 375.8 7 2.72014
13.8 -40.6776 395.333 7 2.72014
2.64183e-05 -2.63326e-06 200 7 2.72014
1.38165 -4.06526 219.534 7 2.72014
2.76298 -8.13067 239.067 7 2.72014
4.14413 -12.1968 258.601 7 2.72014
5.52509 -16.2639 278.134 7 2.72014
6.9056 -20.332 297.668 7 2.72014
8.28544 -24.4006 317.201 7 2.72014
9.66462 -28.4695 336.734 7 2.72014
11.0434 -32.5387 356.267 7 2.72014
12.4218 -36.6081 375.8 7 2.72014
13.8 -40.6776 395.333 7 2.72014
