3.93926e-05 -4.94983e-05 200 7 2.96015
-4.64351 -1.63782 219.385 7 2.96015
-9.28783 -3.27495 238.769 7 2.96015
-13.9336 -4.91087 258.153 7 2.96015
-18.581 -6.54544 277.537 7 2.96015
-23.2298 -8.17881 296.92 7 2.96015
-27.88 -9.81109 316.303 7 2.96015
-32.5317 -11.4423 335.686 7 2.96015
-37.1845 -13.0731 355.069 7 2.96015
-41.8378 -14.704 374.452 7 2.96015
-46.4914 -16.335 393.834 7 2.96015
3.93926e-05 -4.94983e-05 200 7 2.96015
-4.64351 -1.63782 219.385 7 2.96015
-9.28783 -3.27495 238.769 7 2.96015
-13.9336 -4.91087 258.153 7 2.96015
-18.581 -6.54544 277.537 7 2.96015
-23.2298 -8.17881 296.92 7 2.96015
-27.88 -9.81109 316.303 7 2.96015
-32.5317 -11.4423 335.686 7 2.96015
-37.1845 -13.0731 355.069 7 2.96015
-41.8378 -14.704 374.452 7 2.96015
-46.4914 -16.335 393.834 7 2.96015
3.93926e-05 -4.94983e-05 200 7 2.96015
-4.64351 -1.63782 219.385 7 2.96015
-9.28783 -3.27495 238.769 7 2.96015
-13.9336 -4.91087 258.153 7 2.96015
-18.581 -6.54544 277.537 7 2.96015
-23.2298 -8.17881 296.92 7 2.96015
-27.88 -9.81109 316.303 7 2.96015
-32.5317 -11.4423 335.686 7 2.96015
-37.1845 -13.0731 355.069 7 2.96015
-41.8378 -14.704 374.452 7 2.96015
-46.4914 -16.335 393.834 7 2.96015
3.93926e-05 -4.94983e-05 200 7 2.96015
-4.64351 -1.63782 219.385 7 2.96015
-9.28783 -3.27495 238.769 7 2.96015
-13.9336 -4.91087 258.153 7 2.96015
-18.581 -6.54544 277.537 7 2.96015
-23.2298 -8.17881 296.92 7 2.96015
-27.88 -9.81109 316.303 7 2.96015
-32.5317 -11.4423 335.686 7 2.96015
-37.1845 -13.0731 355.069 7 2.96015
-41.8378 -14.704 374.452 7 2.96015
-46.4914 -16.335 393.834 7 2.96015
3.93926e-05 -4.94983e-05 200 7 2.96015
-4.64351 -1.63782 219.385 7 2.96015
-9.28783 -3.27495 238.769 7 2.96015
-13.9336 -4.91087 258.153 7 2.96015
-18.581 -6.54544 277.537 7 2.96015
-23.2298 -8.17881 296.92 7 2.96015
-27.88 -9.81109 316.303 7 2.96015
-32.5317 -11.4423 335.686 7 2.96015
-37.1845 -13.0731 355.069 7 2.96015
-41.8378 -14.704 374.452 7 2.96015
-46.4914 -16.335 393.834 7 2.96015
3.93926e-05 -4.94983e-05 200 7 2.96015
-4.64351 -1.63782 219.385 7 2.96015
-9.28783 -3.27495 238.769 7 2.96015
-13.9336 -4.91087 258.153 7 2.96015
-18.581 -6.54544 277.537 7 2.96015
-23.2298 -8.17881 296.92 7 2.96015
-27.88 -9.81109 316.303 7 2.96015
-32.5317 -11.4423 335.686 7 2.96015
-37.1845 -13.0731 355.069 7 2.96015
-41.8378 -14.704 374.452 7 2.96015
-46.4914 -16.335 393.834 7 2.96015
