0.000145311 -2.53176e-05 200 6.99997 9.06045
8.42688 -1.50016 218.076 6.99997 9.06045
16.8538 -3.00034 236.152 6.99997 9.06045
25.2814 -4.50062 254.228 6.99997 9.06045
33.7096 -6.001 272.304 6.99997 9.06045
42.1384 -7.50147 290.379 6.99998 9.06045
50.5676 -9.002 308.454 6.99998 9.06045
58.997 -10.5026 326.528 6.99998 9.06045
67.4266 -12.0032 344.603 6.99999 9.06045
75.8562 -13.5038 362.678 6.99999 9.06045
84.2858 -15.0044 380.752 6.99999 9.06045
0.000145311 -2.53176e-05 200 6.99997 9.06045
8.42688 -1.50016 218.076 6.99997 9.06045
16.8538 -3.00034 236.152 6.99997 9.06045
25.2814 -4.50062 254.228 6.99997 9.06045
33.7096 -6.001 272.304 6.99997 9.06045
42.1384 -7.50147 290.379 6.99998 9.06045
50.5676 -9.002 308.454 6.99998 9.06045
58.997 -10.5026 326.528 6.99998 9.06045
67.4266 -12.0032 344.603 6.99999 9.06045
75.8562 -13.5038 362.678 6.99999 9.06045
84.2858 -15.0044 380.752 6.99999 9.06045
0.000145311 -2.53176e-05 200 6.99997 9.06045
8.42688 -1.50016 218.076 6.99997 9.06045
16.8538 -3.00034 236.152 6.99997 9.06045
25.2814 -4.50062 254.228 6.99997 9.06045
33.7096 -6.001 272.304 6.99997 9.06045
42.1384 -7.50147 290.379 6.99998 9.06045
50.5676 -9.002 308.454 6.99998 9.06045
58.997 -10.5026 326.528 6.99998 9.06045
67.4266 -12.0032 344.603 6.99999 9.06045
75.8562 -13.5038 362.678 6.99999 9.06045
84.2858 -15.0044 380.752 6.99999 9.06045
0.000145311 -2.53176e-05 200 6.99997 9.06045
8.42688 -1.50016 218.076 6.99997 9.06045
16.8538 -3.00034 236.152 6.99997 9.06045
25.2814 -4.50062 254.228 6.99997 9.06045
33.7096 -6.001 272.304 6.99997 9.06045
42.1384 -7.50147 290.379 6.99998 9.06045
50.5676 -9.002 308.454 6.99998 9.06045
58.997 -10.5026 326.528 6.99998 9.06045
67.4266 -12.0032 344.603 6.99999 9.06045
75.8562 -13.5038 362.678 6.99999 9.06045
84.2858 -15.0044 380.752 6.99999 9.06045
0.000145311 -2.53176e-05 200 6.99997 9.06045
8.42688 -1.50016 218.076 6.99997 9.06045
16.8538 -3.00034 236.152 6.99997 9.06045
25.2814 -4.50062 254.228 6.99997 9.06045
33.7096 -6.001 272.304 6.99997 9.06045
42.1384 -7.50147 290.379 6.99998 9.06045
50.5676 -9.002 308.454 6.99998 9.06045
58.997 -10.5026 326.528 6.99998 9.06045
67.4266 -12.0032 344.603 6.99999 9.06045
75.8562 -13.5038 362.678 6.99999 9.06045
84.2858 -15.0044 380.752 6.99999 9.06045
0.000145311 -2.53176e-05 200 6.99997 9.06045
8.42688 -1.50016 218.076 6.99997 9.06045
16.8538 -3.00034 236.152 6.99997 9.06045
25.2814 -4.50062 254.228 6.99997 9.06045
33.7096 -6.001 272.304 6.99997 9.06045
42.1384 -7.50147 290.379 6.99998 9.06045
50.5676 -9.002 308.454 6.99998 9.06045
58.997 -10.5026 326.528 6.99998 9.06045
67.4266 -12.0032 344.603 6.99999 9.06045
75.8562 -13.5038 362.678 6.99999 9.06045
84.2858 -15.0044 380.752 6.99999 9.06045
