0 -1.07142e-05 200 7 0.140007
0 -19.993 199.47 7 0.140007
0 -39.986 198.939 7 0.140007
0 -59.9789 198.408 7 0.140007
0 -79.9718 197.876 7 0.140007
0 -99.9647 197.343 7 0.140007
0 -119.958 196.807 7 0.140007
0 -139.95 196.271 7 0.140007
0 -159.943 195.732 7 0.140007
0 -179.936 195.193 7 0.140007
0 -199.929 194.653 7 0.140007
0 -1.07142e-05 200 7 0.140007
0 -19.993 199.47 7 0.140007
0 -39.986 198.939 7 0.140007
0 -59.9789 198.408 7 0.140007
0 -79.9718 197.876 7 0.140007
0 -99.9647 197.343 7 0.140007
0 -119.958 196.807 7 0.140007
0 -139.95 196.271 7 0.140007
0 -159.943 195.732 7 0.140007
0 -179.936 195.193 7 0.140007
0 -199.929 194.653 7 0.140007
0 -1.07142e-05 200 7 0.140007
0 -19.993 199.47 7 0.140007
0 -39.986 198.939 7 0.140007
0 -59.9789 198.408 7 0.140007
0 -79.9718 197.876 7 0.140007
0 -99.9647 197.343 7 0.140007
0 -119.958 196.807 7 0.140007
0 -139.95 196.271 7 0.140007
0 -159.943 195.732 7 0.140007
0 -179.936 195.193 7 0.140007
0 -199.929 194.653 7 0.140007
0 -1.07142e-05 200 7 0.140007
0 -19.993 199.47 7 0.140007
0 -39.986 198.939 7 0.140007
0 -59.9789 198.408 7 0.140007
0 -79.9718 197.876 7 0.140007
0 -99.9647 197.343 7 0.140007
0 -119.958 196.807 7 0.140007
0 -139.95 196.271 7 0.140007
0 -159.943 195.732 7 0.140007
0 -179.936 195.193 7 0.140007
0 -199.929 194.653 7 0.140007
0 -1.07142e-05 200 7 0.140007
0 -19.993 199.47 7 0.140007
0 -39.986 198.939 7 0.140007
0 -59.9789 198.408 7 0.140007
0 -79.9718 197.876 7 0.140007
0 -99.9647 197.343 7 0.140007
0 -119.958 196.807 7 0.140007
0 -139.95 196.271 7 0.140007
0 -159.943 195.732 7 0.140007
0 -179.936 195.193 7 0.140007
0 -199.929 194.653 7 0.140007
0 -1.07142e-05 200 7 0.140007
0 -19.993 199.47 7 0.140007
0 -39.986 198.939 7 0.140007
0 -59.9789 198.408 7 0.140007
0 -79.9718 197.876 7 0.140007
0 -99.9647 197.343 7 0.140007
0 -119.958 196.807 7 0.140007
0 -139.95 196.271 7 0.140007
0 -159.943 195.732 7 0.140007
0 -179.936 195.193 7 0.140007
0 -199.929 194.653 7 0.140007
