9.45197e-05 -9.76771e-06 200 6.99999 6.10031
16.9016 -1.71652 210.555 6.99999 6.10031
33.8033 -3.43305 221.109 6.99999 6.10031
50.7054 -5.14967 231.662 6.99999 6.10031
67.608 -6.86639 242.215 6.99999 6.10031
84.5111 -8.58317 252.766 6.99999 6.10031
101.415 -10.2999 263.317 6.99999 6.10031
118.318 -12.0166 273.868 7 6.10031
135.222 -13.7331 284.419 7 6.10031
152.126 -15.4496 294.969 7 6.10031
169.03 -17.1661 305.52 7 6.10031
9.45197e-05 -9.76771e-06 200 6.99999 6.10031
16.9016 -1.71652 210.555 6.99999 6.10031
33.8033 -3.43305 221.109 6.99999 6.10031
50.7054 -5.14967 231.662 6.99999 6.10031
67.608 -6.86639 242.215 6.99999 6.10031
84.5111 -8.58317 252.766 6.99999 6.10031
101.415 -10.2999 263.317 6.99999 6.10031
118.318 -12.0166 273.868 7 6.10031
135.222 -13.7331 284.419 7 6.10031
152.126 -15.4496 294.969 7 6.10031
169.03 -17.1661 305.52 7 6.10031
9.45197e-05 -9.76771e-06 200 6.99999 6.10031
16.9016 -1.71652 210.555 6.99999 6.10031
33.8033 -3.43305 221.109 6.99999 6.10031
50.7054 -5.14967 231.662 6.99999 6.10031
67.608 -6.86639 242.215 6.99999 6.10031
84.5111 -8.58317 252.766 6.99999 6.10031
101.415 -10.2999 263.317 6.99999 6.10031
118.318 -12.0166 273.868 7 6.10031
135.222 -13.7331 284.419 7 6.10031
152.126 -15.4496 294.969 7 6.10031
169.03 -17.1661 305.52 7 6.10031
9.45197e-05 -9.76771e-06 200 6.99999 6.10031
16.9016 -1.71652 210.555 6.99999 6.10031
33.8033 -3.43305 221.109 6.99999 6.10031
50.7054 -5.14967 231.662 6.99999 6.10031
67.608 -6.86639 242.215 6.99999 6.10031
84.5111 -8.58317 252.766 6.99999 6.10031
101.415 -10.2999 263.317 6.99999 6.10031
118.318 -12.0166 273.868 7 6.10031
135.222 -13.7331 284.419 7 6.10031
152.126 -15.4496 294.969 7 6.10031
169.03 -17.1661 305.52 7 6.10031
9.45197e-05 -9.76771e-06 200 6.99999 6.10031
16.9016 -1.71652 210.555 6.99999 6.10031
33.8033 -3.43305 221.109 6.99999 6.10031
50.7054 -5.14967 231.662 6.99999 6.10031
67.608 -6.86639 242.215 6.99999 6.10031
84.5111 -8.58317 252.766 6.99999 6.10031
101.415 -10.2999 263.317 6.99999 6.10031
118.318 -12.0166 273.868 7 6.10031
135.222 -13.7331 284.419 7 6.10031
152.126 -15.4496 294.969 7 6.10031
169.03 -17.1661 305.52 7 6.10031
9.45197e-05 -9.76771e-06 200 6.99999 6.10031
16.9016 -1.71652 210.555 6.99999 6.10031
33.8033 -3.43305 221.109 6.99999 6.10031
50.7054 -5.14967 231.662 6.99999 6.10031
67.608 -6.86639 242.215 6.99999 6.10031
84.5111 -8.58317 252.766 6.99999 6.10031
101.415 -10.2999 263.317 6.99999 6.10031
118.318 -12.0166 273.868 7 6.10031
135.222 -13.7331 284.419 7 6.10031
152.126 -15.4496 294.969 7 6.10031
169.03 -17.1661 305.52 7 6.10031
