-3.35311e-06 3.92032e-05 200 6.99999 4.70024
-4.44744 6.59305 181.649 6.99999 4.70024
-8.89512 13.186 163.298 6.99999 4.70024
-13.3432 19.7787 144.947 6.99999 4.70024
-17.7918 26.3712 126.597 6.99999 4.70024
-22.2413 32.9634 108.246 7 4.70024
-26.6913 39.5555 89.8955 7 4.70024
-31.1412 46.1479 71.545 7 4.70024
-35.591 52.7406 53.1946 7 4.70024
-40.0406 59.3336 34.8443 7 4.70024
-44.49 65.9267 16.494 7 4.70024
-3.35311e-06 3.92032e-05 200 6.99999 4.70024
-4.44744 6.59305 181.649 6.99999 4.70024
-8.89512 13.186 163.298 6.99999 4.70024
-13.3432 19.7787 144.947 6.99999 4.70024
-17.7918 26.3712 126.597 6.99999 4.70024
-22.2413 32.9634 108.246 7 4.70024
-26.6913 39.5555 89.8955 7 4.70024
-31.1412 46.1479 71.545 7 4.70024
-35.591 52.7406 53.1946 7 4.70024
-40.0406 59.3336 34.8443 7 4.70024
-44.49 65.9267 16.494 7 4.70024
-3.35311e-06 3.92032e-05 200 6.99999 4.70024
-4.44744 6.59305 181.649 6.99999 4.70024
-8.89512 13.186 163.298 6.99999 4.70024
-13.3432 19.7787 144.947 6.99999 4.70024
-17.7918 26.3712 126.597 6.99999 4.70024
-22.2413 32.9634 108.246 7 4.70024
-26.6913 39.5555 89.8955 7 4.70024
-31.1412 46.1479 71.545 7 4.70024
-35.591 52.7406 53.1946 7 4.70024
-40.0406 59.3336 34.8443 7 4.70024
-44.49 65.9267 16.494 7 4.70024
-3.35311e-06 3.92032e-05 200 6.99999 4.70024
-4.44744 6.59305 181.649 6.99999 4.70024
-8.89512 13.186 163.298 6.99999 4.70024
-13.3432 19.7787 144.947 6.99999 4.70024
-17.7918 26.3712 126.597 6.99999 4.70024
-22.2413 32.9634 108.246 7 4.70024
-26.6913 39.5555 89.8955 7 4.70024
-31.1412 46.1479 71.545 7 4.70024
-35.591 52.7406 53.1946 7 4.70024
-40.0406 59.3336 34.8443 7 4.70024
-44.49 65.9267 16.494 7 4.70024
-3.35311e-06 3.92032e-05 200 6.99999 4.70024
-4.44744 6.59305 181.649 6.99999 4.70024
-8.89512 13.186 163.298 6.99999 4.70024
-13.3432 19.7787 144.947 6.99999 4.70024
-17.7918 26.3712 126.597 6.99999 4.70024
-22.2413 32.9634 108.246 7 4.70024
-26.6913 39.5555 89.8955 7 4.70024
-31.1412 46.1479 71.545 7 4.70024
-35.591 52.7406 53.1946 7 4.70024
-40.0406 59.3336 34.8443 7 4.70024
-44.49 65.9267 16.494 7 4.70024
-3.35311e-06 3.92032e-05 200 6.99999 4.70024
-4.44744 6.59305 181.649 6.99999 4.70024
-8.89512 13.186 163.298 6.99999 4.70024
-13.3432 19.7787 144.947 6.99999 4.70024
-17.7918 26.3712 126.597 6.99999 4.70024
-22.2413 32.9634 108.246 7 4.70024
-26.6913 39.5555 89.8955 7 4.70024
-31.1412 46.1479 71.545 7 4.70024
-35.591 52.7406 53.1946 7 4.70024
-40.0406 59.3336 34.8443 7 4.70024
-44.49 65.9267 16.494 7 4.70024
