4.53953e-05 3.06014e-05 200 6.99999 5.08025
7.57962 5.02697 182.188 6.99999 5.08025
15.1591 10.0539 164.375 6.99999 5.08025
22.7385 15.0807 146.563 6.99999 5.08025
30.3178 20.1076 128.75 6.99999 5.08025
37.8974 25.1348 110.938 6.99999 5.08025
45.4773 30.1624 93.1257 7 5.08025
53.0573 35.1904 75.3138 7 5.08025
60.6375 40.2188 57.5021 7 5.08025
68.2182 45.2474 39.6907 7 5.08025
75.7992 50.2762 21.8794 7 5.08025
4.53953e-05 3.06014e-05 200 6.99999 5.08025
7.57962 5.02697 182.188 6.99999 5.08025
15.1591 10.0539 164.375 6.99999 5.08025
22.7385 15.0807 146.563 6.99999 5.08025
30.3178 20.1076 128.75 6.99999 5.08025
37.8974 25.1348 110.938 6.99999 5.08025
45.4773 30.1624 93.1257 7 5.08025
53.0573 35.1904 75.3138 7 5.08025
60.6375 40.2188 57.5021 7 5.08025
68.2182 45.2474 39.6907 7 5.08025
75.7992 50.2762 21.8794 7 5.08025
4.53953e-05 3.06014e-05 200 6.99999 5.08025
7.57962 5.02697 182.188 6.99999 5.08025
15.1591 10.0539 164.375 6.99999 5.08025
22.7385 15.0807 146.563 6.99999 5.08025
30.3178 20.1076 128.75 6.99999 5.08025
37.8974 25.1348 110.938 6.99999 5.08025
45.4773 30.1624 93.1257 7 5.08025
53.0573 35.1904 75.3138 7 5.08025
60.6375 40.2188 57.5021 7 5.08025
68.2182 45.2474 39.6907 7 5.08025
75.7992 50.2762 21.8794 7 5.08025
4.53953e-05 3.06014e-05 200 6.99999 5.08025
7.57962 5.02697 182.188 6.99999 5.08025
15.1591 10.0539 164.375 6.99999 5.08025
22.7385 15.0807 146.563 6.99999 5.08025
30.3178 20.1076 128.75 6.99999 5.08025
37.8974 25.1348 110.938 6.99999 5.08025
45.4773 30.1624 93.1257 7 5.08025
53.0573 35.1904 75.3138 7 5.08025
60.6375 40.2188 57.5021 7 5.08025
68.2182 45.2474 39.6907 7 5.08025
75.7992 50.2762 21.8794 7 5.08025
4.53953e-05 3.06014e-05 200 6.99999 5.08025
7.57962 5.02697 182.188 6.99999 5.08025
15.1591 10.0539 164.375 6.99999 5.08025
22.7385 15.0807 146.563 6.99999 5.08025
30.3178 20.1076 128.75 6.99999 5.08025
37.8974 25.1348 110.938 6.99999 5.08025
45.4773 30.1624 93.1257 7 5.08025
53.0573 35.1904 75.3138 7 5.08025
60.6375 40.2188 57.5021 7 5.08025
68.2182 45.2474 39.6907 7 5.08025
75.7992 50.2762 21.8794 7 5.08025
4.53953e-05 3.06014e-05 200 6.99999 5.08025
7.57962 5.02697 182.188 6.99999 5.08025
15.1591 10.0539 164.375 6.99999 5.08025
22.7385 15.0807 146.563 6.99999 5.08025
30.3178 20.1076 128.75 6.99999 5.08025
37.8974 25.1348 110.938 6.99999 5.08025
45.4773 30.1624 93.1257 7 5.08025
53.0573 35.1904 75.3138 7 5.08025
60.6375 40.2188 57.5021 7 5.08025
68.2182 45.2474 39.6907 7 5.08025
75.7992 50.2762 21.8794 7 5.08025
