8.31698e-05 -1.50739e-05 200 6.99999 6.28031
12.5425 -2.64012 215.353 6.99999 6.28031
25.0851 -5.28029 230.706 6.99999 6.28031
37.6281 -7.92053 246.059 6.99999 6.28031
50.1717 -10.5609 261.411 6.99999 6.28031
62.716 -13.2014 276.763 6.99999 6.28031
75.261 -15.8421 292.114 6.99999 6.28031
87.8065 -18.4829 307.464 7 6.28031
100.352 -21.1238 322.814 7 6.28031
112.898 -23.7647 338.165 7 6.28031
125.444 -26.4057 353.515 7 6.28031
8.31698e-05 -1.50739e-05 200 6.99999 6.28031
12.5425 -2.64012 215.353 6.99999 6.28031
25.0851 -5.28029 230.706 6.99999 6.28031
37.6281 -7.92053 246.059 6.99999 6.28031
50.1717 -10.5609 261.411 6.99999 6.28031
62.716 -13.2014 276.763 6.99999 6.28031
75.261 -15.8421 292.114 6.99999 6.28031
87.8065 -18.4829 307.464 7 6.28031
100.352 -21.1238 322.814 7 6.28031
112.898 -23.7647 338.165 7 6.28031
125.444 -26.4057 353.515 7 6.28031
8.31698e-05 -1.50739e-05 200 6.99999 6.28031
12.5425 -2.64012 215.353 6.99999 6.28031
25.0851 -5.28029 230.706 6.99999 6.28031
37.6281 -7.92053 246.059 6.99999 6.28031
50.1717 -10.5609 261.411 6.99999 6.28031
62.716 -13.2014 276.763 6.99999 6.28031
75.261 -15.8421 292.114 6.99999 6.28031
87.8065 -18.4829 307.464 7 6.28031
100.352 -21.1238 322.814 7 6.28031
112.898 -23.7647 338.165 7 6.28031
125.444 -26.4057 353.515 7 6.28031
8.31698e-05 -1.50739e-05 200 6.99999 6.28031
12.5425 -2.64012 215.353 6.99999 6.28031
25.0851 -5.28029 230.706 6.99999 6.28031
37.6281 -7.92053 246.059 6.99999 6.28031
50.1717 -10.5609 261.411 6.99999 6.28031
62.716 -13.2014 276.763 6.99999 6.28031
75.261 -15.8421 292.114 6.99999 6.28031
87.8065 -18.4829 307.464 7 6.28031
100.352 -21.1238 322.814 7 6.28031
112.898 -23.7647 338.165 7 6.28031
125.444 -26.4057 353.515 7 6.28031
8.31698e-05 -1.50739e-05 200 6.99999 6.28031
12.5425 -2.64012 215.353 6.99999 6.28031
25.0851 -5.28029 230.706 6.99999 6.28031
37.6281 -7.92053 246.059 6.99999 6.28031
50.1717 -10.5609 261.411 6.99999 6.28031
62.716 -13.2014 276.763 6.99999 6.28031
75.261 -15.8421 292.114 6.99999 6.28031
87.8065 -18.4829 307.464 7 6.28031
100.352 -21.1238 322.814 7 6.28031
112.898 -23.7647 338.165 7 6.28031
125.444 -26.4057 353.515 7 6.28031
8.31698e-05 -1.50739e-05 200 6.99999 6.28031
12.5425 -2.64012 215.353 6.99999 6.28031
25.0851 -5.28029 230.706 6.99999 6.28031
37.6281 -7.92053 246.059 6.99999 6.28031
50.1717 -10.5609 261.411 6.99999 6.28031
62.716 -13.2014 276.763 6.99999 6.28031
75.261 -15.8421 292.114 6.99999 6.28031
87.8065 -18.4829 307.464 7 6.28031
100.352 -21.1238 322.814 7 6.28031
112.898 -23.7647 338.165 7 6.28031
125.444 -26.4057 353.515 7 6.28031
