-8.12239e-05 2.7339e-05 200 6.99999 3.9802
-18.8907 6.0682 197.485 6.99999 3.9802
-37.7812 12.1363 194.97 6.99999 3.9802
-56.6719 18.2043 192.455 6.99999 3.9802
-75.5627 24.2719 189.941 6.99999 3.9802
-94.4536 30.3393 187.426 7 3.9802
-113.345 36.4065 184.913 7 3.9802
-132.236 42.4734 182.399 7 3.9802
-151.127 48.5399 179.886 7 3.9802
-170.018 54.6061 177.372 7 3.9802
-188.91 60.6724 174.859 7 3.9802
-8.12239e-05 2.7339e-05 200 6.99999 3.9802
-18.8907 6.0682 197.485 6.99999 3.9802
-37.7812 12.1363 194.97 6.99999 3.9802
-56.6719 18.2043 192.455 6.99999 3.9802
-75.5627 24.2719 189.941 6.99999 3.9802
-94.4536 30.3393 187.426 7 3.9802
-113.345 36.4065 184.913 7 3.9802
-132.236 42.4734 182.399 7 3.9802
-151.127 48.5399 179.886 7 3.9802
-170.018 54.6061 177.372 7 3.9802
-188.91 60.6724 174.859 7 3.9802
-8.12239e-05 2.7339e-05 200 6.99999 3.9802
-18.8907 6.0682 197.485 6.99999 3.9802
-37.7812 12.1363 194.97 6.99999 3.9802
-56.6719 18.2043 192.455 6.99999 3.9802
-75.5627 24.2719 189.941 6.99999 3.9802
-94.4536 30.3393 187.426 7 3.9802
-113.345 36.4065 184.913 7 3.9802
-132.236 42.4734 182.399 7 3.9802
-151.127 48.5399 179.886 7 3.9802
-170.018 54.6061 177.372 7 3.9802
-188.91 60.6724 174.859 7 3.9802
-8.12239e-05 2.7339e-05 200 6.99999 3.9802
-18.8907 6.0682 197.485 6.99999 3.9802
-37.7812 12.1363 194.97 6.99999 3.9802
-56.6719 18.2043 192.455 6.99999 3.9802
-75.5627 24.2719 189.941 6.99999 3.9802
-94.4536 30.3393 187.426 7 3.9802
-113.345 36.4065 184.913 7 3.9802
-132.236 42.4734 182.399 7 3.9802
-151.127 48.5399 179.886 7 3.9802
-170.018 54.6061 177.372 7 3.9802
-188.91 60.6724 174.859 7 3.9802
-8.12239e-05 2.7339e-05 200 6.99999 3.9802
-18.8907 6.0682 197.485 6.99999 3.9802
-37.7812 12.1363 194.97 6.99999 3.9802
-56.6719 18.2043 192.455 6.99999 3.9802
-75.5627 24.2719 189.941 6.99999 3.9802
-94.4536 30.3393 187.426 7 3.9802
-113.345 36.4065 184.913 7 3.9802
-132.236 42.4734 182.399 7 3.9802
-151.127 48.5399 179.886 7 3.9802
-170.018 54.6061 177.372 7 3.9802
-188.91 60.6724 174.859 7 3.9802
-8.12239e-05 2.7339e-05 200 6.99999 3.9802
-18.8907 6.0682 197.485 6.99999 3.9802
-37.7812 12.1363 194.97 6.99999 3.9802
-56.6719 18.2043 192.455 6.99999 3.9802
-75.5627 24.2719 189.941 6.99999 3.9802
-94.4536 30.3393 187.426 7 3.9802
-113.345 36.4065 184.913 7 3.9802
-132.236 42.4734 182.399 7 3.9802
-151.127 48.5399 179.886 7 3.9802
-170.018 54.6061 177.372 7 3.9802
-188.91 60.6724 174.859 7 3.9802
