-0.000215885 -1.96206e-05 200 6.99998 7.16036
-17.6201 -2.58036 209.104 6.99998 7.16036
-35.2399 -5.16086 218.208 6.99998 7.16036
-52.8596 -7.7416 227.313 6.99998 7.16036
-70.479 -10.3227 236.418 6.99999 7.16036
-88.0983 -12.9042 245.523 6.99999 7.16036
-105.717 -15.4863 254.628 6.99999 7.16036
-123.336 -18.0689 263.733 6.99999 7.16036
-140.955 -20.652 272.838 6.99999 7.16036
-158.574 -23.2353 281.943 7 7.16036
-176.194 -25.8188 291.047 7 7.16036
-0.000215885 -1.96206e-05 200 6.99998 7.16036
-17.6201 -2.58036 209.104 6.99998 7.16036
-35.2399 -5.16086 218.208 6.99998 7.16036
-52.8596 -7.7416 227.313 6.99998 7.16036
-70.479 -10.3227 236.418 6.99999 7.16036
-88.0983 -12.9042 245.523 6.99999 7.16036
-105.717 -15.4863 254.628 6.99999 7.16036
-123.336 -18.0689 263.733 6.99999 7.16036
-140.955 -20.652 272.838 6.99999 7.16036
-158.574 -23.2353 281.943 7 7.16036
-176.194 -25.8188 291.047 7 7.16036
-0.000215885 -1.96206e-05 200 6.99998 7.16036
-17.6201 -2.58036 209.104 6.99998 7.16036
-35.2399 -5.16086 218.208 6.99998 7.16036
-52.8596 -7.7416 227.313 6.99998 7.16036
-70.479 -10.3227 236.418 6.99999 7.16036
-88.0983 -12.9042 245.523 6.99999 7.16036
-105.717 -15.4863 254.628 6.99999 7.16036
-123.336 -18.0689 263.733 6.99999 7.16036
-140.955 -20.652 272.838 6.99999 7.16036
-158.574 -23.2353 281.943 7 7.16036
-176.194 -25.8188 291.047 7 7.16036
-0.000215885 -1.96206e-05 200 6.99998 7.16036
-17.6201 -2.58036 209.104 6.99998 7.16036
-35.2399 -5.16086 218.208 6.99998 7.16036
-52.8596 -7.7416 227.313 6.99998 7.16036
-70.479 -10.3227 236.418 6.99999 7.16036
-88.0983 -12.9042 245.523 6.99999 7.16036
-105.717 -15.4863 254.628 6.99999 7.16036
-123.336 -18.0689 263.733 6.99999 7.16036
-140.955 -20.652 272.838 6.99999 7.16036
-158.574 -23.2353 281.943 7 7.16036
-176.194 -25.8188 291.047 7 7.16036
-0.000215885 -1.96206e-05 200 6.99998 7.16036
-17.6201 -2.58036 209.104 6.99998 7.16036
-35.2399 -5.16086 218.208 6.99998 7.16036
-52.8596 -7.7416 227.313 6.99998 7.16036
-70.479 -10.3227 236.418 6.99999 7.16036
-88.0983 -12.9042 245.523 6.99999 7.16036
-105.717 -15.4863 254.628 6.99999 7.16036
-123.336 -18.0689 263.733 6.99999 7.16036
-140.955 -20.652 272.838 6.99999 7.16036
-158.574 -23.2353 281.943 7 7.16036
-176.194 -25.8188 291.047 7 7.16036
-0.000215885 -1.96206e-05 200 6.99998 7.16036
-17.6201 -2.58036 209.104 6.99998 7.16036
-35.2399 -5.16086 218.208 6.99998 7.16036
-52.8596 -7.7416 227.313 6.99998 7.16036
-70.479 -10.3227 236.418 6.99999 7.16036
-88.0983 -12.9042 245.523 6.99999 7.16036
-105.717 -15.4863 254.628 6.99999 7.16036
-123.336 -18.0689 263.733 6.99999 7.16036
-140.955 -20.652 272.838 6.99999 7.16036
-158.574 -23.2353 281.943 7 7.16036
-176.194 -25.8188 291.047 7 7.16036
