9.0421e-05 4.85766e-05 200 6.99997 8.14041
5.77 2.28942 180.987 6.99997 8.14041
11.5402 4.57874 161.975 6.99997 8.14041
17.3111 6.86795 142.963 6.99997 8.14041
23.0828 9.15701 123.951 6.99998 8.14041
28.8552 11.4459 104.939 6.99998 8.14041
34.6286 13.7345 85.9275 6.99998 8.14041
40.4031 16.0231 66.9164 6.99998 8.14041
46.1786 18.3116 47.9057 6.99999 8.14041
51.9549 20.6001 28.8952 6.99999 8.14041
57.7316 22.8886 9.8848 7 8.14041
9.0421e-05 4.85766e-05 200 6.99997 8.14041
5.77 2.28942 180.987 6.99997 8.14041
11.5402 4.57874 161.975 6.99997 8.14041
17.3111 6.86795 142.963 6.99997 8.14041
23.0828 9.15701 123.951 6.99998 8.14041
28.8552 11.4459 104.939 6.99998 8.14041
34.6286 13.7345 85.9275 6.99998 8.14041
40.4031 16.0231 66.9164 6.99998 8.14041
46.1786 18.3116 47.9057 6.99999 8.14041
51.9549 20.6001 28.8952 6.99999 8.14041
57.7316 22.8886 9.8848 7 8.14041
9.0421e-05 4.85766e-05 200 6.99997 8.14041
5.77 2.28942 180.987 6.99997 8.14041
11.5402 4.57874 161.975 6.99997 8.14041
17.3111 6.86795 142.963 6.99997 8.14041
23.0828 9.15701 123.951 6.99998 8.14041
28.8552 11.4459 104.939 6.99998 8.14041
34.6286 13.7345 85.9275 6.99998 8.14041
40.4031 16.0231 66.9164 6.99998 8.14041
46.1786 18.3116 47.9057 6.99999 8.14041
51.9549 20.6001 28.8952 6.99999 8.14041
57.7316 22.8886 9.8848 7 8.14041
9.0421e-05 4.85766e-05 200 6.99997 8.14041
5.77 2.28942 180.987 6.99997 8.14041
11.5402 4.57874 161.975 6.99997 8.14041
17.3111 6.86795 142.963 6.99997 8.14041
23.0828 9.15701 123.951 6.99998 8.14041
28.8552 11.4459 104.939 6.99998 8.14041
34.6286 13.7345 85.9275 6.99998 8.14041
40.4031 16.0231 66.9164 6.99998 8.14041
46.1786 18.3116 47.9057 6.99999 8.14041
51.9549 20.6001 28.8952 6.99999 8.14041
57.7316 22.8886 9.8848 7 8.14041
9.0421e-05 4.85766e-05 200 6.99997 8.14041
5.77 2.28942 180.987 6.99997 8.14041
11.5402 4.57874 161.975 6.99997 8.14041
17.3111 6.86795 142.963 6.99997 8.14041
23.0828 9.15701 123.951 6.99998 8.14041
28.8552 11.4459 104.939 6.99998 8.14041
34.6286 13.7345 85.9275 6.99998 8.14041
40.4031 16.0231 66.9164 6.99998 8.14041
46.1786 18.3116 47.9057 6.99999 8.14041
51.9549 20.6001 28.8952 6.99999 8.14041
57.7316 22.8886 9.8848 7 8.14041
9.0421e-05 4.85766e-05 200 6.99997 8.14041
5.77 2.28942 180.987 6.99997 8.14041
11.5402 4.57874 161.975 6.99997 8.14041
17.3111 6.86795 142.963 6.99997 8.14041
23.0828 9.15701 123.951 6.99998 8.14041
28.8552 11.4459 104.939 6.99998 8.14041
34.6286 13.7345 85.9275 6.99998 8.14041
40.4031 16.0231 66.9164 6.99998 8.14041
46.1786 18.3116 47.9057 6.99999 8.14041
51.9549 20.6001 28.8952 6.99999 8.14041
57.7316 22.8886 9.8848 7 8.14041
