0.000241424 -2.38037e-05 200 6.99997 8.98045
11.8779 -1.20002 216.047 6.99997 8.98045
23.7555 -2.40002 232.093 6.99997 8.98045
35.6329 -3.60004 248.14 6.99997 8.98045
47.5099 -4.80009 264.187 6.99997 8.98045
59.3864 -6.00014 280.234 6.99998 8.98045
71.2626 -7.20014 296.281 6.99998 8.98045
83.1382 -8.4 312.329 6.99998 8.98045
95.0133 -9.59969 328.378 6.99999 8.98045
106.888 -10.7993 344.426 6.99999 8.98045
118.763 -11.9988 360.474 6.99999 8.98045
0.000241424 -2.38037e-05 200 6.99997 8.98045
11.8779 -1.20002 216.047 6.99997 8.98045
23.7555 -2.40002 232.093 6.99997 8.98045
35.6329 -3.60004 248.14 6.99997 8.98045
47.5099 -4.80009 264.187 6.99997 8.98045
59.3864 -6.00014 280.234 6.99998 8.98045
71.2626 -7.20014 296.281 6.99998 8.98045
83.1382 -8.4 312.329 6.99998 8.98045
95.0133 -9.59969 328.378 6.99999 8.98045
106.888 -10.7993 344.426 6.99999 8.98045
118.763 -11.9988 360.474 6.99999 8.98045
0.000241424 -2.38037e-05 200 6.99997 8.98045
11.8779 -1.20002 216.047 6.99997 8.98045
23.7555 -2.40002 232.093 6.99997 8.98045
35.6329 -3.60004 248.14 6.99997 8.98045
47.5099 -4.80009 264.187 6.99997 8.98045
59.3864 -6.00014 280.234 6.99998 8.98045
71.2626 -7.20014 296.281 6.99998 8.98045
83.1382 -8.4 312.329 6.99998 8.98045
95.0133 -9.59969 328.378 6.99999 8.98045
106.888 -10.7993 344.426 6.99999 8.98045
118.763 -11.9988 360.474 6.99999 8.98045
0.000241424 -2.38037e-05 200 6.99997 8.98045
11.8779 -1.20002 216.047 6.99997 8.98045
23.7555 -2.40002 232.093 6.99997 8.98045
35.6329 -3.60004 248.14 6.99997 8.98045
47.5099 -4.80009 264.187 6.99997 8.98045
59.3864 -6.00014 280.234 6.99998 8.98045
71.2626 -7.20014 296.281 6.99998 8.98045
83.1382 -8.4 312.329 6.99998 8.98045
95.0133 -9.59969 328.378 6.99999 8.98045
106.888 -10.7993 344.426 6.99999 8.98045
118.763 -11.9988 360.474 6.99999 8.98045
0.000241424 -2.38037e-05 200 6.99997 8.98045
11.8779 -1.20002 216.047 6.99997 8.98045
23.7555 -2.40002 232.093 6.99997 8.98045
35.6329 -3.60004 248.14 6.99997 8.98045
47.5099 -4.80009 264.187 6.99997 8.98045
59.3864 -6.00014 280.234 6.99998 8.98045
71.2626 -7.20014 296.281 6.99998 8.98045
83.1382 -8.4 312.329 6.99998 8.98045
95.0133 -9.59969 328.378 6.99999 8.98045
106.888 -10.7993 344.426 6.99999 8.98045
118.763 -11.9988 360.474 6.99999 8.98045
0.000241424 -2.38037e-05 200 6.99997 8.98045
11.8779 -1.20002 216.047 6.99997 8.98045
23.7555 -2.40002 232.093 6.99997 8.98045
35.6329 -3.60004 248.14 6.99997 8.98045
47.5099 -4.80009 264.187 6.99997 8.98045
59.3864 -6.00014 280.234 6.99998 8.98045
71.2626 -7.20014 296.281 6.99998 8.98045
83.1382 -8.4 312.329 6.99998 8.98045
95.0133 -9.59969 328.378 6.99999 8.98045
106.888 -10.7993 344.426 6.99999 8.98045
118.763 -11.9988 360.474 6.99999 8.98045
