9.57033e-05 -7.21914e-05 200 7 2.60013
4.21456 -5.31207 218.815 7 2.60013
8.42783 -10.6233 237.631 7 2.60013
12.6394 -15.9333 256.448 7 2.60013
16.8487 -21.2418 275.266 7 2.60013
21.055 -26.548 294.085 7 2.60013
25.2582 -31.8516 312.905 7 2.60013
29.4586 -37.153 331.727 7 2.60013
33.6567 -42.453 350.549 7 2.60013
37.8536 -47.7522 369.372 7 2.60013
42.0498 -53.0514 388.195 7 2.60013
9.57033e-05 -7.21914e-05 200 7 2.60013
4.21456 -5.31207 218.815 7 2.60013
8.42783 -10.6233 237.631 7 2.60013
12.6394 -15.9333 256.448 7 2.60013
16.8487 -21.2418 275.266 7 2.60013
21.055 -26.548 294.085 7 2.60013
25.2582 -31.8516 312.905 7 2.60013
29.4586 -37.153 331.727 7 2.60013
33.6567 -42.453 350.549 7 2.60013
37.8536 -47.7522 369.372 7 2.60013
42.0498 -53.0514 388.195 7 2.60013
9.57033e-05 -7.21914e-05 200 7 2.60013
4.21456 -5.31207 218.815 7 2.60013
8.42783 -10.6233 237.631 7 2.60013
12.6394 -15.9333 256.448 7 2.60013
16.8487 -21.2418 275.266 7 2.60013
21.055 -26.548 294.085 7 2.60013
25.2582 -31.8516 312.905 7 2.60013
29.4586 -37.153 331.727 7 2.60013
33.6567 -42.453 350.549 7 2.60013
37.8536 -47.7522 369.372 7 2.60013
42.0498 -53.0514 388.195 7 2.60013
9.57033e-05 -7.21914e-05 200 7 2.60013
4.21456 -5.31207 218.815 7 2.60013
8.42783 -10.6233 237.631 7 2.60013
12.6394 -15.9333 256.448 7 2.60013
16.8487 -21.2418 275.266 7 2.60013
21.055 -26.548 294.085 7 2.60013
25.2582 -31.8516 312.905 7 2.60013
29.4586 -37.153 331.727 7 2.60013
33.6567 -42.453 350.549 7 2.60013
37.8536 -47.7522 369.372 7 2.60013
42.0498 -53.0514 388.195 7 2.60013
9.57033e-05 -7.21914e-05 200 7 2.60013
4.21456 -5.31207 218.815 7 2.60013
8.42783 -10.6233 237.631 7 2.60013
12.6394 -15.9333 256.448 7 2.60013
16.8487 -21.2418 275.266 7 2.60013
21.055 -26.548 294.085 7 2.60013
25.2582 -31.8516 312.905 7 2.60013
29.4586 -37.153 331.727 7 2.60013
33.6567 -42.453 350.549 7 2.60013
37.8536 -47.7522 369.372 7 2.60013
42.0498 -53.0514 388.195 7 2.60013
9.57033e-05 -7.21914e-05 200 7 2.60013
4.21456 -5.31207 218.815 7 2.60013
8.42783 -10.6233 237.631 7 2.60013
12.6394 -15.9333 256.448 7 2.60013
16.8487 -21.2418 275.266 7 2.60013
21.055 -26.548 294.085 7 2.60013
25.2582 -31.8516 312.905 7 2.60013
29.4586 -37.153 331.727 7 2.60013
33.6567 -42.453 350.549 7 2.60013
37.8536 -47.7522 369.372 7 2.60013
42.0498 -53.0514 388.195 7 2.60013
