4.94749e-05 1.77047e-05 200 6.99999 5.04025
6.35551 5.23998 181.775 6.99999 5.04025
12.7107 10.4801 163.55 6.99999 5.04025
19.0652 15.7203 145.324 6.99999 5.04025
25.4184 20.9606 127.099 6.99999 5.04025
31.7705 26.2011 108.873 6.99999 5.04025
38.1218 31.4416 90.6463 7 5.04025
44.4728 36.6822 72.4199 7 5.04025
50.8238 41.9229 54.1935 7 5.04025
57.175 47.1637 35.9673 7 5.04025
63.5263 52.4047 17.7411 7 5.04025
4.94749e-05 1.77047e-05 200 6.99999 5.04025
6.35551 5.23998 181.775 6.99999 5.04025
12.7107 10.4801 163.55 6.99999 5.04025
19.0652 15.7203 145.324 6.99999 5.04025
25.4184 20.9606 127.099 6.99999 5.04025
31.7705 26.2011 108.873 6.99999 5.04025
38.1218 31.4416 90.6463 7 5.04025
44.4728 36.6822 72.4199 7 5.04025
50.8238 41.9229 54.1935 7 5.04025
57.175 47.1637 35.9673 7 5.04025
63.5263 52.4047 17.7411 7 5.04025
4.94749e-05 1.77047e-05 200 6.99999 5.04025
6.35551 5.23998 181.775 6.99999 5.04025
12.7107 10.4801 163.55 6.99999 5.04025
19.0652 15.7203 145.324 6.99999 5.04025
25.4184 20.9606 127.099 6.99999 5.04025
31.7705 26.2011 108.873 6.99999 5.04025
38.1218 31.4416 90.6463 7 5.04025
44.4728 36.6822 72.4199 7 5.04025
50.8238 41.9229 54.1935 7 5.04025
57.175 47.1637 35.9673 7 5.04025
63.5263 52.4047 17.7411 7 5.04025
4.94749e-05 1.77047e-05 200 6.99999 5.04025
6.35551 5.23998 181.775 6.99999 5.04025
12.7107 10.4801 163.55 6.99999 5.04025
19.0652 15.7203 145.324 6.99999 5.04025
25.4184 20.9606 127.099 6.99999 5.04025
31.7705 26.2011 108.873 6.99999 5.04025
38.1218 31.4416 90.6463 7 5.04025
44.4728 36.6822 72.4199 7 5.04025
50.8238 41.9229 54.1935 7 5.04025
57.175 47.1637 35.9673 7 5.04025
63.5263 52.4047 17.7411 7 5.04025
4.94749e-05 1.77047e-05 200 6.99999 5.04025
6.35551 5.23998 181.775 6.99999 5.04025
12.7107 10.4801 163.55 6.99999 5.04025
19.0652 15.7203 145.324 6.99999 5.04025
25.4184 20.9606 127.099 6.99999 5.04025
31.7705 26.2011 108.873 6.99999 5.04025
38.1218 31.4416 90.6463 7 5.04025
44.4728 36.6822 72.4199 7 5.04025
50.8238 41.9229 54.1935 7 5.04025
57.175 47.1637 35.9673 7 5.04025
63.5263 52.4047 17.7411 7 5.04025
4.94749e-05 1.77047e-05 200 6.99999 5.04025
6.35551 5.23998 181.775 6.99999 5.04025
12.7107 10.4801 163.55 6.99999 5.04025
19.0652 15.7203 145.324 6.99999 5.04025
25.4184 20.9606 127.099 6.99999 5.04025
31.7705 26.2011 108.873 6.99999 5.04025
38.1218 31.4416 90.6463 7 5.04025
44.4728 36.6822 72.4199 7 5.04025
50.8238 41.9229 54.1935 7 5.04025
57.175 47.1637 35.9673 7 5.04025
63.5263 52.4047 17.7411 7 5.04025
