-2.71496e-05 7.77975e-06 200 7 1.10005
8.24557 -17.6558 195.496 7 1.10005
16.4917 -35.3121 190.995 7 1.10005
24.7388 -52.9689 186.498 7 1.10005
32.9871 -70.6264 182.006 7 1.10005
41.2369 -88.2846 177.52 7 1.10005
49.4879 -105.944 173.039 7 1.10005
57.7398 -123.603 168.562 7 1.10005
65.9921 -141.264 164.088 7 1.10005
74.2446 -158.924 159.617 7 1.10005
82.4973 -176.585 155.146 7 1.10005
-2.71496e-05 7.77975e-06 200 7 1.10005
8.24557 -17.6558 195.496 7 1.10005
16.4917 -35.3121 190.995 7 1.10005
24.7388 -52.9689 186.498 7 1.10005
32.9871 -70.6264 182.006 7 1.10005
41.2369 -88.2846 177.52 7 1.10005
49.4879 -105.944 173.039 7 1.10005
57.7398 -123.603 168.562 7 1.10005
65.9921 -141.264 164.088 7 1.10005
74.2446 -158.924 159.617 7 1.10005
82.4973 -176.585 155.146 7 1.10005
-2.71496e-05 7.77975e-06 200 7 1.10005
8.24557 -17.6558 195.496 7 1.10005
16.4917 -35.3121 190.995 7 1.10005
24.7388 -52.9689 186.498 7 1.10005
32.9871 -70.6264 182.006 7 1.10005
41.2369 -88.2846 177.52 7 1.10005
49.4879 -105.944 173.039 7 1.10005
57.7398 -123.603 168.562 7 1.10005
65.9921 -141.264 164.088 7 1.10005
74.2446 -158.924 159.617 7 1.10005
82.4973 -176.585 155.146 7 1.10005
-2.71496e-05 7.77975e-06 200 7 1.10005
8.24557 -17.6558 195.496 7 1.10005
16.4917 -35.3121 190.995 7 1.10005
24.7388 -52.9689 186.498 7 1.10005
32.9871 -70.6264 182.006 7 1.10005
41.2369 -88.2846 177.52 7 1.10005
49.4879 -105.944 173.039 7 1.10005
57.7398 -123.603 168.562 7 1.10005
65.9921 -141.264 164.088 7 1.10005
74.2446 -158.924 159.617 7 1.10005
82.4973 -176.585 155.146 7 1.10005
-2.71496e-05 7.77975e-06 200 7 1.10005
8.24557 -17.6558 195.496 7 1.10005
16.4917 -35.3121 190.995 7 1.10005
24.7388 -52.9689 186.498 7 1.10005
32.9871 -70.6264 182.006 7 1.10005
41.2369 -88.2846 177.52 7 1.10005
49.4879 -105.944 173.039 7 1.10005
57.7398 -123.603 168.562 7 1.10005
65.9921 -141.264 164.088 7 1.10005
74.2446 -158.924 159.617 7 1.10005
82.4973 -176.585 155.146 7 1.10005
-2.71496e-05 7.77975e-06 200 7 1.10005
8.24557 -17.6558 195.496 7 1.10005
16.4917 -35.3121 190.995 7 1.10005
24.7388 -52.9689 186.498 7 1.10005
32.9871 -70.6264 182.006 7 1.10005
41.2369 -88.2846 177.52 7 1.10005
49.4879 -105.944 173.039 7 1.10005
57.7398 -123.603 168.562 7 1.10005
65.9921 -141.264 164.088 7 1.10005
74.2446 -158.924 159.617 7 1.10005
82.4973 -176.585 155.146 7 1.10005
