-5.04202e-05 1.06583e-05 200 6.99999 4.72024
-3.83288 6.53657 181.491 6.99999 4.72024
-7.66526 13.0734 162.982 6.99999 4.72024
-11.4963 19.6109 144.473 6.99999 4.72024
-15.3254 26.1492 125.964 6.99999 4.72024
-19.1522 32.6883 107.454 6.99999 4.72024
-22.9767 39.2282 88.9446 7 4.72024
-26.7988 45.7689 70.4348 7 4.72024
-30.619 52.3102 51.9249 7 4.72024
-34.4381 58.8519 33.4149 7 4.72024
-38.2567 65.3938 14.9049 7 4.72024
-5.04202e-05 1.06583e-05 200 6.99999 4.72024
-3.83288 6.53657 181.491 6.99999 4.72024
-7.66526 13.0734 162.982 6.99999 4.72024
-11.4963 19.6109 144.473 6.99999 4.72024
-15.3254 26.1492 125.964 6.99999 4.72024
-19.1522 32.6883 107.454 6.99999 4.72024
-22.9767 39.2282 88.9446 7 4.72024
-26.7988 45.7689 70.4348 7 4.72024
-30.619 52.3102 51.9249 7 4.72024
-34.4381 58.8519 33.4149 7 4.72024
-38.2567 65.3938 14.9049 7 4.72024
-5.04202e-05 1.06583e-05 200 6.99999 4.72024
-3.83288 6.53657 181.491 6.99999 4.72024
-7.66526 13.0734 162.982 6.99999 4.72024
-11.4963 19.6109 144.473 6.99999 4.72024
-15.3254 26.1492 125.964 6.99999 4.72024
-19.1522 32.6883 107.454 6.99999 4.72024
-22.9767 39.2282 88.9446 7 4.72024
-26.7988 45.7689 70.4348 7 4.72024
-30.619 52.3102 51.9249 7 4.72024
-34.4381 58.8519 33.4149 7 4.72024
-38.2567 65.3938 14.9049 7 4.72024
-5.04202e-05 1.06583e-05 200 6.99999 4.72024
-3.83288 6.53657 181.491 6.99999 4.72024
-7.66526 13.0734 162.982 6.99999 4.72024
-11.4963 19.6109 144.473 6.99999 4.72024
-15.3254 26.1492 125.964 6.99999 4.72024
-19.1522 32.6883 107.454 6.99999 4.72024
-22.9767 39.2282 88.9446 7 4.72024
-26.7988 45.7689 70.4348 7 4.72024
-30.619 52.3102 51.9249 7 4.72024
-34.4381 58.8519 33.4149 7 4.72024
-38.2567 65.3938 14.9049 7 4.72024
-5.04202e-05 1.06583e-05 200 6.99999 4.72024
-3.83288 6.53657 181.491 6.99999 4.72024
-7.66526 13.0734 162.982 6.99999 4.72024
-11.4963 19.6109 144.473 6.99999 4.72024
-15.3254 26.1492 125.964 6.99999 4.72024
-19.1522 32.6883 107.454 6.99999 4.72024
-22.9767 39.2282 88.9446 7 4.72024
-26.7988 45.7689 70.4348 7 4.72024
-30.619 52.3102 51.9249 7 4.72024
-34.4381 58.8519 33.4149 7 4.72024
-38.2567 65.3938 14.9049 7 4.72024
-5.04202e-05 1.06583e-05 200 6.99999 4.72024
-3.83288 6.53657 181.491 6.99999 4.72024
-7.66526 13.0734 162.982 6.99999 4.72024
-11.4963 19.6109 144.473 6.99999 4.72024
-15.3254 26.1492 125.964 6.99999 4.72024
-19.1522 32.6883 107.454 6.99999 4.72024
-22.9767 39.2282 88.9446 7 4.72024
-26.7988 45.7689 70.4348 7 4.72024
-30.619 52.3102 51.9249 7 4.72024
-34.4381 58.8519 33.4149 7 4.72024
-38.2567 65.3938 14.9049 7 4.72024
