0 -1.73903e-05 200 7 0.180009
0 -19.9808 199.124 7 0.180009
0 -39.9616 198.248 7 0.180009
0 -59.9424 197.371 7 0.180009
0 -79.9232 196.495 7 0.180009
0 -99.904 195.618 7 0.180009
0 -119.885 194.741 7 0.180009
0 -139.866 193.864 7 0.180009
0 -159.846 192.986 7 0.180009
0 -179.827 192.106 7 0.180009
0 -199.807 191.225 7 0.180009
0 -1.73903e-05 200 7 0.180009
0 -19.9808 199.124 7 0.180009
0 -39.9616 198.248 7 0.180009
0 -59.9424 197.371 7 0.180009
0 -79.9232 196.495 7 0.180009
0 -99.904 195.618 7 0.180009
0 -119.885 194.741 7 0.180009
0 -139.866 193.864 7 0.180009
0 -159.846 192.986 7 0.180009
0 -179.827 192.106 7 0.180009
0 -199.807 191.225 7 0.180009
0 -1.73903e-05 200 7 0.180009
0 -19.9808 199.124 7 0.180009
0 -39.9616 198.248 7 0.180009
0 -59.9424 197.371 7 0.180009
0 -79.9232 196.495 7 0.180009
0 -99.904 195.618 7 0.180009
0 -119.885 194.741 7 0.180009
0 -139.866 193.864 7 0.180009
0 -159.846 192.986 7 0.180009
0 -179.827 192.106 7 0.180009
0 -199.807 191.225 7 0.180009
0 -1.73903e-05 200 7 0.180009
0 -19.9808 199.124 7 0.180009
0 -39.9616 198.248 7 0.180009
0 -59.9424 197.371 7 0.180009
0 -79.9232 196.495 7 0.180009
0 -99.904 195.618 7 0.180009
0 -119.885 194.741 7 0.180009
0 -139.866 193.864 7 0.180009
0 -159.846 192.986 7 0.180009
0 -179.827 192.106 7 0.180009
0 -199.807 191.225 7 0.180009
0 -1.73903e-05 200 7 0.180009
0 -19.9808 199.124 7 0.180009
0 -39.9616 198.248 7 0.180009
0 -59.9424 197.371 7 0.180009
0 -79.9232 196.495 7 0.180009
0 -99.904 195.618 7 0.180009
0 -119.885 194.741 7 0.180009
0 -139.866 193.864 7 0.180009
0 -159.846 192.986 7 0.180009
0 -179.827 192.106 7 0.180009
0 -199.807 191.225 7 0.180009
0 -1.73903e-05 200 7 0.180009
0 -19.9808 199.124 7 0.180009
0 -39.9616 198.248 7 0.180009
0 -59.9424 197.371 7 0.180009
0 -79.9232 196.495 7 0.180009
0 -99.904 195.618 7 0.180009
0 -119.885 194.741 7 0.180009
0 -139.866 193.864 7 0.180009
0 -159.846 192.986 7 0.180009
0 -179.827 192.106 7 0.180009
0 -199.807 191.225 7 0.180009
