-9.48221e-05 4.96246e-06 200 6.99999 4.80024
-1.30585 6.28647 181.058 6.99999 4.80024
-2.61035 12.5733 162.117 6.99999 4.80024
-3.91291 18.8607 143.176 6.99999 4.80024
-5.21309 25.1489 124.235 6.99999 4.80024
-6.51048 31.438 105.293 7 4.80024
-7.80499 37.7278 86.3524 7 4.80024
-9.0971 44.0182 67.4114 7 4.80024
-10.3877 50.309 48.4704 7 4.80024
-11.6774 56.6 29.5295 7 4.80024
-12.9666 62.8911 10.5885 7 4.80024
-9.48221e-05 4.96246e-06 200 6.99999 4.80024
-1.30585 6.28647 181.058 6.99999 4.80024
-2.61035 12.5733 162.117 6.99999 4.80024
-3.91291 18.8607 143.176 6.99999 4.80024
-5.21309 25.1489 124.235 6.99999 4.80024
-6.51048 31.438 105.293 7 4.80024
-7.80499 37.7278 86.3524 7 4.80024
-9.0971 44.0182 67.4114 7 4.80024
-10.3877 50.309 48.4704 7 4.80024
-11.6774 56.6 29.5295 7 4.80024
-12.9666 62.8911 10.5885 7 4.80024
-9.48221e-05 4.96246e-06 200 6.99999 4.80024
-1.30585 6.28647 181.058 6.99999 4.80024
-2.61035 12.5733 162.117 6.99999 4.80024
-3.91291 18.8607 143.176 6.99999 4.80024
-5.21309 25.1489 124.235 6.99999 4.80024
-6.51048 31.438 105.293 7 4.80024
-7.80499 37.7278 86.3524 7 4.80024
-9.0971 44.0182 67.4114 7 4.80024
-10.3877 50.309 48.4704 7 4.80024
-11.6774 56.6 29.5295 7 4.80024
-12.9666 62.8911 10.5885 7 4.80024
-9.48221e-05 4.96246e-06 200 6.99999 4.80024
-1.30585 6.28647 181.058 6.99999 4.80024
-2.61035 12.5733 162.117 6.99999 4.80024
-3.91291 18.8607 143.176 6.99999 4.80024
-5.21309 25.1489 124.235 6.99999 4.80024
-6.51048 31.438 105.293 7 4.80024
-7.80499 37.7278 86.3524 7 4.80024
-9.0971 44.0182 67.4114 7 4.80024
-10.3877 50.309 48.4704 7 4.80024
-11.6774 56.6 29.5295 7 4.80024
-12.9666 62.8911 10.5885 7 4.80024
-9.48221e-05 4.96246e-06 200 6.99999 4.80024
-1.30585 6.28647 181.058 6.99999 4.80024
-2.61035 12.5733 162.117 6.99999 4.80024
-3.91291 18.8607 143.176 6.99999 4.80024
-5.21309 25.1489 124.235 6.99999 4.80024
-6.51048 31.438 105.293 7 4.80024
-7.80499 37.7278 86.3524 7 4.80024
-9.0971 44.0182 67.4114 7 4.80024
-10.3877 50.309 48.4704 7 4.80024
-11.6774 56.6 29.5295 7 4.80024
-12.9666 62.8911 10.5885 7 4.80024
-9.48221e-05 4.96246e-06 200 6.99999 4.80024
-1.30585 6.28647 181.058 6.99999 4.80024
-2.61035 12.5733 162.117 6.99999 4.80024
-3.91291 18.8607 143.176 6.99999 4.80024
-5.21309 25.1489 124.235 6.99999 4.80024
-6.51048 31.438 105.293 7 4.80024
-7.80499 37.7278 86.3524 7 4.80024
-9.0971 44.0182 67.4114 7 4.80024
-10.3877 50.309 48.4704 7 4.80024
-11.6774 56.6 29.5295 7 4.80024
-12.9666 62.8911 10.5885 7 4.80024
