1.22791e-05 1.30259e-05 200 6.99999 5.24026
12.1373 4.08555 184.638 6.99999 5.24026
24.2753 8.17121 169.276 6.99999 5.24026
36.4148 12.2571 153.916 6.99999 5.24026
48.556 16.3434 138.557 6.99999 5.24026
60.6991 20.43 123.2 6.99999 5.24026
72.8442 24.5168 107.844 7 5.24026
84.9911 28.6037 92.4898 7 5.24026
97.1393 32.6908 77.1367 7 5.24026
109.289 36.7779 61.7845 7 5.24026
121.438 40.865 46.4326 7 5.24026
1.22791e-05 1.30259e-05 200 6.99999 5.24026
12.1373 4.08555 184.638 6.99999 5.24026
24.2753 8.17121 169.276 6.99999 5.24026
36.4148 12.2571 153.916 6.99999 5.24026
48.556 16.3434 138.557 6.99999 5.24026
60.6991 20.43 123.2 6.99999 5.24026
72.8442 24.5168 107.844 7 5.24026
84.9911 28.6037 92.4898 7 5.24026
97.1393 32.6908 77.1367 7 5.24026
109.289 36.7779 61.7845 7 5.24026
121.438 40.865 46.4326 7 5.24026
1.22791e-05 1.30259e-05 200 6.99999 5.24026
12.1373 4.08555 184.638 6.99999 5.24026
24.2753 8.17121 169.276 6.99999 5.24026
36.4148 12.2571 153.916 6.99999 5.24026
48.556 16.3434 138.557 6.99999 5.24026
60.6991 20.43 123.2 6.99999 5.24026
72.8442 24.5168 107.844 7 5.24026
84.9911 28.6037 92.4898 7 5.24026
97.1393 32.6908 77.1367 7 5.24026
109.289 36.7779 61.7845 7 5.24026
121.438 40.865 46.4326 7 5.24026
1.22791e-05 1.30259e-05 200 6.99999 5.24026
12.1373 4.08555 184.638 6.99999 5.24026
24.2753 8.17121 169.276 6.99999 5.24026
36.4148 12.2571 153.916 6.99999 5.24026
48.556 16.3434 138.557 6.99999 5.24026
60.6991 20.43 123.2 6.99999 5.24026
72.8442 24.5168 107.844 7 5.24026
84.9911 28.6037 92.4898 7 5.24026
97.1393 32.6908 77.1367 7 5.24026
109.289 36.7779 61.7845 7 5.24026
121.438 40.865 46.4326 7 5.24026
1.22791e-05 1.30259e-05 200 6.99999 5.24026
12.1373 4.08555 184.638 6.99999 5.24026
24.2753 8.17121 169.276 6.99999 5.24026
36.4148 12.2571 153.916 6.99999 5.24026
48.556 16.3434 138.557 6.99999 5.24026
60.6991 20.43 123.2 6.99999 5.24026
72.8442 24.5168 107.844 7 5.24026
84.9911 28.6037 92.4898 7 5.24026
97.1393 32.6908 77.1367 7 5.24026
109.289 36.7779 61.7845 7 5.24026
121.438 40.865 46.4326 7 5.24026
1.22791e-05 1.30259e-05 200 6.99999 5.24026
12.1373 4.08555 184.638 6.99999 5.24026
24.2753 8.17121 169.276 6.99999 5.24026
36.4148 12.2571 153.916 6.99999 5.24026
48.556 16.3434 138.557 6.99999 5.24026
60.6991 20.43 123.2 6.99999 5.24026
72.8442 24.5168 107.844 7 5.24026
84.9911 28.6037 92.4898 7 5.24026
97.1393 32.6908 77.1367 7 5.24026
109.289 36.7779 61.7845 7 5.24026
121.438 40.865 46.4326 7 5.24026
