-0.000157891 -2.97563e-05 200 6.99998 9.46047
-9.58984 -1.76803 217.462 6.99998 9.46047
-19.1793 -3.53599 234.924 6.99998 9.46047
-28.7685 -5.30392 252.386 6.99998 9.46047
-38.3572 -7.07186 269.849 6.99998 9.46047
-47.9455 -8.83986 287.311 6.99998 9.46047
-57.5332 -10.608 304.774 6.99998 9.46047
-67.1204 -12.3761 322.237 6.99999 9.46047
-76.7072 -14.1444 339.701 6.99999 9.46047
-86.2937 -15.9126 357.164 6.99999 9.46047
-95.8802 -17.6808 374.628 6.99999 9.46047
-0.000157891 -2.97563e-05 200 6.99998 9.46047
-9.58984 -1.76803 217.462 6.99998 9.46047
-19.1793 -3.53599 234.924 6.99998 9.46047
-28.7685 -5.30392 252.386 6.99998 9.46047
-38.3572 -7.07186 269.849 6.99998 9.46047
-47.9455 -8.83986 287.311 6.99998 9.46047
-57.5332 -10.608 304.774 6.99998 9.46047
-67.1204 -12.3761 322.237 6.99999 9.46047
-76.7072 -14.1444 339.701 6.99999 9.46047
-86.2937 -15.9126 357.164 6.99999 9.46047
-95.8802 -17.6808 374.628 6.99999 9.46047
-0.000157891 -2.97563e-05 200 6.99998 9.46047
-9.58984 -1.76803 217.462 6.99998 9.46047
-19.1793 -3.53599 234.924 6.99998 9.46047
-28.7685 -5.30392 252.386 6.99998 9.46047
-38.3572 -7.07186 269.849 6.99998 9.46047
-47.9455 -8.83986 287.311 6.99998 9.46047
-57.5332 -10.608 304.774 6.99998 9.46047
-67.1204 -12.3761 322.237 6.99999 9.46047
-76.7072 -14.1444 339.701 6.99999 9.46047
-86.2937 -15.9126 357.164 6.99999 9.46047
-95.8802 -17.6808 374.628 6.99999 9.46047
-0.000157891 -2.97563e-05 200 6.99998 9.46047
-9.58984 -1.76803 217.462 6.99998 9.46047
-19.1793 -3.53599 234.924 6.99998 9.46047
-28.7685 -5.30392 252.386 6.99998 9.46047
-38.3572 -7.07186 269.849 6.99998 9.46047
-47.9455 -8.83986 287.311 6.99998 9.46047
-57.5332 -10.608 304.774 6.99998 9.46047
-67.1204 -12.3761 322.237 6.99999 9.46047
-76.7072 -14.1444 339.701 6.99999 9.46047
-86.2937 -15.9126 357.164 6.99999 9.46047
-95.8802 -17.6808 374.628 6.99999 9.46047
-0.000157891 -2.97563e-05 200 6.99998 9.46047
-9.58984 -1.76803 217.462 6.99998 9.46047
-19.1793 -3.53599 234.924 6.99998 9.46047
-28.7685 -5.30392 252.386 6.99998 9.46047
-38.3572 -7.07186 269.849 6.99998 9.46047
-47.9455 -8.83986 287.311 6.99998 9.46047
-57.5332 -10.608 304.774 6.99998 9.46047
-67.1204 -12.3761 322.237 6.99999 9.46047
-76.7072 -14.1444 339.701 6.99999 9.46047
-86.2937 -15.9126 357.164 6.99999 9.46047
-95.8802 -17.6808 374.628 6.99999 9.46047
-0.000157891 -2.97563e-05 200 6.99998 9.46047
-9.58984 -1.76803 217.462 6.99998 9.46047
-19.1793 -3.53599 234.924 6.99998 9.46047
-28.7685 -5.30392 252.386 6.99998 9.46047
-38.3572 -7.07186 269.849 6.99998 9.46047
-47.9455 -8.83986 287.311 6.99998 9.46047
-57.5332 -10.608 304.774 6.99998 9.46047
-67.1204 -12.3761 322.237 6.99999 9.46047
-76.7072 -14.1444 339.701 6.99999 9.46047
-86.2937 -15.9126 357.164 6.99999 9.46047
-95.8802 -17.6808 374.628 6.99999 9.46047
