0.000386873 3.59339e-05 200 6.99997 8.48042
18.5736 1.48638 192.731 6.99997 8.48042
37.1469 2.97266 185.463 6.99997 8.48042
55.7199 4.45876 178.194 6.99997 8.48042
74.2929 5.94462 170.924 6.99997 8.48042
92.8657 7.43023 163.654 6.99998 8.48042
111.438 8.91561 156.384 6.99998 8.48042
130.011 10.4008 149.115 6.99998 8.48042
148.584 11.8859 141.846 6.99999 8.48042
167.158 13.3709 134.577 6.99999 8.48042
185.731 14.856 127.309 6.99999 8.48042
0.000386873 3.59339e-05 200 6.99997 8.48042
18.5736 1.48638 192.731 6.99997 8.48042
37.1469 2.97266 185.463 6.99997 8.48042
55.7199 4.45876 178.194 6.99997 8.48042
74.2929 5.94462 170.924 6.99997 8.48042
92.8657 7.43023 163.654 6.99998 8.48042
111.438 8.91561 156.384 6.99998 8.48042
130.011 10.4008 149.115 6.99998 8.48042
148.584 11.8859 141.846 6.99999 8.48042
167.158 13.3709 134.577 6.99999 8.48042
185.731 14.856 127.309 6.99999 8.48042
0.000386873 3.59339e-05 200 6.99997 8.48042
18.5736 1.48638 192.731 6.99997 8.48042
37.1469 2.97266 185.463 6.99997 8.48042
55.7199 4.45876 178.194 6.99997 8.48042
74.2929 5.94462 170.924 6.99997 8.48042
92.8657 7.43023 163.654 6.99998 8.48042
111.438 8.91561 156.384 6.99998 8.48042
130.011 10.4008 149.115 6.99998 8.48042
148.584 11.8859 141.846 6.99999 8.48042
167.158 13.3709 134.577 6.99999 8.48042
185.731 14.856 127.309 6.99999 8.48042
0.000386873 3.59339e-05 200 6.99997 8.48042
18.5736 1.48638 192.731 6.99997 8.48042
37.1469 2.97266 185.463 6.99997 8.48042
55.7199 4.45876 178.194 6.99997 8.48042
74.2929 5.94462 170.924 6.99997 8.48042
92.8657 7.43023 163.654 6.99998 8.48042
111.438 8.91561 156.384 6.99998 8.48042
130.011 10.4008 149.115 6.99998 8.48042
148.584 11.8859 141.846 6.99999 8.48042
167.158 13.3709 134.577 6.99999 8.48042
185.731 14.856 127.309 6.99999 8.48042
0.000386873 3.59339e-05 200 6.99997 8.48042
18.5736 1.48638 192.731 6.99997 8.48042
37.1469 2.97266 185.463 6.99997 8.48042
55.7199 4.45876 178.194 6.99997 8.48042
74.2929 5.94462 170.924 6.99997 8.48042
92.8657 7.43023 163.654 6.99998 8.48042
111.438 8.91561 156.384 6.99998 8.48042
130.011 10.4008 149.115 6.99998 8.48042
148.584 11.8859 141.846 6.99999 8.48042
167.158 13.3709 134.577 6.99999 8.48042
185.731 14.856 127.309 6.99999 8.48042
0.000386873 3.59339e-05 200 6.99997 8.48042
18.5736 1.48638 192.731 6.99997 8.48042
37.1469 2.97266 185.463 6.99997 8.48042
55.7199 4.45876 178.194 6.99997 8.48042
74.2929 5.94462 170.924 6.99997 8.48042
92.8657 7.43023 163.654 6.99998 8.48042
111.438 8.91561 156.384 6.99998 8.48042
130.011 10.4008 149.115 6.99998 8.48042
148.584 11.8859 141.846 6.99999 8.48042
167.158 13.3709 134.577 6.99999 8.48042
185.731 14.856 127.309 6.99999 8.48042
