0.000411375 5.96213e-06 200 6.99997 8.72044
19.3163 0.16652 205.184 6.99997 8.72044
38.6321 0.332999 210.369 6.99997 8.72044
57.9476 0.499445 215.554 6.99997 8.72044
77.2628 0.665898 220.741 6.99997 8.72044
96.5777 0.832415 225.929 6.99998 8.72044
115.892 0.999047 231.119 6.99998 8.72044
135.206 1.16582 236.31 6.99998 8.72044
154.52 1.3327 241.502 6.99999 8.72044
173.833 1.49961 246.694 6.99999 8.72044
193.147 1.66654 251.887 6.99999 8.72044
0.000411375 5.96213e-06 200 6.99997 8.72044
19.3163 0.16652 205.184 6.99997 8.72044
38.6321 0.332999 210.369 6.99997 8.72044
57.9476 0.499445 215.554 6.99997 8.72044
77.2628 0.665898 220.741 6.99997 8.72044
96.5777 0.832415 225.929 6.99998 8.72044
115.892 0.999047 231.119 6.99998 8.72044
135.206 1.16582 236.31 6.99998 8.72044
154.52 1.3327 241.502 6.99999 8.72044
173.833 1.49961 246.694 6.99999 8.72044
193.147 1.66654 251.887 6.99999 8.72044
0.000411375 5.96213e-06 200 6.99997 8.72044
19.3163 0.16652 205.184 6.99997 8.72044
38.6321 0.332999 210.369 6.99997 8.72044
57.9476 0.499445 215.554 6.99997 8.72044
77.2628 0.665898 220.741 6.99997 8.72044
96.5777 0.832415 225.929 6.99998 8.72044
115.892 0.999047 231.119 6.99998 8.72044
135.206 1.16582 236.31 6.99998 8.72044
154.52 1.3327 241.502 6.99999 8.72044
173.833 1.49961 246.694 6.99999 8.72044
193.147 1.66654 251.887 6.99999 8.72044
0.000411375 5.96213e-06 200 6.99997 8.72044
19.3163 0.16652 205.184 6.99997 8.72044
38.6321 0.332999 210.369 6.99997 8.72044
57.9476 0.499445 215.554 6.99997 8.72044
77.2628 0.665898 220.741 6.99997 8.72044
96.5777 0.832415 225.929 6.99998 8.72044
115.892 0.999047 231.119 6.99998 8.72044
135.206 1.16582 236.31 6.99998 8.72044
154.52 1.3327 241.502 6.99999 8.72044
173.833 1.49961 246.694 6.99999 8.72044
193.147 1.66654 251.887 6.99999 8.72044
0.000411375 5.96213e-06 200 6.99997 8.72044
19.3163 0.16652 205.184 6.99997 8.72044
38.6321 0.332999 210.369 6.99997 8.72044
57.9476 0.499445 215.554 6.99997 8.72044
77.2628 0.665898 220.741 6.99997 8.72044
96.5777 0.832415 225.929 6.99998 8.72044
115.892 0.999047 231.119 6.99998 8.72044
135.206 1.16582 236.31 6.99998 8.72044
154.52 1.3327 241.502 6.99999 8.72044
173.833 1.49961 246.694 6.99999 8.72044
193.147 1.66654 251.887 6.99999 8.72044
0.000411375 5.96213e-06 200 6.99997 8.72044
19.3163 0.16652 205.184 6.99997 8.72044
38.6321 0.332999 210.369 6.99997 8.72044
57.9476 0.499445 215.554 6.99997 8.72044
77.2628 0.665898 220.741 6.99997 8.72044
96.5777 0.832415 225.929 6.99998 8.72044
115.892 0.999047 231.119 6.99998 8.72044
135.206 1.16582 236.31 6.99998 8.72044
154.52 1.3327 241.502 6.99999 8.72044
173.833 1.49961 246.694 6.99999 8.72044
193.147 1.66654 251.887 6.99999 8.72044
