-2.1997e-05 1.70074e-06 200 7 0.880044
5.27743 -18.5484 194.699 7 0.880044
10.5553 -37.0972 189.399 7 0.880044
15.834 -55.6466 184.102 7 0.880044
21.114 -74.1969 178.81 7 0.880044
26.3957 -92.7481 173.522 7 0.880044
31.6793 -111.3 168.241 7 0.880044
36.9648 -129.854 162.965 7 0.880044
42.2519 -148.408 157.693 7 0.880044
47.5397 -166.963 152.424 7 0.880044
52.8278 -185.517 147.155 7 0.880044
-2.1997e-05 1.70074e-06 200 7 0.880044
5.27743 -18.5484 194.699 7 0.880044
10.5553 -37.0972 189.399 7 0.880044
15.834 -55.6466 184.102 7 0.880044
21.114 -74.1969 178.81 7 0.880044
26.3957 -92.7481 173.522 7 0.880044
31.6793 -111.3 168.241 7 0.880044
36.9648 -129.854 162.965 7 0.880044
42.2519 -148.408 157.693 7 0.880044
47.5397 -166.963 152.424 7 0.880044
52.8278 -185.517 147.155 7 0.880044
-2.1997e-05 1.70074e-06 200 7 0.880044
5.27743 -18.5484 194.699 7 0.880044
10.5553 -37.0972 189.399 7 0.880044
15.834 -55.6466 184.102 7 0.880044
21.114 -74.1969 178.81 7 0.880044
26.3957 -92.7481 173.522 7 0.880044
31.6793 -111.3 168.241 7 0.880044
36.9648 -129.854 162.965 7 0.880044
42.2519 -148.408 157.693 7 0.880044
47.5397 -166.963 152.424 7 0.880044
52.8278 -185.517 147.155 7 0.880044
-2.1997e-05 1.70074e-06 200 7 0.880044
5.27743 -18.5484 194.699 7 0.880044
10.5553 -37.0972 189.399 7 0.880044
15.834 -55.6466 184.102 7 0.880044
21.114 -74.1969 178.81 7 0.880044
26.3957 -92.7481 173.522 7 0.880044
31.6793 -111.3 168.241 7 0.880044
36.9648 -129.854 162.965 7 0.880044
42.2519 -148.408 157.693 7 0.880044
47.5397 -166.963 152.424 7 0.880044
52.8278 -185.517 147.155 7 0.880044
-2.1997e-05 1.70074e-06 200 7 0.880044
5.27743 -18.5484 194.699 7 0.880044
10.5553 -37.0972 189.399 7 0.880044
15.834 -55.6466 184.102 7 0.880044
21.114 -74.1969 178.81 7 0.880044
26.3957 -92.7481 173.522 7 0.880044
31.6793 -111.3 168.241 7 0.880044
36.9648 -129.854 162.965 7 0.880044
42.2519 -148.408 157.693 7 0.880044
47.5397 -166.963 152.424 7 0.880044
52.8278 -185.517 147.155 7 0.880044
-2.1997e-05 1.70074e-06 200 7 0.880044
5.27743 -18.5484 194.699 7 0.880044
10.5553 -37.0972 189.399 7 0.880044
15.834 -55.6466 184.102 7 0.880044
21.114 -74.1969 178.81 7 0.880044
26.3957 -92.7481 173.522 7 0.880044
31.6793 -111.3 168.241 7 0.880044
36.9648 -129.854 162.965 7 0.880044
42.2519 -148.408 157.693 7 0.880044
47.5397 -166.963 152.424 7 0.880044
52.8278 -185.517 147.155 7 0.880044
