0.000413181 2.23537e-05 200 6.99997 8.66043
19.8846 0.518397 202.087 6.99997 8.66043
39.7689 1.03661 204.174 6.99997 8.66043
59.6532 1.55457 206.26 6.99997 8.66043
79.5376 2.0723 208.346 6.99997 8.66043
99.422 2.58982 210.431 6.99998 8.66043
119.306 3.10722 212.516 6.99998 8.66043
139.191 3.62452 214.601 6.99998 8.66043
159.075 4.14175 216.686 6.99999 8.66043
178.96 4.65892 218.772 6.99999 8.66043
198.844 5.17608 220.857 6.99999 8.66043
0.000413181 2.23537e-05 200 6.99997 8.66043
19.8846 0.518397 202.087 6.99997 8.66043
39.7689 1.03661 204.174 6.99997 8.66043
59.6532 1.55457 206.26 6.99997 8.66043
79.5376 2.0723 208.346 6.99997 8.66043
99.422 2.58982 210.431 6.99998 8.66043
119.306 3.10722 212.516 6.99998 8.66043
139.191 3.62452 214.601 6.99998 8.66043
159.075 4.14175 216.686 6.99999 8.66043
178.96 4.65892 218.772 6.99999 8.66043
198.844 5.17608 220.857 6.99999 8.66043
0.000413181 2.23537e-05 200 6.99997 8.66043
19.8846 0.518397 202.087 6.99997 8.66043
39.7689 1.03661 204.174 6.99997 8.66043
59.6532 1.55457 206.26 6.99997 8.66043
79.5376 2.0723 208.346 6.99997 8.66043
99.422 2.58982 210.431 6.99998 8.66043
119.306 3.10722 212.516 6.99998 8.66043
139.191 3.62452 214.601 6.99998 8.66043
159.075 4.14175 216.686 6.99999 8.66043
178.96 4.65892 218.772 6.99999 8.66043
198.844 5.17608 220.857 6.99999 8.66043
0.000413181 2.23537e-05 200 6.99997 8.66043
19.8846 0.518397 202.087 6.99997 8.66043
39.7689 1.03661 204.174 6.99997 8.66043
59.6532 1.55457 206.26 6.99997 8.66043
79.5376 2.0723 208.346 6.99997 8.66043
99.422 2.58982 210.431 6.99998 8.66043
119.306 3.10722 212.516 6.99998 8.66043
139.191 3.62452 214.601 6.99998 8.66043
159.075 4.14175 216.686 6.99999 8.66043
178.96 4.65892 218.772 6.99999 8.66043
198.844 5.17608 220.857 6.99999 8.66043
0.000413181 2.23537e-05 200 6.99997 8.66043
19.8846 0.518397 202.087 6.99997 8.66043
39.7689 1.03661 204.174 6.99997 8.66043
59.6532 1.55457 206.26 6.99997 8.66043
79.5376 2.0723 208.346 6.99997 8.66043
99.422 2.58982 210.431 6.99998 8.66043
119.306 3.10722 212.516 6.99998 8.66043
139.191 3.62452 214.601 6.99998 8.66043
159.075 4.14175 216.686 6.99999 8.66043
178.96 4.65892 218.772 6.99999 8.66043
198.844 5.17608 220.857 6.99999 8.66043
0.000413181 2.23537e-05 200 6.99997 8.66043
19.8846 0.518397 202.087 6.99997 8.66043
39.7689 1.03661 204.174 6.99997 8.66043
59.6532 1.55457 206.26 6.99997 8.66043
79.5376 2.0723 208.346 6.99997 8.66043
99.422 2.58982 210.431 6.99998 8.66043
119.306 3.10722 212.516 6.99998 8.66043
139.191 3.62452 214.601 6.99998 8.66043
159.075 4.14175 216.686 6.99999 8.66043
178.96 4.65892 218.772 6.99999 8.66043
198.844 5.17608 220.857 6.99999 8.66043
