6.20226e-05 -5.12023e-05 200 7 2.42012
7.97372 -7.16945 216.883 7 2.42012
15.9468 -14.3384 233.766 7 2.42012
23.9183 -21.5061 250.65 7 2.42012
31.8878 -28.6724 267.536 7 2.42012
39.8549 -35.837 284.424 7 2.42012
47.8194 -43.0001 301.313 7 2.42012
55.7814 -50.1618 318.204 7 2.42012
63.7412 -57.3225 335.097 7 2.42012
71.6994 -64.4826 351.991 7 2.42012
79.6569 -71.6425 368.885 7 2.42012
6.20226e-05 -5.12023e-05 200 7 2.42012
7.97372 -7.16945 216.883 7 2.42012
15.9468 -14.3384 233.766 7 2.42012
23.9183 -21.5061 250.65 7 2.42012
31.8878 -28.6724 267.536 7 2.42012
39.8549 -35.837 284.424 7 2.42012
47.8194 -43.0001 301.313 7 2.42012
55.7814 -50.1618 318.204 7 2.42012
63.7412 -57.3225 335.097 7 2.42012
71.6994 -64.4826 351.991 7 2.42012
79.6569 -71.6425 368.885 7 2.42012
6.20226e-05 -5.12023e-05 200 7 2.42012
7.97372 -7.16945 216.883 7 2.42012
15.9468 -14.3384 233.766 7 2.42012
23.9183 -21.5061 250.65 7 2.42012
31.8878 -28.6724 267.536 7 2.42012
39.8549 -35.837 284.424 7 2.42012
47.8194 -43.0001 301.313 7 2.42012
55.7814 -50.1618 318.204 7 2.42012
63.7412 -57.3225 335.097 7 2.42012
71.6994 -64.4826 351.991 7 2.42012
79.6569 -71.6425 368.885 7 2.42012
6.20226e-05 -5.12023e-05 200 7 2.42012
7.97372 -7.16945 216.883 7 2.42012
15.9468 -14.3384 233.766 7 2.42012
23.9183 -21.5061 250.65 7 2.42012
31.8878 -28.6724 267.536 7 2.42012
39.8549 -35.837 284.424 7 2.42012
47.8194 -43.0001 301.313 7 2.42012
55.7814 -50.1618 318.204 7 2.42012
63.7412 -57.3225 335.097 7 2.42012
71.6994 -64.4826 351.991 7 2.42012
79.6569 -71.6425 368.885 7 2.42012
6.20226e-05 -5.12023e-05 200 7 2.42012
7.97372 -7.16945 216.883 7 2.42012
15.9468 -14.3384 233.766 7 2.42012
23.9183 -21.5061 250.65 7 2.42012
31.8878 -28.6724 267.536 7 2.42012
39.8549 -35.837 284.424 7 2.42012
47.8194 -43.0001 301.313 7 2.42012
55.7814 -50.1618 318.204 7 2.42012
63.7412 -57.3225 335.097 7 2.42012
71.6994 -64.4826 351.991 7 2.42012
79.6569 -71.6425 368.885 7 2.42012
6.20226e-05 -5.12023e-05 200 7 2.42012
7.97372 -7.16945 216.883 7 2.42012
15.9468 -14.3384 233.766 7 2.42012
23.9183 -21.5061 250.65 7 2.42012
31.8878 -28.6724 267.536 7 2.42012
39.8549 -35.837 284.424 7 2.42012
47.8194 -43.0001 301.313 7 2.42012
55.7814 -50.1618 318.204 7 2.42012
63.7412 -57.3225 335.097 7 2.42012
71.6994 -64.4826 351.991 7 2.42012
79.6569 -71.6425 368.885 7 2.42012
