-7.51816e-05 5.48039e-05 200 6.99999 3.46017
-15.6891 2.8907 212.062 6.99999 3.46017
-31.3778 5.78072 224.125 6.99999 3.46017
-47.0661 8.66964 236.189 7 3.46017
-62.7539 11.557 248.254 7 3.46017
-78.4412 14.4421 260.32 7 3.46017
-94.128 17.3249 272.387 7 3.46017
-109.814 20.2057 284.455 7 3.46017
-125.501 23.085 296.523 7 3.46017
-141.187 25.9636 308.592 7 3.46017
-156.873 28.8421 320.661 7 3.46017
-7.51816e-05 5.48039e-05 200 6.99999 3.46017
-15.6891 2.8907 212.062 6.99999 3.46017
-31.3778 5.78072 224.125 6.99999 3.46017
-47.0661 8.66964 236.189 7 3.46017
-62.7539 11.557 248.254 7 3.46017
-78.4412 14.4421 260.32 7 3.46017
-94.128 17.3249 272.387 7 3.46017
-109.814 20.2057 284.455 7 3.46017
-125.501 23.085 296.523 7 3.46017
-141.187 25.9636 308.592 7 3.46017
-156.873 28.8421 320.661 7 3.46017
-7.51816e-05 5.48039e-05 200 6.99999 3.46017
-15.6891 2.8907 212.062 6.99999 3.46017
-31.3778 5.78072 224.125 6.99999 3.46017
-47.0661 8.66964 236.189 7 3.46017
-62.7539 11.557 248.254 7 3.46017
-78.4412 14.4421 260.32 7 3.46017
-94.128 17.3249 272.387 7 3.46017
-109.814 20.2057 284.455 7 3.46017
-125.501 23.085 296.523 7 3.46017
-141.187 25.9636 308.592 7 3.46017
-156.873 28.8421 320.661 7 3.46017
-7.51816e-05 5.48039e-05 200 6.99999 3.46017
-15.6891 2.8907 212.062 6.99999 3.46017
-31.3778 5.78072 224.125 6.99999 3.46017
-47.0661 8.66964 236.189 7 3.46017
-62.7539 11.557 248.254 7 3.46017
-78.4412 14.4421 260.32 7 3.46017
-94.128 17.3249 272.387 7 3.46017
-109.814 20.2057 284.455 7 3.46017
-125.501 23.085 296.523 7 3.46017
-141.187 25.9636 308.592 7 3.46017
-156.873 28.8421 320.661 7 3.46017
-7.51816e-05 5.48039e-05 200 6.99999 3.46017
-15.6891 2.8907 212.062 6.99999 3.46017
-31.3778 5.78072 224.125 6.99999 3.46017
-47.0661 8.66964 236.189 7 3.46017
-62.7539 11.557 248.254 7 3.46017
-78.4412 14.4421 260.32 7 3.46017
-94.128 17.3249 272.387 7 3.46017
-109.814 20.2057 284.455 7 3.46017
-125.501 23.085 296.523 7 3.46017
-141.187 25.9636 308.592 7 3.46017
-156.873 28.8421 320.661 7 3.46017
-7.51816e-05 5.48039e-05 200 6.99999 3.46017
-15.6891 2.8907 212.062 6.99999 3.46017
-31.3778 5.78072 224.125 6.99999 3.46017
-47.0661 8.66964 236.189 7 3.46017
-62.7539 11.557 248.254 7 3.46017
-78.4412 14.4421 260.32 7 3.46017
-94.128 17.3249 272.387 7 3.46017
-109.814 20.2057 284.455 7 3.46017
-125.501 23.085 296.523 7 3.46017
-141.187 25.9636 308.592 7 3.46017
-156.873 28.8421 320.661 7 3.46017
