-9.97458e-05 -3.38131e-05 200 6.99998 9.38047
-6.35873 -1.87502 218.87 6.99998 9.38047
-12.7174 -3.74995 237.739 6.99998 9.38047
-19.0764 -5.62472 256.609 6.99998 9.38047
-25.4358 -7.49928 275.478 6.99998 9.38047
-31.7957 -9.37364 294.347 6.99998 9.38047
-38.156 -11.2478 313.216 6.99998 9.38047
-44.5169 -13.1218 332.085 6.99999 9.38047
-50.8781 -14.9956 350.953 6.99999 9.38047
-57.2396 -16.8692 369.822 6.99999 9.38047
-63.6012 -18.7427 388.691 6.99999 9.38047
-9.97458e-05 -3.38131e-05 200 6.99998 9.38047
-6.35873 -1.87502 218.87 6.99998 9.38047
-12.7174 -3.74995 237.739 6.99998 9.38047
-19.0764 -5.62472 256.609 6.99998 9.38047
-25.4358 -7.49928 275.478 6.99998 9.38047
-31.7957 -9.37364 294.347 6.99998 9.38047
-38.156 -11.2478 313.216 6.99998 9.38047
-44.5169 -13.1218 332.085 6.99999 9.38047
-50.8781 -14.9956 350.953 6.99999 9.38047
-57.2396 -16.8692 369.822 6.99999 9.38047
-63.6012 -18.7427 388.691 6.99999 9.38047
-9.97458e-05 -3.38131e-05 200 6.99998 9.38047
-6.35873 -1.87502 218.87 6.99998 9.38047
-12.7174 -3.74995 237.739 6.99998 9.38047
-19.0764 -5.62472 256.609 6.99998 9.38047
-25.4358 -7.49928 275.478 6.99998 9.38047
-31.7957 -9.37364 294.347 6.99998 9.38047
-38.156 -11.2478 313.216 6.99998 9.38047
-44.5169 -13.1218 332.085 6.99999 9.38047
-50.8781 -14.9956 350.953 6.99999 9.38047
-57.2396 -16.8692 369.822 6.99999 9.38047
-63.6012 -18.7427 388.691 6.99999 9.38047
-9.97458e-05 -3.38131e-05 200 6.99998 9.38047
-6.35873 -1.87502 218.87 6.99998 9.38047
-12.7174 -3.74995 237.739 6.99998 9.38047
-19.0764 -5.62472 256.609 6.99998 9.38047
-25.4358 -7.49928 275.478 6.99998 9.38047
-31.7957 -9.37364 294.347 6.99998 9.38047
-38.156 -11.2478 313.216 6.99998 9.38047
-44.5169 -13.1218 332.085 6.99999 9.38047
-50.8781 -14.9956 350.953 6.99999 9.38047
-57.2396 -16.8692 369.822 6.99999 9.38047
-63.6012 -18.7427 388.691 6.99999 9.38047
-9.97458e-05 -3.38131e-05 200 6.99998 9.38047
-6.35873 -1.87502 218.87 6.99998 9.38047
-12.7174 -3.74995 237.739 6.99998 9.38047
-19.0764 -5.62472 256.609 6.99998 9.38047
-25.4358 -7.49928 275.478 6.99998 9.38047
-31.7957 -9.37364 294.347 6.99998 9.38047
-38.156 -11.2478 313.216 6.99998 9.38047
-44.5169 -13.1218 332.085 6.99999 9.38047
-50.8781 -14.9956 350.953 6.99999 9.38047
-57.2396 -16.8692 369.822 6.99999 9.38047
-63.6012 -18.7427 388.691 6.99999 9.38047
-9.97458e-05 -3.38131e-05 200 6.99998 9.38047
-6.35873 -1.87502 218.87 6.99998 9.38047
-12.7174 -3.74995 237.739 6.99998 9.38047
-19.0764 -5.62472 256.609 6.99998 9.38047
-25.4358 -7.49928 275.478 6.99998 9.38047
-31.7957 -9.37364 294.347 6.99998 9.38047
-38.156 -11.2478 313.216 6.99998 9.38047
-44.5169 -13.1218 332.085 6.99999 9.38047
-50.8781 -14.9956 350.953 6.99999 9.38047
-57.2396 -16.8692 369.822 6.99999 9.38047
-63.6012 -18.7427 388.691 6.99999 9.38047
