-1.62107e-05 4.08695e-05 200 7 2.36012
9.05426 -7.77356 216.05 7 2.36012
18.1091 -15.548 232.099 7 2.36012
27.1648 -23.3239 248.146 7 2.36012
36.2217 -31.1021 264.192 7 2.36012
45.2798 -38.883 280.236 7 2.36012
54.3387 -46.6664 296.279 7 2.36012
63.3977 -54.452 312.32 7 2.36012
72.4567 -62.2391 328.36 7 2.36012
81.5154 -70.027 344.401 7 2.36012
90.5738 -77.8152 360.441 7 2.36012
-1.62107e-05 4.08695e-05 200 7 2.36012
9.05426 -7.77356 216.05 7 2.36012
18.1091 -15.548 232.099 7 2.36012
27.1648 -23.3239 248.146 7 2.36012
36.2217 -31.1021 264.192 7 2.36012
45.2798 -38.883 280.236 7 2.36012
54.3387 -46.6664 296.279 7 2.36012
63.3977 -54.452 312.32 7 2.36012
72.4567 -62.2391 328.36 7 2.36012
81.5154 -70.027 344.401 7 2.36012
90.5738 -77.8152 360.441 7 2.36012
-1.62107e-05 4.08695e-05 200 7 2.36012
9.05426 -7.77356 216.05 7 2.36012
18.1091 -15.548 232.099 7 2.36012
27.1648 -23.3239 248.146 7 2.36012
36.2217 -31.1021 264.192 7 2.36012
45.2798 -38.883 280.236 7 2.36012
54.3387 -46.6664 296.279 7 2.36012
63.3977 -54.452 312.32 7 2.36012
72.4567 -62.2391 328.36 7 2.36012
81.5154 -70.027 344.401 7 2.36012
90.5738 -77.8152 360.441 7 2.36012
-1.62107e-05 4.08695e-05 200 7 2.36012
9.05426 -7.77356 216.05 7 2.36012
18.1091 -15.548 232.099 7 2.36012
27.1648 -23.3239 248.146 7 2.36012
36.2217 -31.1021 264.192 7 2.36012
45.2798 -38.883 280.236 7 2.36012
54.3387 -46.6664 296.279 7 2.36012
63.3977 -54.452 312.32 7 2.36012
72.4567 -62.2391 328.36 7 2.36012
81.5154 -70.027 344.401 7 2.36012
90.5738 -77.8152 360.441 7 2.36012
-1.62107e-05 4.08695e-05 200 7 2.36012
9.05426 -7.77356 216.05 7 2.36012
18.1091 -15.548 232.099 7 2.36012
27.1648 -23.3239 248.146 7 2.36012
36.2217 -31.1021 264.192 7 2.36012
45.2798 -38.883 280.236 7 2.36012
54.3387 -46.6664 296.279 7 2.36012
63.3977 -54.452 312.32 7 2.36012
72.4567 -62.2391 328.36 7 2.36012
81.5154 -70.027 344.401 7 2.36012
90.5738 -77.8152 360.441 7 2.36012
-1.62107e-05 4.08695e-05 200 7 2.36012
9.05426 -7.77356 216.05 7 2.36012
18.1091 -15.548 232.099 7 2.36012
27.1648 -23.3239 248.146 7 2.36012
36.2217 -31.1021 264.192 7 2.36012
45.2798 -38.883 280.236 7 2.36012
54.3387 -46.6664 296.279 7 2.36012
63.3977 -54.452 312.32 7 2.36012
72.4567 -62.2391 328.36 7 2.36012
81.5154 -70.027 344.401 7 2.36012
90.5738 -77.8152 360.441 7 2.36012
