-9.11645e-05 1.71306e-05 200 6.99999 4.0602
-18.3196 6.36251 195.11 6.99999 4.0602
-36.639 12.7252 190.219 6.99999 4.0602
-54.9578 19.0885 185.327 6.99999 4.0602
-73.2758 25.4531 180.434 6.99999 4.0602
-91.5927 31.819 175.538 7 4.0602
-109.909 38.1865 170.642 7 4.0602
-128.224 44.5553 165.743 7 4.0602
-146.538 50.9252 160.844 7 4.0602
-164.852 57.2959 155.943 7 4.0602
-183.166 63.667 151.042 7 4.0602
-9.11645e-05 1.71306e-05 200 6.99999 4.0602
-18.3196 6.36251 195.11 6.99999 4.0602
-36.639 12.7252 190.219 6.99999 4.0602
-54.9578 19.0885 185.327 6.99999 4.0602
-73.2758 25.4531 180.434 6.99999 4.0602
-91.5927 31.819 175.538 7 4.0602
-109.909 38.1865 170.642 7 4.0602
-128.224 44.5553 165.743 7 4.0602
-146.538 50.9252 160.844 7 4.0602
-164.852 57.2959 155.943 7 4.0602
-183.166 63.667 151.042 7 4.0602
-9.11645e-05 1.71306e-05 200 6.99999 4.0602
-18.3196 6.36251 195.11 6.99999 4.0602
-36.639 12.7252 190.219 6.99999 4.0602
-54.9578 19.0885 185.327 6.99999 4.0602
-73.2758 25.4531 180.434 6.99999 4.0602
-91.5927 31.819 175.538 7 4.0602
-109.909 38.1865 170.642 7 4.0602
-128.224 44.5553 165.743 7 4.0602
-146.538 50.9252 160.844 7 4.0602
-164.852 57.2959 155.943 7 4.0602
-183.166 63.667 151.042 7 4.0602
-9.11645e-05 1.71306e-05 200 6.99999 4.0602
-18.3196 6.36251 195.11 6.99999 4.0602
-36.639 12.7252 190.219 6.99999 4.0602
-54.9578 19.0885 185.327 6.99999 4.0602
-73.2758 25.4531 180.434 6.99999 4.0602
-91.5927 31.819 175.538 7 4.0602
-109.909 38.1865 170.642 7 4.0602
-128.224 44.5553 165.743 7 4.0602
-146.538 50.9252 160.844 7 4.0602
-164.852 57.2959 155.943 7 4.0602
-183.166 63.667 151.042 7 4.0602
-9.11645e-05 1.71306e-05 200 6.99999 4.0602
-18.3196 6.36251 195.11 6.99999 4.0602
-36.639 12.7252 190.219 6.99999 4.0602
-54.9578 19.0885 185.327 6.99999 4.0602
-73.2758 25.4531 180.434 6.99999 4.0602
-91.5927 31.819 175.538 7 4.0602
-109.909 38.1865 170.642 7 4.0602
-128.224 44.5553 165.743 7 4.0602
-146.538 50.9252 160.844 7 4.0602
-164.852 57.2959 155.943 7 4.0602
-183.166 63.667 151.042 7 4.0602
-9.11645e-05 1.71306e-05 200 6.99999 4.0602
-18.3196 6.36251 195.11 6.99999 4.0602
-36.639 12.7252 190.219 6.99999 4.0602
-54.9578 19.0885 185.327 6.99999 4.0602
-73.2758 25.4531 180.434 6.99999 4.0602
-91.5927 31.819 175.538 7 4.0602
-109.909 38.1865 170.642 7 4.0602
-128.224 44.5553 165.743 7 4.0602
-146.538 50.9252 160.844 7 4.0602
-164.852 57.2959 155.943 7 4.0602
-183.166 63.667 151.042 7 4.0602
