-8.42789e-05 -2.5181e-05 200 6.99999 3.84019
-19.1791 5.40932 201.705 6.99999 3.84019
-38.358 10.8193 203.409 6.99999 3.84019
-57.5367 16.2303 205.112 6.99999 3.84019
-76.715 21.6429 206.813 7 3.84019
-95.8931 27.0572 208.513 7 3.84019
-115.071 32.4731 210.21 7 3.84019
-134.249 37.89 211.906 7 3.84019
-153.426 43.3074 213.601 7 3.84019
-172.604 48.7253 215.295 7 3.84019
-191.781 54.1434 216.989 7 3.84019
-8.42789e-05 -2.5181e-05 200 6.99999 3.84019
-19.1791 5.40932 201.705 6.99999 3.84019
-38.358 10.8193 203.409 6.99999 3.84019
-57.5367 16.2303 205.112 6.99999 3.84019
-76.715 21.6429 206.813 7 3.84019
-95.8931 27.0572 208.513 7 3.84019
-115.071 32.4731 210.21 7 3.84019
-134.249 37.89 211.906 7 3.84019
-153.426 43.3074 213.601 7 3.84019
-172.604 48.7253 215.295 7 3.84019
-191.781 54.1434 216.989 7 3.84019
-8.42789e-05 -2.5181e-05 200 6.99999 3.84019
-19.1791 5.40932 201.705 6.99999 3.84019
-38.358 10.8193 203.409 6.99999 3.84019
-57.5367 16.2303 205.112 6.99999 3.84019
-76.715 21.6429 206.813 7 3.84019
-95.8931 27.0572 208.513 7 3.84019
-115.071 32.4731 210.21 7 3.84019
-134.249 37.89 211.906 7 3.84019
-153.426 43.3074 213.601 7 3.84019
-172.604 48.7253 215.295 7 3.84019
-191.781 54.1434 216.989 7 3.84019
-8.42789e-05 -2.5181e-05 200 6.99999 3.84019
-19.1791 5.40932 201.705 6.99999 3.84019
-38.358 10.8193 203.409 6.99999 3.84019
-57.5367 16.2303 205.112 6.99999 3.84019
-76.715 21.6429 206.813 7 3.84019
-95.8931 27.0572 208.513 7 3.84019
-115.071 32.4731 210.21 7 3.84019
-134.249 37.89 211.906 7 3.84019
-153.426 43.3074 213.601 7 3.84019
-172.604 48.7253 215.295 7 3.84019
-191.781 54.1434 216.989 7 3.84019
-8.42789e-05 -2.5181e-05 200 6.99999 3.84019
-19.1791 5.40932 201.705 6.99999 3.84019
-38.358 10.8193 203.409 6.99999 3.84019
-57.5367 16.2303 205.112 6.99999 3.84019
-76.715 21.6429 206.813 7 3.84019
-95.8931 27.0572 208.513 7 3.84019
-115.071 32.4731 210.21 7 3.84019
-134.249 37.89 211.906 7 3.84019
-153.426 43.3074 213.601 7 3.84019
-172.604 48.7253 215.295 7 3.84019
-191.781 54.1434 216.989 7 3.84019
-8.42789e-05 -2.5181e-05 200 6.99999 3.84019
-19.1791 5.40932 201.705 6.99999 3.84019
-38.358 10.8193 203.409 6.99999 3.84019
-57.5367 16.2303 205.112 6.99999 3.84019
-76.715 21.6429 206.813 7 3.84019
-95.8931 27.0572 208.513 7 3.84019
-115.071 32.4731 210.21 7 3.84019
-134.249 37.89 211.906 7 3.84019
-153.426 43.3074 213.601 7 3.84019
-172.604 48.7253 215.295 7 3.84019
-191.781 54.1434 216.989 7 3.84019
