-8.13229e-06 2.13393e-06 200 7 0.480024
1.02604 -19.6188 196.252 7 0.480024
2.05222 -39.2378 192.504 7 0.480024
3.07914 -58.8573 188.76 7 0.480024
4.10754 -78.4775 185.02 7 0.480024
5.13792 -98.0984 181.284 7 0.480024
6.17042 -117.72 177.551 7 0.480024
7.20508 -137.342 173.822 7 0.480024
8.24155 -156.964 170.095 7 0.480024
9.27926 -176.587 166.37 7 0.480024
10.3177 -196.21 162.646 7 0.480024
-8.13229e-06 2.13393e-06 200 7 0.480024
1.02604 -19.6188 196.252 7 0.480024
2.05222 -39.2378 192.504 7 0.480024
3.07914 -58.8573 188.76 7 0.480024
4.10754 -78.4775 185.02 7 0.480024
5.13792 -98.0984 181.284 7 0.480024
6.17042 -117.72 177.551 7 0.480024
7.20508 -137.342 173.822 7 0.480024
8.24155 -156.964 170.095 7 0.480024
9.27926 -176.587 166.37 7 0.480024
10.3177 -196.21 162.646 7 0.480024
-8.13229e-06 2.13393e-06 200 7 0.480024
1.02604 -19.6188 196.252 7 0.480024
2.05222 -39.2378 192.504 7 0.480024
3.07914 -58.8573 188.76 7 0.480024
4.10754 -78.4775 185.02 7 0.480024
5.13792 -98.0984 181.284 7 0.480024
6.17042 -117.72 177.551 7 0.480024
7.20508 -137.342 173.822 7 0.480024
8.24155 -156.964 170.095 7 0.480024
9.27926 -176.587 166.37 7 0.480024
10.3177 -196.21 162.646 7 0.480024
-8.13229e-06 2.13393e-06 200 7 0.480024
1.02604 -19.6188 196.252 7 0.480024
2.05222 -39.2378 192.504 7 0.480024
3.07914 -58.8573 188.76 7 0.480024
4.10754 -78.4775 185.02 7 0.480024
5.13792 -98.0984 181.284 7 0.480024
6.17042 -117.72 177.551 7 0.480024
7.20508 -137.342 173.822 7 0.480024
8.24155 -156.964 170.095 7 0.480024
9.27926 -176.587 166.37 7 0.480024
10.3177 -196.21 162.646 7 0.480024
-8.13229e-06 2.13393e-06 200 7 0.480024
1.02604 -19.6188 196.252 7 0.480024
2.05222 -39.2378 192.504 7 0.480024
3.07914 -58.8573 188.76 7 0.480024
4.10754 -78.4775 185.02 7 0.480024
5.13792 -98.0984 181.284 7 0.480024
6.17042 -117.72 177.551 7 0.480024
7.20508 -137.342 173.822 7 0.480024
8.24155 -156.964 170.095 7 0.480024
9.27926 -176.587 166.37 7 0.480024
10.3177 -196.21 162.646 7 0.480024
-8.13229e-06 2.13393e-06 200 7 0.480024
1.02604 -19.6188 196.252 7 0.480024
2.05222 -39.2378 192.504 7 0.480024
3.07914 -58.8573 188.76 7 0.480024
4.10754 -78.4775 185.02 7 0.480024
5.13792 -98.0984 181.284 7 0.480024
6.17042 -117.72 177.551 7 0.480024
7.20508 -137.342 173.822 7 0.480024
8.24155 -156.964 170.095 7 0.480024
9.27926 -176.587 166.37 7 0.480024
10.3177 -196.21 162.646 7 0.480024
