2.77604e-06 -3.94514e-05 200 6.99999 3.18016
-10.041 0.473776 217.29 6.99999 3.18016
-20.0826 0.948176 234.58 7 3.18016
-30.1249 1.42338 251.87 7 3.18016
-40.1681 1.89945 269.159 7 3.18016
-50.2125 2.37671 286.447 7 3.18016
-60.2584 2.85542 303.734 7 3.18016
-70.3057 3.33558 321.021 7 3.18016
-80.3543 3.81705 338.306 7 3.18016
-90.4038 4.29928 355.592 7 3.18016
-100.454 4.78162 372.877 7 3.18016
2.77604e-06 -3.94514e-05 200 6.99999 3.18016
-10.041 0.473776 217.29 6.99999 3.18016
-20.0826 0.948176 234.58 7 3.18016
-30.1249 1.42338 251.87 7 3.18016
-40.1681 1.89945 269.159 7 3.18016
-50.2125 2.37671 286.447 7 3.18016
-60.2584 2.85542 303.734 7 3.18016
-70.3057 3.33558 321.021 7 3.18016
-80.3543 3.81705 338.306 7 3.18016
-90.4038 4.29928 355.592 7 3.18016
-100.454 4.78162 372.877 7 3.18016
2.77604e-06 -3.94514e-05 200 6.99999 3.18016
-10.041 0.473776 217.29 6.99999 3.18016
-20.0826 0.948176 234.58 7 3.18016
-30.1249 1.42338 251.87 7 3.18016
-40.1681 1.89945 269.159 7 3.18016
-50.2125 2.37671 286.447 7 3.18016
-60.2584 2.85542 303.734 7 3.18016
-70.3057 3.33558 321.021 7 3.18016
-80.3543 3.81705 338.306 7 3.18016
-90.4038 4.29928 355.592 7 3.18016
-100.454 4.78162 372.877 7 3.18016
2.77604e-06 -3.94514e-05 200 6.99999 3.18016
-10.041 0.473776 217.29 6.99999 3.18016
-20.0826 0.948176 234.58 7 3.18016
-30.1249 1.42338 251.87 7 3.18016
-40.1681 1.89945 269.159 7 3.18016
-50.2125 2.37671 286.447 7 3.18016
-60.2584 2.85542 303.734 7 3.18016
-70.3057 3.33558 321.021 7 3.18016
-80.3543 3.81705 338.306 7 3.18016
-90.4038 4.29928 355.592 7 3.18016
-100.454 4.78162 372.877 7 3.18016
2.77604e-06 -3.94514e-05 200 6.99999 3.18016
-10.041 0.473776 217.29 6.99999 3.18016
-20.0826 0.948176 234.58 7 3.18016
-30.1249 1.42338 251.87 7 3.18016
-40.1681 1.89945 269.159 7 3.18016
-50.2125 2.37671 286.447 7 3.18016
-60.2584 2.85542 303.734 7 3.18016
-70.3057 3.33558 321.021 7 3.18016
-80.3543 3.81705 338.306 7 3.18016
-90.4038 4.29928 355.592 7 3.18016
-100.454 4.78162 372.877 7 3.18016
2.77604e-06 -3.94514e-05 200 6.99999 3.18016
-10.041 0.473776 217.29 6.99999 3.18016
-20.0826 0.948176 234.58 7 3.18016
-30.1249 1.42338 251.87 7 3.18016
-40.1681 1.89945 269.159 7 3.18016
-50.2125 2.37671 286.447 7 3.18016
-60.2584 2.85542 303.734 7 3.18016
-70.3057 3.33558 321.021 7 3.18016
-80.3543 3.81705 338.306 7 3.18016
-90.4038 4.29928 355.592 7 3.18016
-100.454 4.78162 372.877 7 3.18016
