0.000116114 3.9382e-08 200 6.99999 5.9203
19.4116 -0.601078 204.778 6.99999 5.9203
38.8233 -1.20221 209.557 6.99999 5.9203
58.235 -1.80341 214.334 6.99999 5.9203
77.6469 -2.40456 219.111 6.99999 5.9203
97.0589 -3.00558 223.887 6.99999 5.9203
116.471 -3.60647 228.664 6.99999 5.9203
135.883 -4.20724 233.44 7 5.9203
155.295 -4.80794 238.217 7 5.9203
174.707 -5.40863 242.994 7 5.9203
194.118 -6.00932 247.771 7 5.9203
0.000116114 3.9382e-08 200 6.99999 5.9203
19.4116 -0.601078 204.778 6.99999 5.9203
38.8233 -1.20221 209.557 6.99999 5.9203
58.235 -1.80341 214.334 6.99999 5.9203
77.6469 -2.40456 219.111 6.99999 5.9203
97.0589 -3.00558 223.887 6.99999 5.9203
116.471 -3.60647 228.664 6.99999 5.9203
135.883 -4.20724 233.44 7 5.9203
155.295 -4.80794 238.217 7 5.9203
174.707 -5.40863 242.994 7 5.9203
194.118 -6.00932 247.771 7 5.9203
0.000116114 3.9382e-08 200 6.99999 5.9203
19.4116 -0.601078 204.778 6.99999 5.9203
38.8233 -1.20221 209.557 6.99999 5.9203
58.235 -1.80341 214.334 6.99999 5.9203
77.6469 -2.40456 219.111 6.99999 5.9203
97.0589 -3.00558 223.887 6.99999 5.9203
116.471 -3.60647 228.664 6.99999 5.9203
135.883 -4.20724 233.44 7 5.9203
155.295 -4.80794 238.217 7 5.9203
174.707 -5.40863 242.994 7 5.9203
194.118 -6.00932 247.771 7 5.9203
0.000116114 3.9382e-08 200 6.99999 5.9203
19.4116 -0.601078 204.778 6.99999 5.9203
38.8233 -1.20221 209.557 6.99999 5.9203
58.235 -1.80341 214.334 6.99999 5.9203
77.6469 -2.40456 219.111 6.99999 5.9203
97.0589 -3.00558 223.887 6.99999 5.9203
116.471 -3.60647 228.664 6.99999 5.9203
135.883 -4.20724 233.44 7 5.9203
155.295 -4.80794 238.217 7 5.9203
174.707 -5.40863 242.994 7 5.9203
194.118 -6.00932 247.771 7 5.9203
0.000116114 3.9382e-08 200 6.99999 5.9203
19.4116 -0.601078 204.778 6.99999 5.9203
38.8233 -1.20221 209.557 6.99999 5.9203
58.235 -1.80341 214.334 6.99999 5.9203
77.6469 -2.40456 219.111 6.99999 5.9203
97.0589 -3.00558 223.887 6.99999 5.9203
116.471 -3.60647 228.664 6.99999 5.9203
135.883 -4.20724 233.44 7 5.9203
155.295 -4.80794 238.217 7 5.9203
174.707 -5.40863 242.994 7 5.9203
194.118 -6.00932 247.771 7 5.9203
0.000116114 3.9382e-08 200 6.99999 5.9203
19.4116 -0.601078 204.778 6.99999 5.9203
38.8233 -1.20221 209.557 6.99999 5.9203
58.235 -1.80341 214.334 6.99999 5.9203
77.6469 -2.40456 219.111 6.99999 5.9203
97.0589 -3.00558 223.887 6.99999 5.9203
116.471 -3.60647 228.664 6.99999 5.9203
135.883 -4.20724 233.44 7 5.9203
155.295 -4.80794 238.217 7 5.9203
174.707 -5.40863 242.994 7 5.9203
194.118 -6.00932 247.771 7 5.9203
