9.57092e-05 1.72254e-05 200 6.99999 5.36027
15.0566 3.30478 187.257 6.99999 5.36027
30.1128 6.60954 174.514 6.99999 5.36027
45.1686 9.91436 161.77 6.99999 5.36027
60.2239 13.2193 149.026 6.99999 5.36027
75.2786 16.5245 136.281 6.99999 5.36027
90.3332 19.8297 123.536 7 5.36027
105.388 23.135 110.791 7 5.36027
120.442 26.4402 98.0454 7 5.36027
135.497 29.7455 85.3004 7 5.36027
150.551 33.0507 72.5557 7 5.36027
9.57092e-05 1.72254e-05 200 6.99999 5.36027
15.0566 3.30478 187.257 6.99999 5.36027
30.1128 6.60954 174.514 6.99999 5.36027
45.1686 9.91436 161.77 6.99999 5.36027
60.2239 13.2193 149.026 6.99999 5.36027
75.2786 16.5245 136.281 6.99999 5.36027
90.3332 19.8297 123.536 7 5.36027
105.388 23.135 110.791 7 5.36027
120.442 26.4402 98.0454 7 5.36027
135.497 29.7455 85.3004 7 5.36027
150.551 33.0507 72.5557 7 5.36027
9.57092e-05 1.72254e-05 200 6.99999 5.36027
15.0566 3.30478 187.257 6.99999 5.36027
30.1128 6.60954 174.514 6.99999 5.36027
45.1686 9.91436 161.77 6.99999 5.36027
60.2239 13.2193 149.026 6.99999 5.36027
75.2786 16.5245 136.281 6.99999 5.36027
90.3332 19.8297 123.536 7 5.36027
105.388 23.135 110.791 7 5.36027
120.442 26.4402 98.0454 7 5.36027
135.497 29.7455 85.3004 7 5.36027
150.551 33.0507 72.5557 7 5.36027
9.57092e-05 1.72254e-05 200 6.99999 5.36027
15.0566 3.30478 187.257 6.99999 5.36027
30.1128 6.60954 174.514 6.99999 5.36027
45.1686 9.91436 161.77 6.99999 5.36027
60.2239 13.2193 149.026 6.99999 5.36027
75.2786 16.5245 136.281 6.99999 5.36027
90.3332 19.8297 123.536 7 5.36027
105.388 23.135 110.791 7 5.36027
120.442 26.4402 98.0454 7 5.36027
135.497 29.7455 85.3004 7 5.36027
150.551 33.0507 72.5557 7 5.36027
9.57092e-05 1.72254e-05 200 6.99999 5.36027
15.0566 3.30478 187.257 6.99999 5.36027
30.1128 6.60954 174.514 6.99999 5.36027
45.1686 9.91436 161.77 6.99999 5.36027
60.2239 13.2193 149.026 6.99999 5.36027
75.2786 16.5245 136.281 6.99999 5.36027
90.3332 19.8297 123.536 7 5.36027
105.388 23.135 110.791 7 5.36027
120.442 26.4402 98.0454 7 5.36027
135.497 29.7455 85.3004 7 5.36027
150.551 33.0507 72.5557 7 5.36027
9.57092e-05 1.72254e-05 200 6.99999 5.36027
15.0566 3.30478 187.257 6.99999 5.36027
30.1128 6.60954 174.514 6.99999 5.36027
45.1686 9.91436 161.77 6.99999 5.36027
60.2239 13.2193 149.026 6.99999 5.36027
75.2786 16.5245 136.281 6.99999 5.36027
90.3332 19.8297 123.536 7 5.36027
105.388 23.135 110.791 7 5.36027
120.442 26.4402 98.0454 7 5.36027
135.497 29.7455 85.3004 7 5.36027
150.551 33.0507 72.5557 7 5.36027
