0.000258398 4.31359e-05 200 6.99997 8.32042
13.8621 2.08062 185.733 6.99997 8.32042
27.7243 4.16119 171.467 6.99997 8.32042
41.5872 6.24174 157.202 6.99997 8.32042
55.451 8.32231 142.938 6.99997 8.32042
69.316 10.4029 128.675 6.99998 8.32042
83.182 12.4835 114.412 6.99998 8.32042
97.0489 14.564 100.151 6.99998 8.32042
110.917 16.6444 85.8906 6.99999 8.32042
124.785 18.7247 71.6308 6.99999 8.32042
138.654 20.8049 57.3714 7 8.32042
0.000258398 4.31359e-05 200 6.99997 8.32042
13.8621 2.08062 185.733 6.99997 8.32042
27.7243 4.16119 171.467 6.99997 8.32042
41.5872 6.24174 157.202 6.99997 8.32042
55.451 8.32231 142.938 6.99997 8.32042
69.316 10.4029 128.675 6.99998 8.32042
83.182 12.4835 114.412 6.99998 8.32042
97.0489 14.564 100.151 6.99998 8.32042
110.917 16.6444 85.8906 6.99999 8.32042
124.785 18.7247 71.6308 6.99999 8.32042
138.654 20.8049 57.3714 7 8.32042
0.000258398 4.31359e-05 200 6.99997 8.32042
13.8621 2.08062 185.733 6.99997 8.32042
27.7243 4.16119 171.467 6.99997 8.32042
41.5872 6.24174 157.202 6.99997 8.32042
55.451 8.32231 142.938 6.99997 8.32042
69.316 10.4029 128.675 6.99998 8.32042
83.182 12.4835 114.412 6.99998 8.32042
97.0489 14.564 100.151 6.99998 8.32042
110.917 16.6444 85.8906 6.99999 8.32042
124.785 18.7247 71.6308 6.99999 8.32042
138.654 20.8049 57.3714 7 8.32042
0.000258398 4.31359e-05 200 6.99997 8.32042
13.8621 2.08062 185.733 6.99997 8.32042
27.7243 4.16119 171.467 6.99997 8.32042
41.5872 6.24174 157.202 6.99997 8.32042
55.451 8.32231 142.938 6.99997 8.32042
69.316 10.4029 128.675 6.99998 8.32042
83.182 12.4835 114.412 6.99998 8.32042
97.0489 14.564 100.151 6.99998 8.32042
110.917 16.6444 85.8906 6.99999 8.32042
124.785 18.7247 71.6308 6.99999 8.32042
138.654 20.8049 57.3714 7 8.32042
0.000258398 4.31359e-05 200 6.99997 8.32042
13.8621 2.08062 185.733 6.99997 8.32042
27.7243 4.16119 171.467 6.99997 8.32042
41.5872 6.24174 157.202 6.99997 8.32042
55.451 8.32231 142.938 6.99997 8.32042
69.316 10.4029 128.675 6.99998 8.32042
83.182 12.4835 114.412 6.99998 8.32042
97.0489 14.564 100.151 6.99998 8.32042
110.917 16.6444 85.8906 6.99999 8.32042
124.785 18.7247 71.6308 6.99999 8.32042
138.654 20.8049 57.3714 7 8.32042
0.000258398 4.31359e-05 200 6.99997 8.32042
13.8621 2.08062 185.733 6.99997 8.32042
27.7243 4.16119 171.467 6.99997 8.32042
41.5872 6.24174 157.202 6.99997 8.32042
55.451 8.32231 142.938 6.99997 8.32042
69.316 10.4029 128.675 6.99998 8.32042
83.182 12.4835 114.412 6.99998 8.32042
97.0489 14.564 100.151 6.99998 8.32042
110.917 16.6444 85.8906 6.99999 8.32042
124.785 18.7247 71.6308 6.99999 8.32042
138.654 20.8049 57.3714 7 8.32042
