-0.000101208 4.43146e-07 200 6.99999 4.22021
-16.2955 6.78407 190.596 6.99999 4.22021
-32.5905 13.5686 181.191 6.99999 4.22021
-48.8851 20.3536 171.786 6.99999 4.22021
-65.1792 27.1391 162.381 6.99999 4.22021
-81.4728 33.9249 152.975 7 4.22021
-97.7659 40.7111 143.568 7 4.22021
-114.058 47.4975 134.161 7 4.22021
-130.35 54.2843 124.753 7 4.22021
-146.642 61.0712 115.344 7 4.22021
-162.933 67.8583 105.936 7 4.22021
-0.000101208 4.43146e-07 200 6.99999 4.22021
-16.2955 6.78407 190.596 6.99999 4.22021
-32.5905 13.5686 181.191 6.99999 4.22021
-48.8851 20.3536 171.786 6.99999 4.22021
-65.1792 27.1391 162.381 6.99999 4.22021
-81.4728 33.9249 152.975 7 4.22021
-97.7659 40.7111 143.568 7 4.22021
-114.058 47.4975 134.161 7 4.22021
-130.35 54.2843 124.753 7 4.22021
-146.642 61.0712 115.344 7 4.22021
-162.933 67.8583 105.936 7 4.22021
-0.000101208 4.43146e-07 200 6.99999 4.22021
-16.2955 6.78407 190.596 6.99999 4.22021
-32.5905 13.5686 181.191 6.99999 4.22021
-48.8851 20.3536 171.786 6.99999 4.22021
-65.1792 27.1391 162.381 6.99999 4.22021
-81.4728 33.9249 152.975 7 4.22021
-97.7659 40.7111 143.568 7 4.22021
-114.058 47.4975 134.161 7 4.22021
-130.35 54.2843 124.753 7 4.22021
-146.642 61.0712 115.344 7 4.22021
-162.933 67.8583 105.936 7 4.22021
-0.000101208 4.43146e-07 200 6.99999 4.22021
-16.2955 6.78407 190.596 6.99999 4.22021
-32.5905 13.5686 181.191 6.99999 4.22021
-48.8851 20.3536 171.786 6.99999 4.22021
-65.1792 27.1391 162.381 6.99999 4.22021
-81.4728 33.9249 152.975 7 4.22021
-97.7659 40.7111 143.568 7 4.22021
-114.058 47.4975 134.161 7 4.22021
-130.35 54.2843 124.753 7 4.22021
-146.642 61.0712 115.344 7 4.22021
-162.933 67.8583 105.936 7 4.22021
-0.000101208 4.43146e-07 200 6.99999 4.22021
-16.2955 6.78407 190.596 6.99999 4.22021
-32.5905 13.5686 181.191 6.99999 4.22021
-48.8851 20.3536 171.786 6.99999 4.22021
-65.1792 27.1391 162.381 6.99999 4.22021
-81.4728 33.9249 152.975 7 4.22021
-97.7659 40.7111 143.568 7 4.22021
-114.058 47.4975 134.161 7 4.22021
-130.35 54.2843 124.753 7 4.22021
-146.642 61.0712 115.344 7 4.22021
-162.933 67.8583 105.936 7 4.22021
-0.000101208 4.43146e-07 200 6.99999 4.22021
-16.2955 6.78407 190.596 6.99999 4.22021
-32.5905 13.5686 181.191 6.99999 4.22021
-48.8851 20.3536 171.786 6.99999 4.22021
-65.1792 27.1391 162.381 6.99999 4.22021
-81.4728 33.9249 152.975 7 4.22021
-97.7659 40.7111 143.568 7 4.22021
-114.058 47.4975 134.161 7 4.22021
-130.35 54.2843 124.753 7 4.22021
-146.642 61.0712 115.344 7 4.22021
-162.933 67.8583 105.936 7 4.22021
