7.55987e-05 1.22738e-05 200 6.99999 5.50028
17.7102 2.33881 191.006 6.99999 5.50028
35.4207 4.67762 182.014 6.99999 5.50028
53.1317 7.0165 173.022 6.99999 5.50028
70.8433 9.35548 164.031 6.99999 5.50028
88.5557 11.6946 155.042 6.99999 5.50028
106.269 14.0337 146.055 7 5.50028
123.982 16.3728 137.068 7 5.50028
141.697 18.7118 128.083 7 5.50028
159.411 21.0507 119.098 7 5.50028
177.126 23.3896 110.114 7 5.50028
7.55987e-05 1.22738e-05 200 6.99999 5.50028
17.7102 2.33881 191.006 6.99999 5.50028
35.4207 4.67762 182.014 6.99999 5.50028
53.1317 7.0165 173.022 6.99999 5.50028
70.8433 9.35548 164.031 6.99999 5.50028
88.5557 11.6946 155.042 6.99999 5.50028
106.269 14.0337 146.055 7 5.50028
123.982 16.3728 137.068 7 5.50028
141.697 18.7118 128.083 7 5.50028
159.411 21.0507 119.098 7 5.50028
177.126 23.3896 110.114 7 5.50028
7.55987e-05 1.22738e-05 200 6.99999 5.50028
17.7102 2.33881 191.006 6.99999 5.50028
35.4207 4.67762 182.014 6.99999 5.50028
53.1317 7.0165 173.022 6.99999 5.50028
70.8433 9.35548 164.031 6.99999 5.50028
88.5557 11.6946 155.042 6.99999 5.50028
106.269 14.0337 146.055 7 5.50028
123.982 16.3728 137.068 7 5.50028
141.697 18.7118 128.083 7 5.50028
159.411 21.0507 119.098 7 5.50028
177.126 23.3896 110.114 7 5.50028
7.55987e-05 1.22738e-05 200 6.99999 5.50028
17.7102 2.33881 191.006 6.99999 5.50028
35.4207 4.67762 182.014 6.99999 5.50028
53.1317 7.0165 173.022 6.99999 5.50028
70.8433 9.35548 164.031 6.99999 5.50028
88.5557 11.6946 155.042 6.99999 5.50028
106.269 14.0337 146.055 7 5.50028
123.982 16.3728 137.068 7 5.50028
141.697 18.7118 128.083 7 5.50028
159.411 21.0507 119.098 7 5.50028
177.126 23.3896 110.114 7 5.50028
7.55987e-05 1.22738e-05 200 6.99999 5.50028
17.7102 2.33881 191.006 6.99999 5.50028
35.4207 4.67762 182.014 6.99999 5.50028
53.1317 7.0165 173.022 6.99999 5.50028
70.8433 9.35548 164.031 6.99999 5.50028
88.5557 11.6946 155.042 6.99999 5.50028
106.269 14.0337 146.055 7 5.50028
123.982 16.3728 137.068 7 5.50028
141.697 18.7118 128.083 7 5.50028
159.411 21.0507 119.098 7 5.50028
177.126 23.3896 110.114 7 5.50028
7.55987e-05 1.22738e-05 200 6.99999 5.50028
17.7102 2.33881 191.006 6.99999 5.50028
35.4207 4.67762 182.014 6.99999 5.50028
53.1317 7.0165 173.022 6.99999 5.50028
70.8433 9.35548 164.031 6.99999 5.50028
88.5557 11.6946 155.042 6.99999 5.50028
106.269 14.0337 146.055 7 5.50028
123.982 16.3728 137.068 7 5.50028
141.697 18.7118 128.083 7 5.50028
159.411 21.0507 119.098 7 5.50028
177.126 23.3896 110.114 7 5.50028
