-8.05496e-05 1.83696e-05 200 6.99999 4.76024
-2.57808 6.41832 181.234 6.99999 4.76024
-5.15511 12.8368 162.468 6.99999 4.76024
-7.73012 19.2558 143.702 6.99999 4.76024
-10.3025 25.6754 124.936 6.99999 4.76024
-12.8719 32.0959 106.169 7 4.76024
-15.4386 38.5174 87.4028 7 4.76024
-18.0028 44.9398 68.6364 7 4.76024
-20.565 51.363 49.87 7 4.76024
-23.1258 57.7869 31.1036 7 4.76024
-25.6859 64.211 12.3373 7 4.76024
-8.05496e-05 1.83696e-05 200 6.99999 4.76024
-2.57808 6.41832 181.234 6.99999 4.76024
-5.15511 12.8368 162.468 6.99999 4.76024
-7.73012 19.2558 143.702 6.99999 4.76024
-10.3025 25.6754 124.936 6.99999 4.76024
-12.8719 32.0959 106.169 7 4.76024
-15.4386 38.5174 87.4028 7 4.76024
-18.0028 44.9398 68.6364 7 4.76024
-20.565 51.363 49.87 7 4.76024
-23.1258 57.7869 31.1036 7 4.76024
-25.6859 64.211 12.3373 7 4.76024
-8.05496e-05 1.83696e-05 200 6.99999 4.76024
-2.57808 6.41832 181.234 6.99999 4.76024
-5.15511 12.8368 162.468 6.99999 4.76024
-7.73012 19.2558 143.702 6.99999 4.76024
-10.3025 25.6754 124.936 6.99999 4.76024
-12.8719 32.0959 106.169 7 4.76024
-15.4386 38.5174 87.4028 7 4.76024
-18.0028 44.9398 68.6364 7 4.76024
-20.565 51.363 49.87 7 4.76024
-23.1258 57.7869 31.1036 7 4.76024
-25.6859 64.211 12.3373 7 4.76024
-8.05496e-05 1.83696e-05 200 6.99999 4.76024
-2.57808 6.41832 181.234 6.99999 4.76024
-5.15511 12.8368 162.468 6.99999 4.76024
-7.73012 19.2558 143.702 6.99999 4.76024
-10.3025 25.6754 124.936 6.99999 4.76024
-12.8719 32.0959 106.169 7 4.76024
-15.4386 38.5174 87.4028 7 4.76024
-18.0028 44.9398 68.6364 7 4.76024
-20.565 51.363 49.87 7 4.76024
-23.1258 57.7869 31.1036 7 4.76024
-25.6859 64.211 12.3373 7 4.76024
-8.05496e-05 1.83696e-05 200 6.99999 4.76024
-2.57808 6.41832 181.234 6.99999 4.76024
-5.15511 12.8368 162.468 6.99999 4.76024
-7.73012 19.2558 143.702 6.99999 4.76024
-10.3025 25.6754 124.936 6.99999 4.76024
-12.8719 32.0959 106.169 7 4.76024
-15.4386 38.5174 87.4028 7 4.76024
-18.0028 44.9398 68.6364 7 4.76024
-20.565 51.363 49.87 7 4.76024
-23.1258 57.7869 31.1036 7 4.76024
-25.6859 64.211 12.3373 7 4.76024
-8.05496e-05 1.83696e-05 200 6.99999 4.76024
-2.57808 6.41832 181.234 6.99999 4.76024
-5.15511 12.8368 162.468 6.99999 4.76024
-7.73012 19.2558 143.702 6.99999 4.76024
-10.3025 25.6754 124.936 6.99999 4.76024
-12.8719 32.0959 106.169 7 4.76024
-15.4386 38.5174 87.4028 7 4.76024
-18.0028 44.9398 68.6364 7 4.76024
-20.565 51.363 49.87 7 4.76024
-23.1258 57.7869 31.1036 7 4.76024
-25.6859 64.211 12.3373 7 4.76024
