-3.44664e-05 4.8132e-05 200 6.99999 4.34022
-14.0513 6.94375 187.576 6.99999 4.34022
-28.103 13.8872 175.153 6.99999 4.34022
-42.1557 20.8301 162.73 6.99999 4.34022
-56.2098 27.7722 150.309 6.99999 4.34022
-70.2654 34.7135 137.889 7 4.34022
-84.3222 41.654 125.47 7 4.34022
-98.3797 48.5939 113.051 7 4.34022
-112.438 55.5335 100.632 7 4.34022
-126.496 62.4729 88.214 7 4.34022
-140.554 69.4122 75.7956 7 4.34022
-3.44664e-05 4.8132e-05 200 6.99999 4.34022
-14.0513 6.94375 187.576 6.99999 4.34022
-28.103 13.8872 175.153 6.99999 4.34022
-42.1557 20.8301 162.73 6.99999 4.34022
-56.2098 27.7722 150.309 6.99999 4.34022
-70.2654 34.7135 137.889 7 4.34022
-84.3222 41.654 125.47 7 4.34022
-98.3797 48.5939 113.051 7 4.34022
-112.438 55.5335 100.632 7 4.34022
-126.496 62.4729 88.214 7 4.34022
-140.554 69.4122 75.7956 7 4.34022
-3.44664e-05 4.8132e-05 200 6.99999 4.34022
-14.0513 6.94375 187.576 6.99999 4.34022
-28.103 13.8872 175.153 6.99999 4.34022
-42.1557 20.8301 162.73 6.99999 4.34022
-56.2098 27.7722 150.309 6.99999 4.34022
-70.2654 34.7135 137.889 7 4.34022
-84.3222 41.654 125.47 7 4.34022
-98.3797 48.5939 113.051 7 4.34022
-112.438 55.5335 100.632 7 4.34022
-126.496 62.4729 88.214 7 4.34022
-140.554 69.4122 75.7956 7 4.34022
-3.44664e-05 4.8132e-05 200 6.99999 4.34022
-14.0513 6.94375 187.576 6.99999 4.34022
-28.103 13.8872 175.153 6.99999 4.34022
-42.1557 20.8301 162.73 6.99999 4.34022
-56.2098 27.7722 150.309 6.99999 4.34022
-70.2654 34.7135 137.889 7 4.34022
-84.3222 41.654 125.47 7 4.34022
-98.3797 48.5939 113.051 7 4.34022
-112.438 55.5335 100.632 7 4.34022
-126.496 62.4729 88.214 7 4.34022
-140.554 69.4122 75.7956 7 4.34022
-3.44664e-05 4.8132e-05 200 6.99999 4.34022
-14.0513 6.94375 187.576 6.99999 4.34022
-28.103 13.8872 175.153 6.99999 4.34022
-42.1557 20.8301 162.73 6.99999 4.34022
-56.2098 27.7722 150.309 6.99999 4.34022
-70.2654 34.7135 137.889 7 4.34022
-84.3222 41.654 125.47 7 4.34022
-98.3797 48.5939 113.051 7 4.34022
-112.438 55.5335 100.632 7 4.34022
-126.496 62.4729 88.214 7 4.34022
-140.554 69.4122 75.7956 7 4.34022
-3.44664e-05 4.8132e-05 200 6.99999 4.34022
-14.0513 6.94375 187.576 6.99999 4.34022
-28.103 13.8872 175.153 6.99999 4.34022
-42.1557 20.8301 162.73 6.99999 4.34022
-56.2098 27.7722 150.309 6.99999 4.34022
-70.2654 34.7135 137.889 7 4.34022
-84.3222 41.654 125.47 7 4.34022
-98.3797 48.5939 113.051 7 4.34022
-112.438 55.5335 100.632 7 4.34022
-126.496 62.4729 88.214 7 4.34022
-140.554 69.4122 75.7956 7 4.34022
