-3.14648e-05 2.1044e-06 200 7 0.920046
5.80825 -18.4041 194.751 7 0.920046
11.6171 -36.8084 189.503 7 0.920046
17.4267 -55.2134 184.258 7 0.920046
23.2374 -73.6192 179.018 7 0.920046
29.0492 -92.0258 173.782 7 0.920046
34.8621 -110.433 168.549 7 0.920046
40.6761 -128.841 163.32 7 0.920046
46.4913 -147.249 158.092 7 0.920046
52.3074 -165.658 152.867 7 0.920046
58.1239 -184.066 147.643 7 0.920046
-3.14648e-05 2.1044e-06 200 7 0.920046
5.80825 -18.4041 194.751 7 0.920046
11.6171 -36.8084 189.503 7 0.920046
17.4267 -55.2134 184.258 7 0.920046
23.2374 -73.6192 179.018 7 0.920046
29.0492 -92.0258 173.782 7 0.920046
34.8621 -110.433 168.549 7 0.920046
40.6761 -128.841 163.32 7 0.920046
46.4913 -147.249 158.092 7 0.920046
52.3074 -165.658 152.867 7 0.920046
58.1239 -184.066 147.643 7 0.920046
-3.14648e-05 2.1044e-06 200 7 0.920046
5.80825 -18.4041 194.751 7 0.920046
11.6171 -36.8084 189.503 7 0.920046
17.4267 -55.2134 184.258 7 0.920046
23.2374 -73.6192 179.018 7 0.920046
29.0492 -92.0258 173.782 7 0.920046
34.8621 -110.433 168.549 7 0.920046
40.6761 -128.841 163.32 7 0.920046
46.4913 -147.249 158.092 7 0.920046
52.3074 -165.658 152.867 7 0.920046
58.1239 -184.066 147.643 7 0.920046
-3.14648e-05 2.1044e-06 200 7 0.920046
5.80825 -18.4041 194.751 7 0.920046
11.6171 -36.8084 189.503 7 0.920046
17.4267 -55.2134 184.258 7 0.920046
23.2374 -73.6192 179.018 7 0.920046
29.0492 -92.0258 173.782 7 0.920046
34.8621 -110.433 168.549 7 0.920046
40.6761 -128.841 163.32 7 0.920046
46.4913 -147.249 158.092 7 0.920046
52.3074 -165.658 152.867 7 0.920046
58.1239 -184.066 147.643 7 0.920046
-3.14648e-05 2.1044e-06 200 7 0.920046
5.80825 -18.4041 194.751 7 0.920046
11.6171 -36.8084 189.503 7 0.920046
17.4267 -55.2134 184.258 7 0.920046
23.2374 -73.6192 179.018 7 0.920046
29.0492 -92.0258 173.782 7 0.920046
34.8621 -110.433 168.549 7 0.920046
40.6761 -128.841 163.32 7 0.920046
46.4913 -147.249 158.092 7 0.920046
52.3074 -165.658 152.867 7 0.920046
58.1239 -184.066 147.643 7 0.920046
-3.14648e-05 2.1044e-06 200 7 0.920046
5.80825 -18.4041 194.751 7 0.920046
11.6171 -36.8084 189.503 7 0.920046
17.4267 -55.2134 184.258 7 0.920046
23.2374 -73.6192 179.018 7 0.920046
29.0492 -92.0258 173.782 7 0.920046
34.8621 -110.433 168.549 7 0.920046
40.6761 -128.841 163.32 7 0.920046
46.4913 -147.249 158.092 7 0.920046
52.3074 -165.658 152.867 7 0.920046
58.1239 -184.066 147.643 7 0.920046
