-6.44997e-05 7.03126e-05 200 6.99999 3.9402
-19.0647 5.90058 198.686 6.99999 3.9402
-38.1295 11.8005 197.373 6.99999 3.9402
-57.1948 17.6993 196.061 6.99999 3.9402
-76.2605 23.5969 194.751 7 3.9402
-95.3267 29.4932 193.441 7 3.9402
-114.393 35.3885 192.133 7 3.9402
-133.46 41.283 190.825 7 3.9402
-152.527 47.1773 189.518 7 3.9402
-171.594 53.0718 188.21 7 3.9402
-190.661 58.9666 186.903 7 3.9402
-6.44997e-05 7.03126e-05 200 6.99999 3.9402
-19.0647 5.90058 198.686 6.99999 3.9402
-38.1295 11.8005 197.373 6.99999 3.9402
-57.1948 17.6993 196.061 6.99999 3.9402
-76.2605 23.5969 194.751 7 3.9402
-95.3267 29.4932 193.441 7 3.9402
-114.393 35.3885 192.133 7 3.9402
-133.46 41.283 190.825 7 3.9402
-152.527 47.1773 189.518 7 3.9402
-171.594 53.0718 188.21 7 3.9402
-190.661 58.9666 186.903 7 3.9402
-6.44997e-05 7.03126e-05 200 6.99999 3.9402
-19.0647 5.90058 198.686 6.99999 3.9402
-38.1295 11.8005 197.373 6.99999 3.9402
-57.1948 17.6993 196.061 6.99999 3.9402
-76.2605 23.5969 194.751 7 3.9402
-95.3267 29.4932 193.441 7 3.9402
-114.393 35.3885 192.133 7 3.9402
-133.46 41.283 190.825 7 3.9402
-152.527 47.1773 189.518 7 3.9402
-171.594 53.0718 188.21 7 3.9402
-190.661 58.9666 186.903 7 3.9402
-6.44997e-05 7.03126e-05 200 6.99999 3.9402
-19.0647 5.90058 198.686 6.99999 3.9402
-38.1295 11.8005 197.373 6.99999 3.9402
-57.1948 17.6993 196.061 6.99999 3.9402
-76.2605 23.5969 194.751 7 3.9402
-95.3267 29.4932 193.441 7 3.9402
-114.393 35.3885 192.133 7 3.9402
-133.46 41.283 190.825 7 3.9402
-152.527 47.1773 189.518 7 3.9402
-171.594 53.0718 188.21 7 3.9402
-190.661 58.9666 186.903 7 3.9402
-6.44997e-05 7.03126e-05 200 6.99999 3.9402
-19.0647 5.90058 198.686 6.99999 3.9402
-38.1295 11.8005 197.373 6.99999 3.9402
-57.1948 17.6993 196.061 6.99999 3.9402
-76.2605 23.5969 194.751 7 3.9402
-95.3267 29.4932 193.441 7 3.9402
-114.393 35.3885 192.133 7 3.9402
-133.46 41.283 190.825 7 3.9402
-152.527 47.1773 189.518 7 3.9402
-171.594 53.0718 188.21 7 3.9402
-190.661 58.9666 186.903 7 3.9402
-6.44997e-05 7.03126e-05 200 6.99999 3.9402
-19.0647 5.90058 198.686 6.99999 3.9402
-38.1295 11.8005 197.373 6.99999 3.9402
-57.1948 17.6993 196.061 6.99999 3.9402
-76.2605 23.5969 194.751 7 3.9402
-95.3267 29.4932 193.441 7 3.9402
-114.393 35.3885 192.133 7 3.9402
-133.46 41.283 190.825 7 3.9402
-152.527 47.1773 189.518 7 3.9402
-171.594 53.0718 188.21 7 3.9402
-190.661 58.9666 186.903 7 3.9402
