0.000136095 -7.30273e-06 200 6.99999 6.16031
15.6453 -2.04893 212.29 6.99999 6.16031
31.2901 -4.09795 224.58 6.99999 6.16031
46.9343 -6.14713 236.87 6.99999 6.16031
62.5779 -8.19652 249.162 6.99999 6.16031
78.2205 -10.2461 261.455 6.99999 6.16031
93.8621 -12.2959 273.748 6.99999 6.16031
109.503 -14.3459 286.043 7 6.16031
125.143 -16.3958 298.339 7 6.16031
140.783 -18.4456 310.635 7 6.16031
156.422 -20.4955 322.932 7 6.16031
0.000136095 -7.30273e-06 200 6.99999 6.16031
15.6453 -2.04893 212.29 6.99999 6.16031
31.2901 -4.09795 224.58 6.99999 6.16031
46.9343 -6.14713 236.87 6.99999 6.16031
62.5779 -8.19652 249.162 6.99999 6.16031
78.2205 -10.2461 261.455 6.99999 6.16031
93.8621 -12.2959 273.748 6.99999 6.16031
109.503 -14.3459 286.043 7 6.16031
125.143 -16.3958 298.339 7 6.16031
140.783 -18.4456 310.635 7 6.16031
156.422 -20.4955 322.932 7 6.16031
0.000136095 -7.30273e-06 200 6.99999 6.16031
15.6453 -2.04893 212.29 6.99999 6.16031
31.2901 -4.09795 224.58 6.99999 6.16031
46.9343 -6.14713 236.87 6.99999 6.16031
62.5779 -8.19652 249.162 6.99999 6.16031
78.2205 -10.2461 261.455 6.99999 6.16031
93.8621 -12.2959 273.748 6.99999 6.16031
109.503 -14.3459 286.043 7 6.16031
125.143 -16.3958 298.339 7 6.16031
140.783 -18.4456 310.635 7 6.16031
156.422 -20.4955 322.932 7 6.16031
0.000136095 -7.30273e-06 200 6.99999 6.16031
15.6453 -2.04893 212.29 6.99999 6.16031
31.2901 -4.09795 224.58 6.99999 6.16031
46.9343 -6.14713 236.87 6.99999 6.16031
62.5779 -8.19652 249.162 6.99999 6.16031
78.2205 -10.2461 261.455 6.99999 6.16031
93.8621 -12.2959 273.748 6.99999 6.16031
109.503 -14.3459 286.043 7 6.16031
125.143 -16.3958 298.339 7 6.16031
140.783 -18.4456 310.635 7 6.16031
156.422 -20.4955 322.932 7 6.16031
0.000136095 -7.30273e-06 200 6.99999 6.16031
15.6453 -2.04893 212.29 6.99999 6.16031
31.2901 -4.09795 224.58 6.99999 6.16031
46.9343 -6.14713 236.87 6.99999 6.16031
62.5779 -8.19652 249.162 6.99999 6.16031
78.2205 -10.2461 261.455 6.99999 6.16031
93.8621 -12.2959 273.748 6.99999 6.16031
109.503 -14.3459 286.043 7 6.16031
125.143 -16.3958 298.339 7 6.16031
140.783 -18.4456 310.635 7 6.16031
156.422 -20.4955 322.932 7 6.16031
0.000136095 -7.30273e-06 200 6.99999 6.16031
15.6453 -2.04893 212.29 6.99999 6.16031
31.2901 -4.09795 224.58 6.99999 6.16031
46.9343 -6.14713 236.87 6.99999 6.16031
62.5779 -8.19652 249.162 6.99999 6.16031
78.2205 -10.2461 261.455 6.99999 6.16031
93.8621 -12.2959 273.748 6.99999 6.16031
109.503 -14.3459 286.043 7 6.16031
125.143 -16.3958 298.339 7 6.16031
140.783 -18.4456 310.635 7 6.16031
156.422 -20.4955 322.932 7 6.16031
