-3.32991e-05 3.01569e-05 200 7 2.88014
-2.61788 -2.43096 219.678 7 2.88014
-5.23537 -4.86249 239.357 7 2.88014
-7.8523 -7.29498 259.035 7 2.88014
-10.4685 -9.72879 278.713 7 2.88014
-13.0841 -12.1641 298.391 7 2.88014
-15.6994 -14.6008 318.069 7 2.88014
-18.3143 -17.0391 337.747 7 2.88014
-20.9291 -19.4789 357.425 7 2.88014
-23.5442 -21.9197 377.102 7 2.88014
-26.1598 -24.3605 396.78 7 2.88014
-3.32991e-05 3.01569e-05 200 7 2.88014
-2.61788 -2.43096 219.678 7 2.88014
-5.23537 -4.86249 239.357 7 2.88014
-7.8523 -7.29498 259.035 7 2.88014
-10.4685 -9.72879 278.713 7 2.88014
-13.0841 -12.1641 298.391 7 2.88014
-15.6994 -14.6008 318.069 7 2.88014
-18.3143 -17.0391 337.747 7 2.88014
-20.9291 -19.4789 357.425 7 2.88014
-23.5442 -21.9197 377.102 7 2.88014
-26.1598 -24.3605 396.78 7 2.88014
-3.32991e-05 3.01569e-05 200 7 2.88014
-2.61788 -2.43096 219.678 7 2.88014
-5.23537 -4.86249 239.357 7 2.88014
-7.8523 -7.29498 259.035 7 2.88014
-10.4685 -9.72879 278.713 7 2.88014
-13.0841 -12.1641 298.391 7 2.88014
-15.6994 -14.6008 318.069 7 2.88014
-18.3143 -17.0391 337.747 7 2.88014
-20.9291 -19.4789 357.425 7 2.88014
-23.5442 -21.9197 377.102 7 2.88014
-26.1598 -24.3605 396.78 7 2.88014
-3.32991e-05 3.01569e-05 200 7 2.88014
-2.61788 -2.43096 219.678 7 2.88014
-5.23537 -4.86249 239.357 7 2.88014
-7.8523 -7.29498 259.035 7 2.88014
-10.4685 -9.72879 278.713 7 2.88014
-13.0841 -12.1641 298.391 7 2.88014
-15.6994 -14.6008 318.069 7 2.88014
-18.3143 -17.0391 337.747 7 2.88014
-20.9291 -19.4789 357.425 7 2.88014
-23.5442 -21.9197 377.102 7 2.88014
-26.1598 -24.3605 396.78 7 2.88014
-3.32991e-05 3.01569e-05 200 7 2.88014
-2.61788 -2.43096 219.678 7 2.88014
-5.23537 -4.86249 239.357 7 2.88014
-7.8523 -7.29498 259.035 7 2.88014
-10.4685 -9.72879 278.713 7 2.88014
-13.0841 -12.1641 298.391 7 2.88014
-15.6994 -14.6008 318.069 7 2.88014
-18.3143 -17.0391 337.747 7 2.88014
-20.9291 -19.4789 357.425 7 2.88014
-23.5442 -21.9197 377.102 7 2.88014
-26.1598 -24.3605 396.78 7 2.88014
-3.32991e-05 3.01569e-05 200 7 2.88014
-2.61788 -2.43096 219.678 7 2.88014
-5.23537 -4.86249 239.357 7 2.88014
-7.8523 -7.29498 259.035 7 2.88014
-10.4685 -9.72879 278.713 7 2.88014
-13.0841 -12.1641 298.391 7 2.88014
-15.6994 -14.6008 318.069 7 2.88014
-18.3143 -17.0391 337.747 7 2.88014
-20.9291 -19.4789 357.425 7 2.88014
-23.5442 -21.9197 377.102 7 2.88014
-26.1598 -24.3605 396.78 7 2.88014
