3.87262e-05 -4.66425e-05 200 7 2.30011
10.0532 -8.38937 215.118 7 2.30011
20.1062 -16.7783 230.236 7 2.30011
30.1585 -25.1665 245.356 7 2.30011
40.2097 -33.5539 260.476 7 2.30011
50.2595 -41.9409 275.597 7 2.30011
60.3076 -50.3273 290.72 7 2.30011
70.3542 -58.7135 305.845 7 2.30011
80.3994 -67.0996 320.97 7 2.30011
90.4436 -75.4856 336.095 7 2.30011
100.487 -83.8716 351.221 7 2.30011
3.87262e-05 -4.66425e-05 200 7 2.30011
10.0532 -8.38937 215.118 7 2.30011
20.1062 -16.7783 230.236 7 2.30011
30.1585 -25.1665 245.356 7 2.30011
40.2097 -33.5539 260.476 7 2.30011
50.2595 -41.9409 275.597 7 2.30011
60.3076 -50.3273 290.72 7 2.30011
70.3542 -58.7135 305.845 7 2.30011
80.3994 -67.0996 320.97 7 2.30011
90.4436 -75.4856 336.095 7 2.30011
100.487 -83.8716 351.221 7 2.30011
3.87262e-05 -4.66425e-05 200 7 2.30011
10.0532 -8.38937 215.118 7 2.30011
20.1062 -16.7783 230.236 7 2.30011
30.1585 -25.1665 245.356 7 2.30011
40.2097 -33.5539 260.476 7 2.30011
50.2595 -41.9409 275.597 7 2.30011
60.3076 -50.3273 290.72 7 2.30011
70.3542 -58.7135 305.845 7 2.30011
80.3994 -67.0996 320.97 7 2.30011
90.4436 -75.4856 336.095 7 2.30011
100.487 -83.8716 351.221 7 2.30011
3.87262e-05 -4.66425e-05 200 7 2.30011
10.0532 -8.38937 215.118 7 2.30011
20.1062 -16.7783 230.236 7 2.30011
30.1585 -25.1665 245.356 7 2.30011
40.2097 -33.5539 260.476 7 2.30011
50.2595 -41.9409 275.597 7 2.30011
60.3076 -50.3273 290.72 7 2.30011
70.3542 -58.7135 305.845 7 2.30011
80.3994 -67.0996 320.97 7 2.30011
90.4436 -75.4856 336.095 7 2.30011
100.487 -83.8716 351.221 7 2.30011
3.87262e-05 -4.66425e-05 200 7 2.30011
10.0532 -8.38937 215.118 7 2.30011
20.1062 -16.7783 230.236 7 2.30011
30.1585 -25.1665 245.356 7 2.30011
40.2097 -33.5539 260.476 7 2.30011
50.2595 -41.9409 275.597 7 2.30011
60.3076 -50.3273 290.72 7 2.30011
70.3542 -58.7135 305.845 7 2.30011
80.3994 -67.0996 320.97 7 2.30011
90.4436 -75.4856 336.095 7 2.30011
100.487 -83.8716 351.221 7 2.30011
3.87262e-05 -4.66425e-05 200 7 2.30011
10.0532 -8.38937 215.118 7 2.30011
20.1062 -16.7783 230.236 7 2.30011
30.1585 -25.1665 245.356 7 2.30011
40.2097 -33.5539 260.476 7 2.30011
50.2595 -41.9409 275.597 7 2.30011
60.3076 -50.3273 290.72 7 2.30011
70.3542 -58.7135 305.845 7 2.30011
80.3994 -67.0996 320.97 7 2.30011
90.4436 -75.4856 336.095 7 2.30011
100.487 -83.8716 351.221 7 2.30011
