-0.000259789 -9.28181e-06 200 6.99998 7.34037
-19.874 -1.58518 201.589 6.99998 7.34037
-39.7478 -3.17052 203.178 6.99998 7.34037
-59.6214 -4.75615 204.768 6.99998 7.34037
-79.495 -6.34222 206.358 6.99998 7.34037
-99.3686 -7.92876 207.948 6.99999 7.34037
-119.242 -9.51578 209.538 6.99999 7.34037
-139.116 -11.1032 211.128 6.99999 7.34037
-158.989 -12.691 212.716 6.99999 7.34037
-178.863 -14.279 214.305 7 7.34037
-198.736 -15.8671 215.892 7 7.34037
-0.000259789 -9.28181e-06 200 6.99998 7.34037
-19.874 -1.58518 201.589 6.99998 7.34037
-39.7478 -3.17052 203.178 6.99998 7.34037
-59.6214 -4.75615 204.768 6.99998 7.34037
-79.495 -6.34222 206.358 6.99998 7.34037
-99.3686 -7.92876 207.948 6.99999 7.34037
-119.242 -9.51578 209.538 6.99999 7.34037
-139.116 -11.1032 211.128 6.99999 7.34037
-158.989 -12.691 212.716 6.99999 7.34037
-178.863 -14.279 214.305 7 7.34037
-198.736 -15.8671 215.892 7 7.34037
-0.000259789 -9.28181e-06 200 6.99998 7.34037
-19.874 -1.58518 201.589 6.99998 7.34037
-39.7478 -3.17052 203.178 6.99998 7.34037
-59.6214 -4.75615 204.768 6.99998 7.34037
-79.495 -6.34222 206.358 6.99998 7.34037
-99.3686 -7.92876 207.948 6.99999 7.34037
-119.242 -9.51578 209.538 6.99999 7.34037
-139.116 -11.1032 211.128 6.99999 7.34037
-158.989 -12.691 212.716 6.99999 7.34037
-178.863 -14.279 214.305 7 7.34037
-198.736 -15.8671 215.892 7 7.34037
-0.000259789 -9.28181e-06 200 6.99998 7.34037
-19.874 -1.58518 201.589 6.99998 7.34037
-39.7478 -3.17052 203.178 6.99998 7.34037
-59.6214 -4.75615 204.768 6.99998 7.34037
-79.495 -6.34222 206.358 6.99998 7.34037
-99.3686 -7.92876 207.948 6.99999 7.34037
-119.242 -9.51578 209.538 6.99999 7.34037
-139.116 -11.1032 211.128 6.99999 7.34037
-158.989 -12.691 212.716 6.99999 7.34037
-178.863 -14.279 214.305 7 7.34037
-198.736 -15.8671 215.892 7 7.34037
-0.000259789 -9.28181e-06 200 6.99998 7.34037
-19.874 -1.58518 201.589 6.99998 7.34037
-39.7478 -3.17052 203.178 6.99998 7.34037
-59.6214 -4.75615 204.768 6.99998 7.34037
-79.495 -6.34222 206.358 6.99998 7.34037
-99.3686 -7.92876 207.948 6.99999 7.34037
-119.242 -9.51578 209.538 6.99999 7.34037
-139.116 -11.1032 211.128 6.99999 7.34037
-158.989 -12.691 212.716 6.99999 7.34037
-178.863 -14.279 214.305 7 7.34037
-198.736 -15.8671 215.892 7 7.34037
-0.000259789 -9.28181e-06 200 6.99998 7.34037
-19.874 -1.58518 201.589 6.99998 7.34037
-39.7478 -3.17052 203.178 6.99998 7.34037
-59.6214 -4.75615 204.768 6.99998 7.34037
-79.495 -6.34222 206.358 6.99998 7.34037
-99.3686 -7.92876 207.948 6.99999 7.34037
-119.242 -9.51578 209.538 6.99999 7.34037
-139.116 -11.1032 211.128 6.99999 7.34037
-158.989 -12.691 212.716 6.99999 7.34037
-178.863 -14.279 214.305 7 7.34037
-198.736 -15.8671 215.892 7 7.34037
