-0.000221556 -1.18535e-05 200 6.99998 9.72049
-17.1616 -1.03828 210.218 6.99998 9.72049
-34.3228 -2.07656 220.437 6.99998 9.72049
-51.4836 -3.11492 230.656 6.99998 9.72049
-68.644 -4.15341 240.876 6.99998 9.72049
-85.8038 -5.1921 251.097 6.99999 9.72049
-102.963 -6.23104 261.319 6.99999 9.72049
-120.122 -7.27023 271.541 6.99999 9.72049
-137.28 -8.30959 281.765 6.99999 9.72049
-154.438 -9.34897 291.989 6.99999 9.72049
-171.596 -10.3883 302.213 6.99999 9.72049
-0.000221556 -1.18535e-05 200 6.99998 9.72049
-17.1616 -1.03828 210.218 6.99998 9.72049
-34.3228 -2.07656 220.437 6.99998 9.72049
-51.4836 -3.11492 230.656 6.99998 9.72049
-68.644 -4.15341 240.876 6.99998 9.72049
-85.8038 -5.1921 251.097 6.99999 9.72049
-102.963 -6.23104 261.319 6.99999 9.72049
-120.122 -7.27023 271.541 6.99999 9.72049
-137.28 -8.30959 281.765 6.99999 9.72049
-154.438 -9.34897 291.989 6.99999 9.72049
-171.596 -10.3883 302.213 6.99999 9.72049
-0.000221556 -1.18535e-05 200 6.99998 9.72049
-17.1616 -1.03828 210.218 6.99998 9.72049
-34.3228 -2.07656 220.437 6.99998 9.72049
-51.4836 -3.11492 230.656 6.99998 9.72049
-68.644 -4.15341 240.876 6.99998 9.72049
-85.8038 -5.1921 251.097 6.99999 9.72049
-102.963 -6.23104 261.319 6.99999 9.72049
-120.122 -7.27023 271.541 6.99999 9.72049
-137.28 -8.30959 281.765 6.99999 9.72049
-154.438 -9.34897 291.989 6.99999 9.72049
-171.596 -10.3883 302.213 6.99999 9.72049
-0.000221556 -1.18535e-05 200 6.99998 9.72049
-17.1616 -1.03828 210.218 6.99998 9.72049
-34.3228 -2.07656 220.437 6.99998 9.72049
-51.4836 -3.11492 230.656 6.99998 9.72049
-68.644 -4.15341 240.876 6.99998 9.72049
-85.8038 -5.1921 251.097 6.99999 9.72049
-102.963 -6.23104 261.319 6.99999 9.72049
-120.122 -7.27023 271.541 6.99999 9.72049
-137.28 -8.30959 281.765 6.99999 9.72049
-154.438 -9.34897 291.989 6.99999 9.72049
-171.596 -10.3883 302.213 6.99999 9.72049
-0.000221556 -1.18535e-05 200 6.99998 9.72049
-17.1616 -1.03828 210.218 6.99998 9.72049
-34.3228 -2.07656 220.437 6.99998 9.72049
-51.4836 -3.11492 230.656 6.99998 9.72049
-68.644 -4.15341 240.876 6.99998 9.72049
-85.8038 -5.1921 251.097 6.99999 9.72049
-102.963 -6.23104 261.319 6.99999 9.72049
-120.122 -7.27023 271.541 6.99999 9.72049
-137.28 -8.30959 281.765 6.99999 9.72049
-154.438 -9.34897 291.989 6.99999 9.72049
-171.596 -10.3883 302.213 6.99999 9.72049
-0.000221556 -1.18535e-05 200 6.99998 9.72049
-17.1616 -1.03828 210.218 6.99998 9.72049
-34.3228 -2.07656 220.437 6.99998 9.72049
-51.4836 -3.11492 230.656 6.99998 9.72049
-68.644 -4.15341 240.876 6.99998 9.72049
-85.8038 -5.1921 251.097 6.99999 9.72049
-102.963 -6.23104 261.319 6.99999 9.72049
-120.122 -7.27023 271.541 6.99999 9.72049
-137.28 -8.30959 281.765 6.99999 9.72049
-154.438 -9.34897 291.989 6.99999 9.72049
-171.596 -10.3883 302.213 6.99999 9.72049
