0.000412381 1.89734e-05 200 6.99997 8.56043
19.7153 1.08133 196.812 6.99997 8.56043
39.4302 2.1627 193.625 6.99997 8.56043
59.1452 3.24418 190.438 6.99997 8.56043
78.8602 4.32575 187.251 6.99997 8.56043
98.5754 5.40733 184.066 6.99998 8.56043
118.291 6.48883 180.881 6.99998 8.56043
138.006 7.57022 177.697 6.99998 8.56043
157.722 8.65154 174.513 6.99999 8.56043
177.437 9.73284 171.331 6.99999 8.56043
197.153 10.8141 168.149 6.99999 8.56043
0.000412381 1.89734e-05 200 6.99997 8.56043
19.7153 1.08133 196.812 6.99997 8.56043
39.4302 2.1627 193.625 6.99997 8.56043
59.1452 3.24418 190.438 6.99997 8.56043
78.8602 4.32575 187.251 6.99997 8.56043
98.5754 5.40733 184.066 6.99998 8.56043
118.291 6.48883 180.881 6.99998 8.56043
138.006 7.57022 177.697 6.99998 8.56043
157.722 8.65154 174.513 6.99999 8.56043
177.437 9.73284 171.331 6.99999 8.56043
197.153 10.8141 168.149 6.99999 8.56043
0.000412381 1.89734e-05 200 6.99997 8.56043
19.7153 1.08133 196.812 6.99997 8.56043
39.4302 2.1627 193.625 6.99997 8.56043
59.1452 3.24418 190.438 6.99997 8.56043
78.8602 4.32575 187.251 6.99997 8.56043
98.5754 5.40733 184.066 6.99998 8.56043
118.291 6.48883 180.881 6.99998 8.56043
138.006 7.57022 177.697 6.99998 8.56043
157.722 8.65154 174.513 6.99999 8.56043
177.437 9.73284 171.331 6.99999 8.56043
197.153 10.8141 168.149 6.99999 8.56043
0.000412381 1.89734e-05 200 6.99997 8.56043
19.7153 1.08133 196.812 6.99997 8.56043
39.4302 2.1627 193.625 6.99997 8.56043
59.1452 3.24418 190.438 6.99997 8.56043
78.8602 4.32575 187.251 6.99997 8.56043
98.5754 5.40733 184.066 6.99998 8.56043
118.291 6.48883 180.881 6.99998 8.56043
138.006 7.57022 177.697 6.99998 8.56043
157.722 8.65154 174.513 6.99999 8.56043
177.437 9.73284 171.331 6.99999 8.56043
197.153 10.8141 168.149 6.99999 8.56043
0.000412381 1.89734e-05 200 6.99997 8.56043
19.7153 1.08133 196.812 6.99997 8.56043
39.4302 2.1627 193.625 6.99997 8.56043
59.1452 3.24418 190.438 6.99997 8.56043
78.8602 4.32575 187.251 6.99997 8.56043
98.5754 5.40733 184.066 6.99998 8.56043
118.291 6.48883 180.881 6.99998 8.56043
138.006 7.57022 177.697 6.99998 8.56043
157.722 8.65154 174.513 6.99999 8.56043
177.437 9.73284 171.331 6.99999 8.56043
197.153 10.8141 168.149 6.99999 8.56043
0.000412381 1.89734e-05 200 6.99997 8.56043
19.7153 1.08133 196.812 6.99997 8.56043
39.4302 2.1627 193.625 6.99997 8.56043
59.1452 3.24418 190.438 6.99997 8.56043
78.8602 4.32575 187.251 6.99997 8.56043
98.5754 5.40733 184.066 6.99998 8.56043
118.291 6.48883 180.881 6.99998 8.56043
138.006 7.57022 177.697 6.99998 8.56043
157.722 8.65154 174.513 6.99999 8.56043
177.437 9.73284 171.331 6.99999 8.56043
197.153 10.8141 168.149 6.99999 8.56043
