-0.000287579 -1.84666e-05 200 6.99998 7.54038
-18.6003 -0.298454 192.655 6.99998 7.54038
-37.2001 -0.596685 185.309 6.99998 7.54038
-55.7995 -0.894524 177.961 6.99998 7.54038
-74.3981 -1.1919 170.613 6.99998 7.54038
-92.996 -1.48884 163.262 6.99998 7.54038
-111.593 -1.7854 155.909 6.99999 7.54038
-130.189 -2.08174 148.553 6.99999 7.54038
-148.785 -2.37799 141.197 6.99999 7.54038
-167.38 -2.67414 133.839 7 7.54038
-185.974 -2.97022 126.481 7 7.54038
-0.000287579 -1.84666e-05 200 6.99998 7.54038
-18.6003 -0.298454 192.655 6.99998 7.54038
-37.2001 -0.596685 185.309 6.99998 7.54038
-55.7995 -0.894524 177.961 6.99998 7.54038
-74.3981 -1.1919 170.613 6.99998 7.54038
-92.996 -1.48884 163.262 6.99998 7.54038
-111.593 -1.7854 155.909 6.99999 7.54038
-130.189 -2.08174 148.553 6.99999 7.54038
-148.785 -2.37799 141.197 6.99999 7.54038
-167.38 -2.67414 133.839 7 7.54038
-185.974 -2.97022 126.481 7 7.54038
-0.000287579 -1.84666e-05 200 6.99998 7.54038
-18.6003 -0.298454 192.655 6.99998 7.54038
-37.2001 -0.596685 185.309 6.99998 7.54038
-55.7995 -0.894524 177.961 6.99998 7.54038
-74.3981 -1.1919 170.613 6.99998 7.54038
-92.996 -1.48884 163.262 6.99998 7.54038
-111.593 -1.7854 155.909 6.99999 7.54038
-130.189 -2.08174 148.553 6.99999 7.54038
-148.785 -2.37799 141.197 6.99999 7.54038
-167.38 -2.67414 133.839 7 7.54038
-185.974 -2.97022 126.481 7 7.54038
-0.000287579 -1.84666e-05 200 6.99998 7.54038
-18.6003 -0.298454 192.655 6.99998 7.54038
-37.2001 -0.596685 185.309 6.99998 7.54038
-55.7995 -0.894524 177.961 6.99998 7.54038
-74.3981 -1.1919 170.613 6.99998 7.54038
-92.996 -1.48884 163.262 6.99998 7.54038
-111.593 -1.7854 155.909 6.99999 7.54038
-130.189 -2.08174 148.553 6.99999 7.54038
-148.785 -2.37799 141.197 6.99999 7.54038
-167.38 -2.67414 133.839 7 7.54038
-185.974 -2.97022 126.481 7 7.54038
-0.000287579 -1.84666e-05 200 6.99998 7.54038
-18.6003 -0.298454 192.655 6.99998 7.54038
-37.2001 -0.596685 185.309 6.99998 7.54038
-55.7995 -0.894524 177.961 6.99998 7.54038
-74.3981 -1.1919 170.613 6.99998 7.54038
-92.996 -1.48884 163.262 6.99998 7.54038
-111.593 -1.7854 155.909 6.99999 7.54038
-130.189 -2.08174 148.553 6.99999 7.54038
-148.785 -2.37799 141.197 6.99999 7.54038
-167.38 -2.67414 133.839 7 7.54038
-185.974 -2.97022 126.481 7 7.54038
-0.000287579 -1.84666e-05 200 6.99998 7.54038
-18.6003 -0.298454 192.655 6.99998 7.54038
-37.2001 -0.596685 185.309 6.99998 7.54038
-55.7995 -0.894524 177.961 6.99998 7.54038
-74.3981 -1.1919 170.613 6.99998 7.54038
-92.996 -1.48884 163.262 6.99998 7.54038
-111.593 -1.7854 155.909 6.99999 7.54038
-130.189 -2.08174 148.553 6.99999 7.54038
-148.785 -2.37799 141.197 6.99999 7.54038
-167.38 -2.67414 133.839 7 7.54038
-185.974 -2.97022 126.481 7 7.54038
