-3.32247e-05 4.25386e-05 200 7 3.10016
-8.14001 -0.269643 218.267 7 3.10016
-16.2799 -0.539946 236.533 7 3.10016
-24.4195 -0.811362 254.8 7 3.10016
-32.5588 -1.0842 273.067 7 3.10016
-40.6977 -1.3585 291.334 7 3.10016
-48.8359 -1.63419 309.601 7 3.10016
-56.9738 -1.91088 327.869 7 3.10016
-65.1117 -2.1881 346.136 7 3.10016
-73.2497 -2.46575 364.403 7 3.10016
-81.3879 -2.74364 382.671 7 3.10016
-3.32247e-05 4.25386e-05 200 7 3.10016
-8.14001 -0.269643 218.267 7 3.10016
-16.2799 -0.539946 236.533 7 3.10016
-24.4195 -0.811362 254.8 7 3.10016
-32.5588 -1.0842 273.067 7 3.10016
-40.6977 -1.3585 291.334 7 3.10016
-48.8359 -1.63419 309.601 7 3.10016
-56.9738 -1.91088 327.869 7 3.10016
-65.1117 -2.1881 346.136 7 3.10016
-73.2497 -2.46575 364.403 7 3.10016
-81.3879 -2.74364 382.671 7 3.10016
-3.32247e-05 4.25386e-05 200 7 3.10016
-8.14001 -0.269643 218.267 7 3.10016
-16.2799 -0.539946 236.533 7 3.10016
-24.4195 -0.811362 254.8 7 3.10016
-32.5588 -1.0842 273.067 7 3.10016
-40.6977 -1.3585 291.334 7 3.10016
-48.8359 -1.63419 309.601 7 3.10016
-56.9738 -1.91088 327.869 7 3.10016
-65.1117 -2.1881 346.136 7 3.10016
-73.2497 -2.46575 364.403 7 3.10016
-81.3879 -2.74364 382.671 7 3.10016
-3.32247e-05 4.25386e-05 200 7 3.10016
-8.14001 -0.269643 218.267 7 3.10016
-16.2799 -0.539946 236.533 7 3.10016
-24.4195 -0.811362 254.8 7 3.10016
-32.5588 -1.0842 273.067 7 3.10016
-40.6977 -1.3585 291.334 7 3.10016
-48.8359 -1.63419 309.601 7 3.10016
-56.9738 -1.91088 327.869 7 3.10016
-65.1117 -2.1881 346.136 7 3.10016
-73.2497 -2.46575 364.403 7 3.10016
-81.3879 -2.74364 382.671 7 3.10016
-3.32247e-05 4.25386e-05 200 7 3.10016
-8.14001 -0.269643 218.267 7 3.10016
-16.2799 -0.539946 236.533 7 3.10016
-24.4195 -0.811362 254.8 7 3.10016
-32.5588 -1.0842 273.067 7 3.10016
-40.6977 -1.3585 291.334 7 3.10016
-48.8359 -1.63419 309.601 7 3.10016
-56.9738 -1.91088 327.869 7 3.10016
-65.1117 -2.1881 346.136 7 3.10016
-73.2497 -2.46575 364.403 7 3.10016
-81.3879 -2.74364 382.671 7 3.10016
-3.32247e-05 4.25386e-05 200 7 3.10016
-8.14001 -0.269643 218.267 7 3.10016
-16.2799 -0.539946 236.533 7 3.10016
-24.4195 -0.811362 254.8 7 3.10016
-32.5588 -1.0842 273.067 7 3.10016
-40.6977 -1.3585 291.334 7 3.10016
-48.8359 -1.63419 309.601 7 3.10016
-56.9738 -1.91088 327.869 7 3.10016
-65.1117 -2.1881 346.136 7 3.10016
-73.2497 -2.46575 364.403 7 3.10016
-81.3879 -2.74364 382.671 7 3.10016
