0.000100034 -3.5674e-05 200 6.99997 9.16046
3.77243 -1.76351 219.562 6.99997 9.16046
7.54431 -3.52694 239.124 6.99997 9.16046
11.3156 -5.29027 258.686 6.99997 9.16046
15.0861 -7.05346 278.248 6.99998 9.16046
18.8557 -8.81645 297.811 6.99998 9.16046
22.6247 -10.5792 317.373 6.99998 9.16046
26.393 -12.3418 336.936 6.99998 9.16046
30.1609 -14.1042 356.499 6.99999 9.16046
33.9284 -15.8664 376.061 6.99999 9.16046
37.6958 -17.6286 395.624 6.99999 9.16046
0.000100034 -3.5674e-05 200 6.99997 9.16046
3.77243 -1.76351 219.562 6.99997 9.16046
7.54431 -3.52694 239.124 6.99997 9.16046
11.3156 -5.29027 258.686 6.99997 9.16046
15.0861 -7.05346 278.248 6.99998 9.16046
18.8557 -8.81645 297.811 6.99998 9.16046
22.6247 -10.5792 317.373 6.99998 9.16046
26.393 -12.3418 336.936 6.99998 9.16046
30.1609 -14.1042 356.499 6.99999 9.16046
33.9284 -15.8664 376.061 6.99999 9.16046
37.6958 -17.6286 395.624 6.99999 9.16046
0.000100034 -3.5674e-05 200 6.99997 9.16046
3.77243 -1.76351 219.562 6.99997 9.16046
7.54431 -3.52694 239.124 6.99997 9.16046
11.3156 -5.29027 258.686 6.99997 9.16046
15.0861 -7.05346 278.248 6.99998 9.16046
18.8557 -8.81645 297.811 6.99998 9.16046
22.6247 -10.5792 317.373 6.99998 9.16046
26.393 -12.3418 336.936 6.99998 9.16046
30.1609 -14.1042 356.499 6.99999 9.16046
33.9284 -15.8664 376.061 6.99999 9.16046
37.6958 -17.6286 395.624 6.99999 9.16046
0.000100034 -3.5674e-05 200 6.99997 9.16046
3.77243 -1.76351 219.562 6.99997 9.16046
7.54431 -3.52694 239.124 6.99997 9.16046
11.3156 -5.29027 258.686 6.99997 9.16046
15.0861 -7.05346 278.248 6.99998 9.16046
18.8557 -8.81645 297.811 6.99998 9.16046
22.6247 -10.5792 317.373 6.99998 9.16046
26.393 -12.3418 336.936 6.99998 9.16046
30.1609 -14.1042 356.499 6.99999 9.16046
33.9284 -15.8664 376.061 6.99999 9.16046
37.6958 -17.6286 395.624 6.99999 9.16046
0.000100034 -3.5674e-05 200 6.99997 9.16046
3.77243 -1.76351 219.562 6.99997 9.16046
7.54431 -3.52694 239.124 6.99997 9.16046
11.3156 -5.29027 258.686 6.99997 9.16046
15.0861 -7.05346 278.248 6.99998 9.16046
18.8557 -8.81645 297.811 6.99998 9.16046
22.6247 -10.5792 317.373 6.99998 9.16046
26.393 -12.3418 336.936 6.99998 9.16046
30.1609 -14.1042 356.499 6.99999 9.16046
33.9284 -15.8664 376.061 6.99999 9.16046
37.6958 -17.6286 395.624 6.99999 9.16046
0.000100034 -3.5674e-05 200 6.99997 9.16046
3.77243 -1.76351 219.562 6.99997 9.16046
7.54431 -3.52694 239.124 6.99997 9.16046
11.3156 -5.29027 258.686 6.99997 9.16046
15.0861 -7.05346 278.248 6.99998 9.16046
18.8557 -8.81645 297.811 6.99998 9.16046
22.6247 -10.5792 317.373 6.99998 9.16046
26.393 -12.3418 336.936 6.99998 9.16046
30.1609 -14.1042 356.499 6.99999 9.16046
33.9284 -15.8664 376.061 6.99999 9.16046
37.6958 -17.6286 395.624 6.99999 9.16046
