8.22718e-05 -2.04989e-05 200 6.99999 6.38032
9.44051 -3.0447 217.367 6.99999 6.38032
18.8808 -6.08943 234.734 6.99999 6.38032
28.3206 -9.13423 252.101 6.99999 6.38032
37.7594 -12.1791 269.469 6.99999 6.38032
47.197 -15.2241 286.838 6.99999 6.38032
56.6334 -18.2693 304.207 6.99999 6.38032
66.0683 -21.3148 321.576 7 6.38032
75.5021 -24.3605 338.947 7 6.38032
84.9351 -27.4063 356.317 7 6.38032
94.3676 -30.4523 373.688 7 6.38032
8.22718e-05 -2.04989e-05 200 6.99999 6.38032
9.44051 -3.0447 217.367 6.99999 6.38032
18.8808 -6.08943 234.734 6.99999 6.38032
28.3206 -9.13423 252.101 6.99999 6.38032
37.7594 -12.1791 269.469 6.99999 6.38032
47.197 -15.2241 286.838 6.99999 6.38032
56.6334 -18.2693 304.207 6.99999 6.38032
66.0683 -21.3148 321.576 7 6.38032
75.5021 -24.3605 338.947 7 6.38032
84.9351 -27.4063 356.317 7 6.38032
94.3676 -30.4523 373.688 7 6.38032
8.22718e-05 -2.04989e-05 200 6.99999 6.38032
9.44051 -3.0447 217.367 6.99999 6.38032
18.8808 -6.08943 234.734 6.99999 6.38032
28.3206 -9.13423 252.101 6.99999 6.38032
37.7594 -12.1791 269.469 6.99999 6.38032
47.197 -15.2241 286.838 6.99999 6.38032
56.6334 -18.2693 304.207 6.99999 6.38032
66.0683 -21.3148 321.576 7 6.38032
75.5021 -24.3605 338.947 7 6.38032
84.9351 -27.4063 356.317 7 6.38032
94.3676 -30.4523 373.688 7 6.38032
8.22718e-05 -2.04989e-05 200 6.99999 6.38032
9.44051 -3.0447 217.367 6.99999 6.38032
18.8808 -6.08943 234.734 6.99999 6.38032
28.3206 -9.13423 252.101 6.99999 6.38032
37.7594 -12.1791 269.469 6.99999 6.38032
47.197 -15.2241 286.838 6.99999 6.38032
56.6334 -18.2693 304.207 6.99999 6.38032
66.0683 -21.3148 321.576 7 6.38032
75.5021 -24.3605 338.947 7 6.38032
84.9351 -27.4063 356.317 7 6.38032
94.3676 -30.4523 373.688 7 6.38032
8.22718e-05 -2.04989e-05 200 6.99999 6.38032
9.44051 -3.0447 217.367 6.99999 6.38032
18.8808 -6.08943 234.734 6.99999 6.38032
28.3206 -9.13423 252.101 6.99999 6.38032
37.7594 -12.1791 269.469 6.99999 6.38032
47.197 -15.2241 286.838 6.99999 6.38032
56.6334 -18.2693 304.207 6.99999 6.38032
66.0683 -21.3148 321.576 7 6.38032
75.5021 -24.3605 338.947 7 6.38032
84.9351 -27.4063 356.317 7 6.38032
94.3676 -30.4523 373.688 7 6.38032
8.22718e-05 -2.04989e-05 200 6.99999 6.38032
9.44051 -3.0447 217.367 6.99999 6.38032
18.8808 -6.08943 234.734 6.99999 6.38032
28.3206 -9.13423 252.101 6.99999 6.38032
37.7594 -12.1791 269.469 6.99999 6.38032
47.197 -15.2241 286.838 6.99999 6.38032
56.6334 -18.2693 304.207 6.99999 6.38032
66.0683 -21.3148 321.576 7 6.38032
75.5021 -24.3605 338.947 7 6.38032
84.9351 -27.4063 356.317 7 6.38032
94.3676 -30.4523 373.688 7 6.38032
