0.000110601 7.6548e-06 200 6.99999 5.54028
18.3002 2.05614 192.197 6.99999 5.54028
36.6003 4.11232 184.395 6.99999 5.54028
54.9002 6.16853 176.592 6.99999 5.54028
73.2003 8.22473 168.789 6.99999 5.54028
91.5006 10.2809 160.987 6.99999 5.54028
109.801 12.337 153.185 7 5.54028
128.102 14.3933 145.384 7 5.54028
146.403 16.4497 137.584 7 5.54028
164.704 18.5062 129.785 7 5.54028
183.006 20.5628 121.985 7 5.54028
0.000110601 7.6548e-06 200 6.99999 5.54028
18.3002 2.05614 192.197 6.99999 5.54028
36.6003 4.11232 184.395 6.99999 5.54028
54.9002 6.16853 176.592 6.99999 5.54028
73.2003 8.22473 168.789 6.99999 5.54028
91.5006 10.2809 160.987 6.99999 5.54028
109.801 12.337 153.185 7 5.54028
128.102 14.3933 145.384 7 5.54028
146.403 16.4497 137.584 7 5.54028
164.704 18.5062 129.785 7 5.54028
183.006 20.5628 121.985 7 5.54028
0.000110601 7.6548e-06 200 6.99999 5.54028
18.3002 2.05614 192.197 6.99999 5.54028
36.6003 4.11232 184.395 6.99999 5.54028
54.9002 6.16853 176.592 6.99999 5.54028
73.2003 8.22473 168.789 6.99999 5.54028
91.5006 10.2809 160.987 6.99999 5.54028
109.801 12.337 153.185 7 5.54028
128.102 14.3933 145.384 7 5.54028
146.403 16.4497 137.584 7 5.54028
164.704 18.5062 129.785 7 5.54028
183.006 20.5628 121.985 7 5.54028
0.000110601 7.6548e-06 200 6.99999 5.54028
18.3002 2.05614 192.197 6.99999 5.54028
36.6003 4.11232 184.395 6.99999 5.54028
54.9002 6.16853 176.592 6.99999 5.54028
73.2003 8.22473 168.789 6.99999 5.54028
91.5006 10.2809 160.987 6.99999 5.54028
109.801 12.337 153.185 7 5.54028
128.102 14.3933 145.384 7 5.54028
146.403 16.4497 137.584 7 5.54028
164.704 18.5062 129.785 7 5.54028
183.006 20.5628 121.985 7 5.54028
0.000110601 7.6548e-06 200 6.99999 5.54028
18.3002 2.05614 192.197 6.99999 5.54028
36.6003 4.11232 184.395 6.99999 5.54028
54.9002 6.16853 176.592 6.99999 5.54028
73.2003 8.22473 168.789 6.99999 5.54028
91.5006 10.2809 160.987 6.99999 5.54028
109.801 12.337 153.185 7 5.54028
128.102 14.3933 145.384 7 5.54028
146.403 16.4497 137.584 7 5.54028
164.704 18.5062 129.785 7 5.54028
183.006 20.5628 121.985 7 5.54028
0.000110601 7.6548e-06 200 6.99999 5.54028
18.3002 2.05614 192.197 6.99999 5.54028
36.6003 4.11232 184.395 6.99999 5.54028
54.9002 6.16853 176.592 6.99999 5.54028
73.2003 8.22473 168.789 6.99999 5.54028
91.5006 10.2809 160.987 6.99999 5.54028
109.801 12.337 153.185 7 5.54028
128.102 14.3933 145.384 7 5.54028
146.403 16.4497 137.584 7 5.54028
164.704 18.5062 129.785 7 5.54028
183.006 20.5628 121.985 7 5.54028
