-3.28826e-05 -2.74238e-05 200 6.99999 3.48017
-16.0055 3.03745 211.602 6.99999 3.48017
-32.0114 6.07547 223.203 6.99999 3.48017
-48.018 9.11507 234.802 7 3.48017
-64.0258 12.157 246.4 7 3.48017
-80.0348 15.2015 257.995 7 3.48017
-96.045 18.2481 269.588 7 3.48017
-112.056 21.2968 281.179 7 3.48017
-128.068 24.347 292.768 7 3.48017
-144.08 27.3981 304.357 7 3.48017
-160.092 30.4497 315.946 7 3.48017
-3.28826e-05 -2.74238e-05 200 6.99999 3.48017
-16.0055 3.03745 211.602 6.99999 3.48017
-32.0114 6.07547 223.203 6.99999 3.48017
-48.018 9.11507 234.802 7 3.48017
-64.0258 12.157 246.4 7 3.48017
-80.0348 15.2015 257.995 7 3.48017
-96.045 18.2481 269.588 7 3.48017
-112.056 21.2968 281.179 7 3.48017
-128.068 24.347 292.768 7 3.48017
-144.08 27.3981 304.357 7 3.48017
-160.092 30.4497 315.946 7 3.48017
-3.28826e-05 -2.74238e-05 200 6.99999 3.48017
-16.0055 3.03745 211.602 6.99999 3.48017
-32.0114 6.07547 223.203 6.99999 3.48017
-48.018 9.11507 234.802 7 3.48017
-64.0258 12.157 246.4 7 3.48017
-80.0348 15.2015 257.995 7 3.48017
-96.045 18.2481 269.588 7 3.48017
-112.056 21.2968 281.179 7 3.48017
-128.068 24.347 292.768 7 3.48017
-144.08 27.3981 304.357 7 3.48017
-160.092 30.4497 315.946 7 3.48017
-3.28826e-05 -2.74238e-05 200 6.99999 3.48017
-16.0055 3.03745 211.602 6.99999 3.48017
-32.0114 6.07547 223.203 6.99999 3.48017
-48.018 9.11507 234.802 7 3.48017
-64.0258 12.157 246.4 7 3.48017
-80.0348 15.2015 257.995 7 3.48017
-96.045 18.2481 269.588 7 3.48017
-112.056 21.2968 281.179 7 3.48017
-128.068 24.347 292.768 7 3.48017
-144.08 27.3981 304.357 7 3.48017
-160.092 30.4497 315.946 7 3.48017
-3.28826e-05 -2.74238e-05 200 6.99999 3.48017
-16.0055 3.03745 211.602 6.99999 3.48017
-32.0114 6.07547 223.203 6.99999 3.48017
-48.018 9.11507 234.802 7 3.48017
-64.0258 12.157 246.4 7 3.48017
-80.0348 15.2015 257.995 7 3.48017
-96.045 18.2481 269.588 7 3.48017
-112.056 21.2968 281.179 7 3.48017
-128.068 24.347 292.768 7 3.48017
-144.08 27.3981 304.357 7 3.48017
-160.092 30.4497 315.946 7 3.48017
-3.28826e-05 -2.74238e-05 200 6.99999 3.48017
-16.0055 3.03745 211.602 6.99999 3.48017
-32.0114 6.07547 223.203 6.99999 3.48017
-48.018 9.11507 234.802 7 3.48017
-64.0258 12.157 246.4 7 3.48017
-80.0348 15.2015 257.995 7 3.48017
-96.045 18.2481 269.588 7 3.48017
-112.056 21.2968 281.179 7 3.48017
-128.068 24.347 292.768 7 3.48017
-144.08 27.3981 304.357 7 3.48017
-160.092 30.4497 315.946 7 3.48017
