0 -6.74553e-06 200 7 0.100005
0 -19.9982 199.732 7 0.100005
0 -39.9964 199.464 7 0.100005
0 -59.9946 199.194 7 0.100005
0 -79.9928 198.923 7 0.100005
0 -99.9909 198.649 7 0.100005
0 -119.989 198.373 7 0.100005
0 -139.987 198.093 7 0.100005
0 -159.985 197.809 7 0.100005
0 -179.983 197.522 7 0.100005
0 -199.981 197.234 7 0.100005
0 -6.74553e-06 200 7 0.100005
0 -19.9982 199.732 7 0.100005
0 -39.9964 199.464 7 0.100005
0 -59.9946 199.194 7 0.100005
0 -79.9928 198.923 7 0.100005
0 -99.9909 198.649 7 0.100005
0 -119.989 198.373 7 0.100005
0 -139.987 198.093 7 0.100005
0 -159.985 197.809 7 0.100005
0 -179.983 197.522 7 0.100005
0 -199.981 197.234 7 0.100005
0 -6.74553e-06 200 7 0.100005
0 -19.9982 199.732 7 0.100005
0 -39.9964 199.464 7 0.100005
0 -59.9946 199.194 7 0.100005
0 -79.9928 198.923 7 0.100005
0 -99.9909 198.649 7 0.100005
0 -119.989 198.373 7 0.100005
0 -139.987 198.093 7 0.100005
0 -159.985 197.809 7 0.100005
0 -179.983 197.522 7 0.100005
0 -199.981 197.234 7 0.100005
0 -6.74553e-06 200 7 0.100005
0 -19.9982 199.732 7 0.100005
0 -39.9964 199.464 7 0.100005
0 -59.9946 199.194 7 0.100005
0 -79.9928 198.923 7 0.100005
0 -99.9909 198.649 7 0.100005
0 -119.989 198.373 7 0.100005
0 -139.987 198.093 7 0.100005
0 -159.985 197.809 7 0.100005
0 -179.983 197.522 7 0.100005
0 -199.981 197.234 7 0.100005
0 -6.74553e-06 200 7 0.100005
0 -19.9982 199.732 7 0.100005
0 -39.9964 199.464 7 0.100005
0 -59.9946 199.194 7 0.100005
0 -79.9928 198.923 7 0.100005
0 -99.9909 198.649 7 0.100005
0 -119.989 198.373 7 0.100005
0 -139.987 198.093 7 0.100005
0 -159.985 197.809 7 0.100005
0 -179.983 197.522 7 0.100005
0 -199.981 197.234 7 0.100005
0 -6.74553e-06 200 7 0.100005
0 -19.9982 199.732 7 0.100005
0 -39.9964 199.464 7 0.100005
0 -59.9946 199.194 7 0.100005
0 -79.9928 198.923 7 0.100005
0 -99.9909 198.649 7 0.100005
0 -119.989 198.373 7 0.100005
0 -139.987 198.093 7 0.100005
0 -159.985 197.809 7 0.100005
0 -179.983 197.522 7 0.100005
0 -199.981 197.234 7 0.100005
