-6.49873e-05 2.51224e-05 200 6.99999 4.42022
-12.2527 6.96926 185.812 6.99999 4.42022
-24.5052 13.9386 171.624 6.99999 4.42022
-36.7577 20.9081 157.435 6.99999 4.42022
-49.0102 27.8779 143.247 6.99999 4.42022
-61.2628 34.8477 129.059 7 4.42022
-73.5157 41.8175 114.872 7 4.42022
-85.7689 48.7871 100.684 7 4.42022
-98.0221 55.7568 86.4969 7 4.42022
-110.275 62.7266 72.3093 7 4.42022
-122.528 69.6966 58.1217 7 4.42022
-6.49873e-05 2.51224e-05 200 6.99999 4.42022
-12.2527 6.96926 185.812 6.99999 4.42022
-24.5052 13.9386 171.624 6.99999 4.42022
-36.7577 20.9081 157.435 6.99999 4.42022
-49.0102 27.8779 143.247 6.99999 4.42022
-61.2628 34.8477 129.059 7 4.42022
-73.5157 41.8175 114.872 7 4.42022
-85.7689 48.7871 100.684 7 4.42022
-98.0221 55.7568 86.4969 7 4.42022
-110.275 62.7266 72.3093 7 4.42022
-122.528 69.6966 58.1217 7 4.42022
-6.49873e-05 2.51224e-05 200 6.99999 4.42022
-12.2527 6.96926 185.812 6.99999 4.42022
-24.5052 13.9386 171.624 6.99999 4.42022
-36.7577 20.9081 157.435 6.99999 4.42022
-49.0102 27.8779 143.247 6.99999 4.42022
-61.2628 34.8477 129.059 7 4.42022
-73.5157 41.8175 114.872 7 4.42022
-85.7689 48.7871 100.684 7 4.42022
-98.0221 55.7568 86.4969 7 4.42022
-110.275 62.7266 72.3093 7 4.42022
-122.528 69.6966 58.1217 7 4.42022
-6.49873e-05 2.51224e-05 200 6.99999 4.42022
-12.2527 6.96926 185.812 6.99999 4.42022
-24.5052 13.9386 171.624 6.99999 4.42022
-36.7577 20.9081 157.435 6.99999 4.42022
-49.0102 27.8779 143.247 6.99999 4.42022
-61.2628 34.8477 129.059 7 4.42022
-73.5157 41.8175 114.872 7 4.42022
-85.7689 48.7871 100.684 7 4.42022
-98.0221 55.7568 86.4969 7 4.42022
-110.275 62.7266 72.3093 7 4.42022
-122.528 69.6966 58.1217 7 4.42022
-6.49873e-05 2.51224e-05 200 6.99999 4.42022
-12.2527 6.96926 185.812 6.99999 4.42022
-24.5052 13.9386 171.624 6.99999 4.42022
-36.7577 20.9081 157.435 6.99999 4.42022
-49.0102 27.8779 143.247 6.99999 4.42022
-61.2628 34.8477 129.059 7 4.42022
-73.5157 41.8175 114.872 7 4.42022
-85.7689 48.7871 100.684 7 4.42022
-98.0221 55.7568 86.4969 7 4.42022
-110.275 62.7266 72.3093 7 4.42022
-122.528 69.6966 58.1217 7 4.42022
-6.49873e-05 2.51224e-05 200 6.99999 4.42022
-12.2527 6.96926 185.812 6.99999 4.42022
-24.5052 13.9386 171.624 6.99999 4.42022
-36.7577 20.9081 157.435 6.99999 4.42022
-49.0102 27.8779 143.247 6.99999 4.42022
-61.2628 34.8477 129.059 7 4.42022
-73.5157 41.8175 114.872 7 4.42022
-85.7689 48.7871 100.684 7 4.42022
-98.0221 55.7568 86.4969 7 4.42022
-110.275 62.7266 72.3093 7 4.42022
-122.528 69.6966 58.1217 7 4.42022
