0.000137266 -8.01916e-06 200 6.99999 5.9403
19.2311 -0.732069 205.444 6.99999 5.9403
38.4619 -1.46408 210.889 6.99999 5.9403
57.6924 -2.19604 216.334 6.99999 5.9403
76.9226 -2.92801 221.781 6.99999 5.9403
96.1524 -3.66008 227.229 6.99999 5.9403
115.382 -4.39238 232.678 6.99999 5.9403
134.611 -5.12494 238.129 7 5.9403
153.839 -5.85769 243.581 7 5.9403
173.068 -6.59052 249.033 7 5.9403
192.296 -7.32338 254.486 7 5.9403
0.000137266 -8.01916e-06 200 6.99999 5.9403
19.2311 -0.732069 205.444 6.99999 5.9403
38.4619 -1.46408 210.889 6.99999 5.9403
57.6924 -2.19604 216.334 6.99999 5.9403
76.9226 -2.92801 221.781 6.99999 5.9403
96.1524 -3.66008 227.229 6.99999 5.9403
115.382 -4.39238 232.678 6.99999 5.9403
134.611 -5.12494 238.129 7 5.9403
153.839 -5.85769 243.581 7 5.9403
173.068 -6.59052 249.033 7 5.9403
192.296 -7.32338 254.486 7 5.9403
0.000137266 -8.01916e-06 200 6.99999 5.9403
19.2311 -0.732069 205.444 6.99999 5.9403
38.4619 -1.46408 210.889 6.99999 5.9403
57.6924 -2.19604 216.334 6.99999 5.9403
76.9226 -2.92801 221.781 6.99999 5.9403
96.1524 -3.66008 227.229 6.99999 5.9403
115.382 -4.39238 232.678 6.99999 5.9403
134.611 -5.12494 238.129 7 5.9403
153.839 -5.85769 243.581 7 5.9403
173.068 -6.59052 249.033 7 5.9403
192.296 -7.32338 254.486 7 5.9403
0.000137266 -8.01916e-06 200 6.99999 5.9403
19.2311 -0.732069 205.444 6.99999 5.9403
38.4619 -1.46408 210.889 6.99999 5.9403
57.6924 -2.19604 216.334 6.99999 5.9403
76.9226 -2.92801 221.781 6.99999 5.9403
96.1524 -3.66008 227.229 6.99999 5.9403
115.382 -4.39238 232.678 6.99999 5.9403
134.611 -5.12494 238.129 7 5.9403
153.839 -5.85769 243.581 7 5.9403
173.068 -6.59052 249.033 7 5.9403
192.296 -7.32338 254.486 7 5.9403
0.000137266 -8.01916e-06 200 6.99999 5.9403
19.2311 -0.732069 205.444 6.99999 5.9403
38.4619 -1.46408 210.889 6.99999 5.9403
57.6924 -2.19604 216.334 6.99999 5.9403
76.9226 -2.92801 221.781 6.99999 5.9403
96.1524 -3.66008 227.229 6.99999 5.9403
115.382 -4.39238 232.678 6.99999 5.9403
134.611 -5.12494 238.129 7 5.9403
153.839 -5.85769 243.581 7 5.9403
173.068 -6.59052 249.033 7 5.9403
192.296 -7.32338 254.486 7 5.9403
0.000137266 -8.01916e-06 200 6.99999 5.9403
19.2311 -0.732069 205.444 6.99999 5.9403
38.4619 -1.46408 210.889 6.99999 5.9403
57.6924 -2.19604 216.334 6.99999 5.9403
76.9226 -2.92801 221.781 6.99999 5.9403
96.1524 -3.66008 227.229 6.99999 5.9403
115.382 -4.39238 232.678 6.99999 5.9403
134.611 -5.12494 238.129 7 5.9403
153.839 -5.85769 243.581 7 5.9403
173.068 -6.59052 249.033 7 5.9403
192.296 -7.32338 254.486 7 5.9403
