-0.000105806 1.02465e-05 200 6.99999 4.32022
-14.4726 6.92224 188.057 6.99999 4.32022
-28.9444 13.8448 176.114 6.99999 4.32022
-43.415 20.768 164.169 6.99999 4.32022
-57.8837 27.6925 152.223 6.99999 4.32022
-72.3503 34.6184 140.275 7 4.32022
-86.8146 41.5461 128.326 7 4.32022
-101.277 48.4752 116.375 7 4.32022
-115.737 55.4057 104.422 7 4.32022
-130.197 62.3369 92.4689 7 4.32022
-144.656 69.2683 80.5156 7 4.32022
-0.000105806 1.02465e-05 200 6.99999 4.32022
-14.4726 6.92224 188.057 6.99999 4.32022
-28.9444 13.8448 176.114 6.99999 4.32022
-43.415 20.768 164.169 6.99999 4.32022
-57.8837 27.6925 152.223 6.99999 4.32022
-72.3503 34.6184 140.275 7 4.32022
-86.8146 41.5461 128.326 7 4.32022
-101.277 48.4752 116.375 7 4.32022
-115.737 55.4057 104.422 7 4.32022
-130.197 62.3369 92.4689 7 4.32022
-144.656 69.2683 80.5156 7 4.32022
-0.000105806 1.02465e-05 200 6.99999 4.32022
-14.4726 6.92224 188.057 6.99999 4.32022
-28.9444 13.8448 176.114 6.99999 4.32022
-43.415 20.768 164.169 6.99999 4.32022
-57.8837 27.6925 152.223 6.99999 4.32022
-72.3503 34.6184 140.275 7 4.32022
-86.8146 41.5461 128.326 7 4.32022
-101.277 48.4752 116.375 7 4.32022
-115.737 55.4057 104.422 7 4.32022
-130.197 62.3369 92.4689 7 4.32022
-144.656 69.2683 80.5156 7 4.32022
-0.000105806 1.02465e-05 200 6.99999 4.32022
-14.4726 6.92224 188.057 6.99999 4.32022
-28.9444 13.8448 176.114 6.99999 4.32022
-43.415 20.768 164.169 6.99999 4.32022
-57.8837 27.6925 152.223 6.99999 4.32022
-72.3503 34.6184 140.275 7 4.32022
-86.8146 41.5461 128.326 7 4.32022
-101.277 48.4752 116.375 7 4.32022
-115.737 55.4057 104.422 7 4.32022
-130.197 62.3369 92.4689 7 4.32022
-144.656 69.2683 80.5156 7 4.32022
-0.000105806 1.02465e-05 200 6.99999 4.32022
-14.4726 6.92224 188.057 6.99999 4.32022
-28.9444 13.8448 176.114 6.99999 4.32022
-43.415 20.768 164.169 6.99999 4.32022
-57.8837 27.6925 152.223 6.99999 4.32022
-72.3503 34.6184 140.275 7 4.32022
-86.8146 41.5461 128.326 7 4.32022
-101.277 48.4752 116.375 7 4.32022
-115.737 55.4057 104.422 7 4.32022
-130.197 62.3369 92.4689 7 4.32022
-144.656 69.2683 80.5156 7 4.32022
-0.000105806 1.02465e-05 200 6.99999 4.32022
-14.4726 6.92224 188.057 6.99999 4.32022
-28.9444 13.8448 176.114 6.99999 4.32022
-43.415 20.768 164.169 6.99999 4.32022
-57.8837 27.6925 152.223 6.99999 4.32022
-72.3503 34.6184 140.275 7 4.32022
-86.8146 41.5461 128.326 7 4.32022
-101.277 48.4752 116.375 7 4.32022
-115.737 55.4057 104.422 7 4.32022
-130.197 62.3369 92.4689 7 4.32022
-144.656 69.2683 80.5156 7 4.32022
