-3.9911e-05 5.19401e-05 200 7 2.98015
-5.15559 -1.43179 219.271 7 2.98015
-10.3108 -2.86442 238.542 7 2.98015
-15.4654 -4.29852 257.813 7 2.98015
-20.6193 -5.7348 277.084 7 2.98015
-25.7723 -7.17338 296.355 7 2.98015
-30.9247 -8.61385 315.627 7 2.98015
-36.0769 -10.0556 334.898 7 2.98015
-41.229 -11.4981 354.169 7 2.98015
-46.3812 -12.9409 373.44 7 2.98015
-51.5338 -14.3838 392.711 7 2.98015
-3.9911e-05 5.19401e-05 200 7 2.98015
-5.15559 -1.43179 219.271 7 2.98015
-10.3108 -2.86442 238.542 7 2.98015
-15.4654 -4.29852 257.813 7 2.98015
-20.6193 -5.7348 277.084 7 2.98015
-25.7723 -7.17338 296.355 7 2.98015
-30.9247 -8.61385 315.627 7 2.98015
-36.0769 -10.0556 334.898 7 2.98015
-41.229 -11.4981 354.169 7 2.98015
-46.3812 -12.9409 373.44 7 2.98015
-51.5338 -14.3838 392.711 7 2.98015
-3.9911e-05 5.19401e-05 200 7 2.98015
-5.15559 -1.43179 219.271 7 2.98015
-10.3108 -2.86442 238.542 7 2.98015
-15.4654 -4.29852 257.813 7 2.98015
-20.6193 -5.7348 277.084 7 2.98015
-25.7723 -7.17338 296.355 7 2.98015
-30.9247 -8.61385 315.627 7 2.98015
-36.0769 -10.0556 334.898 7 2.98015
-41.229 -11.4981 354.169 7 2.98015
-46.3812 -12.9409 373.44 7 2.98015
-51.5338 -14.3838 392.711 7 2.98015
-3.9911e-05 5.19401e-05 200 7 2.98015
-5.15559 -1.43179 219.271 7 2.98015
-10.3108 -2.86442 238.542 7 2.98015
-15.4654 -4.29852 257.813 7 2.98015
-20.6193 -5.7348 277.084 7 2.98015
-25.7723 -7.17338 296.355 7 2.98015
-30.9247 -8.61385 315.627 7 2.98015
-36.0769 -10.0556 334.898 7 2.98015
-41.229 -11.4981 354.169 7 2.98015
-46.3812 -12.9409 373.44 7 2.98015
-51.5338 -14.3838 392.711 7 2.98015
-3.9911e-05 5.19401e-05 200 7 2.98015
-5.15559 -1.43179 219.271 7 2.98015
-10.3108 -2.86442 238.542 7 2.98015
-15.4654 -4.29852 257.813 7 2.98015
-20.6193 -5.7348 277.084 7 2.98015
-25.7723 -7.17338 296.355 7 2.98015
-30.9247 -8.61385 315.627 7 2.98015
-36.0769 -10.0556 334.898 7 2.98015
-41.229 -11.4981 354.169 7 2.98015
-46.3812 -12.9409 373.44 7 2.98015
-51.5338 -14.3838 392.711 7 2.98015
-3.9911e-05 5.19401e-05 200 7 2.98015
-5.15559 -1.43179 219.271 7 2.98015
-10.3108 -2.86442 238.542 7 2.98015
-15.4654 -4.29852 257.813 7 2.98015
-20.6193 -5.7348 277.084 7 2.98015
-25.7723 -7.17338 296.355 7 2.98015
-30.9247 -8.61385 315.627 7 2.98015
-36.0769 -10.0556 334.898 7 2.98015
-41.229 -11.4981 354.169 7 2.98015
-46.3812 -12.9409 373.44 7 2.98015
-51.5338 -14.3838 392.711 7 2.98015
