0.000137935 -8.47852e-06 200 6.99999 6.12031
16.5082 -1.82969 211.142 6.99999 6.12031
33.016 -3.65943 222.284 6.99999 6.12031
49.5232 -5.4893 233.427 6.99999 6.12031
66.0293 -7.3193 244.572 6.99999 6.12031
82.5341 -9.14943 255.718 6.99999 6.12031
99.0376 -10.9797 266.866 6.99999 6.12031
115.54 -12.8101 278.017 7 6.12031
132.041 -14.6407 289.168 7 6.12031
148.541 -16.4715 300.321 7 6.12031
165.041 -18.3024 311.474 7 6.12031
0.000137935 -8.47852e-06 200 6.99999 6.12031
16.5082 -1.82969 211.142 6.99999 6.12031
33.016 -3.65943 222.284 6.99999 6.12031
49.5232 -5.4893 233.427 6.99999 6.12031
66.0293 -7.3193 244.572 6.99999 6.12031
82.5341 -9.14943 255.718 6.99999 6.12031
99.0376 -10.9797 266.866 6.99999 6.12031
115.54 -12.8101 278.017 7 6.12031
132.041 -14.6407 289.168 7 6.12031
148.541 -16.4715 300.321 7 6.12031
165.041 -18.3024 311.474 7 6.12031
0.000137935 -8.47852e-06 200 6.99999 6.12031
16.5082 -1.82969 211.142 6.99999 6.12031
33.016 -3.65943 222.284 6.99999 6.12031
49.5232 -5.4893 233.427 6.99999 6.12031
66.0293 -7.3193 244.572 6.99999 6.12031
82.5341 -9.14943 255.718 6.99999 6.12031
99.0376 -10.9797 266.866 6.99999 6.12031
115.54 -12.8101 278.017 7 6.12031
132.041 -14.6407 289.168 7 6.12031
148.541 -16.4715 300.321 7 6.12031
165.041 -18.3024 311.474 7 6.12031
0.000137935 -8.47852e-06 200 6.99999 6.12031
16.5082 -1.82969 211.142 6.99999 6.12031
33.016 -3.65943 222.284 6.99999 6.12031
49.5232 -5.4893 233.427 6.99999 6.12031
66.0293 -7.3193 244.572 6.99999 6.12031
82.5341 -9.14943 255.718 6.99999 6.12031
99.0376 -10.9797 266.866 6.99999 6.12031
115.54 -12.8101 278.017 7 6.12031
132.041 -14.6407 289.168 7 6.12031
148.541 -16.4715 300.321 7 6.12031
165.041 -18.3024 311.474 7 6.12031
0.000137935 -8.47852e-06 200 6.99999 6.12031
16.5082 -1.82969 211.142 6.99999 6.12031
33.016 -3.65943 222.284 6.99999 6.12031
49.5232 -5.4893 233.427 6.99999 6.12031
66.0293 -7.3193 244.572 6.99999 6.12031
82.5341 -9.14943 255.718 6.99999 6.12031
99.0376 -10.9797 266.866 6.99999 6.12031
115.54 -12.8101 278.017 7 6.12031
132.041 -14.6407 289.168 7 6.12031
148.541 -16.4715 300.321 7 6.12031
165.041 -18.3024 311.474 7 6.12031
0.000137935 -8.47852e-06 200 6.99999 6.12031
16.5082 -1.82969 211.142 6.99999 6.12031
33.016 -3.65943 222.284 6.99999 6.12031
49.5232 -5.4893 233.427 6.99999 6.12031
66.0293 -7.3193 244.572 6.99999 6.12031
82.5341 -9.14943 255.718 6.99999 6.12031
99.0376 -10.9797 266.866 6.99999 6.12031
115.54 -12.8101 278.017 7 6.12031
132.041 -14.6407 289.168 7 6.12031
148.541 -16.4715 300.321 7 6.12031
165.041 -18.3024 311.474 7 6.12031
