5.40385e-05 -5.45211e-05 200 7 1.80009
14.0581 -13.074 205.607 7 1.80009
28.1159 -26.1476 211.216 7 1.80009
42.1732 -39.2207 216.828 7 1.80009
56.2297 -52.2935 222.442 7 1.80009
70.2854 -65.366 228.058 7 1.80009
84.34 -78.4384 233.678 7 1.80009
98.3936 -91.5109 239.3 7 1.80009
112.446 -104.584 244.924 7 1.80009
126.498 -117.657 250.548 7 1.80009
140.55 -130.73 256.174 7 1.80009
5.40385e-05 -5.45211e-05 200 7 1.80009
14.0581 -13.074 205.607 7 1.80009
28.1159 -26.1476 211.216 7 1.80009
42.1732 -39.2207 216.828 7 1.80009
56.2297 -52.2935 222.442 7 1.80009
70.2854 -65.366 228.058 7 1.80009
84.34 -78.4384 233.678 7 1.80009
98.3936 -91.5109 239.3 7 1.80009
112.446 -104.584 244.924 7 1.80009
126.498 -117.657 250.548 7 1.80009
140.55 -130.73 256.174 7 1.80009
5.40385e-05 -5.45211e-05 200 7 1.80009
14.0581 -13.074 205.607 7 1.80009
28.1159 -26.1476 211.216 7 1.80009
42.1732 -39.2207 216.828 7 1.80009
56.2297 -52.2935 222.442 7 1.80009
70.2854 -65.366 228.058 7 1.80009
84.34 -78.4384 233.678 7 1.80009
98.3936 -91.5109 239.3 7 1.80009
112.446 -104.584 244.924 7 1.80009
126.498 -117.657 250.548 7 1.80009
140.55 -130.73 256.174 7 1.80009
5.40385e-05 -5.45211e-05 200 7 1.80009
14.0581 -13.074 205.607 7 1.80009
28.1159 -26.1476 211.216 7 1.80009
42.1732 -39.2207 216.828 7 1.80009
56.2297 -52.2935 222.442 7 1.80009
70.2854 -65.366 228.058 7 1.80009
84.34 -78.4384 233.678 7 1.80009
98.3936 -91.5109 239.3 7 1.80009
112.446 -104.584 244.924 7 1.80009
126.498 -117.657 250.548 7 1.80009
140.55 -130.73 256.174 7 1.80009
5.40385e-05 -5.45211e-05 200 7 1.80009
14.0581 -13.074 205.607 7 1.80009
28.1159 -26.1476 211.216 7 1.80009
42.1732 -39.2207 216.828 7 1.80009
56.2297 -52.2935 222.442 7 1.80009
70.2854 -65.366 228.058 7 1.80009
84.34 -78.4384 233.678 7 1.80009
98.3936 -91.5109 239.3 7 1.80009
112.446 -104.584 244.924 7 1.80009
126.498 -117.657 250.548 7 1.80009
140.55 -130.73 256.174 7 1.80009
5.40385e-05 -5.45211e-05 200 7 1.80009
14.0581 -13.074 205.607 7 1.80009
28.1159 -26.1476 211.216 7 1.80009
42.1732 -39.2207 216.828 7 1.80009
56.2297 -52.2935 222.442 7 1.80009
70.2854 -65.366 228.058 7 1.80009
84.34 -78.4384 233.678 7 1.80009
98.3936 -91.5109 239.3 7 1.80009
112.446 -104.584 244.924 7 1.80009
126.498 -117.657 250.548 7 1.80009
140.55 -130.73 256.174 7 1.80009
