8.71877e-05 -9.03917e-05 200 7 2.64013
3.2948 -4.89803 219.109 7 2.64013
6.58843 -9.79489 238.219 7 2.64013
9.88015 -14.6902 257.329 7 2.64013
13.1693 -19.5835 276.44 7 2.64013
16.4557 -24.4749 295.552 7 2.64013
19.7396 -29.3649 314.665 7 2.64013
23.0214 -34.2536 333.779 7 2.64013
26.3016 -39.1415 352.893 7 2.64013
29.5807 -44.0291 372.007 7 2.64013
32.8595 -48.9166 391.122 7 2.64013
8.71877e-05 -9.03917e-05 200 7 2.64013
3.2948 -4.89803 219.109 7 2.64013
6.58843 -9.79489 238.219 7 2.64013
9.88015 -14.6902 257.329 7 2.64013
13.1693 -19.5835 276.44 7 2.64013
16.4557 -24.4749 295.552 7 2.64013
19.7396 -29.3649 314.665 7 2.64013
23.0214 -34.2536 333.779 7 2.64013
26.3016 -39.1415 352.893 7 2.64013
29.5807 -44.0291 372.007 7 2.64013
32.8595 -48.9166 391.122 7 2.64013
8.71877e-05 -9.03917e-05 200 7 2.64013
3.2948 -4.89803 219.109 7 2.64013
6.58843 -9.79489 238.219 7 2.64013
9.88015 -14.6902 257.329 7 2.64013
13.1693 -19.5835 276.44 7 2.64013
16.4557 -24.4749 295.552 7 2.64013
19.7396 -29.3649 314.665 7 2.64013
23.0214 -34.2536 333.779 7 2.64013
26.3016 -39.1415 352.893 7 2.64013
29.5807 -44.0291 372.007 7 2.64013
32.8595 -48.9166 391.122 7 2.64013
8.71877e-05 -9.03917e-05 200 7 2.64013
3.2948 -4.89803 219.109 7 2.64013
6.58843 -9.79489 238.219 7 2.64013
9.88015 -14.6902 257.329 7 2.64013
13.1693 -19.5835 276.44 7 2.64013
16.4557 -24.4749 295.552 7 2.64013
19.7396 -29.3649 314.665 7 2.64013
23.0214 -34.2536 333.779 7 2.64013
26.3016 -39.1415 352.893 7 2.64013
29.5807 -44.0291 372.007 7 2.64013
32.8595 -48.9166 391.122 7 2.64013
8.71877e-05 -9.03917e-05 200 7 2.64013
3.2948 -4.89803 219.109 7 2.64013
6.58843 -9.79489 238.219 7 2.64013
9.88015 -14.6902 257.329 7 2.64013
13.1693 -19.5835 276.44 7 2.64013
16.4557 -24.4749 295.552 7 2.64013
19.7396 -29.3649 314.665 7 2.64013
23.0214 -34.2536 333.779 7 2.64013
26.3016 -39.1415 352.893 7 2.64013
29.5807 -44.0291 372.007 7 2.64013
32.8595 -48.9166 391.122 7 2.64013
8.71877e-05 -9.03917e-05 200 7 2.64013
3.2948 -4.89803 219.109 7 2.64013
6.58843 -9.79489 238.219 7 2.64013
9.88015 -14.6902 257.329 7 2.64013
13.1693 -19.5835 276.44 7 2.64013
16.4557 -24.4749 295.552 7 2.64013
19.7396 -29.3649 314.665 7 2.64013
23.0214 -34.2536 333.779 7 2.64013
26.3016 -39.1415 352.893 7 2.64013
29.5807 -44.0291 372.007 7 2.64013
32.8595 -48.9166 391.122 7 2.64013
