4.22711e-05 -1.45854e-05 200 7 1.58008
13.3675 -14.8034 201.474 7 1.58008
26.7347 -29.6069 202.948 7 1.58008
40.1015 -44.4106 204.424 7 1.58008
53.4679 -59.2144 205.903 7 1.58008
66.8339 -74.0183 207.385 7 1.58008
80.1995 -88.8221 208.871 7 1.58008
93.5649 -103.626 210.36 7 1.58008
106.93 -118.43 211.852 7 1.58008
120.294 -133.234 213.346 7 1.58008
133.659 -148.038 214.841 7 1.58008
4.22711e-05 -1.45854e-05 200 7 1.58008
13.3675 -14.8034 201.474 7 1.58008
26.7347 -29.6069 202.948 7 1.58008
40.1015 -44.4106 204.424 7 1.58008
53.4679 -59.2144 205.903 7 1.58008
66.8339 -74.0183 207.385 7 1.58008
80.1995 -88.8221 208.871 7 1.58008
93.5649 -103.626 210.36 7 1.58008
106.93 -118.43 211.852 7 1.58008
120.294 -133.234 213.346 7 1.58008
133.659 -148.038 214.841 7 1.58008
4.22711e-05 -1.45854e-05 200 7 1.58008
13.3675 -14.8034 201.474 7 1.58008
26.7347 -29.6069 202.948 7 1.58008
40.1015 -44.4106 204.424 7 1.58008
53.4679 -59.2144 205.903 7 1.58008
66.8339 -74.0183 207.385 7 1.58008
80.1995 -88.8221 208.871 7 1.58008
93.5649 -103.626 210.36 7 1.58008
106.93 -118.43 211.852 7 1.58008
120.294 -133.234 213.346 7 1.58008
133.659 -148.038 214.841 7 1.58008
4.22711e-05 -1.45854e-05 200 7 1.58008
13.3675 -14.8034 201.474 7 1.58008
26.7347 -29.6069 202.948 7 1.58008
40.1015 -44.4106 204.424 7 1.58008
53.4679 -59.2144 205.903 7 1.58008
66.8339 -74.0183 207.385 7 1.58008
80.1995 -88.8221 208.871 7 1.58008
93.5649 -103.626 210.36 7 1.58008
106.93 -118.43 211.852 7 1.58008
120.294 -133.234 213.346 7 1.58008
133.659 -148.038 214.841 7 1.58008
4.22711e-05 -1.45854e-05 200 7 1.58008
13.3675 -14.8034 201.474 7 1.58008
26.7347 -29.6069 202.948 7 1.58008
40.1015 -44.4106 204.424 7 1.58008
53.4679 -59.2144 205.903 7 1.58008
66.8339 -74.0183 207.385 7 1.58008
80.1995 -88.8221 208.871 7 1.58008
93.5649 -103.626 210.36 7 1.58008
106.93 -118.43 211.852 7 1.58008
120.294 -133.234 213.346 7 1.58008
133.659 -148.038 214.841 7 1.58008
4.22711e-05 -1.45854e-05 200 7 1.58008
13.3675 -14.8034 201.474 7 1.58008
26.7347 -29.6069 202.948 7 1.58008
40.1015 -44.4106 204.424 7 1.58008
53.4679 -59.2144 205.903 7 1.58008
66.8339 -74.0183 207.385 7 1.58008
80.1995 -88.8221 208.871 7 1.58008
93.5649 -103.626 210.36 7 1.58008
106.93 -118.43 211.852 7 1.58008
120.294 -133.234 213.346 7 1.58008
133.659 -148.038 214.841 7 1.58008
