-2.86678e-05 -3.43492e-07 200 7 0.360018
0.34114 -19.8131 197.293 7 0.360018
0.682713 -39.6262 194.587 7 0.360018
1.02521 -59.4396 191.883 7 0.360018
1.36924 -79.2534 189.182 7 0.360018
1.7152 -99.0676 186.484 7 0.360018
2.0633 -118.882 183.79 7 0.360018
2.41374 -138.697 181.097 7 0.360018
2.7664 -158.512 178.408 7 0.360018
3.12077 -178.328 175.72 7 0.360018
3.47605 -198.143 173.033 7 0.360018
-2.86678e-05 -3.43492e-07 200 7 0.360018
0.34114 -19.8131 197.293 7 0.360018
0.682713 -39.6262 194.587 7 0.360018
1.02521 -59.4396 191.883 7 0.360018
1.36924 -79.2534 189.182 7 0.360018
1.7152 -99.0676 186.484 7 0.360018
2.0633 -118.882 183.79 7 0.360018
2.41374 -138.697 181.097 7 0.360018
2.7664 -158.512 178.408 7 0.360018
3.12077 -178.328 175.72 7 0.360018
3.47605 -198.143 173.033 7 0.360018
-2.86678e-05 -3.43492e-07 200 7 0.360018
0.34114 -19.8131 197.293 7 0.360018
0.682713 -39.6262 194.587 7 0.360018
1.02521 -59.4396 191.883 7 0.360018
1.36924 -79.2534 189.182 7 0.360018
1.7152 -99.0676 186.484 7 0.360018
2.0633 -118.882 183.79 7 0.360018
2.41374 -138.697 181.097 7 0.360018
2.7664 -158.512 178.408 7 0.360018
3.12077 -178.328 175.72 7 0.360018
3.47605 -198.143 173.033 7 0.360018
-2.86678e-05 -3.43492e-07 200 7 0.360018
0.34114 -19.8131 197.293 7 0.360018
0.682713 -39.6262 194.587 7 0.360018
1.02521 -59.4396 191.883 7 0.360018
1.36924 -79.2534 189.182 7 0.360018
1.7152 -99.0676 186.484 7 0.360018
2.0633 -118.882 183.79 7 0.360018
2.41374 -138.697 181.097 7 0.360018
2.7664 -158.512 178.408 7 0.360018
3.12077 -178.328 175.72 7 0.360018
3.47605 -198.143 173.033 7 0.360018
-2.86678e-05 -3.43492e-07 200 7 0.360018
0.34114 -19.8131 197.293 7 0.360018
0.682713 -39.6262 194.587 7 0.360018
1.02521 -59.4396 191.883 7 0.360018
1.36924 -79.2534 189.182 7 0.360018
1.7152 -99.0676 186.484 7 0.360018
2.0633 -118.882 183.79 7 0.360018
2.41374 -138.697 181.097 7 0.360018
2.7664 -158.512 178.408 7 0.360018
3.12077 -178.328 175.72 7 0.360018
3.47605 -198.143 173.033 7 0.360018
-2.86678e-05 -3.43492e-07 200 7 0.360018
0.34114 -19.8131 197.293 7 0.360018
0.682713 -39.6262 194.587 7 0.360018
1.02521 -59.4396 191.883 7 0.360018
1.36924 -79.2534 189.182 7 0.360018
1.7152 -99.0676 186.484 7 0.360018
2.0633 -118.882 183.79 7 0.360018
2.41374 -138.697 181.097 7 0.360018
2.7664 -158.512 178.408 7 0.360018
3.12077 -178.328 175.72 7 0.360018
3.47605 -198.143 173.033 7 0.360018
