0.000303957 4.11767e-05 200 6.99997 8.36042
15.3114 1.96451 187.283 6.99997 8.36042
30.6226 3.92897 174.566 6.99997 8.36042
45.934 5.89336 161.85 6.99997 8.36042
61.2457 7.85761 149.134 6.99997 8.36042
76.5577 9.82168 136.418 6.99998 8.36042
91.8704 11.7856 123.703 6.99998 8.36042
107.184 13.7492 110.989 6.99998 8.36042
122.498 15.7127 98.2753 6.99999 8.36042
137.812 17.6762 85.5626 6.99999 8.36042
153.127 19.6396 72.8502 6.99999 8.36042
0.000303957 4.11767e-05 200 6.99997 8.36042
15.3114 1.96451 187.283 6.99997 8.36042
30.6226 3.92897 174.566 6.99997 8.36042
45.934 5.89336 161.85 6.99997 8.36042
61.2457 7.85761 149.134 6.99997 8.36042
76.5577 9.82168 136.418 6.99998 8.36042
91.8704 11.7856 123.703 6.99998 8.36042
107.184 13.7492 110.989 6.99998 8.36042
122.498 15.7127 98.2753 6.99999 8.36042
137.812 17.6762 85.5626 6.99999 8.36042
153.127 19.6396 72.8502 6.99999 8.36042
0.000303957 4.11767e-05 200 6.99997 8.36042
15.3114 1.96451 187.283 6.99997 8.36042
30.6226 3.92897 174.566 6.99997 8.36042
45.934 5.89336 161.85 6.99997 8.36042
61.2457 7.85761 149.134 6.99997 8.36042
76.5577 9.82168 136.418 6.99998 8.36042
91.8704 11.7856 123.703 6.99998 8.36042
107.184 13.7492 110.989 6.99998 8.36042
122.498 15.7127 98.2753 6.99999 8.36042
137.812 17.6762 85.5626 6.99999 8.36042
153.127 19.6396 72.8502 6.99999 8.36042
0.000303957 4.11767e-05 200 6.99997 8.36042
15.3114 1.96451 187.283 6.99997 8.36042
30.6226 3.92897 174.566 6.99997 8.36042
45.934 5.89336 161.85 6.99997 8.36042
61.2457 7.85761 149.134 6.99997 8.36042
76.5577 9.82168 136.418 6.99998 8.36042
91.8704 11.7856 123.703 6.99998 8.36042
107.184 13.7492 110.989 6.99998 8.36042
122.498 15.7127 98.2753 6.99999 8.36042
137.812 17.6762 85.5626 6.99999 8.36042
153.127 19.6396 72.8502 6.99999 8.36042
0.000303957 4.11767e-05 200 6.99997 8.36042
15.3114 1.96451 187.283 6.99997 8.36042
30.6226 3.92897 174.566 6.99997 8.36042
45.934 5.89336 161.85 6.99997 8.36042
61.2457 7.85761 149.134 6.99997 8.36042
76.5577 9.82168 136.418 6.99998 8.36042
91.8704 11.7856 123.703 6.99998 8.36042
107.184 13.7492 110.989 6.99998 8.36042
122.498 15.7127 98.2753 6.99999 8.36042
137.812 17.6762 85.5626 6.99999 8.36042
153.127 19.6396 72.8502 6.99999 8.36042
0.000303957 4.11767e-05 200 6.99997 8.36042
15.3114 1.96451 187.283 6.99997 8.36042
30.6226 3.92897 174.566 6.99997 8.36042
45.934 5.89336 161.85 6.99997 8.36042
61.2457 7.85761 149.134 6.99997 8.36042
76.5577 9.82168 136.418 6.99998 8.36042
91.8704 11.7856 123.703 6.99998 8.36042
107.184 13.7492 110.989 6.99998 8.36042
122.498 15.7127 98.2753 6.99999 8.36042
137.812 17.6762 85.5626 6.99999 8.36042
153.127 19.6396 72.8502 6.99999 8.36042
