1.53065e-06 -3.22318e-05 200 6.99999 6.64033
-0.154148 -3.64509 219.665 6.99999 6.64033
-0.308335 -7.29014 239.329 6.99999 6.64033
-0.462592 -10.9352 258.994 6.99999 6.64033
-0.617035 -14.5805 278.658 6.99999 6.64033
-0.771768 -18.226 298.323 6.99999 6.64033
-0.926947 -21.8718 317.987 6.99999 6.64033
-1.08288 -25.518 337.651 6.99999 6.64033
-1.23965 -29.1645 357.315 7 6.64033
-1.39694 -32.8111 376.979 7 6.64033
-1.55449 -36.4579 396.643 7 6.64033
1.53065e-06 -3.22318e-05 200 6.99999 6.64033
-0.154148 -3.64509 219.665 6.99999 6.64033
-0.308335 -7.29014 239.329 6.99999 6.64033
-0.462592 -10.9352 258.994 6.99999 6.64033
-0.617035 -14.5805 278.658 6.99999 6.64033
-0.771768 -18.226 298.323 6.99999 6.64033
-0.926947 -21.8718 317.987 6.99999 6.64033
-1.08288 -25.518 337.651 6.99999 6.64033
-1.23965 -29.1645 357.315 7 6.64033
-1.39694 -32.8111 376.979 7 6.64033
-1.55449 -36.4579 396.643 7 6.64033
1.53065e-06 -3.22318e-05 200 6.99999 6.64033
-0.154148 -3.64509 219.665 6.99999 6.64033
-0.308335 -7.29014 239.329 6.99999 6.64033
-0.462592 -10.9352 258.994 6.99999 6.64033
-0.617035 -14.5805 278.658 6.99999 6.64033
-0.771768 -18.226 298.323 6.99999 6.64033
-0.926947 -21.8718 317.987 6.99999 6.64033
-1.08288 -25.518 337.651 6.99999 6.64033
-1.23965 -29.1645 357.315 7 6.64033
-1.39694 -32.8111 376.979 7 6.64033
-1.55449 -36.4579 396.643 7 6.64033
1.53065e-06 -3.22318e-05 200 6.99999 6.64033
-0.154148 -3.64509 219.665 6.99999 6.64033
-0.308335 -7.29014 239.329 6.99999 6.64033
-0.462592 -10.9352 258.994 6.99999 6.64033
-0.617035 -14.5805 278.658 6.99999 6.64033
-0.771768 -18.226 298.323 6.99999 6.64033
-0.926947 -21.8718 317.987 6.99999 6.64033
-1.08288 -25.518 337.651 6.99999 6.64033
-1.23965 -29.1645 357.315 7 6.64033
-1.39694 -32.8111 376.979 7 6.64033
-1.55449 -36.4579 396.643 7 6.64033
1.53065e-06 -3.22318e-05 200 6.99999 6.64033
-0.154148 -3.64509 219.665 6.99999 6.64033
-0.308335 -7.29014 239.329 6.99999 6.64033
-0.462592 -10.9352 258.994 6.99999 6.64033
-0.617035 -14.5805 278.658 6.99999 6.64033
-0.771768 -18.226 298.323 6.99999 6.64033
-0.926947 -21.8718 317.987 6.99999 6.64033
-1.08288 -25.518 337.651 6.99999 6.64033
-1.23965 -29.1645 357.315 7 6.64033
-1.39694 -32.8111 376.979 7 6.64033
-1.55449 -36.4579 396.643 7 6.64033
1.53065e-06 -3.22318e-05 200 6.99999 6.64033
-0.154148 -3.64509 219.665 6.99999 6.64033
-0.308335 -7.29014 239.329 6.99999 6.64033
-0.462592 -10.9352 258.994 6.99999 6.64033
-0.617035 -14.5805 278.658 6.99999 6.64033
-0.771768 -18.226 298.323 6.99999 6.64033
-0.926947 -21.8718 317.987 6.99999 6.64033
-1.08288 -25.518 337.651 6.99999 6.64033
-1.23965 -29.1645 357.315 7 6.64033
-1.39694 -32.8111 376.979 7 6.64033
-1.55449 -36.4579 396.643 7 6.64033
