0.000130414 -3.42271e-06 200 6.99999 5.82029
19.9527 0.0748228 201.376 6.99999 5.82029
39.9051 0.149706 202.752 6.99999 5.82029
59.8575 0.224686 204.131 6.99999 5.82029
79.8097 0.299721 205.512 6.99999 5.82029
99.7617 0.374729 206.895 6.99999 5.82029
119.714 0.449623 208.28 6.99999 5.82029
139.665 0.524351 209.668 7 5.82029
159.617 0.59897 211.057 7 5.82029
179.568 0.673575 212.447 7 5.82029
199.52 0.748188 213.838 7 5.82029
0.000130414 -3.42271e-06 200 6.99999 5.82029
19.9527 0.0748228 201.376 6.99999 5.82029
39.9051 0.149706 202.752 6.99999 5.82029
59.8575 0.224686 204.131 6.99999 5.82029
79.8097 0.299721 205.512 6.99999 5.82029
99.7617 0.374729 206.895 6.99999 5.82029
119.714 0.449623 208.28 6.99999 5.82029
139.665 0.524351 209.668 7 5.82029
159.617 0.59897 211.057 7 5.82029
179.568 0.673575 212.447 7 5.82029
199.52 0.748188 213.838 7 5.82029
0.000130414 -3.42271e-06 200 6.99999 5.82029
19.9527 0.0748228 201.376 6.99999 5.82029
39.9051 0.149706 202.752 6.99999 5.82029
59.8575 0.224686 204.131 6.99999 5.82029
79.8097 0.299721 205.512 6.99999 5.82029
99.7617 0.374729 206.895 6.99999 5.82029
119.714 0.449623 208.28 6.99999 5.82029
139.665 0.524351 209.668 7 5.82029
159.617 0.59897 211.057 7 5.82029
179.568 0.673575 212.447 7 5.82029
199.52 0.748188 213.838 7 5.82029
0.000130414 -3.42271e-06 200 6.99999 5.82029
19.9527 0.0748228 201.376 6.99999 5.82029
39.9051 0.149706 202.752 6.99999 5.82029
59.8575 0.224686 204.131 6.99999 5.82029
79.8097 0.299721 205.512 6.99999 5.82029
99.7617 0.374729 206.895 6.99999 5.82029
119.714 0.449623 208.28 6.99999 5.82029
139.665 0.524351 209.668 7 5.82029
159.617 0.59897 211.057 7 5.82029
179.568 0.673575 212.447 7 5.82029
199.52 0.748188 213.838 7 5.82029
0.000130414 -3.42271e-06 200 6.99999 5.82029
19.9527 0.0748228 201.376 6.99999 5.82029
39.9051 0.149706 202.752 6.99999 5.82029
59.8575 0.224686 204.131 6.99999 5.82029
79.8097 0.299721 205.512 6.99999 5.82029
99.7617 0.374729 206.895 6.99999 5.82029
119.714 0.449623 208.28 6.99999 5.82029
139.665 0.524351 209.668 7 5.82029
159.617 0.59897 211.057 7 5.82029
179.568 0.673575 212.447 7 5.82029
199.52 0.748188 213.838 7 5.82029
0.000130414 -3.42271e-06 200 6.99999 5.82029
19.9527 0.0748228 201.376 6.99999 5.82029
39.9051 0.149706 202.752 6.99999 5.82029
59.8575 0.224686 204.131 6.99999 5.82029
79.8097 0.299721 205.512 6.99999 5.82029
99.7617 0.374729 206.895 6.99999 5.82029
119.714 0.449623 208.28 6.99999 5.82029
139.665 0.524351 209.668 7 5.82029
159.617 0.59897 211.057 7 5.82029
179.568 0.673575 212.447 7 5.82029
199.52 0.748188 213.838 7 5.82029
