0.000105402 -2.72661e-05 200 6.99997 9.10045
6.59364 -1.62091 218.813 6.99997 9.10045
13.1874 -3.24184 237.625 6.99997 9.10045
19.7817 -4.86288 256.437 6.99997 9.10045
26.3767 -6.48405 275.249 6.99998 9.10045
32.9724 -8.10537 294.06 6.99998 9.10045
39.569 -9.72678 312.872 6.99998 9.10045
46.1662 -11.3482 331.683 6.99998 9.10045
52.7637 -12.9695 350.493 6.99999 9.10045
59.3613 -14.5908 369.304 6.99999 9.10045
65.959 -16.212 388.115 6.99999 9.10045
0.000105402 -2.72661e-05 200 6.99997 9.10045
6.59364 -1.62091 218.813 6.99997 9.10045
13.1874 -3.24184 237.625 6.99997 9.10045
19.7817 -4.86288 256.437 6.99997 9.10045
26.3767 -6.48405 275.249 6.99998 9.10045
32.9724 -8.10537 294.06 6.99998 9.10045
39.569 -9.72678 312.872 6.99998 9.10045
46.1662 -11.3482 331.683 6.99998 9.10045
52.7637 -12.9695 350.493 6.99999 9.10045
59.3613 -14.5908 369.304 6.99999 9.10045
65.959 -16.212 388.115 6.99999 9.10045
0.000105402 -2.72661e-05 200 6.99997 9.10045
6.59364 -1.62091 218.813 6.99997 9.10045
13.1874 -3.24184 237.625 6.99997 9.10045
19.7817 -4.86288 256.437 6.99997 9.10045
26.3767 -6.48405 275.249 6.99998 9.10045
32.9724 -8.10537 294.06 6.99998 9.10045
39.569 -9.72678 312.872 6.99998 9.10045
46.1662 -11.3482 331.683 6.99998 9.10045
52.7637 -12.9695 350.493 6.99999 9.10045
59.3613 -14.5908 369.304 6.99999 9.10045
65.959 -16.212 388.115 6.99999 9.10045
0.000105402 -2.72661e-05 200 6.99997 9.10045
6.59364 -1.62091 218.813 6.99997 9.10045
13.1874 -3.24184 237.625 6.99997 9.10045
19.7817 -4.86288 256.437 6.99997 9.10045
26.3767 -6.48405 275.249 6.99998 9.10045
32.9724 -8.10537 294.06 6.99998 9.10045
39.569 -9.72678 312.872 6.99998 9.10045
46.1662 -11.3482 331.683 6.99998 9.10045
52.7637 -12.9695 350.493 6.99999 9.10045
59.3613 -14.5908 369.304 6.99999 9.10045
65.959 -16.212 388.115 6.99999 9.10045
0.000105402 -2.72661e-05 200 6.99997 9.10045
6.59364 -1.62091 218.813 6.99997 9.10045
13.1874 -3.24184 237.625 6.99997 9.10045
19.7817 -4.86288 256.437 6.99997 9.10045
26.3767 -6.48405 275.249 6.99998 9.10045
32.9724 -8.10537 294.06 6.99998 9.10045
39.569 -9.72678 312.872 6.99998 9.10045
46.1662 -11.3482 331.683 6.99998 9.10045
52.7637 -12.9695 350.493 6.99999 9.10045
59.3613 -14.5908 369.304 6.99999 9.10045
65.959 -16.212 388.115 6.99999 9.10045
0.000105402 -2.72661e-05 200 6.99997 9.10045
6.59364 -1.62091 218.813 6.99997 9.10045
13.1874 -3.24184 237.625 6.99997 9.10045
19.7817 -4.86288 256.437 6.99997 9.10045
26.3767 -6.48405 275.249 6.99998 9.10045
32.9724 -8.10537 294.06 6.99998 9.10045
39.569 -9.72678 312.872 6.99998 9.10045
46.1662 -11.3482 331.683 6.99998 9.10045
52.7637 -12.9695 350.493 6.99999 9.10045
59.3613 -14.5908 369.304 6.99999 9.10045
65.959 -16.212 388.115 6.99999 9.10045
