-9.2703e-05 -2.71798e-05 200 6.99999 3.88019
-19.1899 5.61227 200.504 6.99999 3.88019
-38.3795 11.2253 201.008 6.99999 3.88019
-57.5688 16.8396 201.51 6.99999 3.88019
-76.7577 22.4554 202.01 7 3.88019
-95.9461 28.0731 202.507 7 3.88019
-115.134 33.6928 203.002 7 3.88019
-134.321 39.3145 203.495 7 3.88019
-153.508 44.938 203.986 7 3.88019
-172.695 50.5625 204.475 7 3.88019
-191.881 56.1872 204.964 7 3.88019
-9.2703e-05 -2.71798e-05 200 6.99999 3.88019
-19.1899 5.61227 200.504 6.99999 3.88019
-38.3795 11.2253 201.008 6.99999 3.88019
-57.5688 16.8396 201.51 6.99999 3.88019
-76.7577 22.4554 202.01 7 3.88019
-95.9461 28.0731 202.507 7 3.88019
-115.134 33.6928 203.002 7 3.88019
-134.321 39.3145 203.495 7 3.88019
-153.508 44.938 203.986 7 3.88019
-172.695 50.5625 204.475 7 3.88019
-191.881 56.1872 204.964 7 3.88019
-9.2703e-05 -2.71798e-05 200 6.99999 3.88019
-19.1899 5.61227 200.504 6.99999 3.88019
-38.3795 11.2253 201.008 6.99999 3.88019
-57.5688 16.8396 201.51 6.99999 3.88019
-76.7577 22.4554 202.01 7 3.88019
-95.9461 28.0731 202.507 7 3.88019
-115.134 33.6928 203.002 7 3.88019
-134.321 39.3145 203.495 7 3.88019
-153.508 44.938 203.986 7 3.88019
-172.695 50.5625 204.475 7 3.88019
-191.881 56.1872 204.964 7 3.88019
-9.2703e-05 -2.71798e-05 200 6.99999 3.88019
-19.1899 5.61227 200.504 6.99999 3.88019
-38.3795 11.2253 201.008 6.99999 3.88019
-57.5688 16.8396 201.51 6.99999 3.88019
-76.7577 22.4554 202.01 7 3.88019
-95.9461 28.0731 202.507 7 3.88019
-115.134 33.6928 203.002 7 3.88019
-134.321 39.3145 203.495 7 3.88019
-153.508 44.938 203.986 7 3.88019
-172.695 50.5625 204.475 7 3.88019
-191.881 56.1872 204.964 7 3.88019
-9.2703e-05 -2.71798e-05 200 6.99999 3.88019
-19.1899 5.61227 200.504 6.99999 3.88019
-38.3795 11.2253 201.008 6.99999 3.88019
-57.5688 16.8396 201.51 6.99999 3.88019
-76.7577 22.4554 202.01 7 3.88019
-95.9461 28.0731 202.507 7 3.88019
-115.134 33.6928 203.002 7 3.88019
-134.321 39.3145 203.495 7 3.88019
-153.508 44.938 203.986 7 3.88019
-172.695 50.5625 204.475 7 3.88019
-191.881 56.1872 204.964 7 3.88019
-9.2703e-05 -2.71798e-05 200 6.99999 3.88019
-19.1899 5.61227 200.504 6.99999 3.88019
-38.3795 11.2253 201.008 6.99999 3.88019
-57.5688 16.8396 201.51 6.99999 3.88019
-76.7577 22.4554 202.01 7 3.88019
-95.9461 28.0731 202.507 7 3.88019
-115.134 33.6928 203.002 7 3.88019
-134.321 39.3145 203.495 7 3.88019
-153.508 44.938 203.986 7 3.88019
-172.695 50.5625 204.475 7 3.88019
-191.881 56.1872 204.964 7 3.88019
