4.05806e-05 -1.40348e-05 200 7 1.66008
13.7756 -14.2016 202.924 7 1.66008
27.5511 -28.4034 205.847 7 1.66008
41.3264 -42.6056 208.77 7 1.66008
55.1013 -56.8083 211.691 7 1.66008
68.8759 -71.0118 214.61 7 1.66008
82.6499 -85.2161 217.529 7 1.66008
96.423 -99.4212 220.447 7 1.66008
110.195 -113.627 223.364 7 1.66008
123.967 -127.834 226.282 7 1.66008
137.739 -142.04 229.201 7 1.66008
4.05806e-05 -1.40348e-05 200 7 1.66008
13.7756 -14.2016 202.924 7 1.66008
27.5511 -28.4034 205.847 7 1.66008
41.3264 -42.6056 208.77 7 1.66008
55.1013 -56.8083 211.691 7 1.66008
68.8759 -71.0118 214.61 7 1.66008
82.6499 -85.2161 217.529 7 1.66008
96.423 -99.4212 220.447 7 1.66008
110.195 -113.627 223.364 7 1.66008
123.967 -127.834 226.282 7 1.66008
137.739 -142.04 229.201 7 1.66008
4.05806e-05 -1.40348e-05 200 7 1.66008
13.7756 -14.2016 202.924 7 1.66008
27.5511 -28.4034 205.847 7 1.66008
41.3264 -42.6056 208.77 7 1.66008
55.1013 -56.8083 211.691 7 1.66008
68.8759 -71.0118 214.61 7 1.66008
82.6499 -85.2161 217.529 7 1.66008
96.423 -99.4212 220.447 7 1.66008
110.195 -113.627 223.364 7 1.66008
123.967 -127.834 226.282 7 1.66008
137.739 -142.04 229.201 7 1.66008
4.05806e-05 -1.40348e-05 200 7 1.66008
13.7756 -14.2016 202.924 7 1.66008
27.5511 -28.4034 205.847 7 1.66008
41.3264 -42.6056 208.77 7 1.66008
55.1013 -56.8083 211.691 7 1.66008
68.8759 -71.0118 214.61 7 1.66008
82.6499 -85.2161 217.529 7 1.66008
96.423 -99.4212 220.447 7 1.66008
110.195 -113.627 223.364 7 1.66008
123.967 -127.834 226.282 7 1.66008
137.739 -142.04 229.201 7 1.66008
4.05806e-05 -1.40348e-05 200 7 1.66008
13.7756 -14.2016 202.924 7 1.66008
27.5511 -28.4034 205.847 7 1.66008
41.3264 -42.6056 208.77 7 1.66008
55.1013 -56.8083 211.691 7 1.66008
68.8759 -71.0118 214.61 7 1.66008
82.6499 -85.2161 217.529 7 1.66008
96.423 -99.4212 220.447 7 1.66008
110.195 -113.627 223.364 7 1.66008
123.967 -127.834 226.282 7 1.66008
137.739 -142.04 229.201 7 1.66008
4.05806e-05 -1.40348e-05 200 7 1.66008
13.7756 -14.2016 202.924 7 1.66008
27.5511 -28.4034 205.847 7 1.66008
41.3264 -42.6056 208.77 7 1.66008
55.1013 -56.8083 211.691 7 1.66008
68.8759 -71.0118 214.61 7 1.66008
82.6499 -85.2161 217.529 7 1.66008
96.423 -99.4212 220.447 7 1.66008
110.195 -113.627 223.364 7 1.66008
123.967 -127.834 226.282 7 1.66008
137.739 -142.04 229.201 7 1.66008
