0.000112912 -1.78774e-05 200 6.99999 6.14031
16.0853 -1.94116 211.726 6.99999 6.14031
32.1705 -3.88224 223.452 6.99999 6.14031
48.2558 -5.82321 235.178 6.99999 6.14031
64.3412 -7.76409 246.904 6.99999 6.14031
80.4267 -9.70495 258.63 6.99999 6.14031
96.5123 -11.6459 270.355 6.99999 6.14031
112.598 -13.5869 282.08 7 6.14031
128.684 -15.5281 293.806 7 6.14031
144.769 -17.4694 305.531 7 6.14031
160.854 -19.4107 317.257 7 6.14031
0.000112912 -1.78774e-05 200 6.99999 6.14031
16.0853 -1.94116 211.726 6.99999 6.14031
32.1705 -3.88224 223.452 6.99999 6.14031
48.2558 -5.82321 235.178 6.99999 6.14031
64.3412 -7.76409 246.904 6.99999 6.14031
80.4267 -9.70495 258.63 6.99999 6.14031
96.5123 -11.6459 270.355 6.99999 6.14031
112.598 -13.5869 282.08 7 6.14031
128.684 -15.5281 293.806 7 6.14031
144.769 -17.4694 305.531 7 6.14031
160.854 -19.4107 317.257 7 6.14031
0.000112912 -1.78774e-05 200 6.99999 6.14031
16.0853 -1.94116 211.726 6.99999 6.14031
32.1705 -3.88224 223.452 6.99999 6.14031
48.2558 -5.82321 235.178 6.99999 6.14031
64.3412 -7.76409 246.904 6.99999 6.14031
80.4267 -9.70495 258.63 6.99999 6.14031
96.5123 -11.6459 270.355 6.99999 6.14031
112.598 -13.5869 282.08 7 6.14031
128.684 -15.5281 293.806 7 6.14031
144.769 -17.4694 305.531 7 6.14031
160.854 -19.4107 317.257 7 6.14031
0.000112912 -1.78774e-05 200 6.99999 6.14031
16.0853 -1.94116 211.726 6.99999 6.14031
32.1705 -3.88224 223.452 6.99999 6.14031
48.2558 -5.82321 235.178 6.99999 6.14031
64.3412 -7.76409 246.904 6.99999 6.14031
80.4267 -9.70495 258.63 6.99999 6.14031
96.5123 -11.6459 270.355 6.99999 6.14031
112.598 -13.5869 282.08 7 6.14031
128.684 -15.5281 293.806 7 6.14031
144.769 -17.4694 305.531 7 6.14031
160.854 -19.4107 317.257 7 6.14031
0.000112912 -1.78774e-05 200 6.99999 6.14031
16.0853 -1.94116 211.726 6.99999 6.14031
32.1705 -3.88224 223.452 6.99999 6.14031
48.2558 -5.82321 235.178 6.99999 6.14031
64.3412 -7.76409 246.904 6.99999 6.14031
80.4267 -9.70495 258.63 6.99999 6.14031
96.5123 -11.6459 270.355 6.99999 6.14031
112.598 -13.5869 282.08 7 6.14031
128.684 -15.5281 293.806 7 6.14031
144.769 -17.4694 305.531 7 6.14031
160.854 -19.4107 317.257 7 6.14031
0.000112912 -1.78774e-05 200 6.99999 6.14031
16.0853 -1.94116 211.726 6.99999 6.14031
32.1705 -3.88224 223.452 6.99999 6.14031
48.2558 -5.82321 235.178 6.99999 6.14031
64.3412 -7.76409 246.904 6.99999 6.14031
80.4267 -9.70495 258.63 6.99999 6.14031
96.5123 -11.6459 270.355 6.99999 6.14031
112.598 -13.5869 282.08 7 6.14031
128.684 -15.5281 293.806 7 6.14031
144.769 -17.4694 305.531 7 6.14031
160.854 -19.4107 317.257 7 6.14031
