-9.52684e-06 3.60151e-05 200 6.99999 4.64023
-6.27301 6.73365 182.243 6.99999 4.64023
-12.5463 13.4672 164.486 6.99999 4.64023
-18.8199 20.2007 146.729 6.99999 4.64023
-25.0938 26.9342 128.973 6.99999 4.64023
-31.3679 33.6678 111.216 7 4.64023
-37.6418 40.4016 93.4595 7 4.64023
-43.9156 47.1357 75.703 7 4.64023
-50.1891 53.8702 57.9466 7 4.64023
-56.462 60.6053 40.1902 7 4.64023
-62.7343 67.3406 22.4338 7 4.64023
-9.52684e-06 3.60151e-05 200 6.99999 4.64023
-6.27301 6.73365 182.243 6.99999 4.64023
-12.5463 13.4672 164.486 6.99999 4.64023
-18.8199 20.2007 146.729 6.99999 4.64023
-25.0938 26.9342 128.973 6.99999 4.64023
-31.3679 33.6678 111.216 7 4.64023
-37.6418 40.4016 93.4595 7 4.64023
-43.9156 47.1357 75.703 7 4.64023
-50.1891 53.8702 57.9466 7 4.64023
-56.462 60.6053 40.1902 7 4.64023
-62.7343 67.3406 22.4338 7 4.64023
-9.52684e-06 3.60151e-05 200 6.99999 4.64023
-6.27301 6.73365 182.243 6.99999 4.64023
-12.5463 13.4672 164.486 6.99999 4.64023
-18.8199 20.2007 146.729 6.99999 4.64023
-25.0938 26.9342 128.973 6.99999 4.64023
-31.3679 33.6678 111.216 7 4.64023
-37.6418 40.4016 93.4595 7 4.64023
-43.9156 47.1357 75.703 7 4.64023
-50.1891 53.8702 57.9466 7 4.64023
-56.462 60.6053 40.1902 7 4.64023
-62.7343 67.3406 22.4338 7 4.64023
-9.52684e-06 3.60151e-05 200 6.99999 4.64023
-6.27301 6.73365 182.243 6.99999 4.64023
-12.5463 13.4672 164.486 6.99999 4.64023
-18.8199 20.2007 146.729 6.99999 4.64023
-25.0938 26.9342 128.973 6.99999 4.64023
-31.3679 33.6678 111.216 7 4.64023
-37.6418 40.4016 93.4595 7 4.64023
-43.9156 47.1357 75.703 7 4.64023
-50.1891 53.8702 57.9466 7 4.64023
-56.462 60.6053 40.1902 7 4.64023
-62.7343 67.3406 22.4338 7 4.64023
-9.52684e-06 3.60151e-05 200 6.99999 4.64023
-6.27301 6.73365 182.243 6.99999 4.64023
-12.5463 13.4672 164.486 6.99999 4.64023
-18.8199 20.2007 146.729 6.99999 4.64023
-25.0938 26.9342 128.973 6.99999 4.64023
-31.3679 33.6678 111.216 7 4.64023
-37.6418 40.4016 93.4595 7 4.64023
-43.9156 47.1357 75.703 7 4.64023
-50.1891 53.8702 57.9466 7 4.64023
-56.462 60.6053 40.1902 7 4.64023
-62.7343 67.3406 22.4338 7 4.64023
-9.52684e-06 3.60151e-05 200 6.99999 4.64023
-6.27301 6.73365 182.243 6.99999 4.64023
-12.5463 13.4672 164.486 6.99999 4.64023
-18.8199 20.2007 146.729 6.99999 4.64023
-25.0938 26.9342 128.973 6.99999 4.64023
-31.3679 33.6678 111.216 7 4.64023
-37.6418 40.4016 93.4595 7 4.64023
-43.9156 47.1357 75.703 7 4.64023
-50.1891 53.8702 57.9466 7 4.64023
-56.462 60.6053 40.1902 7 4.64023
-62.7343 67.3406 22.4338 7 4.64023
