-0.000272573 -8.95605e-06 200 6.99998 7.46037
-19.6173 -0.822707 196.192 6.99998 7.46037
-39.2343 -1.64544 192.384 6.99998 7.46037
-58.8513 -2.46824 188.576 6.99998 7.46037
-78.4681 -3.29118 184.767 6.99998 7.46037
-98.0849 -4.11433 180.958 6.99998 7.46037
-117.701 -4.93764 177.148 6.99999 7.46037
-137.318 -5.76096 173.337 6.99999 7.46037
-156.934 -6.58424 169.525 6.99999 7.46037
-176.55 -7.4075 165.711 7 7.46037
-196.165 -8.23078 161.898 7 7.46037
-0.000272573 -8.95605e-06 200 6.99998 7.46037
-19.6173 -0.822707 196.192 6.99998 7.46037
-39.2343 -1.64544 192.384 6.99998 7.46037
-58.8513 -2.46824 188.576 6.99998 7.46037
-78.4681 -3.29118 184.767 6.99998 7.46037
-98.0849 -4.11433 180.958 6.99998 7.46037
-117.701 -4.93764 177.148 6.99999 7.46037
-137.318 -5.76096 173.337 6.99999 7.46037
-156.934 -6.58424 169.525 6.99999 7.46037
-176.55 -7.4075 165.711 7 7.46037
-196.165 -8.23078 161.898 7 7.46037
-0.000272573 -8.95605e-06 200 6.99998 7.46037
-19.6173 -0.822707 196.192 6.99998 7.46037
-39.2343 -1.64544 192.384 6.99998 7.46037
-58.8513 -2.46824 188.576 6.99998 7.46037
-78.4681 -3.29118 184.767 6.99998 7.46037
-98.0849 -4.11433 180.958 6.99998 7.46037
-117.701 -4.93764 177.148 6.99999 7.46037
-137.318 -5.76096 173.337 6.99999 7.46037
-156.934 -6.58424 169.525 6.99999 7.46037
-176.55 -7.4075 165.711 7 7.46037
-196.165 -8.23078 161.898 7 7.46037
-0.000272573 -8.95605e-06 200 6.99998 7.46037
-19.6173 -0.822707 196.192 6.99998 7.46037
-39.2343 -1.64544 192.384 6.99998 7.46037
-58.8513 -2.46824 188.576 6.99998 7.46037
-78.4681 -3.29118 184.767 6.99998 7.46037
-98.0849 -4.11433 180.958 6.99998 7.46037
-117.701 -4.93764 177.148 6.99999 7.46037
-137.318 -5.76096 173.337 6.99999 7.46037
-156.934 -6.58424 169.525 6.99999 7.46037
-176.55 -7.4075 165.711 7 7.46037
-196.165 -8.23078 161.898 7 7.46037
-0.000272573 -8.95605e-06 200 6.99998 7.46037
-19.6173 -0.822707 196.192 6.99998 7.46037
-39.2343 -1.64544 192.384 6.99998 7.46037
-58.8513 -2.46824 188.576 6.99998 7.46037
-78.4681 -3.29118 184.767 6.99998 7.46037
-98.0849 -4.11433 180.958 6.99998 7.46037
-117.701 -4.93764 177.148 6.99999 7.46037
-137.318 -5.76096 173.337 6.99999 7.46037
-156.934 -6.58424 169.525 6.99999 7.46037
-176.55 -7.4075 165.711 7 7.46037
-196.165 -8.23078 161.898 7 7.46037
-0.000272573 -8.95605e-06 200 6.99998 7.46037
-19.6173 -0.822707 196.192 6.99998 7.46037
-39.2343 -1.64544 192.384 6.99998 7.46037
-58.8513 -2.46824 188.576 6.99998 7.46037
-78.4681 -3.29118 184.767 6.99998 7.46037
-98.0849 -4.11433 180.958 6.99998 7.46037
-117.701 -4.93764 177.148 6.99999 7.46037
-137.318 -5.76096 173.337 6.99999 7.46037
-156.934 -6.58424 169.525 6.99999 7.46037
-176.55 -7.4075 165.711 7 7.46037
-196.165 -8.23078 161.898 7 7.46037
