0.000178634 -3.90001e-05 200 6.99997 9.08045
7.52149 -1.5641 218.466 6.99997 9.08045
15.0423 -3.12803 236.932 6.99997 9.08045
22.5622 -4.69173 255.399 6.99997 9.08045
30.0811 -6.25513 273.866 6.99998 9.08045
37.5988 -7.8182 292.333 6.99998 9.08045
45.1154 -9.38098 310.801 6.99998 9.08045
52.6311 -10.9435 329.269 6.99998 9.08045
60.146 -12.506 347.738 6.99999 9.08045
67.6606 -14.0684 366.207 6.99999 9.08045
75.175 -15.6308 384.675 6.99999 9.08045
0.000178634 -3.90001e-05 200 6.99997 9.08045
7.52149 -1.5641 218.466 6.99997 9.08045
15.0423 -3.12803 236.932 6.99997 9.08045
22.5622 -4.69173 255.399 6.99997 9.08045
30.0811 -6.25513 273.866 6.99998 9.08045
37.5988 -7.8182 292.333 6.99998 9.08045
45.1154 -9.38098 310.801 6.99998 9.08045
52.6311 -10.9435 329.269 6.99998 9.08045
60.146 -12.506 347.738 6.99999 9.08045
67.6606 -14.0684 366.207 6.99999 9.08045
75.175 -15.6308 384.675 6.99999 9.08045
0.000178634 -3.90001e-05 200 6.99997 9.08045
7.52149 -1.5641 218.466 6.99997 9.08045
15.0423 -3.12803 236.932 6.99997 9.08045
22.5622 -4.69173 255.399 6.99997 9.08045
30.0811 -6.25513 273.866 6.99998 9.08045
37.5988 -7.8182 292.333 6.99998 9.08045
45.1154 -9.38098 310.801 6.99998 9.08045
52.6311 -10.9435 329.269 6.99998 9.08045
60.146 -12.506 347.738 6.99999 9.08045
67.6606 -14.0684 366.207 6.99999 9.08045
75.175 -15.6308 384.675 6.99999 9.08045
0.000178634 -3.90001e-05 200 6.99997 9.08045
7.52149 -1.5641 218.466 6.99997 9.08045
15.0423 -3.12803 236.932 6.99997 9.08045
22.5622 -4.69173 255.399 6.99997 9.08045
30.0811 -6.25513 273.866 6.99998 9.08045
37.5988 -7.8182 292.333 6.99998 9.08045
45.1154 -9.38098 310.801 6.99998 9.08045
52.6311 -10.9435 329.269 6.99998 9.08045
60.146 -12.506 347.738 6.99999 9.08045
67.6606 -14.0684 366.207 6.99999 9.08045
75.175 -15.6308 384.675 6.99999 9.08045
0.000178634 -3.90001e-05 200 6.99997 9.08045
7.52149 -1.5641 218.466 6.99997 9.08045
15.0423 -3.12803 236.932 6.99997 9.08045
22.5622 -4.69173 255.399 6.99997 9.08045
30.0811 -6.25513 273.866 6.99998 9.08045
37.5988 -7.8182 292.333 6.99998 9.08045
45.1154 -9.38098 310.801 6.99998 9.08045
52.6311 -10.9435 329.269 6.99998 9.08045
60.146 -12.506 347.738 6.99999 9.08045
67.6606 -14.0684 366.207 6.99999 9.08045
75.175 -15.6308 384.675 6.99999 9.08045
0.000178634 -3.90001e-05 200 6.99997 9.08045
7.52149 -1.5641 218.466 6.99997 9.08045
15.0423 -3.12803 236.932 6.99997 9.08045
22.5622 -4.69173 255.399 6.99997 9.08045
30.0811 -6.25513 273.866 6.99998 9.08045
37.5988 -7.8182 292.333 6.99998 9.08045
45.1154 -9.38098 310.801 6.99998 9.08045
52.6311 -10.9435 329.269 6.99998 9.08045
60.146 -12.506 347.738 6.99999 9.08045
67.6606 -14.0684 366.207 6.99999 9.08045
75.175 -15.6308 384.675 6.99999 9.08045
