-0.0001312 -3.40651e-05 200 6.99998 9.44047
-8.81515 -1.80163 217.862 6.99998 9.44047
-17.6302 -3.60314 235.724 6.99998 9.44047
-26.4453 -5.40451 253.587 6.99998 9.44047
-35.2604 -7.20576 271.449 6.99998 9.44047
-44.0756 -9.00683 289.311 6.99998 9.44047
-52.8909 -10.8077 307.173 6.99998 9.44047
-61.7064 -12.6082 325.035 6.99999 9.44047
-70.5219 -14.4086 342.897 6.99999 9.44047
-79.3377 -16.2088 360.758 6.99999 9.44047
-88.1534 -18.0089 378.62 6.99999 9.44047
-0.0001312 -3.40651e-05 200 6.99998 9.44047
-8.81515 -1.80163 217.862 6.99998 9.44047
-17.6302 -3.60314 235.724 6.99998 9.44047
-26.4453 -5.40451 253.587 6.99998 9.44047
-35.2604 -7.20576 271.449 6.99998 9.44047
-44.0756 -9.00683 289.311 6.99998 9.44047
-52.8909 -10.8077 307.173 6.99998 9.44047
-61.7064 -12.6082 325.035 6.99999 9.44047
-70.5219 -14.4086 342.897 6.99999 9.44047
-79.3377 -16.2088 360.758 6.99999 9.44047
-88.1534 -18.0089 378.62 6.99999 9.44047
-0.0001312 -3.40651e-05 200 6.99998 9.44047
-8.81515 -1.80163 217.862 6.99998 9.44047
-17.6302 -3.60314 235.724 6.99998 9.44047
-26.4453 -5.40451 253.587 6.99998 9.44047
-35.2604 -7.20576 271.449 6.99998 9.44047
-44.0756 -9.00683 289.311 6.99998 9.44047
-52.8909 -10.8077 307.173 6.99998 9.44047
-61.7064 -12.6082 325.035 6.99999 9.44047
-70.5219 -14.4086 342.897 6.99999 9.44047
-79.3377 -16.2088 360.758 6.99999 9.44047
-88.1534 -18.0089 378.62 6.99999 9.44047
-0.0001312 -3.40651e-05 200 6.99998 9.44047
-8.81515 -1.80163 217.862 6.99998 9.44047
-17.6302 -3.60314 235.724 6.99998 9.44047
-26.4453 -5.40451 253.587 6.99998 9.44047
-35.2604 -7.20576 271.449 6.99998 9.44047
-44.0756 -9.00683 289.311 6.99998 9.44047
-52.8909 -10.8077 307.173 6.99998 9.44047
-61.7064 -12.6082 325.035 6.99999 9.44047
-70.5219 -14.4086 342.897 6.99999 9.44047
-79.3377 -16.2088 360.758 6.99999 9.44047
-88.1534 -18.0089 378.62 6.99999 9.44047
-0.0001312 -3.40651e-05 200 6.99998 9.44047
-8.81515 -1.80163 217.862 6.99998 9.44047
-17.6302 -3.60314 235.724 6.99998 9.44047
-26.4453 -5.40451 253.587 6.99998 9.44047
-35.2604 -7.20576 271.449 6.99998 9.44047
-44.0756 -9.00683 289.311 6.99998 9.44047
-52.8909 -10.8077 307.173 6.99998 9.44047
-61.7064 -12.6082 325.035 6.99999 9.44047
-70.5219 -14.4086 342.897 6.99999 9.44047
-79.3377 -16.2088 360.758 6.99999 9.44047
-88.1534 -18.0089 378.62 6.99999 9.44047
-0.0001312 -3.40651e-05 200 6.99998 9.44047
-8.81515 -1.80163 217.862 6.99998 9.44047
-17.6302 -3.60314 235.724 6.99998 9.44047
-26.4453 -5.40451 253.587 6.99998 9.44047
-35.2604 -7.20576 271.449 6.99998 9.44047
-44.0756 -9.00683 289.311 6.99998 9.44047
-52.8909 -10.8077 307.173 6.99998 9.44047
-61.7064 -12.6082 325.035 6.99999 9.44047
-70.5219 -14.4086 342.897 6.99999 9.44047
-79.3377 -16.2088 360.758 6.99999 9.44047
-88.1534 -18.0089 378.62 6.99999 9.44047
