-5.47177e-05 -1.20887e-05 200 7 0.260013
0.0442765 -19.926 198.281 7 0.260013
0.0893827 -39.8521 196.564 7 0.260013
0.135935 -59.7784 194.849 7 0.260013
0.184545 -79.705 193.138 7 0.260013
0.235538 -99.632 191.431 7 0.260013
0.28873 -119.559 189.729 7 0.260013
0.343505 -139.487 188.029 7 0.260013
0.399497 -159.415 186.331 7 0.260013
0.456517 -179.343 184.635 7 0.260013
0.514117 -199.27 182.94 7 0.260013
-5.47177e-05 -1.20887e-05 200 7 0.260013
0.0442765 -19.926 198.281 7 0.260013
0.0893827 -39.8521 196.564 7 0.260013
0.135935 -59.7784 194.849 7 0.260013
0.184545 -79.705 193.138 7 0.260013
0.235538 -99.632 191.431 7 0.260013
0.28873 -119.559 189.729 7 0.260013
0.343505 -139.487 188.029 7 0.260013
0.399497 -159.415 186.331 7 0.260013
0.456517 -179.343 184.635 7 0.260013
0.514117 -199.27 182.94 7 0.260013
-5.47177e-05 -1.20887e-05 200 7 0.260013
0.0442765 -19.926 198.281 7 0.260013
0.0893827 -39.8521 196.564 7 0.260013
0.135935 -59.7784 194.849 7 0.260013
0.184545 -79.705 193.138 7 0.260013
0.235538 -99.632 191.431 7 0.260013
0.28873 -119.559 189.729 7 0.260013
0.343505 -139.487 188.029 7 0.260013
0.399497 -159.415 186.331 7 0.260013
0.456517 -179.343 184.635 7 0.260013
0.514117 -199.27 182.94 7 0.260013
-5.47177e-05 -1.20887e-05 200 7 0.260013
0.0442765 -19.926 198.281 7 0.260013
0.0893827 -39.8521 196.564 7 0.260013
0.135935 -59.7784 194.849 7 0.260013
0.184545 -79.705 193.138 7 0.260013
0.235538 -99.632 191.431 7 0.260013
0.28873 -119.559 189.729 7 0.260013
0.343505 -139.487 188.029 7 0.260013
0.399497 -159.415 186.331 7 0.260013
0.456517 -179.343 184.635 7 0.260013
0.514117 -199.27 182.94 7 0.260013
-5.47177e-05 -1.20887e-05 200 7 0.260013
0.0442765 -19.926 198.281 7 0.260013
0.0893827 -39.8521 196.564 7 0.260013
0.135935 -59.7784 194.849 7 0.260013
0.184545 -79.705 193.138 7 0.260013
0.235538 -99.632 191.431 7 0.260013
0.28873 -119.559 189.729 7 0.260013
0.343505 -139.487 188.029 7 0.260013
0.399497 -159.415 186.331 7 0.260013
0.456517 -179.343 184.635 7 0.260013
0.514117 -199.27 182.94 7 0.260013
-5.47177e-05 -1.20887e-05 200 7 0.260013
0.0442765 -19.926 198.281 7 0.260013
0.0893827 -39.8521 196.564 7 0.260013
0.135935 -59.7784 194.849 7 0.260013
0.184545 -79.705 193.138 7 0.260013
0.235538 -99.632 191.431 7 0.260013
0.28873 -119.559 189.729 7 0.260013
0.343505 -139.487 188.029 7 0.260013
0.399497 -159.415 186.331 7 0.260013
0.456517 -179.343 184.635 7 0.260013
0.514117 -199.27 182.94 7 0.260013
