-0.000272634 -2.64897e-06 200 6.99998 7.66038
-15.8102 0.474546 187.759 6.99998 7.66038
-31.6197 0.949239 175.519 6.99998 7.66038
-47.4285 1.42415 163.277 6.99998 7.66038
-63.2364 1.89929 151.034 6.99998 7.66038
-79.0432 2.37462 138.79 6.99998 7.66038
-94.8487 2.85014 126.544 6.99999 7.66038
-110.653 3.32576 114.296 6.99999 7.66038
-126.456 3.80147 102.047 6.99999 7.66038
-142.258 4.27731 89.7971 7 7.66038
-158.06 4.75323 77.5465 7 7.66038
-0.000272634 -2.64897e-06 200 6.99998 7.66038
-15.8102 0.474546 187.759 6.99998 7.66038
-31.6197 0.949239 175.519 6.99998 7.66038
-47.4285 1.42415 163.277 6.99998 7.66038
-63.2364 1.89929 151.034 6.99998 7.66038
-79.0432 2.37462 138.79 6.99998 7.66038
-94.8487 2.85014 126.544 6.99999 7.66038
-110.653 3.32576 114.296 6.99999 7.66038
-126.456 3.80147 102.047 6.99999 7.66038
-142.258 4.27731 89.7971 7 7.66038
-158.06 4.75323 77.5465 7 7.66038
-0.000272634 -2.64897e-06 200 6.99998 7.66038
-15.8102 0.474546 187.759 6.99998 7.66038
-31.6197 0.949239 175.519 6.99998 7.66038
-47.4285 1.42415 163.277 6.99998 7.66038
-63.2364 1.89929 151.034 6.99998 7.66038
-79.0432 2.37462 138.79 6.99998 7.66038
-94.8487 2.85014 126.544 6.99999 7.66038
-110.653 3.32576 114.296 6.99999 7.66038
-126.456 3.80147 102.047 6.99999 7.66038
-142.258 4.27731 89.7971 7 7.66038
-158.06 4.75323 77.5465 7 7.66038
-0.000272634 -2.64897e-06 200 6.99998 7.66038
-15.8102 0.474546 187.759 6.99998 7.66038
-31.6197 0.949239 175.519 6.99998 7.66038
-47.4285 1.42415 163.277 6.99998 7.66038
-63.2364 1.89929 151.034 6.99998 7.66038
-79.0432 2.37462 138.79 6.99998 7.66038
-94.8487 2.85014 126.544 6.99999 7.66038
-110.653 3.32576 114.296 6.99999 7.66038
-126.456 3.80147 102.047 6.99999 7.66038
-142.258 4.27731 89.7971 7 7.66038
-158.06 4.75323 77.5465 7 7.66038
-0.000272634 -2.64897e-06 200 6.99998 7.66038
-15.8102 0.474546 187.759 6.99998 7.66038
-31.6197 0.949239 175.519 6.99998 7.66038
-47.4285 1.42415 163.277 6.99998 7.66038
-63.2364 1.89929 151.034 6.99998 7.66038
-79.0432 2.37462 138.79 6.99998 7.66038
-94.8487 2.85014 126.544 6.99999 7.66038
-110.653 3.32576 114.296 6.99999 7.66038
-126.456 3.80147 102.047 6.99999 7.66038
-142.258 4.27731 89.7971 7 7.66038
-158.06 4.75323 77.5465 7 7.66038
-0.000272634 -2.64897e-06 200 6.99998 7.66038
-15.8102 0.474546 187.759 6.99998 7.66038
-31.6197 0.949239 175.519 6.99998 7.66038
-47.4285 1.42415 163.277 6.99998 7.66038
-63.2364 1.89929 151.034 6.99998 7.66038
-79.0432 2.37462 138.79 6.99998 7.66038
-94.8487 2.85014 126.544 6.99999 7.66038
-110.653 3.32576 114.296 6.99999 7.66038
-126.456 3.80147 102.047 6.99999 7.66038
-142.258 4.27731 89.7971 7 7.66038
-158.06 4.75323 77.5465 7 7.66038
