6.09403e-05 -4.76458e-05 200 7 1.90009
13.8946 -12.2106 207.605 7 1.90009
27.7888 -24.4209 215.212 7 1.90009
41.6823 -36.6308 222.821 7 1.90009
55.5748 -48.8402 230.432 7 1.90009
69.466 -61.0488 238.046 7 1.90009
83.3559 -73.2565 245.665 7 1.90009
97.2444 -85.4635 253.288 7 1.90009
111.132 -97.6698 260.913 7 1.90009
125.019 -109.876 268.54 7 1.90009
138.905 -122.082 276.167 7 1.90009
6.09403e-05 -4.76458e-05 200 7 1.90009
13.8946 -12.2106 207.605 7 1.90009
27.7888 -24.4209 215.212 7 1.90009
41.6823 -36.6308 222.821 7 1.90009
55.5748 -48.8402 230.432 7 1.90009
69.466 -61.0488 238.046 7 1.90009
83.3559 -73.2565 245.665 7 1.90009
97.2444 -85.4635 253.288 7 1.90009
111.132 -97.6698 260.913 7 1.90009
125.019 -109.876 268.54 7 1.90009
138.905 -122.082 276.167 7 1.90009
6.09403e-05 -4.76458e-05 200 7 1.90009
13.8946 -12.2106 207.605 7 1.90009
27.7888 -24.4209 215.212 7 1.90009
41.6823 -36.6308 222.821 7 1.90009
55.5748 -48.8402 230.432 7 1.90009
69.466 -61.0488 238.046 7 1.90009
83.3559 -73.2565 245.665 7 1.90009
97.2444 -85.4635 253.288 7 1.90009
111.132 -97.6698 260.913 7 1.90009
125.019 -109.876 268.54 7 1.90009
138.905 -122.082 276.167 7 1.90009
6.09403e-05 -4.76458e-05 200 7 1.90009
13.8946 -12.2106 207.605 7 1.90009
27.7888 -24.4209 215.212 7 1.90009
41.6823 -36.6308 222.821 7 1.90009
55.5748 -48.8402 230.432 7 1.90009
69.466 -61.0488 238.046 7 1.90009
83.3559 -73.2565 245.665 7 1.90009
97.2444 -85.4635 253.288 7 1.90009
111.132 -97.6698 260.913 7 1.90009
125.019 -109.876 268.54 7 1.90009
138.905 -122.082 276.167 7 1.90009
6.09403e-05 -4.76458e-05 200 7 1.90009
13.8946 -12.2106 207.605 7 1.90009
27.7888 -24.4209 215.212 7 1.90009
41.6823 -36.6308 222.821 7 1.90009
55.5748 -48.8402 230.432 7 1.90009
69.466 -61.0488 238.046 7 1.90009
83.3559 -73.2565 245.665 7 1.90009
97.2444 -85.4635 253.288 7 1.90009
111.132 -97.6698 260.913 7 1.90009
125.019 -109.876 268.54 7 1.90009
138.905 -122.082 276.167 7 1.90009
6.09403e-05 -4.76458e-05 200 7 1.90009
13.8946 -12.2106 207.605 7 1.90009
27.7888 -24.4209 215.212 7 1.90009
41.6823 -36.6308 222.821 7 1.90009
55.5748 -48.8402 230.432 7 1.90009
69.466 -61.0488 238.046 7 1.90009
83.3559 -73.2565 245.665 7 1.90009
97.2444 -85.4635 253.288 7 1.90009
111.132 -97.6698 260.913 7 1.90009
125.019 -109.876 268.54 7 1.90009
138.905 -122.082 276.167 7 1.90009
