0.000142246 1.00583e-06 200 6.99999 6.0403
17.9575 -1.3621 208.7 6.99999 6.0403
35.9144 -2.72435 217.4 6.99999 6.0403
53.8708 -4.0868 226.101 6.99999 6.0403
71.8263 -5.44941 234.804 6.99999 6.0403
89.7806 -6.8121 243.51 6.99999 6.0403
107.734 -8.17484 252.218 6.99999 6.0403
125.686 -9.53758 260.928 7 6.0403
143.638 -10.9003 269.639 7 6.0403
161.588 -12.263 278.352 7 6.0403
179.539 -13.6257 287.065 7 6.0403
0.000142246 1.00583e-06 200 6.99999 6.0403
17.9575 -1.3621 208.7 6.99999 6.0403
35.9144 -2.72435 217.4 6.99999 6.0403
53.8708 -4.0868 226.101 6.99999 6.0403
71.8263 -5.44941 234.804 6.99999 6.0403
89.7806 -6.8121 243.51 6.99999 6.0403
107.734 -8.17484 252.218 6.99999 6.0403
125.686 -9.53758 260.928 7 6.0403
143.638 -10.9003 269.639 7 6.0403
161.588 -12.263 278.352 7 6.0403
179.539 -13.6257 287.065 7 6.0403
0.000142246 1.00583e-06 200 6.99999 6.0403
17.9575 -1.3621 208.7 6.99999 6.0403
35.9144 -2.72435 217.4 6.99999 6.0403
53.8708 -4.0868 226.101 6.99999 6.0403
71.8263 -5.44941 234.804 6.99999 6.0403
89.7806 -6.8121 243.51 6.99999 6.0403
107.734 -8.17484 252.218 6.99999 6.0403
125.686 -9.53758 260.928 7 6.0403
143.638 -10.9003 269.639 7 6.0403
161.588 -12.263 278.352 7 6.0403
179.539 -13.6257 287.065 7 6.0403
0.000142246 1.00583e-06 200 6.99999 6.0403
17.9575 -1.3621 208.7 6.99999 6.0403
35.9144 -2.72435 217.4 6.99999 6.0403
53.8708 -4.0868 226.101 6.99999 6.0403
71.8263 -5.44941 234.804 6.99999 6.0403
89.7806 -6.8121 243.51 6.99999 6.0403
107.734 -8.17484 252.218 6.99999 6.0403
125.686 -9.53758 260.928 7 6.0403
143.638 -10.9003 269.639 7 6.0403
161.588 -12.263 278.352 7 6.0403
179.539 -13.6257 287.065 7 6.0403
0.000142246 1.00583e-06 200 6.99999 6.0403
17.9575 -1.3621 208.7 6.99999 6.0403
35.9144 -2.72435 217.4 6.99999 6.0403
53.8708 -4.0868 226.101 6.99999 6.0403
71.8263 -5.44941 234.804 6.99999 6.0403
89.7806 -6.8121 243.51 6.99999 6.0403
107.734 -8.17484 252.218 6.99999 6.0403
125.686 -9.53758 260.928 7 6.0403
143.638 -10.9003 269.639 7 6.0403
161.588 -12.263 278.352 7 6.0403
179.539 -13.6257 287.065 7 6.0403
0.000142246 1.00583e-06 200 6.99999 6.0403
17.9575 -1.3621 208.7 6.99999 6.0403
35.9144 -2.72435 217.4 6.99999 6.0403
53.8708 -4.0868 226.101 6.99999 6.0403
71.8263 -5.44941 234.804 6.99999 6.0403
89.7806 -6.8121 243.51 6.99999 6.0403
107.734 -8.17484 252.218 6.99999 6.0403
125.686 -9.53758 260.928 7 6.0403
143.638 -10.9003 269.639 7 6.0403
161.588 -12.263 278.352 7 6.0403
179.539 -13.6257 287.065 7 6.0403
