0.000121347 5.5532e-06 200 6.99999 5.84029
19.893 -0.0626132 202.066 6.99999 5.84029
39.786 -0.125319 204.132 6.99999 5.84029
59.679 -0.188123 206.198 6.99999 5.84029
79.5722 -0.250954 208.262 6.99999 5.84029
99.4654 -0.313686 210.325 6.99999 5.84029
119.359 -0.376254 212.387 7 5.84029
139.252 -0.438669 214.448 7 5.84029
159.146 -0.500976 216.509 7 5.84029
179.039 -0.563223 218.57 7 5.84029
198.933 -0.625454 220.631 7 5.84029
0.000121347 5.5532e-06 200 6.99999 5.84029
19.893 -0.0626132 202.066 6.99999 5.84029
39.786 -0.125319 204.132 6.99999 5.84029
59.679 -0.188123 206.198 6.99999 5.84029
79.5722 -0.250954 208.262 6.99999 5.84029
99.4654 -0.313686 210.325 6.99999 5.84029
119.359 -0.376254 212.387 7 5.84029
139.252 -0.438669 214.448 7 5.84029
159.146 -0.500976 216.509 7 5.84029
179.039 -0.563223 218.57 7 5.84029
198.933 -0.625454 220.631 7 5.84029
0.000121347 5.5532e-06 200 6.99999 5.84029
19.893 -0.0626132 202.066 6.99999 5.84029
39.786 -0.125319 204.132 6.99999 5.84029
59.679 -0.188123 206.198 6.99999 5.84029
79.5722 -0.250954 208.262 6.99999 5.84029
99.4654 -0.313686 210.325 6.99999 5.84029
119.359 -0.376254 212.387 7 5.84029
139.252 -0.438669 214.448 7 5.84029
159.146 -0.500976 216.509 7 5.84029
179.039 -0.563223 218.57 7 5.84029
198.933 -0.625454 220.631 7 5.84029
0.000121347 5.5532e-06 200 6.99999 5.84029
19.893 -0.0626132 202.066 6.99999 5.84029
39.786 -0.125319 204.132 6.99999 5.84029
59.679 -0.188123 206.198 6.99999 5.84029
79.5722 -0.250954 208.262 6.99999 5.84029
99.4654 -0.313686 210.325 6.99999 5.84029
119.359 -0.376254 212.387 7 5.84029
139.252 -0.438669 214.448 7 5.84029
159.146 -0.500976 216.509 7 5.84029
179.039 -0.563223 218.57 7 5.84029
198.933 -0.625454 220.631 7 5.84029
0.000121347 5.5532e-06 200 6.99999 5.84029
19.893 -0.0626132 202.066 6.99999 5.84029
39.786 -0.125319 204.132 6.99999 5.84029
59.679 -0.188123 206.198 6.99999 5.84029
79.5722 -0.250954 208.262 6.99999 5.84029
99.4654 -0.313686 210.325 6.99999 5.84029
119.359 -0.376254 212.387 7 5.84029
139.252 -0.438669 214.448 7 5.84029
159.146 -0.500976 216.509 7 5.84029
179.039 -0.563223 218.57 7 5.84029
198.933 -0.625454 220.631 7 5.84029
0.000121347 5.5532e-06 200 6.99999 5.84029
19.893 -0.0626132 202.066 6.99999 5.84029
39.786 -0.125319 204.132 6.99999 5.84029
59.679 -0.188123 206.198 6.99999 5.84029
79.5722 -0.250954 208.262 6.99999 5.84029
99.4654 -0.313686 210.325 6.99999 5.84029
119.359 -0.376254 212.387 7 5.84029
139.252 -0.438669 214.448 7 5.84029
159.146 -0.500976 216.509 7 5.84029
179.039 -0.563223 218.57 7 5.84029
198.933 -0.625454 220.631 7 5.84029
