1.35974e-05 2.44117e-05 200 7 2.32012
9.72962 -8.18154 215.44 7 2.32012
19.4594 -16.3637 230.88 7 2.32012
29.1893 -24.547 246.319 7 2.32012
38.9193 -32.7317 261.757 7 2.32012
48.6495 -40.9179 277.194 7 2.32012
58.3798 -49.1059 292.631 7 2.32012
68.1103 -57.2957 308.066 7 2.32012
77.8411 -65.4871 323.5 7 2.32012
87.5716 -73.6795 338.934 7 2.32012
97.3017 -81.872 354.368 7 2.32012
1.35974e-05 2.44117e-05 200 7 2.32012
9.72962 -8.18154 215.44 7 2.32012
19.4594 -16.3637 230.88 7 2.32012
29.1893 -24.547 246.319 7 2.32012
38.9193 -32.7317 261.757 7 2.32012
48.6495 -40.9179 277.194 7 2.32012
58.3798 -49.1059 292.631 7 2.32012
68.1103 -57.2957 308.066 7 2.32012
77.8411 -65.4871 323.5 7 2.32012
87.5716 -73.6795 338.934 7 2.32012
97.3017 -81.872 354.368 7 2.32012
1.35974e-05 2.44117e-05 200 7 2.32012
9.72962 -8.18154 215.44 7 2.32012
19.4594 -16.3637 230.88 7 2.32012
29.1893 -24.547 246.319 7 2.32012
38.9193 -32.7317 261.757 7 2.32012
48.6495 -40.9179 277.194 7 2.32012
58.3798 -49.1059 292.631 7 2.32012
68.1103 -57.2957 308.066 7 2.32012
77.8411 -65.4871 323.5 7 2.32012
87.5716 -73.6795 338.934 7 2.32012
97.3017 -81.872 354.368 7 2.32012
1.35974e-05 2.44117e-05 200 7 2.32012
9.72962 -8.18154 215.44 7 2.32012
19.4594 -16.3637 230.88 7 2.32012
29.1893 -24.547 246.319 7 2.32012
38.9193 -32.7317 261.757 7 2.32012
48.6495 -40.9179 277.194 7 2.32012
58.3798 -49.1059 292.631 7 2.32012
68.1103 -57.2957 308.066 7 2.32012
77.8411 -65.4871 323.5 7 2.32012
87.5716 -73.6795 338.934 7 2.32012
97.3017 -81.872 354.368 7 2.32012
1.35974e-05 2.44117e-05 200 7 2.32012
9.72962 -8.18154 215.44 7 2.32012
19.4594 -16.3637 230.88 7 2.32012
29.1893 -24.547 246.319 7 2.32012
38.9193 -32.7317 261.757 7 2.32012
48.6495 -40.9179 277.194 7 2.32012
58.3798 -49.1059 292.631 7 2.32012
68.1103 -57.2957 308.066 7 2.32012
77.8411 -65.4871 323.5 7 2.32012
87.5716 -73.6795 338.934 7 2.32012
97.3017 -81.872 354.368 7 2.32012
1.35974e-05 2.44117e-05 200 7 2.32012
9.72962 -8.18154 215.44 7 2.32012
19.4594 -16.3637 230.88 7 2.32012
29.1893 -24.547 246.319 7 2.32012
38.9193 -32.7317 261.757 7 2.32012
48.6495 -40.9179 277.194 7 2.32012
58.3798 -49.1059 292.631 7 2.32012
68.1103 -57.2957 308.066 7 2.32012
77.8411 -65.4871 323.5 7 2.32012
87.5716 -73.6795 338.934 7 2.32012
97.3017 -81.872 354.368 7 2.32012
