-0.000192237 -2.3333e-05 200 6.99998 7.12036
-16.7437 -2.76597 210.583 6.99998 7.12036
-33.4873 -5.53205 221.167 6.99998 7.12036
-50.2307 -8.29846 231.75 6.99998 7.12036
-66.9739 -11.0654 242.334 6.99999 7.12036
-83.7168 -13.8329 252.918 6.99999 7.12036
-100.46 -16.6008 263.501 6.99999 7.12036
-117.203 -19.3691 274.085 6.99999 7.12036
-133.946 -22.1375 284.668 6.99999 7.12036
-150.689 -24.9061 295.251 7 7.12036
-167.433 -27.6747 305.833 7 7.12036
-0.000192237 -2.3333e-05 200 6.99998 7.12036
-16.7437 -2.76597 210.583 6.99998 7.12036
-33.4873 -5.53205 221.167 6.99998 7.12036
-50.2307 -8.29846 231.75 6.99998 7.12036
-66.9739 -11.0654 242.334 6.99999 7.12036
-83.7168 -13.8329 252.918 6.99999 7.12036
-100.46 -16.6008 263.501 6.99999 7.12036
-117.203 -19.3691 274.085 6.99999 7.12036
-133.946 -22.1375 284.668 6.99999 7.12036
-150.689 -24.9061 295.251 7 7.12036
-167.433 -27.6747 305.833 7 7.12036
-0.000192237 -2.3333e-05 200 6.99998 7.12036
-16.7437 -2.76597 210.583 6.99998 7.12036
-33.4873 -5.53205 221.167 6.99998 7.12036
-50.2307 -8.29846 231.75 6.99998 7.12036
-66.9739 -11.0654 242.334 6.99999 7.12036
-83.7168 -13.8329 252.918 6.99999 7.12036
-100.46 -16.6008 263.501 6.99999 7.12036
-117.203 -19.3691 274.085 6.99999 7.12036
-133.946 -22.1375 284.668 6.99999 7.12036
-150.689 -24.9061 295.251 7 7.12036
-167.433 -27.6747 305.833 7 7.12036
-0.000192237 -2.3333e-05 200 6.99998 7.12036
-16.7437 -2.76597 210.583 6.99998 7.12036
-33.4873 -5.53205 221.167 6.99998 7.12036
-50.2307 -8.29846 231.75 6.99998 7.12036
-66.9739 -11.0654 242.334 6.99999 7.12036
-83.7168 -13.8329 252.918 6.99999 7.12036
-100.46 -16.6008 263.501 6.99999 7.12036
-117.203 -19.3691 274.085 6.99999 7.12036
-133.946 -22.1375 284.668 6.99999 7.12036
-150.689 -24.9061 295.251 7 7.12036
-167.433 -27.6747 305.833 7 7.12036
-0.000192237 -2.3333e-05 200 6.99998 7.12036
-16.7437 -2.76597 210.583 6.99998 7.12036
-33.4873 -5.53205 221.167 6.99998 7.12036
-50.2307 -8.29846 231.75 6.99998 7.12036
-66.9739 -11.0654 242.334 6.99999 7.12036
-83.7168 -13.8329 252.918 6.99999 7.12036
-100.46 -16.6008 263.501 6.99999 7.12036
-117.203 -19.3691 274.085 6.99999 7.12036
-133.946 -22.1375 284.668 6.99999 7.12036
-150.689 -24.9061 295.251 7 7.12036
-167.433 -27.6747 305.833 7 7.12036
-0.000192237 -2.3333e-05 200 6.99998 7.12036
-16.7437 -2.76597 210.583 6.99998 7.12036
-33.4873 -5.53205 221.167 6.99998 7.12036
-50.2307 -8.29846 231.75 6.99998 7.12036
-66.9739 -11.0654 242.334 6.99999 7.12036
-83.7168 -13.8329 252.918 6.99999 7.12036
-100.46 -16.6008 263.501 6.99999 7.12036
-117.203 -19.3691 274.085 6.99999 7.12036
-133.946 -22.1375 284.668 6.99999 7.12036
-150.689 -24.9061 295.251 7 7.12036
-167.433 -27.6747 305.833 7 7.12036
