7.07882e-05 3.30804e-05 200 6.99999 5.14026
9.36474 4.69023 182.962 6.99999 5.14026
18.7291 9.38032 165.923 6.99999 5.14026
28.0931 14.0703 148.884 6.99999 5.14026
37.4567 18.7602 131.845 6.99999 5.14026
46.8196 23.4501 114.806 6.99999 5.14026
56.1821 28.1402 97.766 7 5.14026
65.5444 32.8305 80.7264 7 5.14026
74.9066 37.521 63.6868 7 5.14026
84.2687 42.2117 46.6472 7 5.14026
93.6306 46.9026 29.6075 7 5.14026
7.07882e-05 3.30804e-05 200 6.99999 5.14026
9.36474 4.69023 182.962 6.99999 5.14026
18.7291 9.38032 165.923 6.99999 5.14026
28.0931 14.0703 148.884 6.99999 5.14026
37.4567 18.7602 131.845 6.99999 5.14026
46.8196 23.4501 114.806 6.99999 5.14026
56.1821 28.1402 97.766 7 5.14026
65.5444 32.8305 80.7264 7 5.14026
74.9066 37.521 63.6868 7 5.14026
84.2687 42.2117 46.6472 7 5.14026
93.6306 46.9026 29.6075 7 5.14026
7.07882e-05 3.30804e-05 200 6.99999 5.14026
9.36474 4.69023 182.962 6.99999 5.14026
18.7291 9.38032 165.923 6.99999 5.14026
28.0931 14.0703 148.884 6.99999 5.14026
37.4567 18.7602 131.845 6.99999 5.14026
46.8196 23.4501 114.806 6.99999 5.14026
56.1821 28.1402 97.766 7 5.14026
65.5444 32.8305 80.7264 7 5.14026
74.9066 37.521 63.6868 7 5.14026
84.2687 42.2117 46.6472 7 5.14026
93.6306 46.9026 29.6075 7 5.14026
7.07882e-05 3.30804e-05 200 6.99999 5.14026
9.36474 4.69023 182.962 6.99999 5.14026
18.7291 9.38032 165.923 6.99999 5.14026
28.0931 14.0703 148.884 6.99999 5.14026
37.4567 18.7602 131.845 6.99999 5.14026
46.8196 23.4501 114.806 6.99999 5.14026
56.1821 28.1402 97.766 7 5.14026
65.5444 32.8305 80.7264 7 5.14026
74.9066 37.521 63.6868 7 5.14026
84.2687 42.2117 46.6472 7 5.14026
93.6306 46.9026 29.6075 7 5.14026
7.07882e-05 3.30804e-05 200 6.99999 5.14026
9.36474 4.69023 182.962 6.99999 5.14026
18.7291 9.38032 165.923 6.99999 5.14026
28.0931 14.0703 148.884 6.99999 5.14026
37.4567 18.7602 131.845 6.99999 5.14026
46.8196 23.4501 114.806 6.99999 5.14026
56.1821 28.1402 97.766 7 5.14026
65.5444 32.8305 80.7264 7 5.14026
74.9066 37.521 63.6868 7 5.14026
84.2687 42.2117 46.6472 7 5.14026
93.6306 46.9026 29.6075 7 5.14026
7.07882e-05 3.30804e-05 200 6.99999 5.14026
9.36474 4.69023 182.962 6.99999 5.14026
18.7291 9.38032 165.923 6.99999 5.14026
28.0931 14.0703 148.884 6.99999 5.14026
37.4567 18.7602 131.845 6.99999 5.14026
46.8196 23.4501 114.806 6.99999 5.14026
56.1821 28.1402 97.766 7 5.14026
65.5444 32.8305 80.7264 7 5.14026
74.9066 37.521 63.6868 7 5.14026
84.2687 42.2117 46.6472 7 5.14026
93.6306 46.9026 29.6075 7 5.14026
