-9.2745e-07 -1.19807e-05 200 7 1.24006
10.0697 -16.9575 196.676 7 1.24006
20.1396 -33.9153 193.355 7 1.24006
30.2099 -50.8736 190.037 7 1.24006
40.2806 -67.8322 186.723 7 1.24006
50.3522 -84.7913 183.413 7 1.24006
60.4246 -101.751 180.108 7 1.24006
70.4978 -118.71 176.806 7 1.24006
80.5715 -135.67 173.506 7 1.24006
90.6453 -152.63 170.208 7 1.24006
100.719 -169.59 166.911 7 1.24006
-9.2745e-07 -1.19807e-05 200 7 1.24006
10.0697 -16.9575 196.676 7 1.24006
20.1396 -33.9153 193.355 7 1.24006
30.2099 -50.8736 190.037 7 1.24006
40.2806 -67.8322 186.723 7 1.24006
50.3522 -84.7913 183.413 7 1.24006
60.4246 -101.751 180.108 7 1.24006
70.4978 -118.71 176.806 7 1.24006
80.5715 -135.67 173.506 7 1.24006
90.6453 -152.63 170.208 7 1.24006
100.719 -169.59 166.911 7 1.24006
-9.2745e-07 -1.19807e-05 200 7 1.24006
10.0697 -16.9575 196.676 7 1.24006
20.1396 -33.9153 193.355 7 1.24006
30.2099 -50.8736 190.037 7 1.24006
40.2806 -67.8322 186.723 7 1.24006
50.3522 -84.7913 183.413 7 1.24006
60.4246 -101.751 180.108 7 1.24006
70.4978 -118.71 176.806 7 1.24006
80.5715 -135.67 173.506 7 1.24006
90.6453 -152.63 170.208 7 1.24006
100.719 -169.59 166.911 7 1.24006
-9.2745e-07 -1.19807e-05 200 7 1.24006
10.0697 -16.9575 196.676 7 1.24006
20.1396 -33.9153 193.355 7 1.24006
30.2099 -50.8736 190.037 7 1.24006
40.2806 -67.8322 186.723 7 1.24006
50.3522 -84.7913 183.413 7 1.24006
60.4246 -101.751 180.108 7 1.24006
70.4978 -118.71 176.806 7 1.24006
80.5715 -135.67 173.506 7 1.24006
90.6453 -152.63 170.208 7 1.24006
100.719 -169.59 166.911 7 1.24006
-9.2745e-07 -1.19807e-05 200 7 1.24006
10.0697 -16.9575 196.676 7 1.24006
20.1396 -33.9153 193.355 7 1.24006
30.2099 -50.8736 190.037 7 1.24006
40.2806 -67.8322 186.723 7 1.24006
50.3522 -84.7913 183.413 7 1.24006
60.4246 -101.751 180.108 7 1.24006
70.4978 -118.71 176.806 7 1.24006
80.5715 -135.67 173.506 7 1.24006
90.6453 -152.63 170.208 7 1.24006
100.719 -169.59 166.911 7 1.24006
-9.2745e-07 -1.19807e-05 200 7 1.24006
10.0697 -16.9575 196.676 7 1.24006
20.1396 -33.9153 193.355 7 1.24006
30.2099 -50.8736 190.037 7 1.24006
40.2806 -67.8322 186.723 7 1.24006
50.3522 -84.7913 183.413 7 1.24006
60.4246 -101.751 180.108 7 1.24006
70.4978 -118.71 176.806 7 1.24006
80.5715 -135.67 173.506 7 1.24006
90.6453 -152.63 170.208 7 1.24006
100.719 -169.59 166.911 7 1.24006
