1.01403e-05 -2.83114e-05 200 7 1.46007
12.4573 -15.6388 199.504 7 1.46007
24.9147 -31.2775 199.01 7 1.46007
37.3723 -46.9162 198.518 7 1.46007
49.83 -62.5548 198.03 7 1.46007
62.2878 -78.1935 197.545 7 1.46007
74.7457 -93.8322 197.065 7 1.46007
87.2036 -109.471 196.589 7 1.46007
99.6614 -125.11 196.117 7 1.46007
112.119 -140.749 195.647 7 1.46007
124.577 -156.389 195.178 7 1.46007
1.01403e-05 -2.83114e-05 200 7 1.46007
12.4573 -15.6388 199.504 7 1.46007
24.9147 -31.2775 199.01 7 1.46007
37.3723 -46.9162 198.518 7 1.46007
49.83 -62.5548 198.03 7 1.46007
62.2878 -78.1935 197.545 7 1.46007
74.7457 -93.8322 197.065 7 1.46007
87.2036 -109.471 196.589 7 1.46007
99.6614 -125.11 196.117 7 1.46007
112.119 -140.749 195.647 7 1.46007
124.577 -156.389 195.178 7 1.46007
1.01403e-05 -2.83114e-05 200 7 1.46007
12.4573 -15.6388 199.504 7 1.46007
24.9147 -31.2775 199.01 7 1.46007
37.3723 -46.9162 198.518 7 1.46007
49.83 -62.5548 198.03 7 1.46007
62.2878 -78.1935 197.545 7 1.46007
74.7457 -93.8322 197.065 7 1.46007
87.2036 -109.471 196.589 7 1.46007
99.6614 -125.11 196.117 7 1.46007
112.119 -140.749 195.647 7 1.46007
124.577 -156.389 195.178 7 1.46007
1.01403e-05 -2.83114e-05 200 7 1.46007
12.4573 -15.6388 199.504 7 1.46007
24.9147 -31.2775 199.01 7 1.46007
37.3723 -46.9162 198.518 7 1.46007
49.83 -62.5548 198.03 7 1.46007
62.2878 -78.1935 197.545 7 1.46007
74.7457 -93.8322 197.065 7 1.46007
87.2036 -109.471 196.589 7 1.46007
99.6614 -125.11 196.117 7 1.46007
112.119 -140.749 195.647 7 1.46007
124.577 -156.389 195.178 7 1.46007
1.01403e-05 -2.83114e-05 200 7 1.46007
12.4573 -15.6388 199.504 7 1.46007
24.9147 -31.2775 199.01 7 1.46007
37.3723 -46.9162 198.518 7 1.46007
49.83 -62.5548 198.03 7 1.46007
62.2878 -78.1935 197.545 7 1.46007
74.7457 -93.8322 197.065 7 1.46007
87.2036 -109.471 196.589 7 1.46007
99.6614 -125.11 196.117 7 1.46007
112.119 -140.749 195.647 7 1.46007
124.577 -156.389 195.178 7 1.46007
1.01403e-05 -2.83114e-05 200 7 1.46007
12.4573 -15.6388 199.504 7 1.46007
24.9147 -31.2775 199.01 7 1.46007
37.3723 -46.9162 198.518 7 1.46007
49.83 -62.5548 198.03 7 1.46007
62.2878 -78.1935 197.545 7 1.46007
74.7457 -93.8322 197.065 7 1.46007
87.2036 -109.471 196.589 7 1.46007
99.6614 -125.11 196.117 7 1.46007
112.119 -140.749 195.647 7 1.46007
124.577 -156.389 195.178 7 1.46007
