-0.00014484 -3.64514e-05 200 6.99998 7.04035
-14.6484 -3.09168 213.262 6.99998 7.04035
-29.2969 -6.18329 226.523 6.99998 7.04035
-43.9461 -9.2748 239.784 6.99998 7.04035
-58.5962 -12.3663 253.044 6.99999 7.04035
-73.2471 -15.4579 266.303 6.99999 7.04035
-87.8987 -18.5497 279.561 6.99999 7.04035
-102.551 -21.6417 292.818 6.99999 7.04035
-117.204 -24.7338 306.074 7 7.04035
-131.858 -27.8259 319.329 7 7.04035
-146.512 -30.9182 332.584 7 7.04035
-0.00014484 -3.64514e-05 200 6.99998 7.04035
-14.6484 -3.09168 213.262 6.99998 7.04035
-29.2969 -6.18329 226.523 6.99998 7.04035
-43.9461 -9.2748 239.784 6.99998 7.04035
-58.5962 -12.3663 253.044 6.99999 7.04035
-73.2471 -15.4579 266.303 6.99999 7.04035
-87.8987 -18.5497 279.561 6.99999 7.04035
-102.551 -21.6417 292.818 6.99999 7.04035
-117.204 -24.7338 306.074 7 7.04035
-131.858 -27.8259 319.329 7 7.04035
-146.512 -30.9182 332.584 7 7.04035
-0.00014484 -3.64514e-05 200 6.99998 7.04035
-14.6484 -3.09168 213.262 6.99998 7.04035
-29.2969 -6.18329 226.523 6.99998 7.04035
-43.9461 -9.2748 239.784 6.99998 7.04035
-58.5962 -12.3663 253.044 6.99999 7.04035
-73.2471 -15.4579 266.303 6.99999 7.04035
-87.8987 -18.5497 279.561 6.99999 7.04035
-102.551 -21.6417 292.818 6.99999 7.04035
-117.204 -24.7338 306.074 7 7.04035
-131.858 -27.8259 319.329 7 7.04035
-146.512 -30.9182 332.584 7 7.04035
-0.00014484 -3.64514e-05 200 6.99998 7.04035
-14.6484 -3.09168 213.262 6.99998 7.04035
-29.2969 -6.18329 226.523 6.99998 7.04035
-43.9461 -9.2748 239.784 6.99998 7.04035
-58.5962 -12.3663 253.044 6.99999 7.04035
-73.2471 -15.4579 266.303 6.99999 7.04035
-87.8987 -18.5497 279.561 6.99999 7.04035
-102.551 -21.6417 292.818 6.99999 7.04035
-117.204 -24.7338 306.074 7 7.04035
-131.858 -27.8259 319.329 7 7.04035
-146.512 -30.9182 332.584 7 7.04035
-0.00014484 -3.64514e-05 200 6.99998 7.04035
-14.6484 -3.09168 213.262 6.99998 7.04035
-29.2969 -6.18329 226.523 6.99998 7.04035
-43.9461 -9.2748 239.784 6.99998 7.04035
-58.5962 -12.3663 253.044 6.99999 7.04035
-73.2471 -15.4579 266.303 6.99999 7.04035
-87.8987 -18.5497 279.561 6.99999 7.04035
-102.551 -21.6417 292.818 6.99999 7.04035
-117.204 -24.7338 306.074 7 7.04035
-131.858 -27.8259 319.329 7 7.04035
-146.512 -30.9182 332.584 7 7.04035
-0.00014484 -3.64514e-05 200 6.99998 7.04035
-14.6484 -3.09168 213.262 6.99998 7.04035
-29.2969 -6.18329 226.523 6.99998 7.04035
-43.9461 -9.2748 239.784 6.99998 7.04035
-58.5962 -12.3663 253.044 6.99999 7.04035
-73.2471 -15.4579 266.303 6.99999 7.04035
-87.8987 -18.5497 279.561 6.99999 7.04035
-102.551 -21.6417 292.818 6.99999 7.04035
-117.204 -24.7338 306.074 7 7.04035
-131.858 -27.8259 319.329 7 7.04035
-146.512 -30.9182 332.584 7 7.04035
