-0.000281254 -5.05417e-06 200 6.99998 7.62038
-16.9049 0.221659 189.314 6.99998 7.62038
-33.8091 0.443445 178.627 6.99998 7.62038
-50.7124 0.665547 167.939 6.99998 7.62038
-67.6145 0.888114 157.249 6.99998 7.62038
-84.5153 1.11115 146.557 6.99998 7.62038
-101.415 1.33461 135.863 6.99999 7.62038
-118.313 1.55839 125.168 6.99999 7.62038
-135.21 1.78232 114.47 6.99999 7.62038
-152.107 2.00633 103.772 7 7.62038
-169.003 2.23034 93.0731 7 7.62038
-0.000281254 -5.05417e-06 200 6.99998 7.62038
-16.9049 0.221659 189.314 6.99998 7.62038
-33.8091 0.443445 178.627 6.99998 7.62038
-50.7124 0.665547 167.939 6.99998 7.62038
-67.6145 0.888114 157.249 6.99998 7.62038
-84.5153 1.11115 146.557 6.99998 7.62038
-101.415 1.33461 135.863 6.99999 7.62038
-118.313 1.55839 125.168 6.99999 7.62038
-135.21 1.78232 114.47 6.99999 7.62038
-152.107 2.00633 103.772 7 7.62038
-169.003 2.23034 93.0731 7 7.62038
-0.000281254 -5.05417e-06 200 6.99998 7.62038
-16.9049 0.221659 189.314 6.99998 7.62038
-33.8091 0.443445 178.627 6.99998 7.62038
-50.7124 0.665547 167.939 6.99998 7.62038
-67.6145 0.888114 157.249 6.99998 7.62038
-84.5153 1.11115 146.557 6.99998 7.62038
-101.415 1.33461 135.863 6.99999 7.62038
-118.313 1.55839 125.168 6.99999 7.62038
-135.21 1.78232 114.47 6.99999 7.62038
-152.107 2.00633 103.772 7 7.62038
-169.003 2.23034 93.0731 7 7.62038
-0.000281254 -5.05417e-06 200 6.99998 7.62038
-16.9049 0.221659 189.314 6.99998 7.62038
-33.8091 0.443445 178.627 6.99998 7.62038
-50.7124 0.665547 167.939 6.99998 7.62038
-67.6145 0.888114 157.249 6.99998 7.62038
-84.5153 1.11115 146.557 6.99998 7.62038
-101.415 1.33461 135.863 6.99999 7.62038
-118.313 1.55839 125.168 6.99999 7.62038
-135.21 1.78232 114.47 6.99999 7.62038
-152.107 2.00633 103.772 7 7.62038
-169.003 2.23034 93.0731 7 7.62038
-0.000281254 -5.05417e-06 200 6.99998 7.62038
-16.9049 0.221659 189.314 6.99998 7.62038
-33.8091 0.443445 178.627 6.99998 7.62038
-50.7124 0.665547 167.939 6.99998 7.62038
-67.6145 0.888114 157.249 6.99998 7.62038
-84.5153 1.11115 146.557 6.99998 7.62038
-101.415 1.33461 135.863 6.99999 7.62038
-118.313 1.55839 125.168 6.99999 7.62038
-135.21 1.78232 114.47 6.99999 7.62038
-152.107 2.00633 103.772 7 7.62038
-169.003 2.23034 93.0731 7 7.62038
-0.000281254 -5.05417e-06 200 6.99998 7.62038
-16.9049 0.221659 189.314 6.99998 7.62038
-33.8091 0.443445 178.627 6.99998 7.62038
-50.7124 0.665547 167.939 6.99998 7.62038
-67.6145 0.888114 157.249 6.99998 7.62038
-84.5153 1.11115 146.557 6.99998 7.62038
-101.415 1.33461 135.863 6.99999 7.62038
-118.313 1.55839 125.168 6.99999 7.62038
-135.21 1.78232 114.47 6.99999 7.62038
-152.107 2.00633 103.772 7 7.62038
-169.003 2.23034 93.0731 7 7.62038
