-0.000151028 -1.38701e-05 200 6.99998 6.94035
-11.5046 -3.40099 216.003 6.99998 6.94035
-23.0085 -6.80226 232.006 6.99999 6.94035
-34.5119 -10.204 248.009 6.99999 6.94035
-46.0147 -13.6062 264.013 6.99999 6.94035
-57.517 -17.0089 280.016 6.99999 6.94035
-69.0191 -20.4119 296.02 6.99999 6.94035
-80.5211 -23.8152 312.024 6.99999 6.94035
-92.0233 -27.2188 328.028 7 6.94035
-103.526 -30.6226 344.031 7 6.94035
-115.029 -34.0264 360.034 7 6.94035
-0.000151028 -1.38701e-05 200 6.99998 6.94035
-11.5046 -3.40099 216.003 6.99998 6.94035
-23.0085 -6.80226 232.006 6.99999 6.94035
-34.5119 -10.204 248.009 6.99999 6.94035
-46.0147 -13.6062 264.013 6.99999 6.94035
-57.517 -17.0089 280.016 6.99999 6.94035
-69.0191 -20.4119 296.02 6.99999 6.94035
-80.5211 -23.8152 312.024 6.99999 6.94035
-92.0233 -27.2188 328.028 7 6.94035
-103.526 -30.6226 344.031 7 6.94035
-115.029 -34.0264 360.034 7 6.94035
-0.000151028 -1.38701e-05 200 6.99998 6.94035
-11.5046 -3.40099 216.003 6.99998 6.94035
-23.0085 -6.80226 232.006 6.99999 6.94035
-34.5119 -10.204 248.009 6.99999 6.94035
-46.0147 -13.6062 264.013 6.99999 6.94035
-57.517 -17.0089 280.016 6.99999 6.94035
-69.0191 -20.4119 296.02 6.99999 6.94035
-80.5211 -23.8152 312.024 6.99999 6.94035
-92.0233 -27.2188 328.028 7 6.94035
-103.526 -30.6226 344.031 7 6.94035
-115.029 -34.0264 360.034 7 6.94035
-0.000151028 -1.38701e-05 200 6.99998 6.94035
-11.5046 -3.40099 216.003 6.99998 6.94035
-23.0085 -6.80226 232.006 6.99999 6.94035
-34.5119 -10.204 248.009 6.99999 6.94035
-46.0147 -13.6062 264.013 6.99999 6.94035
-57.517 -17.0089 280.016 6.99999 6.94035
-69.0191 -20.4119 296.02 6.99999 6.94035
-80.5211 -23.8152 312.024 6.99999 6.94035
-92.0233 -27.2188 328.028 7 6.94035
-103.526 -30.6226 344.031 7 6.94035
-115.029 -34.0264 360.034 7 6.94035
-0.000151028 -1.38701e-05 200 6.99998 6.94035
-11.5046 -3.40099 216.003 6.99998 6.94035
-23.0085 -6.80226 232.006 6.99999 6.94035
-34.5119 -10.204 248.009 6.99999 6.94035
-46.0147 -13.6062 264.013 6.99999 6.94035
-57.517 -17.0089 280.016 6.99999 6.94035
-69.0191 -20.4119 296.02 6.99999 6.94035
-80.5211 -23.8152 312.024 6.99999 6.94035
-92.0233 -27.2188 328.028 7 6.94035
-103.526 -30.6226 344.031 7 6.94035
-115.029 -34.0264 360.034 7 6.94035
-0.000151028 -1.38701e-05 200 6.99998 6.94035
-11.5046 -3.40099 216.003 6.99998 6.94035
-23.0085 -6.80226 232.006 6.99999 6.94035
-34.5119 -10.204 248.009 6.99999 6.94035
-46.0147 -13.6062 264.013 6.99999 6.94035
-57.517 -17.0089 280.016 6.99999 6.94035
-69.0191 -20.4119 296.02 6.99999 6.94035
-80.5211 -23.8152 312.024 6.99999 6.94035
-92.0233 -27.2188 328.028 7 6.94035
-103.526 -30.6226 344.031 7 6.94035
-115.029 -34.0264 360.034 7 6.94035
