-0.000125997 2.87436e-05 200 6.99997 7.9204
-5.36839 1.82221 180.82 6.99997 7.9204
-10.7362 3.64444 161.64 6.99997 7.9204
-16.1034 5.46668 142.46 6.99998 7.9204
-21.4699 7.28884 123.279 6.99998 7.9204
-26.8354 9.11091 104.099 6.99998 7.9204
-32.1998 10.9329 84.9177 6.99998 7.9204
-37.5628 12.7547 65.7364 6.99999 7.9204
-42.9246 14.5764 46.5548 6.99999 7.9204
-48.2855 16.3979 27.3729 6.99999 7.9204
-53.6458 18.2194 8.19089 7 7.9204
-0.000125997 2.87436e-05 200 6.99997 7.9204
-5.36839 1.82221 180.82 6.99997 7.9204
-10.7362 3.64444 161.64 6.99997 7.9204
-16.1034 5.46668 142.46 6.99998 7.9204
-21.4699 7.28884 123.279 6.99998 7.9204
-26.8354 9.11091 104.099 6.99998 7.9204
-32.1998 10.9329 84.9177 6.99998 7.9204
-37.5628 12.7547 65.7364 6.99999 7.9204
-42.9246 14.5764 46.5548 6.99999 7.9204
-48.2855 16.3979 27.3729 6.99999 7.9204
-53.6458 18.2194 8.19089 7 7.9204
-0.000125997 2.87436e-05 200 6.99997 7.9204
-5.36839 1.82221 180.82 6.99997 7.9204
-10.7362 3.64444 161.64 6.99997 7.9204
-16.1034 5.46668 142.46 6.99998 7.9204
-21.4699 7.28884 123.279 6.99998 7.9204
-26.8354 9.11091 104.099 6.99998 7.9204
-32.1998 10.9329 84.9177 6.99998 7.9204
-37.5628 12.7547 65.7364 6.99999 7.9204
-42.9246 14.5764 46.5548 6.99999 7.9204
-48.2855 16.3979 27.3729 6.99999 7.9204
-53.6458 18.2194 8.19089 7 7.9204
-0.000125997 2.87436e-05 200 6.99997 7.9204
-5.36839 1.82221 180.82 6.99997 7.9204
-10.7362 3.64444 161.64 6.99997 7.9204
-16.1034 5.46668 142.46 6.99998 7.9204
-21.4699 7.28884 123.279 6.99998 7.9204
-26.8354 9.11091 104.099 6.99998 7.9204
-32.1998 10.9329 84.9177 6.99998 7.9204
-37.5628 12.7547 65.7364 6.99999 7.9204
-42.9246 14.5764 46.5548 6.99999 7.9204
-48.2855 16.3979 27.3729 6.99999 7.9204
-53.6458 18.2194 8.19089 7 7.9204
-0.000125997 2.87436e-05 200 6.99997 7.9204
-5.36839 1.82221 180.82 6.99997 7.9204
-10.7362 3.64444 161.64 6.99997 7.9204
-16.1034 5.46668 142.46 6.99998 7.9204
-21.4699 7.28884 123.279 6.99998 7.9204
-26.8354 9.11091 104.099 6.99998 7.9204
-32.1998 10.9329 84.9177 6.99998 7.9204
-37.5628 12.7547 65.7364 6.99999 7.9204
-42.9246 14.5764 46.5548 6.99999 7.9204
-48.2855 16.3979 27.3729 6.99999 7.9204
-53.6458 18.2194 8.19089 7 7.9204
-0.000125997 2.87436e-05 200 6.99997 7.9204
-5.36839 1.82221 180.82 6.99997 7.9204
-10.7362 3.64444 161.64 6.99997 7.9204
-16.1034 5.46668 142.46 6.99998 7.9204
-21.4699 7.28884 123.279 6.99998 7.9204
-26.8354 9.11091 104.099 6.99998 7.9204
-32.1998 10.9329 84.9177 6.99998 7.9204
-37.5628 12.7547 65.7364 6.99999 7.9204
-42.9246 14.5764 46.5548 6.99999 7.9204
-48.2855 16.3979 27.3729 6.99999 7.9204
-53.6458 18.2194 8.19089 7 7.9204
