-4.55626e-05 -2.27378e-05 200 7 0.320016
0.19208 -19.8646 197.685 7 0.320016
0.384863 -39.7293 195.37 7 0.320016
0.5788 -59.5938 193.054 7 0.320016
0.774085 -79.4585 190.739 7 0.320016
0.970739 -99.3231 188.424 7 0.320016
1.1688 -119.188 186.11 7 0.320016
1.3682 -139.053 183.797 7 0.320016
1.56874 -158.917 181.484 7 0.320016
1.77004 -178.782 179.171 7 0.320016
1.9717 -198.647 176.858 7 0.320016
-4.55626e-05 -2.27378e-05 200 7 0.320016
0.19208 -19.8646 197.685 7 0.320016
0.384863 -39.7293 195.37 7 0.320016
0.5788 -59.5938 193.054 7 0.320016
0.774085 -79.4585 190.739 7 0.320016
0.970739 -99.3231 188.424 7 0.320016
1.1688 -119.188 186.11 7 0.320016
1.3682 -139.053 183.797 7 0.320016
1.56874 -158.917 181.484 7 0.320016
1.77004 -178.782 179.171 7 0.320016
1.9717 -198.647 176.858 7 0.320016
-4.55626e-05 -2.27378e-05 200 7 0.320016
0.19208 -19.8646 197.685 7 0.320016
0.384863 -39.7293 195.37 7 0.320016
0.5788 -59.5938 193.054 7 0.320016
0.774085 -79.4585 190.739 7 0.320016
0.970739 -99.3231 188.424 7 0.320016
1.1688 -119.188 186.11 7 0.320016
1.3682 -139.053 183.797 7 0.320016
1.56874 -158.917 181.484 7 0.320016
1.77004 -178.782 179.171 7 0.320016
1.9717 -198.647 176.858 7 0.320016
-4.55626e-05 -2.27378e-05 200 7 0.320016
0.19208 -19.8646 197.685 7 0.320016
0.384863 -39.7293 195.37 7 0.320016
0.5788 -59.5938 193.054 7 0.320016
0.774085 -79.4585 190.739 7 0.320016
0.970739 -99.3231 188.424 7 0.320016
1.1688 -119.188 186.11 7 0.320016
1.3682 -139.053 183.797 7 0.320016
1.56874 -158.917 181.484 7 0.320016
1.77004 -178.782 179.171 7 0.320016
1.9717 -198.647 176.858 7 0.320016
-4.55626e-05 -2.27378e-05 200 7 0.320016
0.19208 -19.8646 197.685 7 0.320016
0.384863 -39.7293 195.37 7 0.320016
0.5788 -59.5938 193.054 7 0.320016
0.774085 -79.4585 190.739 7 0.320016
0.970739 -99.3231 188.424 7 0.320016
1.1688 -119.188 186.11 7 0.320016
1.3682 -139.053 183.797 7 0.320016
1.56874 -158.917 181.484 7 0.320016
1.77004 -178.782 179.171 7 0.320016
1.9717 -198.647 176.858 7 0.320016
-4.55626e-05 -2.27378e-05 200 7 0.320016
0.19208 -19.8646 197.685 7 0.320016
0.384863 -39.7293 195.37 7 0.320016
0.5788 -59.5938 193.054 7 0.320016
0.774085 -79.4585 190.739 7 0.320016
0.970739 -99.3231 188.424 7 0.320016
1.1688 -119.188 186.11 7 0.320016
1.3682 -139.053 183.797 7 0.320016
1.56874 -158.917 181.484 7 0.320016
1.77004 -178.782 179.171 7 0.320016
1.9717 -198.647 176.858 7 0.320016
