-6.63731e-05 -4.23468e-05 200 6.99998 6.92035
-10.8114 -3.45157 216.469 6.99998 6.92035
-21.6234 -6.903 232.936 6.99999 6.92035
-32.4369 -10.3542 249.403 6.99999 6.92035
-43.2524 -13.8052 265.869 6.99999 6.92035
-54.0701 -17.2559 282.333 6.99999 6.92035
-64.8899 -20.7065 298.796 6.99999 6.92035
-75.7115 -24.1569 315.258 6.99999 6.92035
-86.5346 -27.6071 331.719 7 6.92035
-97.3586 -31.0574 348.179 7 6.92035
-108.183 -34.5076 364.639 7 6.92035
-6.63731e-05 -4.23468e-05 200 6.99998 6.92035
-10.8114 -3.45157 216.469 6.99998 6.92035
-21.6234 -6.903 232.936 6.99999 6.92035
-32.4369 -10.3542 249.403 6.99999 6.92035
-43.2524 -13.8052 265.869 6.99999 6.92035
-54.0701 -17.2559 282.333 6.99999 6.92035
-64.8899 -20.7065 298.796 6.99999 6.92035
-75.7115 -24.1569 315.258 6.99999 6.92035
-86.5346 -27.6071 331.719 7 6.92035
-97.3586 -31.0574 348.179 7 6.92035
-108.183 -34.5076 364.639 7 6.92035
-6.63731e-05 -4.23468e-05 200 6.99998 6.92035
-10.8114 -3.45157 216.469 6.99998 6.92035
-21.6234 -6.903 232.936 6.99999 6.92035
-32.4369 -10.3542 249.403 6.99999 6.92035
-43.2524 -13.8052 265.869 6.99999 6.92035
-54.0701 -17.2559 282.333 6.99999 6.92035
-64.8899 -20.7065 298.796 6.99999 6.92035
-75.7115 -24.1569 315.258 6.99999 6.92035
-86.5346 -27.6071 331.719 7 6.92035
-97.3586 -31.0574 348.179 7 6.92035
-108.183 -34.5076 364.639 7 6.92035
-6.63731e-05 -4.23468e-05 200 6.99998 6.92035
-10.8114 -3.45157 216.469 6.99998 6.92035
-21.6234 -6.903 232.936 6.99999 6.92035
-32.4369 -10.3542 249.403 6.99999 6.92035
-43.2524 -13.8052 265.869 6.99999 6.92035
-54.0701 -17.2559 282.333 6.99999 6.92035
-64.8899 -20.7065 298.796 6.99999 6.92035
-75.7115 -24.1569 315.258 6.99999 6.92035
-86.5346 -27.6071 331.719 7 6.92035
-97.3586 -31.0574 348.179 7 6.92035
-108.183 -34.5076 364.639 7 6.92035
-6.63731e-05 -4.23468e-05 200 6.99998 6.92035
-10.8114 -3.45157 216.469 6.99998 6.92035
-21.6234 -6.903 232.936 6.99999 6.92035
-32.4369 -10.3542 249.403 6.99999 6.92035
-43.2524 -13.8052 265.869 6.99999 6.92035
-54.0701 -17.2559 282.333 6.99999 6.92035
-64.8899 -20.7065 298.796 6.99999 6.92035
-75.7115 -24.1569 315.258 6.99999 6.92035
-86.5346 -27.6071 331.719 7 6.92035
-97.3586 -31.0574 348.179 7 6.92035
-108.183 -34.5076 364.639 7 6.92035
-6.63731e-05 -4.23468e-05 200 6.99998 6.92035
-10.8114 -3.45157 216.469 6.99998 6.92035
-21.6234 -6.903 232.936 6.99999 6.92035
-32.4369 -10.3542 249.403 6.99999 6.92035
-43.2524 -13.8052 265.869 6.99999 6.92035
-54.0701 -17.2559 282.333 6.99999 6.92035
-64.8899 -20.7065 298.796 6.99999 6.92035
-75.7115 -24.1569 315.258 6.99999 6.92035
-86.5346 -27.6071 331.719 7 6.92035
-97.3586 -31.0574 348.179 7 6.92035
-108.183 -34.5076 364.639 7 6.92035
