7.27529e-05 4.44863e-05 200 6.99997 8.12041
4.76634 2.27879 180.71 6.99997 8.12041
9.53286 4.55752 161.42 6.99997 8.12041
14.3 6.8363 142.131 6.99997 8.12041
19.0679 9.11515 122.841 6.99998 8.12041
23.8367 11.394 103.552 6.99998 8.12041
28.6065 13.6728 84.2631 6.99998 8.12041
33.3772 15.9514 64.9745 6.99998 8.12041
38.1489 18.2299 45.6861 6.99999 8.12041
42.9214 20.5082 26.3979 6.99999 8.12041
47.6945 22.7865 7.10983 7 8.12041
7.27529e-05 4.44863e-05 200 6.99997 8.12041
4.76634 2.27879 180.71 6.99997 8.12041
9.53286 4.55752 161.42 6.99997 8.12041
14.3 6.8363 142.131 6.99997 8.12041
19.0679 9.11515 122.841 6.99998 8.12041
23.8367 11.394 103.552 6.99998 8.12041
28.6065 13.6728 84.2631 6.99998 8.12041
33.3772 15.9514 64.9745 6.99998 8.12041
38.1489 18.2299 45.6861 6.99999 8.12041
42.9214 20.5082 26.3979 6.99999 8.12041
47.6945 22.7865 7.10983 7 8.12041
7.27529e-05 4.44863e-05 200 6.99997 8.12041
4.76634 2.27879 180.71 6.99997 8.12041
9.53286 4.55752 161.42 6.99997 8.12041
14.3 6.8363 142.131 6.99997 8.12041
19.0679 9.11515 122.841 6.99998 8.12041
23.8367 11.394 103.552 6.99998 8.12041
28.6065 13.6728 84.2631 6.99998 8.12041
33.3772 15.9514 64.9745 6.99998 8.12041
38.1489 18.2299 45.6861 6.99999 8.12041
42.9214 20.5082 26.3979 6.99999 8.12041
47.6945 22.7865 7.10983 7 8.12041
7.27529e-05 4.44863e-05 200 6.99997 8.12041
4.76634 2.27879 180.71 6.99997 8.12041
9.53286 4.55752 161.42 6.99997 8.12041
14.3 6.8363 142.131 6.99997 8.12041
19.0679 9.11515 122.841 6.99998 8.12041
23.8367 11.394 103.552 6.99998 8.12041
28.6065 13.6728 84.2631 6.99998 8.12041
33.3772 15.9514 64.9745 6.99998 8.12041
38.1489 18.2299 45.6861 6.99999 8.12041
42.9214 20.5082 26.3979 6.99999 8.12041
47.6945 22.7865 7.10983 7 8.12041
7.27529e-05 4.44863e-05 200 6.99997 8.12041
4.76634 2.27879 180.71 6.99997 8.12041
9.53286 4.55752 161.42 6.99997 8.12041
14.3 6.8363 142.131 6.99997 8.12041
19.0679 9.11515 122.841 6.99998 8.12041
23.8367 11.394 103.552 6.99998 8.12041
28.6065 13.6728 84.2631 6.99998 8.12041
33.3772 15.9514 64.9745 6.99998 8.12041
38.1489 18.2299 45.6861 6.99999 8.12041
42.9214 20.5082 26.3979 6.99999 8.12041
47.6945 22.7865 7.10983 7 8.12041
7.27529e-05 4.44863e-05 200 6.99997 8.12041
4.76634 2.27879 180.71 6.99997 8.12041
9.53286 4.55752 161.42 6.99997 8.12041
14.3 6.8363 142.131 6.99997 8.12041
19.0679 9.11515 122.841 6.99998 8.12041
23.8367 11.394 103.552 6.99998 8.12041
28.6065 13.6728 84.2631 6.99998 8.12041
33.3772 15.9514 64.9745 6.99998 8.12041
38.1489 18.2299 45.6861 6.99999 8.12041
42.9214 20.5082 26.3979 6.99999 8.12041
47.6945 22.7865 7.10983 7 8.12041
