-0.000276418 -1.50699e-05 200 6.99998 7.44037
-19.7655 -0.953764 197.096 6.99998 7.44037
-39.5305 -1.90748 194.191 6.99998 7.44037
-59.2954 -2.8611 191.285 6.99998 7.44037
-79.06 -3.81456 188.378 6.99998 7.44037
-98.8244 -4.76781 185.468 6.99998 7.44037
-118.588 -5.72083 182.557 6.99999 7.44037
-138.352 -6.6736 179.643 6.99999 7.44037
-158.116 -7.62613 176.728 6.99999 7.44037
-177.879 -8.57856 173.812 7 7.44037
-197.642 -9.53094 170.895 7 7.44037
-0.000276418 -1.50699e-05 200 6.99998 7.44037
-19.7655 -0.953764 197.096 6.99998 7.44037
-39.5305 -1.90748 194.191 6.99998 7.44037
-59.2954 -2.8611 191.285 6.99998 7.44037
-79.06 -3.81456 188.378 6.99998 7.44037
-98.8244 -4.76781 185.468 6.99998 7.44037
-118.588 -5.72083 182.557 6.99999 7.44037
-138.352 -6.6736 179.643 6.99999 7.44037
-158.116 -7.62613 176.728 6.99999 7.44037
-177.879 -8.57856 173.812 7 7.44037
-197.642 -9.53094 170.895 7 7.44037
-0.000276418 -1.50699e-05 200 6.99998 7.44037
-19.7655 -0.953764 197.096 6.99998 7.44037
-39.5305 -1.90748 194.191 6.99998 7.44037
-59.2954 -2.8611 191.285 6.99998 7.44037
-79.06 -3.81456 188.378 6.99998 7.44037
-98.8244 -4.76781 185.468 6.99998 7.44037
-118.588 -5.72083 182.557 6.99999 7.44037
-138.352 -6.6736 179.643 6.99999 7.44037
-158.116 -7.62613 176.728 6.99999 7.44037
-177.879 -8.57856 173.812 7 7.44037
-197.642 -9.53094 170.895 7 7.44037
-0.000276418 -1.50699e-05 200 6.99998 7.44037
-19.7655 -0.953764 197.096 6.99998 7.44037
-39.5305 -1.90748 194.191 6.99998 7.44037
-59.2954 -2.8611 191.285 6.99998 7.44037
-79.06 -3.81456 188.378 6.99998 7.44037
-98.8244 -4.76781 185.468 6.99998 7.44037
-118.588 -5.72083 182.557 6.99999 7.44037
-138.352 -6.6736 179.643 6.99999 7.44037
-158.116 -7.62613 176.728 6.99999 7.44037
-177.879 -8.57856 173.812 7 7.44037
-197.642 -9.53094 170.895 7 7.44037
-0.000276418 -1.50699e-05 200 6.99998 7.44037
-19.7655 -0.953764 197.096 6.99998 7.44037
-39.5305 -1.90748 194.191 6.99998 7.44037
-59.2954 -2.8611 191.285 6.99998 7.44037
-79.06 -3.81456 188.378 6.99998 7.44037
-98.8244 -4.76781 185.468 6.99998 7.44037
-118.588 -5.72083 182.557 6.99999 7.44037
-138.352 -6.6736 179.643 6.99999 7.44037
-158.116 -7.62613 176.728 6.99999 7.44037
-177.879 -8.57856 173.812 7 7.44037
-197.642 -9.53094 170.895 7 7.44037
-0.000276418 -1.50699e-05 200 6.99998 7.44037
-19.7655 -0.953764 197.096 6.99998 7.44037
-39.5305 -1.90748 194.191 6.99998 7.44037
-59.2954 -2.8611 191.285 6.99998 7.44037
-79.06 -3.81456 188.378 6.99998 7.44037
-98.8244 -4.76781 185.468 6.99998 7.44037
-118.588 -5.72083 182.557 6.99999 7.44037
-138.352 -6.6736 179.643 6.99999 7.44037
-158.116 -7.62613 176.728 6.99999 7.44037
-177.879 -8.57856 173.812 7 7.44037
-197.642 -9.53094 170.895 7 7.44037
