-6.95678e-05 6.22752e-05 200 7 3.06015
-7.16016 -0.650608 218.663 7 3.06015
-14.3196 -1.30219 237.326 7 3.06015
-21.478 -1.95538 255.99 7 3.06015
-28.635 -2.61089 274.654 7 3.06015
-35.7907 -3.26898 293.319 7 3.06015
-42.9456 -3.92946 311.983 7 3.06015
-50.1001 -4.59173 330.648 7 3.06015
-57.2545 -5.25508 349.313 7 3.06015
-64.4089 -5.91917 367.978 7 3.06015
-71.5633 -6.58361 386.643 7 3.06015
-6.95678e-05 6.22752e-05 200 7 3.06015
-7.16016 -0.650608 218.663 7 3.06015
-14.3196 -1.30219 237.326 7 3.06015
-21.478 -1.95538 255.99 7 3.06015
-28.635 -2.61089 274.654 7 3.06015
-35.7907 -3.26898 293.319 7 3.06015
-42.9456 -3.92946 311.983 7 3.06015
-50.1001 -4.59173 330.648 7 3.06015
-57.2545 -5.25508 349.313 7 3.06015
-64.4089 -5.91917 367.978 7 3.06015
-71.5633 -6.58361 386.643 7 3.06015
-6.95678e-05 6.22752e-05 200 7 3.06015
-7.16016 -0.650608 218.663 7 3.06015
-14.3196 -1.30219 237.326 7 3.06015
-21.478 -1.95538 255.99 7 3.06015
-28.635 -2.61089 274.654 7 3.06015
-35.7907 -3.26898 293.319 7 3.06015
-42.9456 -3.92946 311.983 7 3.06015
-50.1001 -4.59173 330.648 7 3.06015
-57.2545 -5.25508 349.313 7 3.06015
-64.4089 -5.91917 367.978 7 3.06015
-71.5633 -6.58361 386.643 7 3.06015
-6.95678e-05 6.22752e-05 200 7 3.06015
-7.16016 -0.650608 218.663 7 3.06015
-14.3196 -1.30219 237.326 7 3.06015
-21.478 -1.95538 255.99 7 3.06015
-28.635 -2.61089 274.654 7 3.06015
-35.7907 -3.26898 293.319 7 3.06015
-42.9456 -3.92946 311.983 7 3.06015
-50.1001 -4.59173 330.648 7 3.06015
-57.2545 -5.25508 349.313 7 3.06015
-64.4089 -5.91917 367.978 7 3.06015
-71.5633 -6.58361 386.643 7 3.06015
-6.95678e-05 6.22752e-05 200 7 3.06015
-7.16016 -0.650608 218.663 7 3.06015
-14.3196 -1.30219 237.326 7 3.06015
-21.478 -1.95538 255.99 7 3.06015
-28.635 -2.61089 274.654 7 3.06015
-35.7907 -3.26898 293.319 7 3.06015
-42.9456 -3.92946 311.983 7 3.06015
-50.1001 -4.59173 330.648 7 3.06015
-57.2545 -5.25508 349.313 7 3.06015
-64.4089 -5.91917 367.978 7 3.06015
-71.5633 -6.58361 386.643 7 3.06015
-6.95678e-05 6.22752e-05 200 7 3.06015
-7.16016 -0.650608 218.663 7 3.06015
-14.3196 -1.30219 237.326 7 3.06015
-21.478 -1.95538 255.99 7 3.06015
-28.635 -2.61089 274.654 7 3.06015
-35.7907 -3.26898 293.319 7 3.06015
-42.9456 -3.92946 311.983 7 3.06015
-50.1001 -4.59173 330.648 7 3.06015
-57.2545 -5.25508 349.313 7 3.06015
-64.4089 -5.91917 367.978 7 3.06015
-71.5633 -6.58361 386.643 7 3.06015
