-0.000211267 1.23762e-06 200 6.99998 9.90049
-19.5578 -0.35225 204.169 6.99998 9.90049
-39.1153 -0.704569 208.338 6.99998 9.90049
-58.6728 -1.05698 212.508 6.99999 9.90049
-78.23 -1.40954 216.678 6.99999 9.90049
-97.7871 -1.76227 220.85 6.99999 9.90049
-117.344 -2.11516 225.022 6.99999 9.90049
-136.901 -2.46821 229.195 6.99999 9.90049
-156.457 -2.82142 233.368 6.99999 9.90049
-176.014 -3.17477 237.542 6.99999 9.90049
-195.57 -3.52818 241.716 7 9.90049
-0.000211267 1.23762e-06 200 6.99998 9.90049
-19.5578 -0.35225 204.169 6.99998 9.90049
-39.1153 -0.704569 208.338 6.99998 9.90049
-58.6728 -1.05698 212.508 6.99999 9.90049
-78.23 -1.40954 216.678 6.99999 9.90049
-97.7871 -1.76227 220.85 6.99999 9.90049
-117.344 -2.11516 225.022 6.99999 9.90049
-136.901 -2.46821 229.195 6.99999 9.90049
-156.457 -2.82142 233.368 6.99999 9.90049
-176.014 -3.17477 237.542 6.99999 9.90049
-195.57 -3.52818 241.716 7 9.90049
-0.000211267 1.23762e-06 200 6.99998 9.90049
-19.5578 -0.35225 204.169 6.99998 9.90049
-39.1153 -0.704569 208.338 6.99998 9.90049
-58.6728 -1.05698 212.508 6.99999 9.90049
-78.23 -1.40954 216.678 6.99999 9.90049
-97.7871 -1.76227 220.85 6.99999 9.90049
-117.344 -2.11516 225.022 6.99999 9.90049
-136.901 -2.46821 229.195 6.99999 9.90049
-156.457 -2.82142 233.368 6.99999 9.90049
-176.014 -3.17477 237.542 6.99999 9.90049
-195.57 -3.52818 241.716 7 9.90049
-0.000211267 1.23762e-06 200 6.99998 9.90049
-19.5578 -0.35225 204.169 6.99998 9.90049
-39.1153 -0.704569 208.338 6.99998 9.90049
-58.6728 -1.05698 212.508 6.99999 9.90049
-78.23 -1.40954 216.678 6.99999 9.90049
-97.7871 -1.76227 220.85 6.99999 9.90049
-117.344 -2.11516 225.022 6.99999 9.90049
-136.901 -2.46821 229.195 6.99999 9.90049
-156.457 -2.82142 233.368 6.99999 9.90049
-176.014 -3.17477 237.542 6.99999 9.90049
-195.57 -3.52818 241.716 7 9.90049
-0.000211267 1.23762e-06 200 6.99998 9.90049
-19.5578 -0.35225 204.169 6.99998 9.90049
-39.1153 -0.704569 208.338 6.99998 9.90049
-58.6728 -1.05698 212.508 6.99999 9.90049
-78.23 -1.40954 216.678 6.99999 9.90049
-97.7871 -1.76227 220.85 6.99999 9.90049
-117.344 -2.11516 225.022 6.99999 9.90049
-136.901 -2.46821 229.195 6.99999 9.90049
-156.457 -2.82142 233.368 6.99999 9.90049
-176.014 -3.17477 237.542 6.99999 9.90049
-195.57 -3.52818 241.716 7 9.90049
-0.000211267 1.23762e-06 200 6.99998 9.90049
-19.5578 -0.35225 204.169 6.99998 9.90049
-39.1153 -0.704569 208.338 6.99998 9.90049
-58.6728 -1.05698 212.508 6.99999 9.90049
-78.23 -1.40954 216.678 6.99999 9.90049
-97.7871 -1.76227 220.85 6.99999 9.90049
-117.344 -2.11516 225.022 6.99999 9.90049
-136.901 -2.46821 229.195 6.99999 9.90049
-156.457 -2.82142 233.368 6.99999 9.90049
-176.014 -3.17477 237.542 6.99999 9.90049
-195.57 -3.52818 241.716 7 9.90049
