6.22729e-06 4.12969e-05 200 6.99999 4.60023
-7.44977 6.81052 182.734 6.99999 4.60023
-14.9002 13.6209 165.468 6.99999 4.60023
-22.3515 20.4311 148.202 6.99999 4.60023
-29.8038 27.2412 130.937 6.99999 4.60023
-37.2573 34.0511 113.672 7 4.60023
-44.7119 40.8608 96.4079 7 4.60023
-52.167 47.6704 79.1438 7 4.60023
-59.6225 54.4797 61.8797 7 4.60023
-67.0782 61.2889 44.6156 7 4.60023
-74.5338 68.0981 27.3515 7 4.60023
6.22729e-06 4.12969e-05 200 6.99999 4.60023
-7.44977 6.81052 182.734 6.99999 4.60023
-14.9002 13.6209 165.468 6.99999 4.60023
-22.3515 20.4311 148.202 6.99999 4.60023
-29.8038 27.2412 130.937 6.99999 4.60023
-37.2573 34.0511 113.672 7 4.60023
-44.7119 40.8608 96.4079 7 4.60023
-52.167 47.6704 79.1438 7 4.60023
-59.6225 54.4797 61.8797 7 4.60023
-67.0782 61.2889 44.6156 7 4.60023
-74.5338 68.0981 27.3515 7 4.60023
6.22729e-06 4.12969e-05 200 6.99999 4.60023
-7.44977 6.81052 182.734 6.99999 4.60023
-14.9002 13.6209 165.468 6.99999 4.60023
-22.3515 20.4311 148.202 6.99999 4.60023
-29.8038 27.2412 130.937 6.99999 4.60023
-37.2573 34.0511 113.672 7 4.60023
-44.7119 40.8608 96.4079 7 4.60023
-52.167 47.6704 79.1438 7 4.60023
-59.6225 54.4797 61.8797 7 4.60023
-67.0782 61.2889 44.6156 7 4.60023
-74.5338 68.0981 27.3515 7 4.60023
6.22729e-06 4.12969e-05 200 6.99999 4.60023
-7.44977 6.81052 182.734 6.99999 4.60023
-14.9002 13.6209 165.468 6.99999 4.60023
-22.3515 20.4311 148.202 6.99999 4.60023
-29.8038 27.2412 130.937 6.99999 4.60023
-37.2573 34.0511 113.672 7 4.60023
-44.7119 40.8608 96.4079 7 4.60023
-52.167 47.6704 79.1438 7 4.60023
-59.6225 54.4797 61.8797 7 4.60023
-67.0782 61.2889 44.6156 7 4.60023
-74.5338 68.0981 27.3515 7 4.60023
6.22729e-06 4.12969e-05 200 6.99999 4.60023
-7.44977 6.81052 182.734 6.99999 4.60023
-14.9002 13.6209 165.468 6.99999 4.60023
-22.3515 20.4311 148.202 6.99999 4.60023
-29.8038 27.2412 130.937 6.99999 4.60023
-37.2573 34.0511 113.672 7 4.60023
-44.7119 40.8608 96.4079 7 4.60023
-52.167 47.6704 79.1438 7 4.60023
-59.6225 54.4797 61.8797 7 4.60023
-67.0782 61.2889 44.6156 7 4.60023
-74.5338 68.0981 27.3515 7 4.60023
6.22729e-06 4.12969e-05 200 6.99999 4.60023
-7.44977 6.81052 182.734 6.99999 4.60023
-14.9002 13.6209 165.468 6.99999 4.60023
-22.3515 20.4311 148.202 6.99999 4.60023
-29.8038 27.2412 130.937 6.99999 4.60023
-37.2573 34.0511 113.672 7 4.60023
-44.7119 40.8608 96.4079 7 4.60023
-52.167 47.6704 79.1438 7 4.60023
-59.6225 54.4797 61.8797 7 4.60023
-67.0782 61.2889 44.6156 7 4.60023
-74.5338 68.0981 27.3515 7 4.60023
