-5.7493e-05 6.50471e-05 200 6.99999 4.12021
-17.6914 6.55368 193.362 6.99999 4.12021
-35.3831 13.1068 186.724 6.99999 4.12021
-53.0755 19.6589 180.087 6.99999 4.12021
-70.7688 26.2097 173.451 6.99999 4.12021
-88.4631 32.7593 166.816 7 4.12021
-106.158 39.308 160.183 7 4.12021
-123.854 45.8561 153.551 7 4.12021
-141.55 52.4037 146.919 7 4.12021
-159.246 58.951 140.288 7 4.12021
-176.943 65.4982 133.657 7 4.12021
-5.7493e-05 6.50471e-05 200 6.99999 4.12021
-17.6914 6.55368 193.362 6.99999 4.12021
-35.3831 13.1068 186.724 6.99999 4.12021
-53.0755 19.6589 180.087 6.99999 4.12021
-70.7688 26.2097 173.451 6.99999 4.12021
-88.4631 32.7593 166.816 7 4.12021
-106.158 39.308 160.183 7 4.12021
-123.854 45.8561 153.551 7 4.12021
-141.55 52.4037 146.919 7 4.12021
-159.246 58.951 140.288 7 4.12021
-176.943 65.4982 133.657 7 4.12021
-5.7493e-05 6.50471e-05 200 6.99999 4.12021
-17.6914 6.55368 193.362 6.99999 4.12021
-35.3831 13.1068 186.724 6.99999 4.12021
-53.0755 19.6589 180.087 6.99999 4.12021
-70.7688 26.2097 173.451 6.99999 4.12021
-88.4631 32.7593 166.816 7 4.12021
-106.158 39.308 160.183 7 4.12021
-123.854 45.8561 153.551 7 4.12021
-141.55 52.4037 146.919 7 4.12021
-159.246 58.951 140.288 7 4.12021
-176.943 65.4982 133.657 7 4.12021
-5.7493e-05 6.50471e-05 200 6.99999 4.12021
-17.6914 6.55368 193.362 6.99999 4.12021
-35.3831 13.1068 186.724 6.99999 4.12021
-53.0755 19.6589 180.087 6.99999 4.12021
-70.7688 26.2097 173.451 6.99999 4.12021
-88.4631 32.7593 166.816 7 4.12021
-106.158 39.308 160.183 7 4.12021
-123.854 45.8561 153.551 7 4.12021
-141.55 52.4037 146.919 7 4.12021
-159.246 58.951 140.288 7 4.12021
-176.943 65.4982 133.657 7 4.12021
-5.7493e-05 6.50471e-05 200 6.99999 4.12021
-17.6914 6.55368 193.362 6.99999 4.12021
-35.3831 13.1068 186.724 6.99999 4.12021
-53.0755 19.6589 180.087 6.99999 4.12021
-70.7688 26.2097 173.451 6.99999 4.12021
-88.4631 32.7593 166.816 7 4.12021
-106.158 39.308 160.183 7 4.12021
-123.854 45.8561 153.551 7 4.12021
-141.55 52.4037 146.919 7 4.12021
-159.246 58.951 140.288 7 4.12021
-176.943 65.4982 133.657 7 4.12021
-5.7493e-05 6.50471e-05 200 6.99999 4.12021
-17.6914 6.55368 193.362 6.99999 4.12021
-35.3831 13.1068 186.724 6.99999 4.12021
-53.0755 19.6589 180.087 6.99999 4.12021
-70.7688 26.2097 173.451 6.99999 4.12021
-88.4631 32.7593 166.816 7 4.12021
-106.158 39.308 160.183 7 4.12021
-123.854 45.8561 153.551 7 4.12021
-141.55 52.4037 146.919 7 4.12021
-159.246 58.951 140.288 7 4.12021
-176.943 65.4982 133.657 7 4.12021
