-1.58902e-05 -3.90051e-05 200 6.99997 9.30046
-2.81914 -1.90725 219.709 6.99997 9.30046
-5.63872 -3.81437 239.417 6.99998 9.30046
-8.459 -5.72131 259.125 6.99998 9.30046
-11.2801 -7.62803 278.833 6.99998 9.30046
-14.102 -9.53444 298.542 6.99998 9.30046
-16.925 -11.4405 318.249 6.99998 9.30046
-19.7488 -13.3461 337.957 6.99999 9.30046
-22.5733 -15.2514 357.665 6.99999 9.30046
-25.3981 -17.1564 377.373 6.99999 9.30046
-28.2231 -19.0614 397.08 6.99999 9.30046
-1.58902e-05 -3.90051e-05 200 6.99997 9.30046
-2.81914 -1.90725 219.709 6.99997 9.30046
-5.63872 -3.81437 239.417 6.99998 9.30046
-8.459 -5.72131 259.125 6.99998 9.30046
-11.2801 -7.62803 278.833 6.99998 9.30046
-14.102 -9.53444 298.542 6.99998 9.30046
-16.925 -11.4405 318.249 6.99998 9.30046
-19.7488 -13.3461 337.957 6.99999 9.30046
-22.5733 -15.2514 357.665 6.99999 9.30046
-25.3981 -17.1564 377.373 6.99999 9.30046
-28.2231 -19.0614 397.08 6.99999 9.30046
-1.58902e-05 -3.90051e-05 200 6.99997 9.30046
-2.81914 -1.90725 219.709 6.99997 9.30046
-5.63872 -3.81437 239.417 6.99998 9.30046
-8.459 -5.72131 259.125 6.99998 9.30046
-11.2801 -7.62803 278.833 6.99998 9.30046
-14.102 -9.53444 298.542 6.99998 9.30046
-16.925 -11.4405 318.249 6.99998 9.30046
-19.7488 -13.3461 337.957 6.99999 9.30046
-22.5733 -15.2514 357.665 6.99999 9.30046
-25.3981 -17.1564 377.373 6.99999 9.30046
-28.2231 -19.0614 397.08 6.99999 9.30046
-1.58902e-05 -3.90051e-05 200 6.99997 9.30046
-2.81914 -1.90725 219.709 6.99997 9.30046
-5.63872 -3.81437 239.417 6.99998 9.30046
-8.459 -5.72131 259.125 6.99998 9.30046
-11.2801 -7.62803 278.833 6.99998 9.30046
-14.102 -9.53444 298.542 6.99998 9.30046
-16.925 -11.4405 318.249 6.99998 9.30046
-19.7488 -13.3461 337.957 6.99999 9.30046
-22.5733 -15.2514 357.665 6.99999 9.30046
-25.3981 -17.1564 377.373 6.99999 9.30046
-28.2231 -19.0614 397.08 6.99999 9.30046
-1.58902e-05 -3.90051e-05 200 6.99997 9.30046
-2.81914 -1.90725 219.709 6.99997 9.30046
-5.63872 -3.81437 239.417 6.99998 9.30046
-8.459 -5.72131 259.125 6.99998 9.30046
-11.2801 -7.62803 278.833 6.99998 9.30046
-14.102 -9.53444 298.542 6.99998 9.30046
-16.925 -11.4405 318.249 6.99998 9.30046
-19.7488 -13.3461 337.957 6.99999 9.30046
-22.5733 -15.2514 357.665 6.99999 9.30046
-25.3981 -17.1564 377.373 6.99999 9.30046
-28.2231 -19.0614 397.08 6.99999 9.30046
-1.58902e-05 -3.90051e-05 200 6.99997 9.30046
-2.81914 -1.90725 219.709 6.99997 9.30046
-5.63872 -3.81437 239.417 6.99998 9.30046
-8.459 -5.72131 259.125 6.99998 9.30046
-11.2801 -7.62803 278.833 6.99998 9.30046
-14.102 -9.53444 298.542 6.99998 9.30046
-16.925 -11.4405 318.249 6.99998 9.30046
-19.7488 -13.3461 337.957 6.99999 9.30046
-22.5733 -15.2514 357.665 6.99999 9.30046
-25.3981 -17.1564 377.373 6.99999 9.30046
-28.2231 -19.0614 397.08 6.99999 9.30046
