6.60046e-05 4.02058e-05 200 6.99999 4.96025
3.8394 5.63609 181.198 6.99999 4.96025
7.67809 11.272 162.397 6.99999 4.96025
11.5156 16.9076 143.595 6.99999 4.96025
15.3516 22.543 124.792 6.99999 4.96025
19.1862 28.1783 105.99 6.99999 4.96025
23.0196 33.8136 87.1868 7 4.96025
26.852 39.449 68.3837 7 4.96025
30.6843 45.0846 49.5807 7 4.96025
34.5167 50.7205 30.7778 7 4.96025
38.3494 56.3564 11.9749 7 4.96025
6.60046e-05 4.02058e-05 200 6.99999 4.96025
3.8394 5.63609 181.198 6.99999 4.96025
7.67809 11.272 162.397 6.99999 4.96025
11.5156 16.9076 143.595 6.99999 4.96025
15.3516 22.543 124.792 6.99999 4.96025
19.1862 28.1783 105.99 6.99999 4.96025
23.0196 33.8136 87.1868 7 4.96025
26.852 39.449 68.3837 7 4.96025
30.6843 45.0846 49.5807 7 4.96025
34.5167 50.7205 30.7778 7 4.96025
38.3494 56.3564 11.9749 7 4.96025
6.60046e-05 4.02058e-05 200 6.99999 4.96025
3.8394 5.63609 181.198 6.99999 4.96025
7.67809 11.272 162.397 6.99999 4.96025
11.5156 16.9076 143.595 6.99999 4.96025
15.3516 22.543 124.792 6.99999 4.96025
19.1862 28.1783 105.99 6.99999 4.96025
23.0196 33.8136 87.1868 7 4.96025
26.852 39.449 68.3837 7 4.96025
30.6843 45.0846 49.5807 7 4.96025
34.5167 50.7205 30.7778 7 4.96025
38.3494 56.3564 11.9749 7 4.96025
6.60046e-05 4.02058e-05 200 6.99999 4.96025
3.8394 5.63609 181.198 6.99999 4.96025
7.67809 11.272 162.397 6.99999 4.96025
11.5156 16.9076 143.595 6.99999 4.96025
15.3516 22.543 124.792 6.99999 4.96025
19.1862 28.1783 105.99 6.99999 4.96025
23.0196 33.8136 87.1868 7 4.96025
26.852 39.449 68.3837 7 4.96025
30.6843 45.0846 49.5807 7 4.96025
34.5167 50.7205 30.7778 7 4.96025
38.3494 56.3564 11.9749 7 4.96025
6.60046e-05 4.02058e-05 200 6.99999 4.96025
3.8394 5.63609 181.198 6.99999 4.96025
7.67809 11.272 162.397 6.99999 4.96025
11.5156 16.9076 143.595 6.99999 4.96025
15.3516 22.543 124.792 6.99999 4.96025
19.1862 28.1783 105.99 6.99999 4.96025
23.0196 33.8136 87.1868 7 4.96025
26.852 39.449 68.3837 7 4.96025
30.6843 45.0846 49.5807 7 4.96025
34.5167 50.7205 30.7778 7 4.96025
38.3494 56.3564 11.9749 7 4.96025
6.60046e-05 4.02058e-05 200 6.99999 4.96025
3.8394 5.63609 181.198 6.99999 4.96025
7.67809 11.272 162.397 6.99999 4.96025
11.5156 16.9076 143.595 6.99999 4.96025
15.3516 22.543 124.792 6.99999 4.96025
19.1862 28.1783 105.99 6.99999 4.96025
23.0196 33.8136 87.1868 7 4.96025
26.852 39.449 68.3837 7 4.96025
30.6843 45.0846 49.5807 7 4.96025
34.5167 50.7205 30.7778 7 4.96025
38.3494 56.3564 11.9749 7 4.96025
