-5.32511e-05 5.14788e-05 200 6.99999 4.26021
-15.6119 6.85396 189.545 6.99999 4.26021
-31.2239 13.7076 179.091 6.99999 4.26021
-46.8365 20.5607 168.637 6.99999 4.26021
-62.4495 27.4131 158.184 6.99999 4.26021
-78.0629 34.2653 147.73 7 4.26021
-93.6763 41.1175 137.277 7 4.26021
-109.29 47.9697 126.824 7 4.26021
-124.903 54.8221 116.371 7 4.26021
-140.516 61.6746 105.917 7 4.26021
-156.129 68.5273 95.4632 7 4.26021
-5.32511e-05 5.14788e-05 200 6.99999 4.26021
-15.6119 6.85396 189.545 6.99999 4.26021
-31.2239 13.7076 179.091 6.99999 4.26021
-46.8365 20.5607 168.637 6.99999 4.26021
-62.4495 27.4131 158.184 6.99999 4.26021
-78.0629 34.2653 147.73 7 4.26021
-93.6763 41.1175 137.277 7 4.26021
-109.29 47.9697 126.824 7 4.26021
-124.903 54.8221 116.371 7 4.26021
-140.516 61.6746 105.917 7 4.26021
-156.129 68.5273 95.4632 7 4.26021
-5.32511e-05 5.14788e-05 200 6.99999 4.26021
-15.6119 6.85396 189.545 6.99999 4.26021
-31.2239 13.7076 179.091 6.99999 4.26021
-46.8365 20.5607 168.637 6.99999 4.26021
-62.4495 27.4131 158.184 6.99999 4.26021
-78.0629 34.2653 147.73 7 4.26021
-93.6763 41.1175 137.277 7 4.26021
-109.29 47.9697 126.824 7 4.26021
-124.903 54.8221 116.371 7 4.26021
-140.516 61.6746 105.917 7 4.26021
-156.129 68.5273 95.4632 7 4.26021
-5.32511e-05 5.14788e-05 200 6.99999 4.26021
-15.6119 6.85396 189.545 6.99999 4.26021
-31.2239 13.7076 179.091 6.99999 4.26021
-46.8365 20.5607 168.637 6.99999 4.26021
-62.4495 27.4131 158.184 6.99999 4.26021
-78.0629 34.2653 147.73 7 4.26021
-93.6763 41.1175 137.277 7 4.26021
-109.29 47.9697 126.824 7 4.26021
-124.903 54.8221 116.371 7 4.26021
-140.516 61.6746 105.917 7 4.26021
-156.129 68.5273 95.4632 7 4.26021
-5.32511e-05 5.14788e-05 200 6.99999 4.26021
-15.6119 6.85396 189.545 6.99999 4.26021
-31.2239 13.7076 179.091 6.99999 4.26021
-46.8365 20.5607 168.637 6.99999 4.26021
-62.4495 27.4131 158.184 6.99999 4.26021
-78.0629 34.2653 147.73 7 4.26021
-93.6763 41.1175 137.277 7 4.26021
-109.29 47.9697 126.824 7 4.26021
-124.903 54.8221 116.371 7 4.26021
-140.516 61.6746 105.917 7 4.26021
-156.129 68.5273 95.4632 7 4.26021
-5.32511e-05 5.14788e-05 200 6.99999 4.26021
-15.6119 6.85396 189.545 6.99999 4.26021
-31.2239 13.7076 179.091 6.99999 4.26021
-46.8365 20.5607 168.637 6.99999 4.26021
-62.4495 27.4131 158.184 6.99999 4.26021
-78.0629 34.2653 147.73 7 4.26021
-93.6763 41.1175 137.277 7 4.26021
-109.29 47.9697 126.824 7 4.26021
-124.903 54.8221 116.371 7 4.26021
-140.516 61.6746 105.917 7 4.26021
-156.129 68.5273 95.4632 7 4.26021
