0.00012258 -3.64114e-05 200 6.99997 9.12046
5.66357 -1.6744 219.109 6.99997 9.12046
11.3268 -3.34868 238.217 6.99997 9.12046
16.9894 -5.0228 257.326 6.99997 9.12046
22.6511 -6.69671 276.435 6.99998 9.12046
28.3115 -8.37036 295.544 6.99998 9.12046
33.9708 -10.0437 314.653 6.99998 9.12046
39.6291 -11.7168 333.763 6.99998 9.12046
45.2864 -13.3897 352.874 6.99999 9.12046
50.9432 -15.0624 371.984 6.99999 9.12046
56.5998 -16.7349 391.094 6.99999 9.12046
0.00012258 -3.64114e-05 200 6.99997 9.12046
5.66357 -1.6744 219.109 6.99997 9.12046
11.3268 -3.34868 238.217 6.99997 9.12046
16.9894 -5.0228 257.326 6.99997 9.12046
22.6511 -6.69671 276.435 6.99998 9.12046
28.3115 -8.37036 295.544 6.99998 9.12046
33.9708 -10.0437 314.653 6.99998 9.12046
39.6291 -11.7168 333.763 6.99998 9.12046
45.2864 -13.3897 352.874 6.99999 9.12046
50.9432 -15.0624 371.984 6.99999 9.12046
56.5998 -16.7349 391.094 6.99999 9.12046
0.00012258 -3.64114e-05 200 6.99997 9.12046
5.66357 -1.6744 219.109 6.99997 9.12046
11.3268 -3.34868 238.217 6.99997 9.12046
16.9894 -5.0228 257.326 6.99997 9.12046
22.6511 -6.69671 276.435 6.99998 9.12046
28.3115 -8.37036 295.544 6.99998 9.12046
33.9708 -10.0437 314.653 6.99998 9.12046
39.6291 -11.7168 333.763 6.99998 9.12046
45.2864 -13.3897 352.874 6.99999 9.12046
50.9432 -15.0624 371.984 6.99999 9.12046
56.5998 -16.7349 391.094 6.99999 9.12046
0.00012258 -3.64114e-05 200 6.99997 9.12046
5.66357 -1.6744 219.109 6.99997 9.12046
11.3268 -3.34868 238.217 6.99997 9.12046
16.9894 -5.0228 257.326 6.99997 9.12046
22.6511 -6.69671 276.435 6.99998 9.12046
28.3115 -8.37036 295.544 6.99998 9.12046
33.9708 -10.0437 314.653 6.99998 9.12046
39.6291 -11.7168 333.763 6.99998 9.12046
45.2864 -13.3897 352.874 6.99999 9.12046
50.9432 -15.0624 371.984 6.99999 9.12046
56.5998 -16.7349 391.094 6.99999 9.12046
0.00012258 -3.64114e-05 200 6.99997 9.12046
5.66357 -1.6744 219.109 6.99997 9.12046
11.3268 -3.34868 238.217 6.99997 9.12046
16.9894 -5.0228 257.326 6.99997 9.12046
22.6511 -6.69671 276.435 6.99998 9.12046
28.3115 -8.37036 295.544 6.99998 9.12046
33.9708 -10.0437 314.653 6.99998 9.12046
39.6291 -11.7168 333.763 6.99998 9.12046
45.2864 -13.3897 352.874 6.99999 9.12046
50.9432 -15.0624 371.984 6.99999 9.12046
56.5998 -16.7349 391.094 6.99999 9.12046
0.00012258 -3.64114e-05 200 6.99997 9.12046
5.66357 -1.6744 219.109 6.99997 9.12046
11.3268 -3.34868 238.217 6.99997 9.12046
16.9894 -5.0228 257.326 6.99997 9.12046
22.6511 -6.69671 276.435 6.99998 9.12046
28.3115 -8.37036 295.544 6.99998 9.12046
33.9708 -10.0437 314.653 6.99998 9.12046
39.6291 -11.7168 333.763 6.99998 9.12046
45.2864 -13.3897 352.874 6.99999 9.12046
50.9432 -15.0624 371.984 6.99999 9.12046
56.5998 -16.7349 391.094 6.99999 9.12046
