3.41694e-05 -2.62191e-05 200 7 1.26006
10.3194 -16.85 196.904 7 1.26006
20.6385 -33.7 193.806 7 1.26006
30.957 -50.5499 190.706 7 1.26006
41.2745 -67.3999 187.603 7 1.26006
51.5911 -84.2498 184.497 7 1.26006
61.9069 -101.1 181.388 7 1.26006
72.2222 -117.95 178.278 7 1.26006
82.5374 -134.8 175.168 7 1.26006
92.8527 -151.65 172.058 7 1.26006
103.168 -168.5 168.949 7 1.26006
3.41694e-05 -2.62191e-05 200 7 1.26006
10.3194 -16.85 196.904 7 1.26006
20.6385 -33.7 193.806 7 1.26006
30.957 -50.5499 190.706 7 1.26006
41.2745 -67.3999 187.603 7 1.26006
51.5911 -84.2498 184.497 7 1.26006
61.9069 -101.1 181.388 7 1.26006
72.2222 -117.95 178.278 7 1.26006
82.5374 -134.8 175.168 7 1.26006
92.8527 -151.65 172.058 7 1.26006
103.168 -168.5 168.949 7 1.26006
3.41694e-05 -2.62191e-05 200 7 1.26006
10.3194 -16.85 196.904 7 1.26006
20.6385 -33.7 193.806 7 1.26006
30.957 -50.5499 190.706 7 1.26006
41.2745 -67.3999 187.603 7 1.26006
51.5911 -84.2498 184.497 7 1.26006
61.9069 -101.1 181.388 7 1.26006
72.2222 -117.95 178.278 7 1.26006
82.5374 -134.8 175.168 7 1.26006
92.8527 -151.65 172.058 7 1.26006
103.168 -168.5 168.949 7 1.26006
3.41694e-05 -2.62191e-05 200 7 1.26006
10.3194 -16.85 196.904 7 1.26006
20.6385 -33.7 193.806 7 1.26006
30.957 -50.5499 190.706 7 1.26006
41.2745 -67.3999 187.603 7 1.26006
51.5911 -84.2498 184.497 7 1.26006
61.9069 -101.1 181.388 7 1.26006
72.2222 -117.95 178.278 7 1.26006
82.5374 -134.8 175.168 7 1.26006
92.8527 -151.65 172.058 7 1.26006
103.168 -168.5 168.949 7 1.26006
3.41694e-05 -2.62191e-05 200 7 1.26006
10.3194 -16.85 196.904 7 1.26006
20.6385 -33.7 193.806 7 1.26006
30.957 -50.5499 190.706 7 1.26006
41.2745 -67.3999 187.603 7 1.26006
51.5911 -84.2498 184.497 7 1.26006
61.9069 -101.1 181.388 7 1.26006
72.2222 -117.95 178.278 7 1.26006
82.5374 -134.8 175.168 7 1.26006
92.8527 -151.65 172.058 7 1.26006
103.168 -168.5 168.949 7 1.26006
3.41694e-05 -2.62191e-05 200 7 1.26006
10.3194 -16.85 196.904 7 1.26006
20.6385 -33.7 193.806 7 1.26006
30.957 -50.5499 190.706 7 1.26006
41.2745 -67.3999 187.603 7 1.26006
51.5911 -84.2498 184.497 7 1.26006
61.9069 -101.1 181.388 7 1.26006
72.2222 -117.95 178.278 7 1.26006
82.5374 -134.8 175.168 7 1.26006
92.8527 -151.65 172.058 7 1.26006
103.168 -168.5 168.949 7 1.26006
