1.56051e-05 2.75678e-05 200 7 1.9601
13.6398 -11.6653 208.825 7 1.9601
27.2799 -23.3314 217.648 7 1.9601
40.9203 -34.999 226.469 7 1.9601
54.5609 -46.6684 235.287 7 1.9601
68.2016 -58.3397 244.103 7 1.9601
81.8424 -70.0129 252.915 7 1.9601
95.4832 -81.6875 261.726 7 1.9601
109.124 -93.363 270.536 7 1.9601
122.764 -105.039 279.346 7 1.9601
136.404 -116.715 288.156 7 1.9601
1.56051e-05 2.75678e-05 200 7 1.9601
13.6398 -11.6653 208.825 7 1.9601
27.2799 -23.3314 217.648 7 1.9601
40.9203 -34.999 226.469 7 1.9601
54.5609 -46.6684 235.287 7 1.9601
68.2016 -58.3397 244.103 7 1.9601
81.8424 -70.0129 252.915 7 1.9601
95.4832 -81.6875 261.726 7 1.9601
109.124 -93.363 270.536 7 1.9601
122.764 -105.039 279.346 7 1.9601
136.404 -116.715 288.156 7 1.9601
1.56051e-05 2.75678e-05 200 7 1.9601
13.6398 -11.6653 208.825 7 1.9601
27.2799 -23.3314 217.648 7 1.9601
40.9203 -34.999 226.469 7 1.9601
54.5609 -46.6684 235.287 7 1.9601
68.2016 -58.3397 244.103 7 1.9601
81.8424 -70.0129 252.915 7 1.9601
95.4832 -81.6875 261.726 7 1.9601
109.124 -93.363 270.536 7 1.9601
122.764 -105.039 279.346 7 1.9601
136.404 -116.715 288.156 7 1.9601
1.56051e-05 2.75678e-05 200 7 1.9601
13.6398 -11.6653 208.825 7 1.9601
27.2799 -23.3314 217.648 7 1.9601
40.9203 -34.999 226.469 7 1.9601
54.5609 -46.6684 235.287 7 1.9601
68.2016 -58.3397 244.103 7 1.9601
81.8424 -70.0129 252.915 7 1.9601
95.4832 -81.6875 261.726 7 1.9601
109.124 -93.363 270.536 7 1.9601
122.764 -105.039 279.346 7 1.9601
136.404 -116.715 288.156 7 1.9601
1.56051e-05 2.75678e-05 200 7 1.9601
13.6398 -11.6653 208.825 7 1.9601
27.2799 -23.3314 217.648 7 1.9601
40.9203 -34.999 226.469 7 1.9601
54.5609 -46.6684 235.287 7 1.9601
68.2016 -58.3397 244.103 7 1.9601
81.8424 -70.0129 252.915 7 1.9601
95.4832 -81.6875 261.726 7 1.9601
109.124 -93.363 270.536 7 1.9601
122.764 -105.039 279.346 7 1.9601
136.404 -116.715 288.156 7 1.9601
1.56051e-05 2.75678e-05 200 7 1.9601
13.6398 -11.6653 208.825 7 1.9601
27.2799 -23.3314 217.648 7 1.9601
40.9203 -34.999 226.469 7 1.9601
54.5609 -46.6684 235.287 7 1.9601
68.2016 -58.3397 244.103 7 1.9601
81.8424 -70.0129 252.915 7 1.9601
95.4832 -81.6875 261.726 7 1.9601
109.124 -93.363 270.536 7 1.9601
122.764 -105.039 279.346 7 1.9601
136.404 -116.715 288.156 7 1.9601
