2.23896e-05 -3.31159e-05 200 7 1.60008
13.4847 -14.6563 201.833 7 1.60008
26.9695 -29.3125 203.665 7 1.60008
40.4543 -43.9686 205.498 7 1.60008
53.9389 -58.6249 207.33 7 1.60008
67.4231 -73.2817 209.162 7 1.60008
80.9069 -87.9389 210.994 7 1.60008
94.39 -102.597 212.825 7 1.60008
107.873 -117.255 214.657 7 1.60008
121.354 -131.914 216.49 7 1.60008
134.836 -146.573 218.323 7 1.60008
2.23896e-05 -3.31159e-05 200 7 1.60008
13.4847 -14.6563 201.833 7 1.60008
26.9695 -29.3125 203.665 7 1.60008
40.4543 -43.9686 205.498 7 1.60008
53.9389 -58.6249 207.33 7 1.60008
67.4231 -73.2817 209.162 7 1.60008
80.9069 -87.9389 210.994 7 1.60008
94.39 -102.597 212.825 7 1.60008
107.873 -117.255 214.657 7 1.60008
121.354 -131.914 216.49 7 1.60008
134.836 -146.573 218.323 7 1.60008
2.23896e-05 -3.31159e-05 200 7 1.60008
13.4847 -14.6563 201.833 7 1.60008
26.9695 -29.3125 203.665 7 1.60008
40.4543 -43.9686 205.498 7 1.60008
53.9389 -58.6249 207.33 7 1.60008
67.4231 -73.2817 209.162 7 1.60008
80.9069 -87.9389 210.994 7 1.60008
94.39 -102.597 212.825 7 1.60008
107.873 -117.255 214.657 7 1.60008
121.354 -131.914 216.49 7 1.60008
134.836 -146.573 218.323 7 1.60008
2.23896e-05 -3.31159e-05 200 7 1.60008
13.4847 -14.6563 201.833 7 1.60008
26.9695 -29.3125 203.665 7 1.60008
40.4543 -43.9686 205.498 7 1.60008
53.9389 -58.6249 207.33 7 1.60008
67.4231 -73.2817 209.162 7 1.60008
80.9069 -87.9389 210.994 7 1.60008
94.39 -102.597 212.825 7 1.60008
107.873 -117.255 214.657 7 1.60008
121.354 -131.914 216.49 7 1.60008
134.836 -146.573 218.323 7 1.60008
2.23896e-05 -3.31159e-05 200 7 1.60008
13.4847 -14.6563 201.833 7 1.60008
26.9695 -29.3125 203.665 7 1.60008
40.4543 -43.9686 205.498 7 1.60008
53.9389 -58.6249 207.33 7 1.60008
67.4231 -73.2817 209.162 7 1.60008
80.9069 -87.9389 210.994 7 1.60008
94.39 -102.597 212.825 7 1.60008
107.873 -117.255 214.657 7 1.60008
121.354 -131.914 216.49 7 1.60008
134.836 -146.573 218.323 7 1.60008
2.23896e-05 -3.31159e-05 200 7 1.60008
13.4847 -14.6563 201.833 7 1.60008
26.9695 -29.3125 203.665 7 1.60008
40.4543 -43.9686 205.498 7 1.60008
53.9389 -58.6249 207.33 7 1.60008
67.4231 -73.2817 209.162 7 1.60008
80.9069 -87.9389 210.994 7 1.60008
94.39 -102.597 212.825 7 1.60008
107.873 -117.255 214.657 7 1.60008
121.354 -131.914 216.49 7 1.60008
134.836 -146.573 218.323 7 1.60008
