0.000205594 -3.26219e-05 200 6.99997 9.04045
9.32368 -1.43294 217.636 6.99997 9.04045
18.6468 -2.86577 235.272 6.99997 9.04045
27.9694 -4.2985 252.909 6.99997 9.04045
37.2913 -5.73107 270.546 6.99997 9.04045
46.6123 -7.16343 288.183 6.99998 9.04045
55.9324 -8.59554 305.821 6.99998 9.04045
65.2518 -10.0274 323.459 6.99998 9.04045
74.5706 -11.459 341.097 6.99999 9.04045
83.889 -12.8903 358.736 6.99999 9.04045
93.2071 -14.3216 376.374 6.99999 9.04045
0.000205594 -3.26219e-05 200 6.99997 9.04045
9.32368 -1.43294 217.636 6.99997 9.04045
18.6468 -2.86577 235.272 6.99997 9.04045
27.9694 -4.2985 252.909 6.99997 9.04045
37.2913 -5.73107 270.546 6.99997 9.04045
46.6123 -7.16343 288.183 6.99998 9.04045
55.9324 -8.59554 305.821 6.99998 9.04045
65.2518 -10.0274 323.459 6.99998 9.04045
74.5706 -11.459 341.097 6.99999 9.04045
83.889 -12.8903 358.736 6.99999 9.04045
93.2071 -14.3216 376.374 6.99999 9.04045
0.000205594 -3.26219e-05 200 6.99997 9.04045
9.32368 -1.43294 217.636 6.99997 9.04045
18.6468 -2.86577 235.272 6.99997 9.04045
27.9694 -4.2985 252.909 6.99997 9.04045
37.2913 -5.73107 270.546 6.99997 9.04045
46.6123 -7.16343 288.183 6.99998 9.04045
55.9324 -8.59554 305.821 6.99998 9.04045
65.2518 -10.0274 323.459 6.99998 9.04045
74.5706 -11.459 341.097 6.99999 9.04045
83.889 -12.8903 358.736 6.99999 9.04045
93.2071 -14.3216 376.374 6.99999 9.04045
0.000205594 -3.26219e-05 200 6.99997 9.04045
9.32368 -1.43294 217.636 6.99997 9.04045
18.6468 -2.86577 235.272 6.99997 9.04045
27.9694 -4.2985 252.909 6.99997 9.04045
37.2913 -5.73107 270.546 6.99997 9.04045
46.6123 -7.16343 288.183 6.99998 9.04045
55.9324 -8.59554 305.821 6.99998 9.04045
65.2518 -10.0274 323.459 6.99998 9.04045
74.5706 -11.459 341.097 6.99999 9.04045
83.889 -12.8903 358.736 6.99999 9.04045
93.2071 -14.3216 376.374 6.99999 9.04045
0.000205594 -3.26219e-05 200 6.99997 9.04045
9.32368 -1.43294 217.636 6.99997 9.04045
18.6468 -2.86577 235.272 6.99997 9.04045
27.9694 -4.2985 252.909 6.99997 9.04045
37.2913 -5.73107 270.546 6.99997 9.04045
46.6123 -7.16343 288.183 6.99998 9.04045
55.9324 -8.59554 305.821 6.99998 9.04045
65.2518 -10.0274 323.459 6.99998 9.04045
74.5706 -11.459 341.097 6.99999 9.04045
83.889 -12.8903 358.736 6.99999 9.04045
93.2071 -14.3216 376.374 6.99999 9.04045
0.000205594 -3.26219e-05 200 6.99997 9.04045
9.32368 -1.43294 217.636 6.99997 9.04045
18.6468 -2.86577 235.272 6.99997 9.04045
27.9694 -4.2985 252.909 6.99997 9.04045
37.2913 -5.73107 270.546 6.99997 9.04045
46.6123 -7.16343 288.183 6.99998 9.04045
55.9324 -8.59554 305.821 6.99998 9.04045
65.2518 -10.0274 323.459 6.99998 9.04045
74.5706 -11.459 341.097 6.99999 9.04045
83.889 -12.8903 358.736 6.99999 9.04045
93.2071 -14.3216 376.374 6.99999 9.04045
