0 -1.15483e-07 200 7 0.020001
0 -20 200 7 0.020001
0 -40 199.999 7 0.020001
0 -60 199.995 7 0.020001
0 -80 199.986 7 0.020001
0 -100 199.973 7 0.020001
0 -120 199.955 7 0.020001
0 -140 199.931 7 0.020001
0 -160 199.903 7 0.020001
0 -180 199.872 7 0.020001
0 -200 199.839 7 0.020001
0 -1.15483e-07 200 7 0.020001
0 -20 200 7 0.020001
0 -40 199.999 7 0.020001
0 -60 199.995 7 0.020001
0 -80 199.986 7 0.020001
0 -100 199.973 7 0.020001
0 -120 199.955 7 0.020001
0 -140 199.931 7 0.020001
0 -160 199.903 7 0.020001
0 -180 199.872 7 0.020001
0 -200 199.839 7 0.020001
0 -1.15483e-07 200 7 0.020001
0 -20 200 7 0.020001
0 -40 199.999 7 0.020001
0 -60 199.995 7 0.020001
0 -80 199.986 7 0.020001
0 -100 199.973 7 0.020001
0 -120 199.955 7 0.020001
0 -140 199.931 7 0.020001
0 -160 199.903 7 0.020001
0 -180 199.872 7 0.020001
0 -200 199.839 7 0.020001
0 -1.15483e-07 200 7 0.020001
0 -20 200 7 0.020001
0 -40 199.999 7 0.020001
0 -60 199.995 7 0.020001
0 -80 199.986 7 0.020001
0 -100 199.973 7 0.020001
0 -120 199.955 7 0.020001
0 -140 199.931 7 0.020001
0 -160 199.903 7 0.020001
0 -180 199.872 7 0.020001
0 -200 199.839 7 0.020001
0 -1.15483e-07 200 7 0.020001
0 -20 200 7 0.020001
0 -40 199.999 7 0.020001
0 -60 199.995 7 0.020001
0 -80 199.986 7 0.020001
0 -100 199.973 7 0.020001
0 -120 199.955 7 0.020001
0 -140 199.931 7 0.020001
0 -160 199.903 7 0.020001
0 -180 199.872 7 0.020001
0 -200 199.839 7 0.020001
0 -1.15483e-07 200 7 0.020001
0 -20 200 7 0.020001
0 -40 199.999 7 0.020001
0 -60 199.995 7 0.020001
0 -80 199.986 7 0.020001
0 -100 199.973 7 0.020001
0 -120 199.955 7 0.020001
0 -140 199.931 7 0.020001
0 -160 199.903 7 0.020001
0 -180 199.872 7 0.020001
0 -200 199.839 7 0.020001
