-5.93749e-05 -1.1007e-06 200 7 0.220011
-0.000158741 -19.9574 198.695 7 0.220011
0.000579626 -39.915 197.393 7 0.220011
0.00276234 -59.8728 196.095 7 0.220011
0.00697658 -79.831 194.802 7 0.220011
0.0135898 -99.7895 193.514 7 0.220011
0.0227583 -119.748 192.231 7 0.220011
0.0345142 -139.707 190.952 7 0.220011
0.0485438 -159.667 189.676 7 0.220011
0.0641338 -179.626 188.401 7 0.220011
0.0804022 -199.585 187.127 7 0.220011
-5.93749e-05 -1.1007e-06 200 7 0.220011
-0.000158741 -19.9574 198.695 7 0.220011
0.000579626 -39.915 197.393 7 0.220011
0.00276234 -59.8728 196.095 7 0.220011
0.00697658 -79.831 194.802 7 0.220011
0.0135898 -99.7895 193.514 7 0.220011
0.0227583 -119.748 192.231 7 0.220011
0.0345142 -139.707 190.952 7 0.220011
0.0485438 -159.667 189.676 7 0.220011
0.0641338 -179.626 188.401 7 0.220011
0.0804022 -199.585 187.127 7 0.220011
-5.93749e-05 -1.1007e-06 200 7 0.220011
-0.000158741 -19.9574 198.695 7 0.220011
0.000579626 -39.915 197.393 7 0.220011
0.00276234 -59.8728 196.095 7 0.220011
0.00697658 -79.831 194.802 7 0.220011
0.0135898 -99.7895 193.514 7 0.220011
0.0227583 -119.748 192.231 7 0.220011
0.0345142 -139.707 190.952 7 0.220011
0.0485438 -159.667 189.676 7 0.220011
0.0641338 -179.626 188.401 7 0.220011
0.0804022 -199.585 187.127 7 0.220011
-5.93749e-05 -1.1007e-06 200 7 0.220011
-0.000158741 -19.9574 198.695 7 0.220011
0.000579626 -39.915 197.393 7 0.220011
0.00276234 -59.8728 196.095 7 0.220011
0.00697658 -79.831 194.802 7 0.220011
0.0135898 -99.7895 193.514 7 0.220011
0.0227583 -119.748 192.231 7 0.220011
0.0345142 -139.707 190.952 7 0.220011
0.0485438 -159.667 189.676 7 0.220011
0.0641338 -179.626 188.401 7 0.220011
0.0804022 -199.585 187.127 7 0.220011
-5.93749e-05 -1.1007e-06 200 7 0.220011
-0.000158741 -19.9574 198.695 7 0.220011
0.000579626 -39.915 197.393 7 0.220011
0.00276234 -59.8728 196.095 7 0.220011
0.00697658 -79.831 194.802 7 0.220011
0.0135898 -99.7895 193.514 7 0.220011
0.0227583 -119.748 192.231 7 0.220011
0.0345142 -139.707 190.952 7 0.220011
0.0485438 -159.667 189.676 7 0.220011
0.0641338 -179.626 188.401 7 0.220011
0.0804022 -199.585 187.127 7 0.220011
-5.93749e-05 -1.1007e-06 200 7 0.220011
-0.000158741 -19.9574 198.695 7 0.220011
0.000579626 -39.915 197.393 7 0.220011
0.00276234 -59.8728 196.095 7 0.220011
0.00697658 -79.831 194.802 7 0.220011
0.0135898 -99.7895 193.514 7 0.220011
0.0227583 -119.748 192.231 7 0.220011
0.0345142 -139.707 190.952 7 0.220011
0.0485438 -159.667 189.676 7 0.220011
0.0641338 -179.626 188.401 7 0.220011
0.0804022 -199.585 187.127 7 0.220011
