2.88819e-05 -3.00484e-05 200 7 1.12006
8.51844 -17.5651 195.652 7 1.12006
17.0366 -35.1301 191.303 7 1.12006
25.5543 -52.695 186.953 7 1.12006
34.0712 -70.2596 182.6 7 1.12006
42.5873 -87.8238 178.244 7 1.12006
51.1029 -105.388 173.886 7 1.12006
59.6185 -122.951 169.526 7 1.12006
68.1342 -140.515 165.166 7 1.12006
76.6501 -158.078 160.805 7 1.12006
85.1662 -175.641 156.445 7 1.12006
2.88819e-05 -3.00484e-05 200 7 1.12006
8.51844 -17.5651 195.652 7 1.12006
17.0366 -35.1301 191.303 7 1.12006
25.5543 -52.695 186.953 7 1.12006
34.0712 -70.2596 182.6 7 1.12006
42.5873 -87.8238 178.244 7 1.12006
51.1029 -105.388 173.886 7 1.12006
59.6185 -122.951 169.526 7 1.12006
68.1342 -140.515 165.166 7 1.12006
76.6501 -158.078 160.805 7 1.12006
85.1662 -175.641 156.445 7 1.12006
2.88819e-05 -3.00484e-05 200 7 1.12006
8.51844 -17.5651 195.652 7 1.12006
17.0366 -35.1301 191.303 7 1.12006
25.5543 -52.695 186.953 7 1.12006
34.0712 -70.2596 182.6 7 1.12006
42.5873 -87.8238 178.244 7 1.12006
51.1029 -105.388 173.886 7 1.12006
59.6185 -122.951 169.526 7 1.12006
68.1342 -140.515 165.166 7 1.12006
76.6501 -158.078 160.805 7 1.12006
85.1662 -175.641 156.445 7 1.12006
2.88819e-05 -3.00484e-05 200 7 1.12006
8.51844 -17.5651 195.652 7 1.12006
17.0366 -35.1301 191.303 7 1.12006
25.5543 -52.695 186.953 7 1.12006
34.0712 -70.2596 182.6 7 1.12006
42.5873 -87.8238 178.244 7 1.12006
51.1029 -105.388 173.886 7 1.12006
59.6185 -122.951 169.526 7 1.12006
68.1342 -140.515 165.166 7 1.12006
76.6501 -158.078 160.805 7 1.12006
85.1662 -175.641 156.445 7 1.12006
2.88819e-05 -3.00484e-05 200 7 1.12006
8.51844 -17.5651 195.652 7 1.12006
17.0366 -35.1301 191.303 7 1.12006
25.5543 -52.695 186.953 7 1.12006
34.0712 -70.2596 182.6 7 1.12006
42.5873 -87.8238 178.244 7 1.12006
51.1029 -105.388 173.886 7 1.12006
59.6185 -122.951 169.526 7 1.12006
68.1342 -140.515 165.166 7 1.12006
76.6501 -158.078 160.805 7 1.12006
85.1662 -175.641 156.445 7 1.12006
2.88819e-05 -3.00484e-05 200 7 1.12006
8.51844 -17.5651 195.652 7 1.12006
17.0366 -35.1301 191.303 7 1.12006
25.5543 -52.695 186.953 7 1.12006
34.0712 -70.2596 182.6 7 1.12006
42.5873 -87.8238 178.244 7 1.12006
51.1029 -105.388 173.886 7 1.12006
59.6185 -122.951 169.526 7 1.12006
68.1342 -140.515 165.166 7 1.12006
76.6501 -158.078 160.805 7 1.12006
85.1662 -175.641 156.445 7 1.12006
