-2.95353e-05 2.89148e-05 200 6.99997 8.0604
1.70159 2.20722 180.195 6.99997 8.0604
3.40408 4.41459 160.39 6.99997 8.0604
5.10813 6.62224 140.585 6.99997 8.0604
6.81411 8.83016 120.78 6.99998 8.0604
8.52226 11.0383 100.976 6.99998 8.0604
10.2327 13.2467 81.1719 6.99998 8.0604
11.9451 15.4552 61.368 6.99999 8.0604
13.6592 17.6637 41.5643 6.99999 8.0604
15.3745 19.8722 21.7607 6.99999 8.0604
17.0906 22.0807 1.95721 7 8.0604
-2.95353e-05 2.89148e-05 200 6.99997 8.0604
1.70159 2.20722 180.195 6.99997 8.0604
3.40408 4.41459 160.39 6.99997 8.0604
5.10813 6.62224 140.585 6.99997 8.0604
6.81411 8.83016 120.78 6.99998 8.0604
8.52226 11.0383 100.976 6.99998 8.0604
10.2327 13.2467 81.1719 6.99998 8.0604
11.9451 15.4552 61.368 6.99999 8.0604
13.6592 17.6637 41.5643 6.99999 8.0604
15.3745 19.8722 21.7607 6.99999 8.0604
17.0906 22.0807 1.95721 7 8.0604
-2.95353e-05 2.89148e-05 200 6.99997 8.0604
1.70159 2.20722 180.195 6.99997 8.0604
3.40408 4.41459 160.39 6.99997 8.0604
5.10813 6.62224 140.585 6.99997 8.0604
6.81411 8.83016 120.78 6.99998 8.0604
8.52226 11.0383 100.976 6.99998 8.0604
10.2327 13.2467 81.1719 6.99998 8.0604
11.9451 15.4552 61.368 6.99999 8.0604
13.6592 17.6637 41.5643 6.99999 8.0604
15.3745 19.8722 21.7607 6.99999 8.0604
17.0906 22.0807 1.95721 7 8.0604
-2.95353e-05 2.89148e-05 200 6.99997 8.0604
1.70159 2.20722 180.195 6.99997 8.0604
3.40408 4.41459 160.39 6.99997 8.0604
5.10813 6.62224 140.585 6.99997 8.0604
6.81411 8.83016 120.78 6.99998 8.0604
8.52226 11.0383 100.976 6.99998 8.0604
10.2327 13.2467 81.1719 6.99998 8.0604
11.9451 15.4552 61.368 6.99999 8.0604
13.6592 17.6637 41.5643 6.99999 8.0604
15.3745 19.8722 21.7607 6.99999 8.0604
17.0906 22.0807 1.95721 7 8.0604
-2.95353e-05 2.89148e-05 200 6.99997 8.0604
1.70159 2.20722 180.195 6.99997 8.0604
3.40408 4.41459 160.39 6.99997 8.0604
5.10813 6.62224 140.585 6.99997 8.0604
6.81411 8.83016 120.78 6.99998 8.0604
8.52226 11.0383 100.976 6.99998 8.0604
10.2327 13.2467 81.1719 6.99998 8.0604
11.9451 15.4552 61.368 6.99999 8.0604
13.6592 17.6637 41.5643 6.99999 8.0604
15.3745 19.8722 21.7607 6.99999 8.0604
17.0906 22.0807 1.95721 7 8.0604
-2.95353e-05 2.89148e-05 200 6.99997 8.0604
1.70159 2.20722 180.195 6.99997 8.0604
3.40408 4.41459 160.39 6.99997 8.0604
5.10813 6.62224 140.585 6.99997 8.0604
6.81411 8.83016 120.78 6.99998 8.0604
8.52226 11.0383 100.976 6.99998 8.0604
10.2327 13.2467 81.1719 6.99998 8.0604
11.9451 15.4552 61.368 6.99999 8.0604
13.6592 17.6637 41.5643 6.99999 8.0604
15.3745 19.8722 21.7607 6.99999 8.0604
17.0906 22.0807 1.95721 7 8.0604
