-6.57519e-05 5.82518e-05 200 6.99999 3.9002
-19.1653 5.71709 199.892 6.99999 3.9002
-38.3306 11.4336 199.785 6.99999 3.9002
-57.4963 17.1492 199.68 6.99999 3.9002
-76.6623 22.8636 199.575 7 3.9002
-95.8288 28.5764 199.473 7 3.9002
-114.996 34.2878 199.371 7 3.9002
-134.163 39.9979 199.271 7 3.9002
-153.331 45.7072 199.17 7 3.9002
-172.498 51.4159 199.071 7 3.9002
-191.666 57.1242 198.971 7 3.9002
-6.57519e-05 5.82518e-05 200 6.99999 3.9002
-19.1653 5.71709 199.892 6.99999 3.9002
-38.3306 11.4336 199.785 6.99999 3.9002
-57.4963 17.1492 199.68 6.99999 3.9002
-76.6623 22.8636 199.575 7 3.9002
-95.8288 28.5764 199.473 7 3.9002
-114.996 34.2878 199.371 7 3.9002
-134.163 39.9979 199.271 7 3.9002
-153.331 45.7072 199.17 7 3.9002
-172.498 51.4159 199.071 7 3.9002
-191.666 57.1242 198.971 7 3.9002
-6.57519e-05 5.82518e-05 200 6.99999 3.9002
-19.1653 5.71709 199.892 6.99999 3.9002
-38.3306 11.4336 199.785 6.99999 3.9002
-57.4963 17.1492 199.68 6.99999 3.9002
-76.6623 22.8636 199.575 7 3.9002
-95.8288 28.5764 199.473 7 3.9002
-114.996 34.2878 199.371 7 3.9002
-134.163 39.9979 199.271 7 3.9002
-153.331 45.7072 199.17 7 3.9002
-172.498 51.4159 199.071 7 3.9002
-191.666 57.1242 198.971 7 3.9002
-6.57519e-05 5.82518e-05 200 6.99999 3.9002
-19.1653 5.71709 199.892 6.99999 3.9002
-38.3306 11.4336 199.785 6.99999 3.9002
-57.4963 17.1492 199.68 6.99999 3.9002
-76.6623 22.8636 199.575 7 3.9002
-95.8288 28.5764 199.473 7 3.9002
-114.996 34.2878 199.371 7 3.9002
-134.163 39.9979 199.271 7 3.9002
-153.331 45.7072 199.17 7 3.9002
-172.498 51.4159 199.071 7 3.9002
-191.666 57.1242 198.971 7 3.9002
-6.57519e-05 5.82518e-05 200 6.99999 3.9002
-19.1653 5.71709 199.892 6.99999 3.9002
-38.3306 11.4336 199.785 6.99999 3.9002
-57.4963 17.1492 199.68 6.99999 3.9002
-76.6623 22.8636 199.575 7 3.9002
-95.8288 28.5764 199.473 7 3.9002
-114.996 34.2878 199.371 7 3.9002
-134.163 39.9979 199.271 7 3.9002
-153.331 45.7072 199.17 7 3.9002
-172.498 51.4159 199.071 7 3.9002
-191.666 57.1242 198.971 7 3.9002
-6.57519e-05 5.82518e-05 200 6.99999 3.9002
-19.1653 5.71709 199.892 6.99999 3.9002
-38.3306 11.4336 199.785 6.99999 3.9002
-57.4963 17.1492 199.68 6.99999 3.9002
-76.6623 22.8636 199.575 7 3.9002
-95.8288 28.5764 199.473 7 3.9002
-114.996 34.2878 199.371 7 3.9002
-134.163 39.9979 199.271 7 3.9002
-153.331 45.7072 199.17 7 3.9002
-172.498 51.4159 199.071 7 3.9002
-191.666 57.1242 198.971 7 3.9002
