5.83475e-05 -5.40197e-05 200 7 2.78014
-0.091526 -3.45579 219.699 7 2.78014
-0.18394 -6.91091 239.398 7 2.78014
-0.278077 -10.3646 259.097 7 2.78014
-0.374795 -13.8163 278.797 7 2.78014
-0.474251 -17.2658 298.497 7 2.78014
-0.576188 -20.7135 318.198 7 2.78014
-0.680236 -24.1595 337.898 7 2.78014
-0.785917 -27.6041 357.599 7 2.78014
-0.892751 -31.0477 377.3 7 2.78014
-1.00016 -34.491 397.001 7 2.78014
5.83475e-05 -5.40197e-05 200 7 2.78014
-0.091526 -3.45579 219.699 7 2.78014
-0.18394 -6.91091 239.398 7 2.78014
-0.278077 -10.3646 259.097 7 2.78014
-0.374795 -13.8163 278.797 7 2.78014
-0.474251 -17.2658 298.497 7 2.78014
-0.576188 -20.7135 318.198 7 2.78014
-0.680236 -24.1595 337.898 7 2.78014
-0.785917 -27.6041 357.599 7 2.78014
-0.892751 -31.0477 377.3 7 2.78014
-1.00016 -34.491 397.001 7 2.78014
5.83475e-05 -5.40197e-05 200 7 2.78014
-0.091526 -3.45579 219.699 7 2.78014
-0.18394 -6.91091 239.398 7 2.78014
-0.278077 -10.3646 259.097 7 2.78014
-0.374795 -13.8163 278.797 7 2.78014
-0.474251 -17.2658 298.497 7 2.78014
-0.576188 -20.7135 318.198 7 2.78014
-0.680236 -24.1595 337.898 7 2.78014
-0.785917 -27.6041 357.599 7 2.78014
-0.892751 -31.0477 377.3 7 2.78014
-1.00016 -34.491 397.001 7 2.78014
5.83475e-05 -5.40197e-05 200 7 2.78014
-0.091526 -3.45579 219.699 7 2.78014
-0.18394 -6.91091 239.398 7 2.78014
-0.278077 -10.3646 259.097 7 2.78014
-0.374795 -13.8163 278.797 7 2.78014
-0.474251 -17.2658 298.497 7 2.78014
-0.576188 -20.7135 318.198 7 2.78014
-0.680236 -24.1595 337.898 7 2.78014
-0.785917 -27.6041 357.599 7 2.78014
-0.892751 -31.0477 377.3 7 2.78014
-1.00016 -34.491 397.001 7 2.78014
5.83475e-05 -5.40197e-05 200 7 2.78014
-0.091526 -3.45579 219.699 7 2.78014
-0.18394 -6.91091 239.398 7 2.78014
-0.278077 -10.3646 259.097 7 2.78014
-0.374795 -13.8163 278.797 7 2.78014
-0.474251 -17.2658 298.497 7 2.78014
-0.576188 -20.7135 318.198 7 2.78014
-0.680236 -24.1595 337.898 7 2.78014
-0.785917 -27.6041 357.599 7 2.78014
-0.892751 -31.0477 377.3 7 2.78014
-1.00016 -34.491 397.001 7 2.78014
5.83475e-05 -5.40197e-05 200 7 2.78014
-0.091526 -3.45579 219.699 7 2.78014
-0.18394 -6.91091 239.398 7 2.78014
-0.278077 -10.3646 259.097 7 2.78014
-0.374795 -13.8163 278.797 7 2.78014
-0.474251 -17.2658 298.497 7 2.78014
-0.576188 -20.7135 318.198 7 2.78014
-0.680236 -24.1595 337.898 7 2.78014
-0.785917 -27.6041 357.599 7 2.78014
-0.892751 -31.0477 377.3 7 2.78014
-1.00016 -34.491 397.001 7 2.78014
