5.76191e-05 2.25585e-05 200 6.99999 5.28026
13.1674 3.83175 185.442 6.99999 5.28026
26.335 7.66346 170.884 6.99999 5.28026
39.5032 11.4951 156.326 6.99999 5.28026
52.6725 15.3268 141.77 6.99999 5.28026
65.8428 19.1586 127.214 6.99999 5.28026
79.0145 22.9907 112.66 7 5.28026
92.1877 26.823 98.1076 7 5.28026
105.362 30.6557 83.5559 7 5.28026
118.537 34.4884 69.0048 7 5.28026
131.712 38.3213 54.454 7 5.28026
5.76191e-05 2.25585e-05 200 6.99999 5.28026
13.1674 3.83175 185.442 6.99999 5.28026
26.335 7.66346 170.884 6.99999 5.28026
39.5032 11.4951 156.326 6.99999 5.28026
52.6725 15.3268 141.77 6.99999 5.28026
65.8428 19.1586 127.214 6.99999 5.28026
79.0145 22.9907 112.66 7 5.28026
92.1877 26.823 98.1076 7 5.28026
105.362 30.6557 83.5559 7 5.28026
118.537 34.4884 69.0048 7 5.28026
131.712 38.3213 54.454 7 5.28026
5.76191e-05 2.25585e-05 200 6.99999 5.28026
13.1674 3.83175 185.442 6.99999 5.28026
26.335 7.66346 170.884 6.99999 5.28026
39.5032 11.4951 156.326 6.99999 5.28026
52.6725 15.3268 141.77 6.99999 5.28026
65.8428 19.1586 127.214 6.99999 5.28026
79.0145 22.9907 112.66 7 5.28026
92.1877 26.823 98.1076 7 5.28026
105.362 30.6557 83.5559 7 5.28026
118.537 34.4884 69.0048 7 5.28026
131.712 38.3213 54.454 7 5.28026
5.76191e-05 2.25585e-05 200 6.99999 5.28026
13.1674 3.83175 185.442 6.99999 5.28026
26.335 7.66346 170.884 6.99999 5.28026
39.5032 11.4951 156.326 6.99999 5.28026
52.6725 15.3268 141.77 6.99999 5.28026
65.8428 19.1586 127.214 6.99999 5.28026
79.0145 22.9907 112.66 7 5.28026
92.1877 26.823 98.1076 7 5.28026
105.362 30.6557 83.5559 7 5.28026
118.537 34.4884 69.0048 7 5.28026
131.712 38.3213 54.454 7 5.28026
5.76191e-05 2.25585e-05 200 6.99999 5.28026
13.1674 3.83175 185.442 6.99999 5.28026
26.335 7.66346 170.884 6.99999 5.28026
39.5032 11.4951 156.326 6.99999 5.28026
52.6725 15.3268 141.77 6.99999 5.28026
65.8428 19.1586 127.214 6.99999 5.28026
79.0145 22.9907 112.66 7 5.28026
92.1877 26.823 98.1076 7 5.28026
105.362 30.6557 83.5559 7 5.28026
118.537 34.4884 69.0048 7 5.28026
131.712 38.3213 54.454 7 5.28026
5.76191e-05 2.25585e-05 200 6.99999 5.28026
13.1674 3.83175 185.442 6.99999 5.28026
26.335 7.66346 170.884 6.99999 5.28026
39.5032 11.4951 156.326 6.99999 5.28026
52.6725 15.3268 141.77 6.99999 5.28026
65.8428 19.1586 127.214 6.99999 5.28026
79.0145 22.9907 112.66 7 5.28026
92.1877 26.823 98.1076 7 5.28026
105.362 30.6557 83.5559 7 5.28026
118.537 34.4884 69.0048 7 5.28026
131.712 38.3213 54.454 7 5.28026
