-0.000205205 -2.05965e-05 200 6.99998 9.78049
-18.2099 -0.818302 208.231 6.99998 9.78049
-36.4197 -1.63642 216.461 6.99998 9.78049
-54.6297 -2.45427 224.691 6.99998 9.78049
-72.84 -3.27181 232.92 6.99998 9.78049
-91.0504 -4.08909 241.149 6.99999 9.78049
-109.261 -4.90613 249.378 6.99999 9.78049
-127.472 -5.72297 257.606 6.99999 9.78049
-145.683 -6.53969 265.834 6.99999 9.78049
-163.893 -7.35637 274.062 6.99999 9.78049
-182.104 -8.17304 282.29 6.99999 9.78049
-0.000205205 -2.05965e-05 200 6.99998 9.78049
-18.2099 -0.818302 208.231 6.99998 9.78049
-36.4197 -1.63642 216.461 6.99998 9.78049
-54.6297 -2.45427 224.691 6.99998 9.78049
-72.84 -3.27181 232.92 6.99998 9.78049
-91.0504 -4.08909 241.149 6.99999 9.78049
-109.261 -4.90613 249.378 6.99999 9.78049
-127.472 -5.72297 257.606 6.99999 9.78049
-145.683 -6.53969 265.834 6.99999 9.78049
-163.893 -7.35637 274.062 6.99999 9.78049
-182.104 -8.17304 282.29 6.99999 9.78049
-0.000205205 -2.05965e-05 200 6.99998 9.78049
-18.2099 -0.818302 208.231 6.99998 9.78049
-36.4197 -1.63642 216.461 6.99998 9.78049
-54.6297 -2.45427 224.691 6.99998 9.78049
-72.84 -3.27181 232.92 6.99998 9.78049
-91.0504 -4.08909 241.149 6.99999 9.78049
-109.261 -4.90613 249.378 6.99999 9.78049
-127.472 -5.72297 257.606 6.99999 9.78049
-145.683 -6.53969 265.834 6.99999 9.78049
-163.893 -7.35637 274.062 6.99999 9.78049
-182.104 -8.17304 282.29 6.99999 9.78049
-0.000205205 -2.05965e-05 200 6.99998 9.78049
-18.2099 -0.818302 208.231 6.99998 9.78049
-36.4197 -1.63642 216.461 6.99998 9.78049
-54.6297 -2.45427 224.691 6.99998 9.78049
-72.84 -3.27181 232.92 6.99998 9.78049
-91.0504 -4.08909 241.149 6.99999 9.78049
-109.261 -4.90613 249.378 6.99999 9.78049
-127.472 -5.72297 257.606 6.99999 9.78049
-145.683 -6.53969 265.834 6.99999 9.78049
-163.893 -7.35637 274.062 6.99999 9.78049
-182.104 -8.17304 282.29 6.99999 9.78049
-0.000205205 -2.05965e-05 200 6.99998 9.78049
-18.2099 -0.818302 208.231 6.99998 9.78049
-36.4197 -1.63642 216.461 6.99998 9.78049
-54.6297 -2.45427 224.691 6.99998 9.78049
-72.84 -3.27181 232.92 6.99998 9.78049
-91.0504 -4.08909 241.149 6.99999 9.78049
-109.261 -4.90613 249.378 6.99999 9.78049
-127.472 -5.72297 257.606 6.99999 9.78049
-145.683 -6.53969 265.834 6.99999 9.78049
-163.893 -7.35637 274.062 6.99999 9.78049
-182.104 -8.17304 282.29 6.99999 9.78049
-0.000205205 -2.05965e-05 200 6.99998 9.78049
-18.2099 -0.818302 208.231 6.99998 9.78049
-36.4197 -1.63642 216.461 6.99998 9.78049
-54.6297 -2.45427 224.691 6.99998 9.78049
-72.84 -3.27181 232.92 6.99998 9.78049
-91.0504 -4.08909 241.149 6.99999 9.78049
-109.261 -4.90613 249.378 6.99999 9.78049
-127.472 -5.72297 257.606 6.99999 9.78049
-145.683 -6.53969 265.834 6.99999 9.78049
-163.893 -7.35637 274.062 6.99999 9.78049
-182.104 -8.17304 282.29 6.99999 9.78049
