7.74038e-05 1.32941e-05 200 6.99999 5.18026
10.5099 4.45417 183.577 6.99999 5.18026
21.0194 8.90847 167.154 6.99999 5.18026
31.5282 13.3629 150.731 6.99999 5.18026
42.036 17.8175 134.307 6.99999 5.18026
52.5425 22.2722 117.882 6.99999 5.18026
63.0479 26.7268 101.457 7 5.18026
73.5525 31.1814 85.0311 7 5.18026
84.0565 35.636 68.6048 7 5.18026
94.5605 40.0906 52.1785 7 5.18026
105.065 44.5453 35.7524 7 5.18026
7.74038e-05 1.32941e-05 200 6.99999 5.18026
10.5099 4.45417 183.577 6.99999 5.18026
21.0194 8.90847 167.154 6.99999 5.18026
31.5282 13.3629 150.731 6.99999 5.18026
42.036 17.8175 134.307 6.99999 5.18026
52.5425 22.2722 117.882 6.99999 5.18026
63.0479 26.7268 101.457 7 5.18026
73.5525 31.1814 85.0311 7 5.18026
84.0565 35.636 68.6048 7 5.18026
94.5605 40.0906 52.1785 7 5.18026
105.065 44.5453 35.7524 7 5.18026
7.74038e-05 1.32941e-05 200 6.99999 5.18026
10.5099 4.45417 183.577 6.99999 5.18026
21.0194 8.90847 167.154 6.99999 5.18026
31.5282 13.3629 150.731 6.99999 5.18026
42.036 17.8175 134.307 6.99999 5.18026
52.5425 22.2722 117.882 6.99999 5.18026
63.0479 26.7268 101.457 7 5.18026
73.5525 31.1814 85.0311 7 5.18026
84.0565 35.636 68.6048 7 5.18026
94.5605 40.0906 52.1785 7 5.18026
105.065 44.5453 35.7524 7 5.18026
7.74038e-05 1.32941e-05 200 6.99999 5.18026
10.5099 4.45417 183.577 6.99999 5.18026
21.0194 8.90847 167.154 6.99999 5.18026
31.5282 13.3629 150.731 6.99999 5.18026
42.036 17.8175 134.307 6.99999 5.18026
52.5425 22.2722 117.882 6.99999 5.18026
63.0479 26.7268 101.457 7 5.18026
73.5525 31.1814 85.0311 7 5.18026
84.0565 35.636 68.6048 7 5.18026
94.5605 40.0906 52.1785 7 5.18026
105.065 44.5453 35.7524 7 5.18026
7.74038e-05 1.32941e-05 200 6.99999 5.18026
10.5099 4.45417 183.577 6.99999 5.18026
21.0194 8.90847 167.154 6.99999 5.18026
31.5282 13.3629 150.731 6.99999 5.18026
42.036 17.8175 134.307 6.99999 5.18026
52.5425 22.2722 117.882 6.99999 5.18026
63.0479 26.7268 101.457 7 5.18026
73.5525 31.1814 85.0311 7 5.18026
84.0565 35.636 68.6048 7 5.18026
94.5605 40.0906 52.1785 7 5.18026
105.065 44.5453 35.7524 7 5.18026
7.74038e-05 1.32941e-05 200 6.99999 5.18026
10.5099 4.45417 183.577 6.99999 5.18026
21.0194 8.90847 167.154 6.99999 5.18026
31.5282 13.3629 150.731 6.99999 5.18026
42.036 17.8175 134.307 6.99999 5.18026
52.5425 22.2722 117.882 6.99999 5.18026
63.0479 26.7268 101.457 7 5.18026
73.5525 31.1814 85.0311 7 5.18026
84.0565 35.636 68.6048 7 5.18026
94.5605 40.0906 52.1785 7 5.18026
105.065 44.5453 35.7524 7 5.18026
