1.33884e-06 -3.66183e-05 200 7 0.460023
0.89188 -19.6585 196.429 7 0.460023
1.78376 -39.3166 192.857 7 0.460023
2.6759 -58.9742 189.282 7 0.460023
3.56828 -78.6313 185.704 7 0.460023
4.46076 -98.2877 182.122 7 0.460023
5.3533 -117.943 178.536 7 0.460023
6.24593 -137.599 174.947 7 0.460023
7.13873 -157.253 171.355 7 0.460023
8.03181 -176.907 167.762 7 0.460023
8.92519 -196.562 164.169 7 0.460023
1.33884e-06 -3.66183e-05 200 7 0.460023
0.89188 -19.6585 196.429 7 0.460023
1.78376 -39.3166 192.857 7 0.460023
2.6759 -58.9742 189.282 7 0.460023
3.56828 -78.6313 185.704 7 0.460023
4.46076 -98.2877 182.122 7 0.460023
5.3533 -117.943 178.536 7 0.460023
6.24593 -137.599 174.947 7 0.460023
7.13873 -157.253 171.355 7 0.460023
8.03181 -176.907 167.762 7 0.460023
8.92519 -196.562 164.169 7 0.460023
1.33884e-06 -3.66183e-05 200 7 0.460023
0.89188 -19.6585 196.429 7 0.460023
1.78376 -39.3166 192.857 7 0.460023
2.6759 -58.9742 189.282 7 0.460023
3.56828 -78.6313 185.704 7 0.460023
4.46076 -98.2877 182.122 7 0.460023
5.3533 -117.943 178.536 7 0.460023
6.24593 -137.599 174.947 7 0.460023
7.13873 -157.253 171.355 7 0.460023
8.03181 -176.907 167.762 7 0.460023
8.92519 -196.562 164.169 7 0.460023
1.33884e-06 -3.66183e-05 200 7 0.460023
0.89188 -19.6585 196.429 7 0.460023
1.78376 -39.3166 192.857 7 0.460023
2.6759 -58.9742 189.282 7 0.460023
3.56828 -78.6313 185.704 7 0.460023
4.46076 -98.2877 182.122 7 0.460023
5.3533 -117.943 178.536 7 0.460023
6.24593 -137.599 174.947 7 0.460023
7.13873 -157.253 171.355 7 0.460023
8.03181 -176.907 167.762 7 0.460023
8.92519 -196.562 164.169 7 0.460023
1.33884e-06 -3.66183e-05 200 7 0.460023
0.89188 -19.6585 196.429 7 0.460023
1.78376 -39.3166 192.857 7 0.460023
2.6759 -58.9742 189.282 7 0.460023
3.56828 -78.6313 185.704 7 0.460023
4.46076 -98.2877 182.122 7 0.460023
5.3533 -117.943 178.536 7 0.460023
6.24593 -137.599 174.947 7 0.460023
7.13873 -157.253 171.355 7 0.460023
8.03181 -176.907 167.762 7 0.460023
8.92519 -196.562 164.169 7 0.460023
1.33884e-06 -3.66183e-05 200 7 0.460023
0.89188 -19.6585 196.429 7 0.460023
1.78376 -39.3166 192.857 7 0.460023
2.6759 -58.9742 189.282 7 0.460023
3.56828 -78.6313 185.704 7 0.460023
4.46076 -98.2877 182.122 7 0.460023
5.3533 -117.943 178.536 7 0.460023
6.24593 -137.599 174.947 7 0.460023
7.13873 -157.253 171.355 7 0.460023
8.03181 -176.907 167.762 7 0.460023
8.92519 -196.562 164.169 7 0.460023
