5.00023e-05 -3.92937e-05 200 7 2.24011
10.9458 -8.99095 214.119 7 2.24011
21.8912 -17.9816 228.239 7 2.24011
32.8357 -26.9715 242.36 7 2.24011
43.7788 -35.9605 256.483 7 2.24011
54.7204 -44.949 270.607 7 2.24011
65.6602 -53.9371 284.732 7 2.24011
76.5982 -62.9251 298.859 7 2.24011
87.5348 -71.913 312.988 7 2.24011
98.4705 -80.9012 327.117 7 2.24011
109.406 -89.8895 341.246 7 2.24011
5.00023e-05 -3.92937e-05 200 7 2.24011
10.9458 -8.99095 214.119 7 2.24011
21.8912 -17.9816 228.239 7 2.24011
32.8357 -26.9715 242.36 7 2.24011
43.7788 -35.9605 256.483 7 2.24011
54.7204 -44.949 270.607 7 2.24011
65.6602 -53.9371 284.732 7 2.24011
76.5982 -62.9251 298.859 7 2.24011
87.5348 -71.913 312.988 7 2.24011
98.4705 -80.9012 327.117 7 2.24011
109.406 -89.8895 341.246 7 2.24011
5.00023e-05 -3.92937e-05 200 7 2.24011
10.9458 -8.99095 214.119 7 2.24011
21.8912 -17.9816 228.239 7 2.24011
32.8357 -26.9715 242.36 7 2.24011
43.7788 -35.9605 256.483 7 2.24011
54.7204 -44.949 270.607 7 2.24011
65.6602 -53.9371 284.732 7 2.24011
76.5982 -62.9251 298.859 7 2.24011
87.5348 -71.913 312.988 7 2.24011
98.4705 -80.9012 327.117 7 2.24011
109.406 -89.8895 341.246 7 2.24011
5.00023e-05 -3.92937e-05 200 7 2.24011
10.9458 -8.99095 214.119 7 2.24011
21.8912 -17.9816 228.239 7 2.24011
32.8357 -26.9715 242.36 7 2.24011
43.7788 -35.9605 256.483 7 2.24011
54.7204 -44.949 270.607 7 2.24011
65.6602 -53.9371 284.732 7 2.24011
76.5982 -62.9251 298.859 7 2.24011
87.5348 -71.913 312.988 7 2.24011
98.4705 -80.9012 327.117 7 2.24011
109.406 -89.8895 341.246 7 2.24011
5.00023e-05 -3.92937e-05 200 7 2.24011
10.9458 -8.99095 214.119 7 2.24011
21.8912 -17.9816 228.239 7 2.24011
32.8357 -26.9715 242.36 7 2.24011
43.7788 -35.9605 256.483 7 2.24011
54.7204 -44.949 270.607 7 2.24011
65.6602 -53.9371 284.732 7 2.24011
76.5982 -62.9251 298.859 7 2.24011
87.5348 -71.913 312.988 7 2.24011
98.4705 -80.9012 327.117 7 2.24011
109.406 -89.8895 341.246 7 2.24011
5.00023e-05 -3.92937e-05 200 7 2.24011
10.9458 -8.99095 214.119 7 2.24011
21.8912 -17.9816 228.239 7 2.24011
32.8357 -26.9715 242.36 7 2.24011
43.7788 -35.9605 256.483 7 2.24011
54.7204 -44.949 270.607 7 2.24011
65.6602 -53.9371 284.732 7 2.24011
76.5982 -62.9251 298.859 7 2.24011
87.5348 -71.913 312.988 7 2.24011
98.4705 -80.9012 327.117 7 2.24011
109.406 -89.8895 341.246 7 2.24011
