-4.90477e-05 -2.783e-05 200 6.99997 9.28046
-1.90258 -1.9017 219.819 6.99997 9.28046
-3.80488 -3.80345 239.637 6.99998 9.28046
-5.70674 -5.70528 259.456 6.99998 9.28046
-7.6079 -7.60719 279.274 6.99998 9.28046
-9.50826 -9.50917 299.093 6.99998 9.28046
-11.4078 -11.4112 318.911 6.99998 9.28046
-13.3066 -13.3133 338.73 6.99999 9.28046
-15.2048 -15.2155 358.549 6.99999 9.28046
-17.1026 -17.1178 378.368 6.99999 9.28046
-19.0003 -19.02 398.186 6.99999 9.28046
-4.90477e-05 -2.783e-05 200 6.99997 9.28046
-1.90258 -1.9017 219.819 6.99997 9.28046
-3.80488 -3.80345 239.637 6.99998 9.28046
-5.70674 -5.70528 259.456 6.99998 9.28046
-7.6079 -7.60719 279.274 6.99998 9.28046
-9.50826 -9.50917 299.093 6.99998 9.28046
-11.4078 -11.4112 318.911 6.99998 9.28046
-13.3066 -13.3133 338.73 6.99999 9.28046
-15.2048 -15.2155 358.549 6.99999 9.28046
-17.1026 -17.1178 378.368 6.99999 9.28046
-19.0003 -19.02 398.186 6.99999 9.28046
-4.90477e-05 -2.783e-05 200 6.99997 9.28046
-1.90258 -1.9017 219.819 6.99997 9.28046
-3.80488 -3.80345 239.637 6.99998 9.28046
-5.70674 -5.70528 259.456 6.99998 9.28046
-7.6079 -7.60719 279.274 6.99998 9.28046
-9.50826 -9.50917 299.093 6.99998 9.28046
-11.4078 -11.4112 318.911 6.99998 9.28046
-13.3066 -13.3133 338.73 6.99999 9.28046
-15.2048 -15.2155 358.549 6.99999 9.28046
-17.1026 -17.1178 378.368 6.99999 9.28046
-19.0003 -19.02 398.186 6.99999 9.28046
-4.90477e-05 -2.783e-05 200 6.99997 9.28046
-1.90258 -1.9017 219.819 6.99997 9.28046
-3.80488 -3.80345 239.637 6.99998 9.28046
-5.70674 -5.70528 259.456 6.99998 9.28046
-7.6079 -7.60719 279.274 6.99998 9.28046
-9.50826 -9.50917 299.093 6.99998 9.28046
-11.4078 -11.4112 318.911 6.99998 9.28046
-13.3066 -13.3133 338.73 6.99999 9.28046
-15.2048 -15.2155 358.549 6.99999 9.28046
-17.1026 -17.1178 378.368 6.99999 9.28046
-19.0003 -19.02 398.186 6.99999 9.28046
-4.90477e-05 -2.783e-05 200 6.99997 9.28046
-1.90258 -1.9017 219.819 6.99997 9.28046
-3.80488 -3.80345 239.637 6.99998 9.28046
-5.70674 -5.70528 259.456 6.99998 9.28046
-7.6079 -7.60719 279.274 6.99998 9.28046
-9.50826 -9.50917 299.093 6.99998 9.28046
-11.4078 -11.4112 318.911 6.99998 9.28046
-13.3066 -13.3133 338.73 6.99999 9.28046
-15.2048 -15.2155 358.549 6.99999 9.28046
-17.1026 -17.1178 378.368 6.99999 9.28046
-19.0003 -19.02 398.186 6.99999 9.28046
-4.90477e-05 -2.783e-05 200 6.99997 9.28046
-1.90258 -1.9017 219.819 6.99997 9.28046
-3.80488 -3.80345 239.637 6.99998 9.28046
-5.70674 -5.70528 259.456 6.99998 9.28046
-7.6079 -7.60719 279.274 6.99998 9.28046
-9.50826 -9.50917 299.093 6.99998 9.28046
-11.4078 -11.4112 318.911 6.99998 9.28046
-13.3066 -13.3133 338.73 6.99999 9.28046
-15.2048 -15.2155 358.549 6.99999 9.28046
-17.1026 -17.1178 378.368 6.99999 9.28046
-19.0003 -19.02 398.186 6.99999 9.28046
