9.13853e-06 3.4816e-05 200 7 2.22011
11.215 -9.18383 213.78 7 2.22011
22.4304 -18.3685 227.559 7 2.22011
33.6462 -27.5546 241.336 7 2.22011
44.8625 -36.7423 255.112 7 2.22011
56.0792 -45.9318 268.887 7 2.22011
67.2962 -55.123 282.66 7 2.22011
78.5131 -64.3155 296.433 7 2.22011
89.7297 -73.5089 310.205 7 2.22011
100.946 -82.7024 323.977 7 2.22011
112.161 -91.896 337.75 7 2.22011
9.13853e-06 3.4816e-05 200 7 2.22011
11.215 -9.18383 213.78 7 2.22011
22.4304 -18.3685 227.559 7 2.22011
33.6462 -27.5546 241.336 7 2.22011
44.8625 -36.7423 255.112 7 2.22011
56.0792 -45.9318 268.887 7 2.22011
67.2962 -55.123 282.66 7 2.22011
78.5131 -64.3155 296.433 7 2.22011
89.7297 -73.5089 310.205 7 2.22011
100.946 -82.7024 323.977 7 2.22011
112.161 -91.896 337.75 7 2.22011
9.13853e-06 3.4816e-05 200 7 2.22011
11.215 -9.18383 213.78 7 2.22011
22.4304 -18.3685 227.559 7 2.22011
33.6462 -27.5546 241.336 7 2.22011
44.8625 -36.7423 255.112 7 2.22011
56.0792 -45.9318 268.887 7 2.22011
67.2962 -55.123 282.66 7 2.22011
78.5131 -64.3155 296.433 7 2.22011
89.7297 -73.5089 310.205 7 2.22011
100.946 -82.7024 323.977 7 2.22011
112.161 -91.896 337.75 7 2.22011
9.13853e-06 3.4816e-05 200 7 2.22011
11.215 -9.18383 213.78 7 2.22011
22.4304 -18.3685 227.559 7 2.22011
33.6462 -27.5546 241.336 7 2.22011
44.8625 -36.7423 255.112 7 2.22011
56.0792 -45.9318 268.887 7 2.22011
67.2962 -55.123 282.66 7 2.22011
78.5131 -64.3155 296.433 7 2.22011
89.7297 -73.5089 310.205 7 2.22011
100.946 -82.7024 323.977 7 2.22011
112.161 -91.896 337.75 7 2.22011
9.13853e-06 3.4816e-05 200 7 2.22011
11.215 -9.18383 213.78 7 2.22011
22.4304 -18.3685 227.559 7 2.22011
33.6462 -27.5546 241.336 7 2.22011
44.8625 -36.7423 255.112 7 2.22011
56.0792 -45.9318 268.887 7 2.22011
67.2962 -55.123 282.66 7 2.22011
78.5131 -64.3155 296.433 7 2.22011
89.7297 -73.5089 310.205 7 2.22011
100.946 -82.7024 323.977 7 2.22011
112.161 -91.896 337.75 7 2.22011
9.13853e-06 3.4816e-05 200 7 2.22011
11.215 -9.18383 213.78 7 2.22011
22.4304 -18.3685 227.559 7 2.22011
33.6462 -27.5546 241.336 7 2.22011
44.8625 -36.7423 255.112 7 2.22011
56.0792 -45.9318 268.887 7 2.22011
67.2962 -55.123 282.66 7 2.22011
78.5131 -64.3155 296.433 7 2.22011
89.7297 -73.5089 310.205 7 2.22011
100.946 -82.7024 323.977 7 2.22011
112.161 -91.896 337.75 7 2.22011
