-0.000220612 -8.5613e-06 200 6.99998 9.68048
-16.3153 -1.17821 211.508 6.99998 9.68048
-32.6301 -2.35651 223.016 6.99998 9.68048
-48.9447 -3.53498 234.525 6.99998 9.68048
-65.2589 -4.71364 246.034 6.99998 9.68048
-81.5726 -5.89243 257.544 6.99998 9.68048
-97.8859 -7.07129 269.055 6.99999 9.68048
-114.199 -8.25016 280.566 6.99999 9.68048
-130.511 -9.42901 292.077 6.99999 9.68048
-146.824 -10.6078 303.589 6.99999 9.68048
-163.136 -11.7867 315.101 6.99999 9.68048
-0.000220612 -8.5613e-06 200 6.99998 9.68048
-16.3153 -1.17821 211.508 6.99998 9.68048
-32.6301 -2.35651 223.016 6.99998 9.68048
-48.9447 -3.53498 234.525 6.99998 9.68048
-65.2589 -4.71364 246.034 6.99998 9.68048
-81.5726 -5.89243 257.544 6.99998 9.68048
-97.8859 -7.07129 269.055 6.99999 9.68048
-114.199 -8.25016 280.566 6.99999 9.68048
-130.511 -9.42901 292.077 6.99999 9.68048
-146.824 -10.6078 303.589 6.99999 9.68048
-163.136 -11.7867 315.101 6.99999 9.68048
-0.000220612 -8.5613e-06 200 6.99998 9.68048
-16.3153 -1.17821 211.508 6.99998 9.68048
-32.6301 -2.35651 223.016 6.99998 9.68048
-48.9447 -3.53498 234.525 6.99998 9.68048
-65.2589 -4.71364 246.034 6.99998 9.68048
-81.5726 -5.89243 257.544 6.99998 9.68048
-97.8859 -7.07129 269.055 6.99999 9.68048
-114.199 -8.25016 280.566 6.99999 9.68048
-130.511 -9.42901 292.077 6.99999 9.68048
-146.824 -10.6078 303.589 6.99999 9.68048
-163.136 -11.7867 315.101 6.99999 9.68048
-0.000220612 -8.5613e-06 200 6.99998 9.68048
-16.3153 -1.17821 211.508 6.99998 9.68048
-32.6301 -2.35651 223.016 6.99998 9.68048
-48.9447 -3.53498 234.525 6.99998 9.68048
-65.2589 -4.71364 246.034 6.99998 9.68048
-81.5726 -5.89243 257.544 6.99998 9.68048
-97.8859 -7.07129 269.055 6.99999 9.68048
-114.199 -8.25016 280.566 6.99999 9.68048
-130.511 -9.42901 292.077 6.99999 9.68048
-146.824 -10.6078 303.589 6.99999 9.68048
-163.136 -11.7867 315.101 6.99999 9.68048
-0.000220612 -8.5613e-06 200 6.99998 9.68048
-16.3153 -1.17821 211.508 6.99998 9.68048
-32.6301 -2.35651 223.016 6.99998 9.68048
-48.9447 -3.53498 234.525 6.99998 9.68048
-65.2589 -4.71364 246.034 6.99998 9.68048
-81.5726 -5.89243 257.544 6.99998 9.68048
-97.8859 -7.07129 269.055 6.99999 9.68048
-114.199 -8.25016 280.566 6.99999 9.68048
-130.511 -9.42901 292.077 6.99999 9.68048
-146.824 -10.6078 303.589 6.99999 9.68048
-163.136 -11.7867 315.101 6.99999 9.68048
-0.000220612 -8.5613e-06 200 6.99998 9.68048
-16.3153 -1.17821 211.508 6.99998 9.68048
-32.6301 -2.35651 223.016 6.99998 9.68048
-48.9447 -3.53498 234.525 6.99998 9.68048
-65.2589 -4.71364 246.034 6.99998 9.68048
-81.5726 -5.89243 257.544 6.99998 9.68048
-97.8859 -7.07129 269.055 6.99999 9.68048
-114.199 -8.25016 280.566 6.99999 9.68048
-130.511 -9.42901 292.077 6.99999 9.68048
-146.824 -10.6078 303.589 6.99999 9.68048
-163.136 -11.7867 315.101 6.99999 9.68048
