-2.18171e-05 2.21786e-05 200 6.99999 4.90025
1.91092 5.90206 180.986 6.99999 4.90025
3.82232 11.8042 161.973 6.99999 4.90025
5.73438 17.7066 142.959 6.99999 4.90025
7.64721 23.6092 123.946 6.99999 4.90025
9.56116 29.5124 104.933 6.99999 4.90025
11.4765 35.416 85.9207 7 4.90025
13.3933 41.3202 66.9085 7 4.90025
15.3114 47.2249 47.8965 7 4.90025
17.2306 53.1301 28.8848 7 4.90025
19.1502 59.0355 9.87316 7 4.90025
-2.18171e-05 2.21786e-05 200 6.99999 4.90025
1.91092 5.90206 180.986 6.99999 4.90025
3.82232 11.8042 161.973 6.99999 4.90025
5.73438 17.7066 142.959 6.99999 4.90025
7.64721 23.6092 123.946 6.99999 4.90025
9.56116 29.5124 104.933 6.99999 4.90025
11.4765 35.416 85.9207 7 4.90025
13.3933 41.3202 66.9085 7 4.90025
15.3114 47.2249 47.8965 7 4.90025
17.2306 53.1301 28.8848 7 4.90025
19.1502 59.0355 9.87316 7 4.90025
-2.18171e-05 2.21786e-05 200 6.99999 4.90025
1.91092 5.90206 180.986 6.99999 4.90025
3.82232 11.8042 161.973 6.99999 4.90025
5.73438 17.7066 142.959 6.99999 4.90025
7.64721 23.6092 123.946 6.99999 4.90025
9.56116 29.5124 104.933 6.99999 4.90025
11.4765 35.416 85.9207 7 4.90025
13.3933 41.3202 66.9085 7 4.90025
15.3114 47.2249 47.8965 7 4.90025
17.2306 53.1301 28.8848 7 4.90025
19.1502 59.0355 9.87316 7 4.90025
-2.18171e-05 2.21786e-05 200 6.99999 4.90025
1.91092 5.90206 180.986 6.99999 4.90025
3.82232 11.8042 161.973 6.99999 4.90025
5.73438 17.7066 142.959 6.99999 4.90025
7.64721 23.6092 123.946 6.99999 4.90025
9.56116 29.5124 104.933 6.99999 4.90025
11.4765 35.416 85.9207 7 4.90025
13.3933 41.3202 66.9085 7 4.90025
15.3114 47.2249 47.8965 7 4.90025
17.2306 53.1301 28.8848 7 4.90025
19.1502 59.0355 9.87316 7 4.90025
-2.18171e-05 2.21786e-05 200 6.99999 4.90025
1.91092 5.90206 180.986 6.99999 4.90025
3.82232 11.8042 161.973 6.99999 4.90025
5.73438 17.7066 142.959 6.99999 4.90025
7.64721 23.6092 123.946 6.99999 4.90025
9.56116 29.5124 104.933 6.99999 4.90025
11.4765 35.416 85.9207 7 4.90025
13.3933 41.3202 66.9085 7 4.90025
15.3114 47.2249 47.8965 7 4.90025
17.2306 53.1301 28.8848 7 4.90025
19.1502 59.0355 9.87316 7 4.90025
-2.18171e-05 2.21786e-05 200 6.99999 4.90025
1.91092 5.90206 180.986 6.99999 4.90025
3.82232 11.8042 161.973 6.99999 4.90025
5.73438 17.7066 142.959 6.99999 4.90025
7.64721 23.6092 123.946 6.99999 4.90025
9.56116 29.5124 104.933 6.99999 4.90025
11.4765 35.416 85.9207 7 4.90025
13.3933 41.3202 66.9085 7 4.90025
15.3114 47.2249 47.8965 7 4.90025
17.2306 53.1301 28.8848 7 4.90025
19.1502 59.0355 9.87316 7 4.90025
