-3.40894e-05 6.63158e-06 200 6.99999 4.98025
4.46531 5.53922 181.308 6.99999 4.98025
8.93146 11.0787 162.617 6.99999 4.98025
13.3993 16.6188 143.926 6.99999 4.98025
17.8697 22.1595 125.236 6.99999 4.98025
22.3429 27.7009 106.547 6.99999 4.98025
26.8187 33.2427 87.8583 7 4.98025
31.2969 38.785 69.1706 7 4.98025
35.7773 44.3277 50.4836 7 4.98025
40.2591 49.8707 31.797 7 4.98025
44.7414 55.414 13.1106 7 4.98025
-3.40894e-05 6.63158e-06 200 6.99999 4.98025
4.46531 5.53922 181.308 6.99999 4.98025
8.93146 11.0787 162.617 6.99999 4.98025
13.3993 16.6188 143.926 6.99999 4.98025
17.8697 22.1595 125.236 6.99999 4.98025
22.3429 27.7009 106.547 6.99999 4.98025
26.8187 33.2427 87.8583 7 4.98025
31.2969 38.785 69.1706 7 4.98025
35.7773 44.3277 50.4836 7 4.98025
40.2591 49.8707 31.797 7 4.98025
44.7414 55.414 13.1106 7 4.98025
-3.40894e-05 6.63158e-06 200 6.99999 4.98025
4.46531 5.53922 181.308 6.99999 4.98025
8.93146 11.0787 162.617 6.99999 4.98025
13.3993 16.6188 143.926 6.99999 4.98025
17.8697 22.1595 125.236 6.99999 4.98025
22.3429 27.7009 106.547 6.99999 4.98025
26.8187 33.2427 87.8583 7 4.98025
31.2969 38.785 69.1706 7 4.98025
35.7773 44.3277 50.4836 7 4.98025
40.2591 49.8707 31.797 7 4.98025
44.7414 55.414 13.1106 7 4.98025
-3.40894e-05 6.63158e-06 200 6.99999 4.98025
4.46531 5.53922 181.308 6.99999 4.98025
8.93146 11.0787 162.617 6.99999 4.98025
13.3993 16.6188 143.926 6.99999 4.98025
17.8697 22.1595 125.236 6.99999 4.98025
22.3429 27.7009 106.547 6.99999 4.98025
26.8187 33.2427 87.8583 7 4.98025
31.2969 38.785 69.1706 7 4.98025
35.7773 44.3277 50.4836 7 4.98025
40.2591 49.8707 31.797 7 4.98025
44.7414 55.414 13.1106 7 4.98025
-3.40894e-05 6.63158e-06 200 6.99999 4.98025
4.46531 5.53922 181.308 6.99999 4.98025
8.93146 11.0787 162.617 6.99999 4.98025
13.3993 16.6188 143.926 6.99999 4.98025
17.8697 22.1595 125.236 6.99999 4.98025
22.3429 27.7009 106.547 6.99999 4.98025
26.8187 33.2427 87.8583 7 4.98025
31.2969 38.785 69.1706 7 4.98025
35.7773 44.3277 50.4836 7 4.98025
40.2591 49.8707 31.797 7 4.98025
44.7414 55.414 13.1106 7 4.98025
-3.40894e-05 6.63158e-06 200 6.99999 4.98025
4.46531 5.53922 181.308 6.99999 4.98025
8.93146 11.0787 162.617 6.99999 4.98025
13.3993 16.6188 143.926 6.99999 4.98025
17.8697 22.1595 125.236 6.99999 4.98025
22.3429 27.7009 106.547 6.99999 4.98025
26.8187 33.2427 87.8583 7 4.98025
31.2969 38.785 69.1706 7 4.98025
35.7773 44.3277 50.4836 7 4.98025
40.2591 49.8707 31.797 7 4.98025
44.7414 55.414 13.1106 7 4.98025
