0 -2.40273e-06 200 7 0.060003
0 -19.9998 199.911 7 0.060003
0 -39.9996 199.821 7 0.060003
0 -59.9994 199.728 7 0.060003
0 -79.9992 199.631 7 0.060003
0 -99.9989 199.529 7 0.060003
0 -119.999 199.422 7 0.060003
0 -139.998 199.313 7 0.060003
0 -159.998 199.201 7 0.060003
0 -179.998 199.086 7 0.060003
0 -199.997 198.971 7 0.060003
0 -2.40273e-06 200 7 0.060003
0 -19.9998 199.911 7 0.060003
0 -39.9996 199.821 7 0.060003
0 -59.9994 199.728 7 0.060003
0 -79.9992 199.631 7 0.060003
0 -99.9989 199.529 7 0.060003
0 -119.999 199.422 7 0.060003
0 -139.998 199.313 7 0.060003
0 -159.998 199.201 7 0.060003
0 -179.998 199.086 7 0.060003
0 -199.997 198.971 7 0.060003
0 -2.40273e-06 200 7 0.060003
0 -19.9998 199.911 7 0.060003
0 -39.9996 199.821 7 0.060003
0 -59.9994 199.728 7 0.060003
0 -79.9992 199.631 7 0.060003
0 -99.9989 199.529 7 0.060003
0 -119.999 199.422 7 0.060003
0 -139.998 199.313 7 0.060003
0 -159.998 199.201 7 0.060003
0 -179.998 199.086 7 0.060003
0 -199.997 198.971 7 0.060003
0 -2.40273e-06 200 7 0.060003
0 -19.9998 199.911 7 0.060003
0 -39.9996 199.821 7 0.060003
0 -59.9994 199.728 7 0.060003
0 -79.9992 199.631 7 0.060003
0 -99.9989 199.529 7 0.060003
0 -119.999 199.422 7 0.060003
0 -139.998 199.313 7 0.060003
0 -159.998 199.201 7 0.060003
0 -179.998 199.086 7 0.060003
0 -199.997 198.971 7 0.060003
0 -2.40273e-06 200 7 0.060003
0 -19.9998 199.911 7 0.060003
0 -39.9996 199.821 7 0.060003
0 -59.9994 199.728 7 0.060003
0 -79.9992 199.631 7 0.060003
0 -99.9989 199.529 7 0.060003
0 -119.999 199.422 7 0.060003
0 -139.998 199.313 7 0.060003
0 -159.998 199.201 7 0.060003
0 -179.998 199.086 7 0.060003
0 -199.997 198.971 7 0.060003
0 -2.40273e-06 200 7 0.060003
0 -19.9998 199.911 7 0.060003
0 -39.9996 199.821 7 0.060003
0 -59.9994 199.728 7 0.060003
0 -79.9992 199.631 7 0.060003
0 -99.9989 199.529 7 0.060003
0 -119.999 199.422 7 0.060003
0 -139.998 199.313 7 0.060003
0 -159.998 199.201 7 0.060003
0 -179.998 199.086 7 0.060003
0 -199.997 198.971 7 0.060003
