-6.02338e-05 3.92749e-05 200 6.99999 3.38017
-14.2811 2.23874 213.822 6.99999 3.38017
-28.562 4.47701 227.644 6.99999 3.38017
-42.8428 6.71475 241.466 7 3.38017
-57.1236 8.95195 255.288 7 3.38017
-71.4045 11.1884 269.111 7 3.38017
-85.6855 13.4242 282.933 7 3.38017
-99.9668 15.6596 296.755 7 3.38017
-114.249 17.8946 310.576 7 3.38017
-128.531 20.1298 324.397 7 3.38017
-142.813 22.3651 338.218 7 3.38017
-6.02338e-05 3.92749e-05 200 6.99999 3.38017
-14.2811 2.23874 213.822 6.99999 3.38017
-28.562 4.47701 227.644 6.99999 3.38017
-42.8428 6.71475 241.466 7 3.38017
-57.1236 8.95195 255.288 7 3.38017
-71.4045 11.1884 269.111 7 3.38017
-85.6855 13.4242 282.933 7 3.38017
-99.9668 15.6596 296.755 7 3.38017
-114.249 17.8946 310.576 7 3.38017
-128.531 20.1298 324.397 7 3.38017
-142.813 22.3651 338.218 7 3.38017
-6.02338e-05 3.92749e-05 200 6.99999 3.38017
-14.2811 2.23874 213.822 6.99999 3.38017
-28.562 4.47701 227.644 6.99999 3.38017
-42.8428 6.71475 241.466 7 3.38017
-57.1236 8.95195 255.288 7 3.38017
-71.4045 11.1884 269.111 7 3.38017
-85.6855 13.4242 282.933 7 3.38017
-99.9668 15.6596 296.755 7 3.38017
-114.249 17.8946 310.576 7 3.38017
-128.531 20.1298 324.397 7 3.38017
-142.813 22.3651 338.218 7 3.38017
-6.02338e-05 3.92749e-05 200 6.99999 3.38017
-14.2811 2.23874 213.822 6.99999 3.38017
-28.562 4.47701 227.644 6.99999 3.38017
-42.8428 6.71475 241.466 7 3.38017
-57.1236 8.95195 255.288 7 3.38017
-71.4045 11.1884 269.111 7 3.38017
-85.6855 13.4242 282.933 7 3.38017
-99.9668 15.6596 296.755 7 3.38017
-114.249 17.8946 310.576 7 3.38017
-128.531 20.1298 324.397 7 3.38017
-142.813 22.3651 338.218 7 3.38017
-6.02338e-05 3.92749e-05 200 6.99999 3.38017
-14.2811 2.23874 213.822 6.99999 3.38017
-28.562 4.47701 227.644 6.99999 3.38017
-42.8428 6.71475 241.466 7 3.38017
-57.1236 8.95195 255.288 7 3.38017
-71.4045 11.1884 269.111 7 3.38017
-85.6855 13.4242 282.933 7 3.38017
-99.9668 15.6596 296.755 7 3.38017
-114.249 17.8946 310.576 7 3.38017
-128.531 20.1298 324.397 7 3.38017
-142.813 22.3651 338.218 7 3.38017
-6.02338e-05 3.92749e-05 200 6.99999 3.38017
-14.2811 2.23874 213.822 6.99999 3.38017
-28.562 4.47701 227.644 6.99999 3.38017
-42.8428 6.71475 241.466 7 3.38017
-57.1236 8.95195 255.288 7 3.38017
-71.4045 11.1884 269.111 7 3.38017
-85.6855 13.4242 282.933 7 3.38017
-99.9668 15.6596 296.755 7 3.38017
-114.249 17.8946 310.576 7 3.38017
-128.531 20.1298 324.397 7 3.38017
-142.813 22.3651 338.218 7 3.38017
