0.000166235 3.78957e-05 200 6.99997 8.24041
10.5294 2.23859 183.143 6.99997 8.24041
21.0591 4.47724 166.288 6.99997 8.24041
31.5901 6.71609 149.433 6.99997 8.24041
42.1226 8.95521 132.579 6.99997 8.24041
52.6571 11.1946 115.726 6.99998 8.24041
63.1935 13.4342 98.8743 6.99998 8.24041
73.7319 15.6739 82.024 6.99998 8.24041
84.2717 17.9136 65.1747 6.99999 8.24041
94.8126 20.1532 48.3261 6.99999 8.24041
105.354 22.3928 31.4778 7 8.24041
0.000166235 3.78957e-05 200 6.99997 8.24041
10.5294 2.23859 183.143 6.99997 8.24041
21.0591 4.47724 166.288 6.99997 8.24041
31.5901 6.71609 149.433 6.99997 8.24041
42.1226 8.95521 132.579 6.99997 8.24041
52.6571 11.1946 115.726 6.99998 8.24041
63.1935 13.4342 98.8743 6.99998 8.24041
73.7319 15.6739 82.024 6.99998 8.24041
84.2717 17.9136 65.1747 6.99999 8.24041
94.8126 20.1532 48.3261 6.99999 8.24041
105.354 22.3928 31.4778 7 8.24041
0.000166235 3.78957e-05 200 6.99997 8.24041
10.5294 2.23859 183.143 6.99997 8.24041
21.0591 4.47724 166.288 6.99997 8.24041
31.5901 6.71609 149.433 6.99997 8.24041
42.1226 8.95521 132.579 6.99997 8.24041
52.6571 11.1946 115.726 6.99998 8.24041
63.1935 13.4342 98.8743 6.99998 8.24041
73.7319 15.6739 82.024 6.99998 8.24041
84.2717 17.9136 65.1747 6.99999 8.24041
94.8126 20.1532 48.3261 6.99999 8.24041
105.354 22.3928 31.4778 7 8.24041
0.000166235 3.78957e-05 200 6.99997 8.24041
10.5294 2.23859 183.143 6.99997 8.24041
21.0591 4.47724 166.288 6.99997 8.24041
31.5901 6.71609 149.433 6.99997 8.24041
42.1226 8.95521 132.579 6.99997 8.24041
52.6571 11.1946 115.726 6.99998 8.24041
63.1935 13.4342 98.8743 6.99998 8.24041
73.7319 15.6739 82.024 6.99998 8.24041
84.2717 17.9136 65.1747 6.99999 8.24041
94.8126 20.1532 48.3261 6.99999 8.24041
105.354 22.3928 31.4778 7 8.24041
0.000166235 3.78957e-05 200 6.99997 8.24041
10.5294 2.23859 183.143 6.99997 8.24041
21.0591 4.47724 166.288 6.99997 8.24041
31.5901 6.71609 149.433 6.99997 8.24041
42.1226 8.95521 132.579 6.99997 8.24041
52.6571 11.1946 115.726 6.99998 8.24041
63.1935 13.4342 98.8743 6.99998 8.24041
73.7319 15.6739 82.024 6.99998 8.24041
84.2717 17.9136 65.1747 6.99999 8.24041
94.8126 20.1532 48.3261 6.99999 8.24041
105.354 22.3928 31.4778 7 8.24041
0.000166235 3.78957e-05 200 6.99997 8.24041
10.5294 2.23859 183.143 6.99997 8.24041
21.0591 4.47724 166.288 6.99997 8.24041
31.5901 6.71609 149.433 6.99997 8.24041
42.1226 8.95521 132.579 6.99997 8.24041
52.6571 11.1946 115.726 6.99998 8.24041
63.1935 13.4342 98.8743 6.99998 8.24041
73.7319 15.6739 82.024 6.99998 8.24041
84.2717 17.9136 65.1747 6.99999 8.24041
94.8126 20.1532 48.3261 6.99999 8.24041
105.354 22.3928 31.4778 7 8.24041
