2.20743e-05 -2.09889e-05 200 7 0.420021
0.645803 -19.7264 196.767 7 0.420021
1.29126 -39.4526 193.533 7 0.420021
1.93609 -59.1784 190.296 7 0.420021
2.58021 -78.9033 187.054 7 0.420021
3.22398 -98.6275 183.807 7 0.420021
3.86797 -118.351 180.555 7 0.420021
4.5126 -138.074 177.301 7 0.420021
5.15796 -157.796 174.043 7 0.420021
5.80398 -177.518 170.785 7 0.420021
6.45058 -197.241 167.527 7 0.420021
2.20743e-05 -2.09889e-05 200 7 0.420021
0.645803 -19.7264 196.767 7 0.420021
1.29126 -39.4526 193.533 7 0.420021
1.93609 -59.1784 190.296 7 0.420021
2.58021 -78.9033 187.054 7 0.420021
3.22398 -98.6275 183.807 7 0.420021
3.86797 -118.351 180.555 7 0.420021
4.5126 -138.074 177.301 7 0.420021
5.15796 -157.796 174.043 7 0.420021
5.80398 -177.518 170.785 7 0.420021
6.45058 -197.241 167.527 7 0.420021
2.20743e-05 -2.09889e-05 200 7 0.420021
0.645803 -19.7264 196.767 7 0.420021
1.29126 -39.4526 193.533 7 0.420021
1.93609 -59.1784 190.296 7 0.420021
2.58021 -78.9033 187.054 7 0.420021
3.22398 -98.6275 183.807 7 0.420021
3.86797 -118.351 180.555 7 0.420021
4.5126 -138.074 177.301 7 0.420021
5.15796 -157.796 174.043 7 0.420021
5.80398 -177.518 170.785 7 0.420021
6.45058 -197.241 167.527 7 0.420021
2.20743e-05 -2.09889e-05 200 7 0.420021
0.645803 -19.7264 196.767 7 0.420021
1.29126 -39.4526 193.533 7 0.420021
1.93609 -59.1784 190.296 7 0.420021
2.58021 -78.9033 187.054 7 0.420021
3.22398 -98.6275 183.807 7 0.420021
3.86797 -118.351 180.555 7 0.420021
4.5126 -138.074 177.301 7 0.420021
5.15796 -157.796 174.043 7 0.420021
5.80398 -177.518 170.785 7 0.420021
6.45058 -197.241 167.527 7 0.420021
2.20743e-05 -2.09889e-05 200 7 0.420021
0.645803 -19.7264 196.767 7 0.420021
1.29126 -39.4526 193.533 7 0.420021
1.93609 -59.1784 190.296 7 0.420021
2.58021 -78.9033 187.054 7 0.420021
3.22398 -98.6275 183.807 7 0.420021
3.86797 -118.351 180.555 7 0.420021
4.5126 -138.074 177.301 7 0.420021
5.15796 -157.796 174.043 7 0.420021
5.80398 -177.518 170.785 7 0.420021
6.45058 -197.241 167.527 7 0.420021
2.20743e-05 -2.09889e-05 200 7 0.420021
0.645803 -19.7264 196.767 7 0.420021
1.29126 -39.4526 193.533 7 0.420021
1.93609 -59.1784 190.296 7 0.420021
2.58021 -78.9033 187.054 7 0.420021
3.22398 -98.6275 183.807 7 0.420021
3.86797 -118.351 180.555 7 0.420021
4.5126 -138.074 177.301 7 0.420021
5.15796 -157.796 174.043 7 0.420021
5.80398 -177.518 170.785 7 0.420021
6.45058 -197.241 167.527 7 0.420021
