-6.50105e-05 5.42513e-06 200 6.99999 3.62018
-17.8579 4.0682 208.034 6.99999 3.62018
-35.7159 8.13655 216.068 6.99999 3.62018
-53.5741 12.2057 224.101 6.99999 3.62018
-71.4327 16.276 232.132 7 3.62018
-89.2917 20.3478 240.162 7 3.62018
-107.151 24.4212 248.19 7 3.62018
-125.011 28.4961 256.217 7 3.62018
-142.871 32.5724 264.242 7 3.62018
-160.731 36.6495 272.267 7 3.62018
-178.591 40.7269 280.291 7 3.62018
-6.50105e-05 5.42513e-06 200 6.99999 3.62018
-17.8579 4.0682 208.034 6.99999 3.62018
-35.7159 8.13655 216.068 6.99999 3.62018
-53.5741 12.2057 224.101 6.99999 3.62018
-71.4327 16.276 232.132 7 3.62018
-89.2917 20.3478 240.162 7 3.62018
-107.151 24.4212 248.19 7 3.62018
-125.011 28.4961 256.217 7 3.62018
-142.871 32.5724 264.242 7 3.62018
-160.731 36.6495 272.267 7 3.62018
-178.591 40.7269 280.291 7 3.62018
-6.50105e-05 5.42513e-06 200 6.99999 3.62018
-17.8579 4.0682 208.034 6.99999 3.62018
-35.7159 8.13655 216.068 6.99999 3.62018
-53.5741 12.2057 224.101 6.99999 3.62018
-71.4327 16.276 232.132 7 3.62018
-89.2917 20.3478 240.162 7 3.62018
-107.151 24.4212 248.19 7 3.62018
-125.011 28.4961 256.217 7 3.62018
-142.871 32.5724 264.242 7 3.62018
-160.731 36.6495 272.267 7 3.62018
-178.591 40.7269 280.291 7 3.62018
-6.50105e-05 5.42513e-06 200 6.99999 3.62018
-17.8579 4.0682 208.034 6.99999 3.62018
-35.7159 8.13655 216.068 6.99999 3.62018
-53.5741 12.2057 224.101 6.99999 3.62018
-71.4327 16.276 232.132 7 3.62018
-89.2917 20.3478 240.162 7 3.62018
-107.151 24.4212 248.19 7 3.62018
-125.011 28.4961 256.217 7 3.62018
-142.871 32.5724 264.242 7 3.62018
-160.731 36.6495 272.267 7 3.62018
-178.591 40.7269 280.291 7 3.62018
-6.50105e-05 5.42513e-06 200 6.99999 3.62018
-17.8579 4.0682 208.034 6.99999 3.62018
-35.7159 8.13655 216.068 6.99999 3.62018
-53.5741 12.2057 224.101 6.99999 3.62018
-71.4327 16.276 232.132 7 3.62018
-89.2917 20.3478 240.162 7 3.62018
-107.151 24.4212 248.19 7 3.62018
-125.011 28.4961 256.217 7 3.62018
-142.871 32.5724 264.242 7 3.62018
-160.731 36.6495 272.267 7 3.62018
-178.591 40.7269 280.291 7 3.62018
-6.50105e-05 5.42513e-06 200 6.99999 3.62018
-17.8579 4.0682 208.034 6.99999 3.62018
-35.7159 8.13655 216.068 6.99999 3.62018
-53.5741 12.2057 224.101 6.99999 3.62018
-71.4327 16.276 232.132 7 3.62018
-89.2917 20.3478 240.162 7 3.62018
-107.151 24.4212 248.19 7 3.62018
-125.011 28.4961 256.217 7 3.62018
-142.871 32.5724 264.242 7 3.62018
-160.731 36.6495 272.267 7 3.62018
-178.591 40.7269 280.291 7 3.62018
