2.98017e-05 -2.91685e-07 200 7 1.9201
13.8207 -12.0272 208.021 7 1.9201
27.6414 -24.0547 216.042 7 1.9201
41.4623 -36.0833 224.06 7 1.9201
55.2834 -48.1134 232.076 7 1.9201
69.1048 -60.1452 240.089 7 1.9201
82.926 -72.1784 248.1 7 1.9201
96.7469 -84.2134 256.109 7 1.9201
110.567 -96.2498 264.116 7 1.9201
124.387 -108.287 272.123 7 1.9201
138.207 -120.325 280.13 7 1.9201
2.98017e-05 -2.91685e-07 200 7 1.9201
13.8207 -12.0272 208.021 7 1.9201
27.6414 -24.0547 216.042 7 1.9201
41.4623 -36.0833 224.06 7 1.9201
55.2834 -48.1134 232.076 7 1.9201
69.1048 -60.1452 240.089 7 1.9201
82.926 -72.1784 248.1 7 1.9201
96.7469 -84.2134 256.109 7 1.9201
110.567 -96.2498 264.116 7 1.9201
124.387 -108.287 272.123 7 1.9201
138.207 -120.325 280.13 7 1.9201
2.98017e-05 -2.91685e-07 200 7 1.9201
13.8207 -12.0272 208.021 7 1.9201
27.6414 -24.0547 216.042 7 1.9201
41.4623 -36.0833 224.06 7 1.9201
55.2834 -48.1134 232.076 7 1.9201
69.1048 -60.1452 240.089 7 1.9201
82.926 -72.1784 248.1 7 1.9201
96.7469 -84.2134 256.109 7 1.9201
110.567 -96.2498 264.116 7 1.9201
124.387 -108.287 272.123 7 1.9201
138.207 -120.325 280.13 7 1.9201
2.98017e-05 -2.91685e-07 200 7 1.9201
13.8207 -12.0272 208.021 7 1.9201
27.6414 -24.0547 216.042 7 1.9201
41.4623 -36.0833 224.06 7 1.9201
55.2834 -48.1134 232.076 7 1.9201
69.1048 -60.1452 240.089 7 1.9201
82.926 -72.1784 248.1 7 1.9201
96.7469 -84.2134 256.109 7 1.9201
110.567 -96.2498 264.116 7 1.9201
124.387 -108.287 272.123 7 1.9201
138.207 -120.325 280.13 7 1.9201
2.98017e-05 -2.91685e-07 200 7 1.9201
13.8207 -12.0272 208.021 7 1.9201
27.6414 -24.0547 216.042 7 1.9201
41.4623 -36.0833 224.06 7 1.9201
55.2834 -48.1134 232.076 7 1.9201
69.1048 -60.1452 240.089 7 1.9201
82.926 -72.1784 248.1 7 1.9201
96.7469 -84.2134 256.109 7 1.9201
110.567 -96.2498 264.116 7 1.9201
124.387 -108.287 272.123 7 1.9201
138.207 -120.325 280.13 7 1.9201
2.98017e-05 -2.91685e-07 200 7 1.9201
13.8207 -12.0272 208.021 7 1.9201
27.6414 -24.0547 216.042 7 1.9201
41.4623 -36.0833 224.06 7 1.9201
55.2834 -48.1134 232.076 7 1.9201
69.1048 -60.1452 240.089 7 1.9201
82.926 -72.1784 248.1 7 1.9201
96.7469 -84.2134 256.109 7 1.9201
110.567 -96.2498 264.116 7 1.9201
124.387 -108.287 272.123 7 1.9201
138.207 -120.325 280.13 7 1.9201
