-6.31916e-05 2.38906e-05 200 6.99999 4.46022
-11.2706 6.95925 185.015 6.99999 4.46022
-22.5411 13.9186 170.03 6.99999 4.46022
-33.8111 20.8782 155.045 6.99999 4.46022
-45.0805 27.8382 140.06 6.99999 4.46022
-56.3491 34.7989 125.074 7 4.46022
-67.6166 41.7603 110.088 7 4.46022
-78.8828 48.7224 95.1014 7 4.46022
-90.1478 55.6852 80.114 7 4.46022
-101.412 62.6483 65.1264 7 4.46022
-112.676 69.6114 50.1388 7 4.46022
-6.31916e-05 2.38906e-05 200 6.99999 4.46022
-11.2706 6.95925 185.015 6.99999 4.46022
-22.5411 13.9186 170.03 6.99999 4.46022
-33.8111 20.8782 155.045 6.99999 4.46022
-45.0805 27.8382 140.06 6.99999 4.46022
-56.3491 34.7989 125.074 7 4.46022
-67.6166 41.7603 110.088 7 4.46022
-78.8828 48.7224 95.1014 7 4.46022
-90.1478 55.6852 80.114 7 4.46022
-101.412 62.6483 65.1264 7 4.46022
-112.676 69.6114 50.1388 7 4.46022
-6.31916e-05 2.38906e-05 200 6.99999 4.46022
-11.2706 6.95925 185.015 6.99999 4.46022
-22.5411 13.9186 170.03 6.99999 4.46022
-33.8111 20.8782 155.045 6.99999 4.46022
-45.0805 27.8382 140.06 6.99999 4.46022
-56.3491 34.7989 125.074 7 4.46022
-67.6166 41.7603 110.088 7 4.46022
-78.8828 48.7224 95.1014 7 4.46022
-90.1478 55.6852 80.114 7 4.46022
-101.412 62.6483 65.1264 7 4.46022
-112.676 69.6114 50.1388 7 4.46022
-6.31916e-05 2.38906e-05 200 6.99999 4.46022
-11.2706 6.95925 185.015 6.99999 4.46022
-22.5411 13.9186 170.03 6.99999 4.46022
-33.8111 20.8782 155.045 6.99999 4.46022
-45.0805 27.8382 140.06 6.99999 4.46022
-56.3491 34.7989 125.074 7 4.46022
-67.6166 41.7603 110.088 7 4.46022
-78.8828 48.7224 95.1014 7 4.46022
-90.1478 55.6852 80.114 7 4.46022
-101.412 62.6483 65.1264 7 4.46022
-112.676 69.6114 50.1388 7 4.46022
-6.31916e-05 2.38906e-05 200 6.99999 4.46022
-11.2706 6.95925 185.015 6.99999 4.46022
-22.5411 13.9186 170.03 6.99999 4.46022
-33.8111 20.8782 155.045 6.99999 4.46022
-45.0805 27.8382 140.06 6.99999 4.46022
-56.3491 34.7989 125.074 7 4.46022
-67.6166 41.7603 110.088 7 4.46022
-78.8828 48.7224 95.1014 7 4.46022
-90.1478 55.6852 80.114 7 4.46022
-101.412 62.6483 65.1264 7 4.46022
-112.676 69.6114 50.1388 7 4.46022
-6.31916e-05 2.38906e-05 200 6.99999 4.46022
-11.2706 6.95925 185.015 6.99999 4.46022
-22.5411 13.9186 170.03 6.99999 4.46022
-33.8111 20.8782 155.045 6.99999 4.46022
-45.0805 27.8382 140.06 6.99999 4.46022
-56.3491 34.7989 125.074 7 4.46022
-67.6166 41.7603 110.088 7 4.46022
-78.8828 48.7224 95.1014 7 4.46022
-90.1478 55.6852 80.114 7 4.46022
-101.412 62.6483 65.1264 7 4.46022
-112.676 69.6114 50.1388 7 4.46022
