0.000122083 7.3597e-07 200 6.99999 5.9803
18.7932 -0.989341 206.771 6.99999 5.9803
37.5863 -1.97879 213.542 6.99999 5.9803
56.3793 -2.96845 220.312 6.99999 5.9803
75.1724 -3.95829 227.083 6.99999 5.9803
93.9653 -4.94823 233.854 6.99999 5.9803
112.758 -5.93817 240.626 6.99999 5.9803
131.55 -6.92809 247.398 7 5.9803
150.343 -7.91803 254.171 7 5.9803
169.135 -8.90803 260.945 7 5.9803
187.927 -9.89808 267.719 7 5.9803
0.000122083 7.3597e-07 200 6.99999 5.9803
18.7932 -0.989341 206.771 6.99999 5.9803
37.5863 -1.97879 213.542 6.99999 5.9803
56.3793 -2.96845 220.312 6.99999 5.9803
75.1724 -3.95829 227.083 6.99999 5.9803
93.9653 -4.94823 233.854 6.99999 5.9803
112.758 -5.93817 240.626 6.99999 5.9803
131.55 -6.92809 247.398 7 5.9803
150.343 -7.91803 254.171 7 5.9803
169.135 -8.90803 260.945 7 5.9803
187.927 -9.89808 267.719 7 5.9803
0.000122083 7.3597e-07 200 6.99999 5.9803
18.7932 -0.989341 206.771 6.99999 5.9803
37.5863 -1.97879 213.542 6.99999 5.9803
56.3793 -2.96845 220.312 6.99999 5.9803
75.1724 -3.95829 227.083 6.99999 5.9803
93.9653 -4.94823 233.854 6.99999 5.9803
112.758 -5.93817 240.626 6.99999 5.9803
131.55 -6.92809 247.398 7 5.9803
150.343 -7.91803 254.171 7 5.9803
169.135 -8.90803 260.945 7 5.9803
187.927 -9.89808 267.719 7 5.9803
0.000122083 7.3597e-07 200 6.99999 5.9803
18.7932 -0.989341 206.771 6.99999 5.9803
37.5863 -1.97879 213.542 6.99999 5.9803
56.3793 -2.96845 220.312 6.99999 5.9803
75.1724 -3.95829 227.083 6.99999 5.9803
93.9653 -4.94823 233.854 6.99999 5.9803
112.758 -5.93817 240.626 6.99999 5.9803
131.55 -6.92809 247.398 7 5.9803
150.343 -7.91803 254.171 7 5.9803
169.135 -8.90803 260.945 7 5.9803
187.927 -9.89808 267.719 7 5.9803
0.000122083 7.3597e-07 200 6.99999 5.9803
18.7932 -0.989341 206.771 6.99999 5.9803
37.5863 -1.97879 213.542 6.99999 5.9803
56.3793 -2.96845 220.312 6.99999 5.9803
75.1724 -3.95829 227.083 6.99999 5.9803
93.9653 -4.94823 233.854 6.99999 5.9803
112.758 -5.93817 240.626 6.99999 5.9803
131.55 -6.92809 247.398 7 5.9803
150.343 -7.91803 254.171 7 5.9803
169.135 -8.90803 260.945 7 5.9803
187.927 -9.89808 267.719 7 5.9803
0.000122083 7.3597e-07 200 6.99999 5.9803
18.7932 -0.989341 206.771 6.99999 5.9803
37.5863 -1.97879 213.542 6.99999 5.9803
56.3793 -2.96845 220.312 6.99999 5.9803
75.1724 -3.95829 227.083 6.99999 5.9803
93.9653 -4.94823 233.854 6.99999 5.9803
112.758 -5.93817 240.626 6.99999 5.9803
131.55 -6.92809 247.398 7 5.9803
150.343 -7.91803 254.171 7 5.9803
169.135 -8.90803 260.945 7 5.9803
187.927 -9.89808 267.719 7 5.9803
