7.93814e-05 -1.86754e-05 200 6.99999 6.42032
8.0836 -3.18122 218.015 6.99999 6.42032
16.1669 -6.36251 236.03 6.99999 6.42032
24.25 -9.54401 254.045 6.99999 6.42032
32.3329 -12.7258 272.06 6.99999 6.42032
40.4157 -15.9078 290.076 6.99999 6.42032
48.498 -19.0901 308.091 6.99999 6.42032
56.5797 -22.2725 326.106 7 6.42032
64.6608 -25.455 344.122 7 6.42032
72.7415 -28.6374 362.138 7 6.42032
80.8217 -31.8199 380.154 7 6.42032
7.93814e-05 -1.86754e-05 200 6.99999 6.42032
8.0836 -3.18122 218.015 6.99999 6.42032
16.1669 -6.36251 236.03 6.99999 6.42032
24.25 -9.54401 254.045 6.99999 6.42032
32.3329 -12.7258 272.06 6.99999 6.42032
40.4157 -15.9078 290.076 6.99999 6.42032
48.498 -19.0901 308.091 6.99999 6.42032
56.5797 -22.2725 326.106 7 6.42032
64.6608 -25.455 344.122 7 6.42032
72.7415 -28.6374 362.138 7 6.42032
80.8217 -31.8199 380.154 7 6.42032
7.93814e-05 -1.86754e-05 200 6.99999 6.42032
8.0836 -3.18122 218.015 6.99999 6.42032
16.1669 -6.36251 236.03 6.99999 6.42032
24.25 -9.54401 254.045 6.99999 6.42032
32.3329 -12.7258 272.06 6.99999 6.42032
40.4157 -15.9078 290.076 6.99999 6.42032
48.498 -19.0901 308.091 6.99999 6.42032
56.5797 -22.2725 326.106 7 6.42032
64.6608 -25.455 344.122 7 6.42032
72.7415 -28.6374 362.138 7 6.42032
80.8217 -31.8199 380.154 7 6.42032
7.93814e-05 -1.86754e-05 200 6.99999 6.42032
8.0836 -3.18122 218.015 6.99999 6.42032
16.1669 -6.36251 236.03 6.99999 6.42032
24.25 -9.54401 254.045 6.99999 6.42032
32.3329 -12.7258 272.06 6.99999 6.42032
40.4157 -15.9078 290.076 6.99999 6.42032
48.498 -19.0901 308.091 6.99999 6.42032
56.5797 -22.2725 326.106 7 6.42032
64.6608 -25.455 344.122 7 6.42032
72.7415 -28.6374 362.138 7 6.42032
80.8217 -31.8199 380.154 7 6.42032
7.93814e-05 -1.86754e-05 200 6.99999 6.42032
8.0836 -3.18122 218.015 6.99999 6.42032
16.1669 -6.36251 236.03 6.99999 6.42032
24.25 -9.54401 254.045 6.99999 6.42032
32.3329 -12.7258 272.06 6.99999 6.42032
40.4157 -15.9078 290.076 6.99999 6.42032
48.498 -19.0901 308.091 6.99999 6.42032
56.5797 -22.2725 326.106 7 6.42032
64.6608 -25.455 344.122 7 6.42032
72.7415 -28.6374 362.138 7 6.42032
80.8217 -31.8199 380.154 7 6.42032
7.93814e-05 -1.86754e-05 200 6.99999 6.42032
8.0836 -3.18122 218.015 6.99999 6.42032
16.1669 -6.36251 236.03 6.99999 6.42032
24.25 -9.54401 254.045 6.99999 6.42032
32.3329 -12.7258 272.06 6.99999 6.42032
40.4157 -15.9078 290.076 6.99999 6.42032
48.498 -19.0901 308.091 6.99999 6.42032
56.5797 -22.2725 326.106 7 6.42032
64.6608 -25.455 344.122 7 6.42032
72.7415 -28.6374 362.138 7 6.42032
80.8217 -31.8199 380.154 7 6.42032
