4.23944e-05 -9.21216e-06 200 7 1.56008
13.2398 -14.9469 201.14 7 1.56008
26.4792 -29.8941 202.28 7 1.56008
39.7183 -44.8417 203.418 7 1.56008
52.9569 -59.79 204.554 7 1.56008
66.195 -74.7388 205.689 7 1.56008
79.4325 -89.6883 206.821 7 1.56008
92.6696 -104.638 207.951 7 1.56008
105.906 -119.589 209.08 7 1.56008
119.143 -134.539 210.209 7 1.56008
132.379 -149.49 211.337 7 1.56008
4.23944e-05 -9.21216e-06 200 7 1.56008
13.2398 -14.9469 201.14 7 1.56008
26.4792 -29.8941 202.28 7 1.56008
39.7183 -44.8417 203.418 7 1.56008
52.9569 -59.79 204.554 7 1.56008
66.195 -74.7388 205.689 7 1.56008
79.4325 -89.6883 206.821 7 1.56008
92.6696 -104.638 207.951 7 1.56008
105.906 -119.589 209.08 7 1.56008
119.143 -134.539 210.209 7 1.56008
132.379 -149.49 211.337 7 1.56008
4.23944e-05 -9.21216e-06 200 7 1.56008
13.2398 -14.9469 201.14 7 1.56008
26.4792 -29.8941 202.28 7 1.56008
39.7183 -44.8417 203.418 7 1.56008
52.9569 -59.79 204.554 7 1.56008
66.195 -74.7388 205.689 7 1.56008
79.4325 -89.6883 206.821 7 1.56008
92.6696 -104.638 207.951 7 1.56008
105.906 -119.589 209.08 7 1.56008
119.143 -134.539 210.209 7 1.56008
132.379 -149.49 211.337 7 1.56008
4.23944e-05 -9.21216e-06 200 7 1.56008
13.2398 -14.9469 201.14 7 1.56008
26.4792 -29.8941 202.28 7 1.56008
39.7183 -44.8417 203.418 7 1.56008
52.9569 -59.79 204.554 7 1.56008
66.195 -74.7388 205.689 7 1.56008
79.4325 -89.6883 206.821 7 1.56008
92.6696 -104.638 207.951 7 1.56008
105.906 -119.589 209.08 7 1.56008
119.143 -134.539 210.209 7 1.56008
132.379 -149.49 211.337 7 1.56008
4.23944e-05 -9.21216e-06 200 7 1.56008
13.2398 -14.9469 201.14 7 1.56008
26.4792 -29.8941 202.28 7 1.56008
39.7183 -44.8417 203.418 7 1.56008
52.9569 -59.79 204.554 7 1.56008
66.195 -74.7388 205.689 7 1.56008
79.4325 -89.6883 206.821 7 1.56008
92.6696 -104.638 207.951 7 1.56008
105.906 -119.589 209.08 7 1.56008
119.143 -134.539 210.209 7 1.56008
132.379 -149.49 211.337 7 1.56008
4.23944e-05 -9.21216e-06 200 7 1.56008
13.2398 -14.9469 201.14 7 1.56008
26.4792 -29.8941 202.28 7 1.56008
39.7183 -44.8417 203.418 7 1.56008
52.9569 -59.79 204.554 7 1.56008
66.195 -74.7388 205.689 7 1.56008
79.4325 -89.6883 206.821 7 1.56008
92.6696 -104.638 207.951 7 1.56008
105.906 -119.589 209.08 7 1.56008
119.143 -134.539 210.209 7 1.56008
132.379 -149.49 211.337 7 1.56008
