-5.07822e-05 4.73269e-05 200 6.99999 4.16021
-17.1851 6.65752 192.231 6.99999 4.16021
-34.3705 13.3147 184.463 6.99999 4.16021
-51.5564 19.9716 176.696 6.99999 4.16021
-68.7428 26.628 168.929 6.99999 4.16021
-85.93 33.2837 161.163 7 4.16021
-103.118 39.9383 153.399 7 4.16021
-120.307 46.5921 145.635 7 4.16021
-137.496 53.2454 137.871 7 4.16021
-154.685 59.8986 130.108 7 4.16021
-171.874 66.5518 122.345 7 4.16021
-5.07822e-05 4.73269e-05 200 6.99999 4.16021
-17.1851 6.65752 192.231 6.99999 4.16021
-34.3705 13.3147 184.463 6.99999 4.16021
-51.5564 19.9716 176.696 6.99999 4.16021
-68.7428 26.628 168.929 6.99999 4.16021
-85.93 33.2837 161.163 7 4.16021
-103.118 39.9383 153.399 7 4.16021
-120.307 46.5921 145.635 7 4.16021
-137.496 53.2454 137.871 7 4.16021
-154.685 59.8986 130.108 7 4.16021
-171.874 66.5518 122.345 7 4.16021
-5.07822e-05 4.73269e-05 200 6.99999 4.16021
-17.1851 6.65752 192.231 6.99999 4.16021
-34.3705 13.3147 184.463 6.99999 4.16021
-51.5564 19.9716 176.696 6.99999 4.16021
-68.7428 26.628 168.929 6.99999 4.16021
-85.93 33.2837 161.163 7 4.16021
-103.118 39.9383 153.399 7 4.16021
-120.307 46.5921 145.635 7 4.16021
-137.496 53.2454 137.871 7 4.16021
-154.685 59.8986 130.108 7 4.16021
-171.874 66.5518 122.345 7 4.16021
-5.07822e-05 4.73269e-05 200 6.99999 4.16021
-17.1851 6.65752 192.231 6.99999 4.16021
-34.3705 13.3147 184.463 6.99999 4.16021
-51.5564 19.9716 176.696 6.99999 4.16021
-68.7428 26.628 168.929 6.99999 4.16021
-85.93 33.2837 161.163 7 4.16021
-103.118 39.9383 153.399 7 4.16021
-120.307 46.5921 145.635 7 4.16021
-137.496 53.2454 137.871 7 4.16021
-154.685 59.8986 130.108 7 4.16021
-171.874 66.5518 122.345 7 4.16021
-5.07822e-05 4.73269e-05 200 6.99999 4.16021
-17.1851 6.65752 192.231 6.99999 4.16021
-34.3705 13.3147 184.463 6.99999 4.16021
-51.5564 19.9716 176.696 6.99999 4.16021
-68.7428 26.628 168.929 6.99999 4.16021
-85.93 33.2837 161.163 7 4.16021
-103.118 39.9383 153.399 7 4.16021
-120.307 46.5921 145.635 7 4.16021
-137.496 53.2454 137.871 7 4.16021
-154.685 59.8986 130.108 7 4.16021
-171.874 66.5518 122.345 7 4.16021
-5.07822e-05 4.73269e-05 200 6.99999 4.16021
-17.1851 6.65752 192.231 6.99999 4.16021
-34.3705 13.3147 184.463 6.99999 4.16021
-51.5564 19.9716 176.696 6.99999 4.16021
-68.7428 26.628 168.929 6.99999 4.16021
-85.93 33.2837 161.163 7 4.16021
-103.118 39.9383 153.399 7 4.16021
-120.307 46.5921 145.635 7 4.16021
-137.496 53.2454 137.871 7 4.16021
-154.685 59.8986 130.108 7 4.16021
-171.874 66.5518 122.345 7 4.16021
