-0.000226385 -1.35542e-06 200 6.99998 9.76049
-17.8906 -0.891918 208.896 6.99998 9.76049
-35.7807 -1.78397 217.793 6.99998 9.76049
-53.6705 -2.67622 226.691 6.99998 9.76049
-71.5597 -3.56871 235.589 6.99998 9.76049
-89.4483 -4.46142 244.489 6.99999 9.76049
-107.336 -5.35428 253.389 6.99999 9.76049
-125.224 -6.24725 262.29 6.99999 9.76049
-143.112 -7.1403 271.192 6.99999 9.76049
-160.999 -8.03341 280.095 6.99999 9.76049
-178.886 -8.92654 288.997 6.99999 9.76049
-0.000226385 -1.35542e-06 200 6.99998 9.76049
-17.8906 -0.891918 208.896 6.99998 9.76049
-35.7807 -1.78397 217.793 6.99998 9.76049
-53.6705 -2.67622 226.691 6.99998 9.76049
-71.5597 -3.56871 235.589 6.99998 9.76049
-89.4483 -4.46142 244.489 6.99999 9.76049
-107.336 -5.35428 253.389 6.99999 9.76049
-125.224 -6.24725 262.29 6.99999 9.76049
-143.112 -7.1403 271.192 6.99999 9.76049
-160.999 -8.03341 280.095 6.99999 9.76049
-178.886 -8.92654 288.997 6.99999 9.76049
-0.000226385 -1.35542e-06 200 6.99998 9.76049
-17.8906 -0.891918 208.896 6.99998 9.76049
-35.7807 -1.78397 217.793 6.99998 9.76049
-53.6705 -2.67622 226.691 6.99998 9.76049
-71.5597 -3.56871 235.589 6.99998 9.76049
-89.4483 -4.46142 244.489 6.99999 9.76049
-107.336 -5.35428 253.389 6.99999 9.76049
-125.224 -6.24725 262.29 6.99999 9.76049
-143.112 -7.1403 271.192 6.99999 9.76049
-160.999 -8.03341 280.095 6.99999 9.76049
-178.886 -8.92654 288.997 6.99999 9.76049
-0.000226385 -1.35542e-06 200 6.99998 9.76049
-17.8906 -0.891918 208.896 6.99998 9.76049
-35.7807 -1.78397 217.793 6.99998 9.76049
-53.6705 -2.67622 226.691 6.99998 9.76049
-71.5597 -3.56871 235.589 6.99998 9.76049
-89.4483 -4.46142 244.489 6.99999 9.76049
-107.336 -5.35428 253.389 6.99999 9.76049
-125.224 -6.24725 262.29 6.99999 9.76049
-143.112 -7.1403 271.192 6.99999 9.76049
-160.999 -8.03341 280.095 6.99999 9.76049
-178.886 -8.92654 288.997 6.99999 9.76049
-0.000226385 -1.35542e-06 200 6.99998 9.76049
-17.8906 -0.891918 208.896 6.99998 9.76049
-35.7807 -1.78397 217.793 6.99998 9.76049
-53.6705 -2.67622 226.691 6.99998 9.76049
-71.5597 -3.56871 235.589 6.99998 9.76049
-89.4483 -4.46142 244.489 6.99999 9.76049
-107.336 -5.35428 253.389 6.99999 9.76049
-125.224 -6.24725 262.29 6.99999 9.76049
-143.112 -7.1403 271.192 6.99999 9.76049
-160.999 -8.03341 280.095 6.99999 9.76049
-178.886 -8.92654 288.997 6.99999 9.76049
-0.000226385 -1.35542e-06 200 6.99998 9.76049
-17.8906 -0.891918 208.896 6.99998 9.76049
-35.7807 -1.78397 217.793 6.99998 9.76049
-53.6705 -2.67622 226.691 6.99998 9.76049
-71.5597 -3.56871 235.589 6.99998 9.76049
-89.4483 -4.46142 244.489 6.99999 9.76049
-107.336 -5.35428 253.389 6.99999 9.76049
-125.224 -6.24725 262.29 6.99999 9.76049
-143.112 -7.1403 271.192 6.99999 9.76049
-160.999 -8.03341 280.095 6.99999 9.76049
-178.886 -8.92654 288.997 6.99999 9.76049
