-2.36576e-05 1.00814e-05 200 6.99999 5.06025
6.96556 5.13416 181.969 6.99999 5.06025
13.932 10.2685 163.938 6.99999 5.06025
20.8996 15.4032 145.908 6.99999 5.06025
27.8688 20.5383 127.878 6.99999 5.06025
34.8397 25.6735 109.849 6.99999 5.06025
41.8123 30.8091 91.8214 7 5.06025
48.7863 35.9449 73.794 7 5.06025
55.7611 41.0809 55.767 7 5.06025
62.7366 46.2172 37.7403 7 5.06025
69.7124 51.3535 19.7138 7 5.06025
-2.36576e-05 1.00814e-05 200 6.99999 5.06025
6.96556 5.13416 181.969 6.99999 5.06025
13.932 10.2685 163.938 6.99999 5.06025
20.8996 15.4032 145.908 6.99999 5.06025
27.8688 20.5383 127.878 6.99999 5.06025
34.8397 25.6735 109.849 6.99999 5.06025
41.8123 30.8091 91.8214 7 5.06025
48.7863 35.9449 73.794 7 5.06025
55.7611 41.0809 55.767 7 5.06025
62.7366 46.2172 37.7403 7 5.06025
69.7124 51.3535 19.7138 7 5.06025
-2.36576e-05 1.00814e-05 200 6.99999 5.06025
6.96556 5.13416 181.969 6.99999 5.06025
13.932 10.2685 163.938 6.99999 5.06025
20.8996 15.4032 145.908 6.99999 5.06025
27.8688 20.5383 127.878 6.99999 5.06025
34.8397 25.6735 109.849 6.99999 5.06025
41.8123 30.8091 91.8214 7 5.06025
48.7863 35.9449 73.794 7 5.06025
55.7611 41.0809 55.767 7 5.06025
62.7366 46.2172 37.7403 7 5.06025
69.7124 51.3535 19.7138 7 5.06025
-2.36576e-05 1.00814e-05 200 6.99999 5.06025
6.96556 5.13416 181.969 6.99999 5.06025
13.932 10.2685 163.938 6.99999 5.06025
20.8996 15.4032 145.908 6.99999 5.06025
27.8688 20.5383 127.878 6.99999 5.06025
34.8397 25.6735 109.849 6.99999 5.06025
41.8123 30.8091 91.8214 7 5.06025
48.7863 35.9449 73.794 7 5.06025
55.7611 41.0809 55.767 7 5.06025
62.7366 46.2172 37.7403 7 5.06025
69.7124 51.3535 19.7138 7 5.06025
-2.36576e-05 1.00814e-05 200 6.99999 5.06025
6.96556 5.13416 181.969 6.99999 5.06025
13.932 10.2685 163.938 6.99999 5.06025
20.8996 15.4032 145.908 6.99999 5.06025
27.8688 20.5383 127.878 6.99999 5.06025
34.8397 25.6735 109.849 6.99999 5.06025
41.8123 30.8091 91.8214 7 5.06025
48.7863 35.9449 73.794 7 5.06025
55.7611 41.0809 55.767 7 5.06025
62.7366 46.2172 37.7403 7 5.06025
69.7124 51.3535 19.7138 7 5.06025
-2.36576e-05 1.00814e-05 200 6.99999 5.06025
6.96556 5.13416 181.969 6.99999 5.06025
13.932 10.2685 163.938 6.99999 5.06025
20.8996 15.4032 145.908 6.99999 5.06025
27.8688 20.5383 127.878 6.99999 5.06025
34.8397 25.6735 109.849 6.99999 5.06025
41.8123 30.8091 91.8214 7 5.06025
48.7863 35.9449 73.794 7 5.06025
55.7611 41.0809 55.767 7 5.06025
62.7366 46.2172 37.7403 7 5.06025
69.7124 51.3535 19.7138 7 5.06025
