-7.55014e-05 5.08325e-05 200 6.99999 3.86019
-19.192 5.5195 201.098 6.99999 3.86019
-38.3841 11.0386 202.197 6.99999 3.86019
-57.5763 16.5567 203.296 6.99999 3.86019
-76.7689 22.0736 204.396 7 3.86019
-95.9618 27.5893 205.497 7 3.86019
-115.155 33.1037 206.599 7 3.86019
-134.348 38.6172 207.702 7 3.86019
-153.542 44.13 208.806 7 3.86019
-172.735 49.6426 209.91 7 3.86019
-191.929 55.1551 211.014 7 3.86019
-7.55014e-05 5.08325e-05 200 6.99999 3.86019
-19.192 5.5195 201.098 6.99999 3.86019
-38.3841 11.0386 202.197 6.99999 3.86019
-57.5763 16.5567 203.296 6.99999 3.86019
-76.7689 22.0736 204.396 7 3.86019
-95.9618 27.5893 205.497 7 3.86019
-115.155 33.1037 206.599 7 3.86019
-134.348 38.6172 207.702 7 3.86019
-153.542 44.13 208.806 7 3.86019
-172.735 49.6426 209.91 7 3.86019
-191.929 55.1551 211.014 7 3.86019
-7.55014e-05 5.08325e-05 200 6.99999 3.86019
-19.192 5.5195 201.098 6.99999 3.86019
-38.3841 11.0386 202.197 6.99999 3.86019
-57.5763 16.5567 203.296 6.99999 3.86019
-76.7689 22.0736 204.396 7 3.86019
-95.9618 27.5893 205.497 7 3.86019
-115.155 33.1037 206.599 7 3.86019
-134.348 38.6172 207.702 7 3.86019
-153.542 44.13 208.806 7 3.86019
-172.735 49.6426 209.91 7 3.86019
-191.929 55.1551 211.014 7 3.86019
-7.55014e-05 5.08325e-05 200 6.99999 3.86019
-19.192 5.5195 201.098 6.99999 3.86019
-38.3841 11.0386 202.197 6.99999 3.86019
-57.5763 16.5567 203.296 6.99999 3.86019
-76.7689 22.0736 204.396 7 3.86019
-95.9618 27.5893 205.497 7 3.86019
-115.155 33.1037 206.599 7 3.86019
-134.348 38.6172 207.702 7 3.86019
-153.542 44.13 208.806 7 3.86019
-172.735 49.6426 209.91 7 3.86019
-191.929 55.1551 211.014 7 3.86019
-7.55014e-05 5.08325e-05 200 6.99999 3.86019
-19.192 5.5195 201.098 6.99999 3.86019
-38.3841 11.0386 202.197 6.99999 3.86019
-57.5763 16.5567 203.296 6.99999 3.86019
-76.7689 22.0736 204.396 7 3.86019
-95.9618 27.5893 205.497 7 3.86019
-115.155 33.1037 206.599 7 3.86019
-134.348 38.6172 207.702 7 3.86019
-153.542 44.13 208.806 7 3.86019
-172.735 49.6426 209.91 7 3.86019
-191.929 55.1551 211.014 7 3.86019
-7.55014e-05 5.08325e-05 200 6.99999 3.86019
-19.192 5.5195 201.098 6.99999 3.86019
-38.3841 11.0386 202.197 6.99999 3.86019
-57.5763 16.5567 203.296 6.99999 3.86019
-76.7689 22.0736 204.396 7 3.86019
-95.9618 27.5893 205.497 7 3.86019
-115.155 33.1037 206.599 7 3.86019
-134.348 38.6172 207.702 7 3.86019
-153.542 44.13 208.806 7 3.86019
-172.735 49.6426 209.91 7 3.86019
-191.929 55.1551 211.014 7 3.86019
