-0.000123519 3.80188e-05 200 6.99997 7.9004
-6.33051 1.74429 181.108 6.99997 7.9004
-12.6607 3.48843 162.217 6.99997 7.9004
-18.9906 5.23239 143.325 6.99998 7.9004
-25.32 6.97622 124.433 6.99998 7.9004
-31.6485 8.72002 105.541 6.99998 7.9004
-37.976 10.4638 86.6483 6.99998 7.9004
-44.3023 12.2077 67.7554 6.99999 7.9004
-50.6274 13.9516 48.8622 6.99999 7.9004
-56.9517 15.6955 29.9687 6.99999 7.9004
-63.2754 17.4394 11.075 7 7.9004
-0.000123519 3.80188e-05 200 6.99997 7.9004
-6.33051 1.74429 181.108 6.99997 7.9004
-12.6607 3.48843 162.217 6.99997 7.9004
-18.9906 5.23239 143.325 6.99998 7.9004
-25.32 6.97622 124.433 6.99998 7.9004
-31.6485 8.72002 105.541 6.99998 7.9004
-37.976 10.4638 86.6483 6.99998 7.9004
-44.3023 12.2077 67.7554 6.99999 7.9004
-50.6274 13.9516 48.8622 6.99999 7.9004
-56.9517 15.6955 29.9687 6.99999 7.9004
-63.2754 17.4394 11.075 7 7.9004
-0.000123519 3.80188e-05 200 6.99997 7.9004
-6.33051 1.74429 181.108 6.99997 7.9004
-12.6607 3.48843 162.217 6.99997 7.9004
-18.9906 5.23239 143.325 6.99998 7.9004
-25.32 6.97622 124.433 6.99998 7.9004
-31.6485 8.72002 105.541 6.99998 7.9004
-37.976 10.4638 86.6483 6.99998 7.9004
-44.3023 12.2077 67.7554 6.99999 7.9004
-50.6274 13.9516 48.8622 6.99999 7.9004
-56.9517 15.6955 29.9687 6.99999 7.9004
-63.2754 17.4394 11.075 7 7.9004
-0.000123519 3.80188e-05 200 6.99997 7.9004
-6.33051 1.74429 181.108 6.99997 7.9004
-12.6607 3.48843 162.217 6.99997 7.9004
-18.9906 5.23239 143.325 6.99998 7.9004
-25.32 6.97622 124.433 6.99998 7.9004
-31.6485 8.72002 105.541 6.99998 7.9004
-37.976 10.4638 86.6483 6.99998 7.9004
-44.3023 12.2077 67.7554 6.99999 7.9004
-50.6274 13.9516 48.8622 6.99999 7.9004
-56.9517 15.6955 29.9687 6.99999 7.9004
-63.2754 17.4394 11.075 7 7.9004
-0.000123519 3.80188e-05 200 6.99997 7.9004
-6.33051 1.74429 181.108 6.99997 7.9004
-12.6607 3.48843 162.217 6.99997 7.9004
-18.9906 5.23239 143.325 6.99998 7.9004
-25.32 6.97622 124.433 6.99998 7.9004
-31.6485 8.72002 105.541 6.99998 7.9004
-37.976 10.4638 86.6483 6.99998 7.9004
-44.3023 12.2077 67.7554 6.99999 7.9004
-50.6274 13.9516 48.8622 6.99999 7.9004
-56.9517 15.6955 29.9687 6.99999 7.9004
-63.2754 17.4394 11.075 7 7.9004
-0.000123519 3.80188e-05 200 6.99997 7.9004
-6.33051 1.74429 181.108 6.99997 7.9004
-12.6607 3.48843 162.217 6.99997 7.9004
-18.9906 5.23239 143.325 6.99998 7.9004
-25.32 6.97622 124.433 6.99998 7.9004
-31.6485 8.72002 105.541 6.99998 7.9004
-37.976 10.4638 86.6483 6.99998 7.9004
-44.3023 12.2077 67.7554 6.99999 7.9004
-50.6274 13.9516 48.8622 6.99999 7.9004
-56.9517 15.6955 29.9687 6.99999 7.9004
-63.2754 17.4394 11.075 7 7.9004
