-0.000167526 3.23127e-05 200 6.99997 7.82039
-9.96462 1.38343 182.714 6.99997 7.82039
-19.9291 2.76669 165.428 6.99998 7.82039
-29.8936 4.14959 148.142 6.99998 7.82039
-39.8584 5.53202 130.856 6.99998 7.82039
-49.8232 6.914 113.571 6.99998 7.82039
-59.7878 8.29559 96.2847 6.99998 7.82039
-69.7522 9.67688 78.9987 6.99999 7.82039
-79.7163 11.0579 61.7125 6.99999 7.82039
-89.68 12.4388 44.4261 6.99999 7.82039
-99.6433 13.8197 27.1395 7 7.82039
-0.000167526 3.23127e-05 200 6.99997 7.82039
-9.96462 1.38343 182.714 6.99997 7.82039
-19.9291 2.76669 165.428 6.99998 7.82039
-29.8936 4.14959 148.142 6.99998 7.82039
-39.8584 5.53202 130.856 6.99998 7.82039
-49.8232 6.914 113.571 6.99998 7.82039
-59.7878 8.29559 96.2847 6.99998 7.82039
-69.7522 9.67688 78.9987 6.99999 7.82039
-79.7163 11.0579 61.7125 6.99999 7.82039
-89.68 12.4388 44.4261 6.99999 7.82039
-99.6433 13.8197 27.1395 7 7.82039
-0.000167526 3.23127e-05 200 6.99997 7.82039
-9.96462 1.38343 182.714 6.99997 7.82039
-19.9291 2.76669 165.428 6.99998 7.82039
-29.8936 4.14959 148.142 6.99998 7.82039
-39.8584 5.53202 130.856 6.99998 7.82039
-49.8232 6.914 113.571 6.99998 7.82039
-59.7878 8.29559 96.2847 6.99998 7.82039
-69.7522 9.67688 78.9987 6.99999 7.82039
-79.7163 11.0579 61.7125 6.99999 7.82039
-89.68 12.4388 44.4261 6.99999 7.82039
-99.6433 13.8197 27.1395 7 7.82039
-0.000167526 3.23127e-05 200 6.99997 7.82039
-9.96462 1.38343 182.714 6.99997 7.82039
-19.9291 2.76669 165.428 6.99998 7.82039
-29.8936 4.14959 148.142 6.99998 7.82039
-39.8584 5.53202 130.856 6.99998 7.82039
-49.8232 6.914 113.571 6.99998 7.82039
-59.7878 8.29559 96.2847 6.99998 7.82039
-69.7522 9.67688 78.9987 6.99999 7.82039
-79.7163 11.0579 61.7125 6.99999 7.82039
-89.68 12.4388 44.4261 6.99999 7.82039
-99.6433 13.8197 27.1395 7 7.82039
-0.000167526 3.23127e-05 200 6.99997 7.82039
-9.96462 1.38343 182.714 6.99997 7.82039
-19.9291 2.76669 165.428 6.99998 7.82039
-29.8936 4.14959 148.142 6.99998 7.82039
-39.8584 5.53202 130.856 6.99998 7.82039
-49.8232 6.914 113.571 6.99998 7.82039
-59.7878 8.29559 96.2847 6.99998 7.82039
-69.7522 9.67688 78.9987 6.99999 7.82039
-79.7163 11.0579 61.7125 6.99999 7.82039
-89.68 12.4388 44.4261 6.99999 7.82039
-99.6433 13.8197 27.1395 7 7.82039
-0.000167526 3.23127e-05 200 6.99997 7.82039
-9.96462 1.38343 182.714 6.99997 7.82039
-19.9291 2.76669 165.428 6.99998 7.82039
-29.8936 4.14959 148.142 6.99998 7.82039
-39.8584 5.53202 130.856 6.99998 7.82039
-49.8232 6.914 113.571 6.99998 7.82039
-59.7878 8.29559 96.2847 6.99998 7.82039
-69.7522 9.67688 78.9987 6.99999 7.82039
-79.7163 11.0579 61.7125 6.99999 7.82039
-89.68 12.4388 44.4261 6.99999 7.82039
-99.6433 13.8197 27.1395 7 7.82039
