1.38632e-05 3.77693e-05 200 6.99999 4.82024
-0.656591 6.21794 181.002 6.99999 4.82024
-1.31344 12.4357 162.005 6.99999 4.82024
-1.97091 18.6533 143.007 6.99999 4.82024
-2.62947 24.8707 124.009 6.99999 4.82024
-3.28923 31.0881 105.012 7 4.82024
-3.94998 37.3055 86.0142 7 4.82024
-4.61149 43.5231 67.0167 7 4.82024
-5.27341 49.7409 48.0193 7 4.82024
-5.93544 55.9589 29.0219 7 4.82024
-6.59737 62.1769 10.0246 7 4.82024
1.38632e-05 3.77693e-05 200 6.99999 4.82024
-0.656591 6.21794 181.002 6.99999 4.82024
-1.31344 12.4357 162.005 6.99999 4.82024
-1.97091 18.6533 143.007 6.99999 4.82024
-2.62947 24.8707 124.009 6.99999 4.82024
-3.28923 31.0881 105.012 7 4.82024
-3.94998 37.3055 86.0142 7 4.82024
-4.61149 43.5231 67.0167 7 4.82024
-5.27341 49.7409 48.0193 7 4.82024
-5.93544 55.9589 29.0219 7 4.82024
-6.59737 62.1769 10.0246 7 4.82024
1.38632e-05 3.77693e-05 200 6.99999 4.82024
-0.656591 6.21794 181.002 6.99999 4.82024
-1.31344 12.4357 162.005 6.99999 4.82024
-1.97091 18.6533 143.007 6.99999 4.82024
-2.62947 24.8707 124.009 6.99999 4.82024
-3.28923 31.0881 105.012 7 4.82024
-3.94998 37.3055 86.0142 7 4.82024
-4.61149 43.5231 67.0167 7 4.82024
-5.27341 49.7409 48.0193 7 4.82024
-5.93544 55.9589 29.0219 7 4.82024
-6.59737 62.1769 10.0246 7 4.82024
1.38632e-05 3.77693e-05 200 6.99999 4.82024
-0.656591 6.21794 181.002 6.99999 4.82024
-1.31344 12.4357 162.005 6.99999 4.82024
-1.97091 18.6533 143.007 6.99999 4.82024
-2.62947 24.8707 124.009 6.99999 4.82024
-3.28923 31.0881 105.012 7 4.82024
-3.94998 37.3055 86.0142 7 4.82024
-4.61149 43.5231 67.0167 7 4.82024
-5.27341 49.7409 48.0193 7 4.82024
-5.93544 55.9589 29.0219 7 4.82024
-6.59737 62.1769 10.0246 7 4.82024
1.38632e-05 3.77693e-05 200 6.99999 4.82024
-0.656591 6.21794 181.002 6.99999 4.82024
-1.31344 12.4357 162.005 6.99999 4.82024
-1.97091 18.6533 143.007 6.99999 4.82024
-2.62947 24.8707 124.009 6.99999 4.82024
-3.28923 31.0881 105.012 7 4.82024
-3.94998 37.3055 86.0142 7 4.82024
-4.61149 43.5231 67.0167 7 4.82024
-5.27341 49.7409 48.0193 7 4.82024
-5.93544 55.9589 29.0219 7 4.82024
-6.59737 62.1769 10.0246 7 4.82024
1.38632e-05 3.77693e-05 200 6.99999 4.82024
-0.656591 6.21794 181.002 6.99999 4.82024
-1.31344 12.4357 162.005 6.99999 4.82024
-1.97091 18.6533 143.007 6.99999 4.82024
-2.62947 24.8707 124.009 6.99999 4.82024
-3.28923 31.0881 105.012 7 4.82024
-3.94998 37.3055 86.0142 7 4.82024
-4.61149 43.5231 67.0167 7 4.82024
-5.27341 49.7409 48.0193 7 4.82024
-5.93544 55.9589 29.0219 7 4.82024
-6.59737 62.1769 10.0246 7 4.82024
