-3.12352e-05 -4.33539e-05 200 6.99999 3.44017
-15.3517 2.72199 212.527 6.99999 3.44017
-30.7038 5.44478 225.053 6.99999 3.44017
-46.0567 8.16901 237.578 7 3.44017
-61.4104 10.895 250.101 7 3.44017
-76.7652 13.6233 262.622 7 3.44017
-92.1213 16.354 275.142 7 3.44017
-107.479 19.087 287.659 7 3.44017
-122.837 21.8214 300.175 7 3.44017
-138.196 24.5567 312.69 7 3.44017
-153.555 27.2923 325.204 7 3.44017
-3.12352e-05 -4.33539e-05 200 6.99999 3.44017
-15.3517 2.72199 212.527 6.99999 3.44017
-30.7038 5.44478 225.053 6.99999 3.44017
-46.0567 8.16901 237.578 7 3.44017
-61.4104 10.895 250.101 7 3.44017
-76.7652 13.6233 262.622 7 3.44017
-92.1213 16.354 275.142 7 3.44017
-107.479 19.087 287.659 7 3.44017
-122.837 21.8214 300.175 7 3.44017
-138.196 24.5567 312.69 7 3.44017
-153.555 27.2923 325.204 7 3.44017
-3.12352e-05 -4.33539e-05 200 6.99999 3.44017
-15.3517 2.72199 212.527 6.99999 3.44017
-30.7038 5.44478 225.053 6.99999 3.44017
-46.0567 8.16901 237.578 7 3.44017
-61.4104 10.895 250.101 7 3.44017
-76.7652 13.6233 262.622 7 3.44017
-92.1213 16.354 275.142 7 3.44017
-107.479 19.087 287.659 7 3.44017
-122.837 21.8214 300.175 7 3.44017
-138.196 24.5567 312.69 7 3.44017
-153.555 27.2923 325.204 7 3.44017
-3.12352e-05 -4.33539e-05 200 6.99999 3.44017
-15.3517 2.72199 212.527 6.99999 3.44017
-30.7038 5.44478 225.053 6.99999 3.44017
-46.0567 8.16901 237.578 7 3.44017
-61.4104 10.895 250.101 7 3.44017
-76.7652 13.6233 262.622 7 3.44017
-92.1213 16.354 275.142 7 3.44017
-107.479 19.087 287.659 7 3.44017
-122.837 21.8214 300.175 7 3.44017
-138.196 24.5567 312.69 7 3.44017
-153.555 27.2923 325.204 7 3.44017
-3.12352e-05 -4.33539e-05 200 6.99999 3.44017
-15.3517 2.72199 212.527 6.99999 3.44017
-30.7038 5.44478 225.053 6.99999 3.44017
-46.0567 8.16901 237.578 7 3.44017
-61.4104 10.895 250.101 7 3.44017
-76.7652 13.6233 262.622 7 3.44017
-92.1213 16.354 275.142 7 3.44017
-107.479 19.087 287.659 7 3.44017
-122.837 21.8214 300.175 7 3.44017
-138.196 24.5567 312.69 7 3.44017
-153.555 27.2923 325.204 7 3.44017
-3.12352e-05 -4.33539e-05 200 6.99999 3.44017
-15.3517 2.72199 212.527 6.99999 3.44017
-30.7038 5.44478 225.053 6.99999 3.44017
-46.0567 8.16901 237.578 7 3.44017
-61.4104 10.895 250.101 7 3.44017
-76.7652 13.6233 262.622 7 3.44017
-92.1213 16.354 275.142 7 3.44017
-107.479 19.087 287.659 7 3.44017
-122.837 21.8214 300.175 7 3.44017
-138.196 24.5567 312.69 7 3.44017
-153.555 27.2923 325.204 7 3.44017
