3.07687e-06 -3.00849e-05 200 7 0.560028
1.66534 -19.4594 195.692 7 0.560028
3.33066 -38.9186 191.383 7 0.560028
4.99593 -58.3776 187.073 7 0.560028
6.66115 -77.8362 182.762 7 0.560028
8.32664 -97.2944 178.448 7 0.560028
9.99282 -116.752 174.134 7 0.560028
11.66 -136.21 169.82 7 0.560028
13.328 -155.668 165.506 7 0.560028
14.9969 -175.126 161.193 7 0.560028
16.6662 -194.584 156.88 7 0.560028
3.07687e-06 -3.00849e-05 200 7 0.560028
1.66534 -19.4594 195.692 7 0.560028
3.33066 -38.9186 191.383 7 0.560028
4.99593 -58.3776 187.073 7 0.560028
6.66115 -77.8362 182.762 7 0.560028
8.32664 -97.2944 178.448 7 0.560028
9.99282 -116.752 174.134 7 0.560028
11.66 -136.21 169.82 7 0.560028
13.328 -155.668 165.506 7 0.560028
14.9969 -175.126 161.193 7 0.560028
16.6662 -194.584 156.88 7 0.560028
3.07687e-06 -3.00849e-05 200 7 0.560028
1.66534 -19.4594 195.692 7 0.560028
3.33066 -38.9186 191.383 7 0.560028
4.99593 -58.3776 187.073 7 0.560028
6.66115 -77.8362 182.762 7 0.560028
8.32664 -97.2944 178.448 7 0.560028
9.99282 -116.752 174.134 7 0.560028
11.66 -136.21 169.82 7 0.560028
13.328 -155.668 165.506 7 0.560028
14.9969 -175.126 161.193 7 0.560028
16.6662 -194.584 156.88 7 0.560028
3.07687e-06 -3.00849e-05 200 7 0.560028
1.66534 -19.4594 195.692 7 0.560028
3.33066 -38.9186 191.383 7 0.560028
4.99593 -58.3776 187.073 7 0.560028
6.66115 -77.8362 182.762 7 0.560028
8.32664 -97.2944 178.448 7 0.560028
9.99282 -116.752 174.134 7 0.560028
11.66 -136.21 169.82 7 0.560028
13.328 -155.668 165.506 7 0.560028
14.9969 -175.126 161.193 7 0.560028
16.6662 -194.584 156.88 7 0.560028
3.07687e-06 -3.00849e-05 200 7 0.560028
1.66534 -19.4594 195.692 7 0.560028
3.33066 -38.9186 191.383 7 0.560028
4.99593 -58.3776 187.073 7 0.560028
6.66115 -77.8362 182.762 7 0.560028
8.32664 -97.2944 178.448 7 0.560028
9.99282 -116.752 174.134 7 0.560028
11.66 -136.21 169.82 7 0.560028
13.328 -155.668 165.506 7 0.560028
14.9969 -175.126 161.193 7 0.560028
16.6662 -194.584 156.88 7 0.560028
3.07687e-06 -3.00849e-05 200 7 0.560028
1.66534 -19.4594 195.692 7 0.560028
3.33066 -38.9186 191.383 7 0.560028
4.99593 -58.3776 187.073 7 0.560028
6.66115 -77.8362 182.762 7 0.560028
8.32664 -97.2944 178.448 7 0.560028
9.99282 -116.752 174.134 7 0.560028
11.66 -136.21 169.82 7 0.560028
13.328 -155.668 165.506 7 0.560028
14.9969 -175.126 161.193 7 0.560028
16.6662 -194.584 156.88 7 0.560028
