-5.57426e-06 3.2936e-05 200 7 2.58013
4.65492 -5.50827 218.655 7 2.58013
9.31013 -11.0173 237.309 7 2.58013
13.9662 -16.5281 255.962 7 2.58013
18.6233 -22.0412 274.615 7 2.58013
23.2815 -27.5568 293.266 7 2.58013
27.9408 -33.0752 311.917 7 2.58013
32.6011 -38.5961 330.566 7 2.58013
37.2622 -44.1188 349.215 7 2.58013
41.9235 -49.6425 367.863 7 2.58013
46.5848 -55.1664 386.512 7 2.58013
-5.57426e-06 3.2936e-05 200 7 2.58013
4.65492 -5.50827 218.655 7 2.58013
9.31013 -11.0173 237.309 7 2.58013
13.9662 -16.5281 255.962 7 2.58013
18.6233 -22.0412 274.615 7 2.58013
23.2815 -27.5568 293.266 7 2.58013
27.9408 -33.0752 311.917 7 2.58013
32.6011 -38.5961 330.566 7 2.58013
37.2622 -44.1188 349.215 7 2.58013
41.9235 -49.6425 367.863 7 2.58013
46.5848 -55.1664 386.512 7 2.58013
-5.57426e-06 3.2936e-05 200 7 2.58013
4.65492 -5.50827 218.655 7 2.58013
9.31013 -11.0173 237.309 7 2.58013
13.9662 -16.5281 255.962 7 2.58013
18.6233 -22.0412 274.615 7 2.58013
23.2815 -27.5568 293.266 7 2.58013
27.9408 -33.0752 311.917 7 2.58013
32.6011 -38.5961 330.566 7 2.58013
37.2622 -44.1188 349.215 7 2.58013
41.9235 -49.6425 367.863 7 2.58013
46.5848 -55.1664 386.512 7 2.58013
-5.57426e-06 3.2936e-05 200 7 2.58013
4.65492 -5.50827 218.655 7 2.58013
9.31013 -11.0173 237.309 7 2.58013
13.9662 -16.5281 255.962 7 2.58013
18.6233 -22.0412 274.615 7 2.58013
23.2815 -27.5568 293.266 7 2.58013
27.9408 -33.0752 311.917 7 2.58013
32.6011 -38.5961 330.566 7 2.58013
37.2622 -44.1188 349.215 7 2.58013
41.9235 -49.6425 367.863 7 2.58013
46.5848 -55.1664 386.512 7 2.58013
-5.57426e-06 3.2936e-05 200 7 2.58013
4.65492 -5.50827 218.655 7 2.58013
9.31013 -11.0173 237.309 7 2.58013
13.9662 -16.5281 255.962 7 2.58013
18.6233 -22.0412 274.615 7 2.58013
23.2815 -27.5568 293.266 7 2.58013
27.9408 -33.0752 311.917 7 2.58013
32.6011 -38.5961 330.566 7 2.58013
37.2622 -44.1188 349.215 7 2.58013
41.9235 -49.6425 367.863 7 2.58013
46.5848 -55.1664 386.512 7 2.58013
-5.57426e-06 3.2936e-05 200 7 2.58013
4.65492 -5.50827 218.655 7 2.58013
9.31013 -11.0173 237.309 7 2.58013
13.9662 -16.5281 255.962 7 2.58013
18.6233 -22.0412 274.615 7 2.58013
23.2815 -27.5568 293.266 7 2.58013
27.9408 -33.0752 311.917 7 2.58013
32.6011 -38.5961 330.566 7 2.58013
37.2622 -44.1188 349.215 7 2.58013
41.9235 -49.6425 367.863 7 2.58013
46.5848 -55.1664 386.512 7 2.58013
