-0.000161351 -2.73924e-05 200 6.99998 7.06035
-15.2114 -3.01661 212.63 6.99998 7.06035
-30.4227 -6.03328 225.261 6.99998 7.06035
-45.6344 -9.05002 237.89 6.99998 7.06035
-60.8469 -12.0667 250.519 6.99999 7.06035
-76.0602 -15.0835 263.146 6.99999 7.06035
-91.2744 -18.1001 275.773 6.99999 7.06035
-106.489 -21.1167 288.399 6.99999 7.06035
-121.705 -24.1332 301.023 7 7.06035
-136.922 -27.1496 313.647 7 7.06035
-152.139 -30.166 326.27 7 7.06035
-0.000161351 -2.73924e-05 200 6.99998 7.06035
-15.2114 -3.01661 212.63 6.99998 7.06035
-30.4227 -6.03328 225.261 6.99998 7.06035
-45.6344 -9.05002 237.89 6.99998 7.06035
-60.8469 -12.0667 250.519 6.99999 7.06035
-76.0602 -15.0835 263.146 6.99999 7.06035
-91.2744 -18.1001 275.773 6.99999 7.06035
-106.489 -21.1167 288.399 6.99999 7.06035
-121.705 -24.1332 301.023 7 7.06035
-136.922 -27.1496 313.647 7 7.06035
-152.139 -30.166 326.27 7 7.06035
-0.000161351 -2.73924e-05 200 6.99998 7.06035
-15.2114 -3.01661 212.63 6.99998 7.06035
-30.4227 -6.03328 225.261 6.99998 7.06035
-45.6344 -9.05002 237.89 6.99998 7.06035
-60.8469 -12.0667 250.519 6.99999 7.06035
-76.0602 -15.0835 263.146 6.99999 7.06035
-91.2744 -18.1001 275.773 6.99999 7.06035
-106.489 -21.1167 288.399 6.99999 7.06035
-121.705 -24.1332 301.023 7 7.06035
-136.922 -27.1496 313.647 7 7.06035
-152.139 -30.166 326.27 7 7.06035
-0.000161351 -2.73924e-05 200 6.99998 7.06035
-15.2114 -3.01661 212.63 6.99998 7.06035
-30.4227 -6.03328 225.261 6.99998 7.06035
-45.6344 -9.05002 237.89 6.99998 7.06035
-60.8469 -12.0667 250.519 6.99999 7.06035
-76.0602 -15.0835 263.146 6.99999 7.06035
-91.2744 -18.1001 275.773 6.99999 7.06035
-106.489 -21.1167 288.399 6.99999 7.06035
-121.705 -24.1332 301.023 7 7.06035
-136.922 -27.1496 313.647 7 7.06035
-152.139 -30.166 326.27 7 7.06035
-0.000161351 -2.73924e-05 200 6.99998 7.06035
-15.2114 -3.01661 212.63 6.99998 7.06035
-30.4227 -6.03328 225.261 6.99998 7.06035
-45.6344 -9.05002 237.89 6.99998 7.06035
-60.8469 -12.0667 250.519 6.99999 7.06035
-76.0602 -15.0835 263.146 6.99999 7.06035
-91.2744 -18.1001 275.773 6.99999 7.06035
-106.489 -21.1167 288.399 6.99999 7.06035
-121.705 -24.1332 301.023 7 7.06035
-136.922 -27.1496 313.647 7 7.06035
-152.139 -30.166 326.27 7 7.06035
-0.000161351 -2.73924e-05 200 6.99998 7.06035
-15.2114 -3.01661 212.63 6.99998 7.06035
-30.4227 -6.03328 225.261 6.99998 7.06035
-45.6344 -9.05002 237.89 6.99998 7.06035
-60.8469 -12.0667 250.519 6.99999 7.06035
-76.0602 -15.0835 263.146 6.99999 7.06035
-91.2744 -18.1001 275.773 6.99999 7.06035
-106.489 -21.1167 288.399 6.99999 7.06035
-121.705 -24.1332 301.023 7 7.06035
-136.922 -27.1496 313.647 7 7.06035
-152.139 -30.166 326.27 7 7.06035
