2.45813e-05 -2.96623e-05 200 6.99999 6.74034
-4.08051 -3.68074 219.231 6.99999 6.74034
-8.16195 -7.36152 238.461 6.99999 6.74034
-12.245 -11.0424 257.69 6.99999 6.74034
-16.3301 -14.7232 276.92 6.99999 6.74034
-20.4177 -18.4039 296.148 6.99999 6.74034
-24.5079 -22.0844 315.377 6.99999 6.74034
-28.6005 -25.7649 334.604 6.99999 6.74034
-32.6949 -29.4452 353.832 7 6.74034
-36.7906 -33.1255 373.059 7 6.74034
-40.8869 -36.8059 392.286 7 6.74034
2.45813e-05 -2.96623e-05 200 6.99999 6.74034
-4.08051 -3.68074 219.231 6.99999 6.74034
-8.16195 -7.36152 238.461 6.99999 6.74034
-12.245 -11.0424 257.69 6.99999 6.74034
-16.3301 -14.7232 276.92 6.99999 6.74034
-20.4177 -18.4039 296.148 6.99999 6.74034
-24.5079 -22.0844 315.377 6.99999 6.74034
-28.6005 -25.7649 334.604 6.99999 6.74034
-32.6949 -29.4452 353.832 7 6.74034
-36.7906 -33.1255 373.059 7 6.74034
-40.8869 -36.8059 392.286 7 6.74034
2.45813e-05 -2.96623e-05 200 6.99999 6.74034
-4.08051 -3.68074 219.231 6.99999 6.74034
-8.16195 -7.36152 238.461 6.99999 6.74034
-12.245 -11.0424 257.69 6.99999 6.74034
-16.3301 -14.7232 276.92 6.99999 6.74034
-20.4177 -18.4039 296.148 6.99999 6.74034
-24.5079 -22.0844 315.377 6.99999 6.74034
-28.6005 -25.7649 334.604 6.99999 6.74034
-32.6949 -29.4452 353.832 7 6.74034
-36.7906 -33.1255 373.059 7 6.74034
-40.8869 -36.8059 392.286 7 6.74034
2.45813e-05 -2.96623e-05 200 6.99999 6.74034
-4.08051 -3.68074 219.231 6.99999 6.74034
-8.16195 -7.36152 238.461 6.99999 6.74034
-12.245 -11.0424 257.69 6.99999 6.74034
-16.3301 -14.7232 276.92 6.99999 6.74034
-20.4177 -18.4039 296.148 6.99999 6.74034
-24.5079 -22.0844 315.377 6.99999 6.74034
-28.6005 -25.7649 334.604 6.99999 6.74034
-32.6949 -29.4452 353.832 7 6.74034
-36.7906 -33.1255 373.059 7 6.74034
-40.8869 -36.8059 392.286 7 6.74034
2.45813e-05 -2.96623e-05 200 6.99999 6.74034
-4.08051 -3.68074 219.231 6.99999 6.74034
-8.16195 -7.36152 238.461 6.99999 6.74034
-12.245 -11.0424 257.69 6.99999 6.74034
-16.3301 -14.7232 276.92 6.99999 6.74034
-20.4177 -18.4039 296.148 6.99999 6.74034
-24.5079 -22.0844 315.377 6.99999 6.74034
-28.6005 -25.7649 334.604 6.99999 6.74034
-32.6949 -29.4452 353.832 7 6.74034
-36.7906 -33.1255 373.059 7 6.74034
-40.8869 -36.8059 392.286 7 6.74034
2.45813e-05 -2.96623e-05 200 6.99999 6.74034
-4.08051 -3.68074 219.231 6.99999 6.74034
-8.16195 -7.36152 238.461 6.99999 6.74034
-12.245 -11.0424 257.69 6.99999 6.74034
-16.3301 -14.7232 276.92 6.99999 6.74034
-20.4177 -18.4039 296.148 6.99999 6.74034
-24.5079 -22.0844 315.377 6.99999 6.74034
-28.6005 -25.7649 334.604 6.99999 6.74034
-32.6949 -29.4452 353.832 7 6.74034
-36.7906 -33.1255 373.059 7 6.74034
-40.8869 -36.8059 392.286 7 6.74034
