-6.0293e-05 -2.85479e-05 200 6.99999 6.76034
-4.86781 -3.67315 219.048 6.99999 6.76034
-9.73535 -7.34635 238.096 6.99999 6.76034
-14.6024 -11.0197 257.144 6.99999 6.76034
-19.4687 -14.6934 276.192 6.99999 6.76034
-24.3344 -18.3674 295.24 6.99999 6.76034
-29.1998 -22.0417 314.288 6.99999 6.76034
-34.0653 -25.7164 333.336 6.99999 6.76034
-38.9314 -29.3913 352.383 7 6.76034
-43.7978 -33.0663 371.431 7 6.76034
-48.6646 -36.7414 390.479 7 6.76034
-6.0293e-05 -2.85479e-05 200 6.99999 6.76034
-4.86781 -3.67315 219.048 6.99999 6.76034
-9.73535 -7.34635 238.096 6.99999 6.76034
-14.6024 -11.0197 257.144 6.99999 6.76034
-19.4687 -14.6934 276.192 6.99999 6.76034
-24.3344 -18.3674 295.24 6.99999 6.76034
-29.1998 -22.0417 314.288 6.99999 6.76034
-34.0653 -25.7164 333.336 6.99999 6.76034
-38.9314 -29.3913 352.383 7 6.76034
-43.7978 -33.0663 371.431 7 6.76034
-48.6646 -36.7414 390.479 7 6.76034
-6.0293e-05 -2.85479e-05 200 6.99999 6.76034
-4.86781 -3.67315 219.048 6.99999 6.76034
-9.73535 -7.34635 238.096 6.99999 6.76034
-14.6024 -11.0197 257.144 6.99999 6.76034
-19.4687 -14.6934 276.192 6.99999 6.76034
-24.3344 -18.3674 295.24 6.99999 6.76034
-29.1998 -22.0417 314.288 6.99999 6.76034
-34.0653 -25.7164 333.336 6.99999 6.76034
-38.9314 -29.3913 352.383 7 6.76034
-43.7978 -33.0663 371.431 7 6.76034
-48.6646 -36.7414 390.479 7 6.76034
-6.0293e-05 -2.85479e-05 200 6.99999 6.76034
-4.86781 -3.67315 219.048 6.99999 6.76034
-9.73535 -7.34635 238.096 6.99999 6.76034
-14.6024 -11.0197 257.144 6.99999 6.76034
-19.4687 -14.6934 276.192 6.99999 6.76034
-24.3344 -18.3674 295.24 6.99999 6.76034
-29.1998 -22.0417 314.288 6.99999 6.76034
-34.0653 -25.7164 333.336 6.99999 6.76034
-38.9314 -29.3913 352.383 7 6.76034
-43.7978 -33.0663 371.431 7 6.76034
-48.6646 -36.7414 390.479 7 6.76034
-6.0293e-05 -2.85479e-05 200 6.99999 6.76034
-4.86781 -3.67315 219.048 6.99999 6.76034
-9.73535 -7.34635 238.096 6.99999 6.76034
-14.6024 -11.0197 257.144 6.99999 6.76034
-19.4687 -14.6934 276.192 6.99999 6.76034
-24.3344 -18.3674 295.24 6.99999 6.76034
-29.1998 -22.0417 314.288 6.99999 6.76034
-34.0653 -25.7164 333.336 6.99999 6.76034
-38.9314 -29.3913 352.383 7 6.76034
-43.7978 -33.0663 371.431 7 6.76034
-48.6646 -36.7414 390.479 7 6.76034
-6.0293e-05 -2.85479e-05 200 6.99999 6.76034
-4.86781 -3.67315 219.048 6.99999 6.76034
-9.73535 -7.34635 238.096 6.99999 6.76034
-14.6024 -11.0197 257.144 6.99999 6.76034
-19.4687 -14.6934 276.192 6.99999 6.76034
-24.3344 -18.3674 295.24 6.99999 6.76034
-29.1998 -22.0417 314.288 6.99999 6.76034
-34.0653 -25.7164 333.336 6.99999 6.76034
-38.9314 -29.3913 352.383 7 6.76034
-43.7978 -33.0663 371.431 7 6.76034
-48.6646 -36.7414 390.479 7 6.76034
