-0.000289034 -1.06048e-05 200 6.99998 7.58038
-17.8363 -0.0366169 190.951 6.99998 7.58038
-35.672 -0.0730811 181.902 6.99998 7.58038
-53.5069 -0.10927 172.851 6.99998 7.58038
-71.3409 -0.145081 163.798 6.99998 7.58038
-89.1739 -0.180482 154.743 6.99998 7.58038
-107.006 -0.215376 145.686 6.99999 7.58038
-124.836 -0.249703 136.627 6.99999 7.58038
-142.666 -0.283602 127.566 6.99999 7.58038
-160.495 -0.31729 118.503 7 7.58038
-178.323 -0.350913 109.44 7 7.58038
-0.000289034 -1.06048e-05 200 6.99998 7.58038
-17.8363 -0.0366169 190.951 6.99998 7.58038
-35.672 -0.0730811 181.902 6.99998 7.58038
-53.5069 -0.10927 172.851 6.99998 7.58038
-71.3409 -0.145081 163.798 6.99998 7.58038
-89.1739 -0.180482 154.743 6.99998 7.58038
-107.006 -0.215376 145.686 6.99999 7.58038
-124.836 -0.249703 136.627 6.99999 7.58038
-142.666 -0.283602 127.566 6.99999 7.58038
-160.495 -0.31729 118.503 7 7.58038
-178.323 -0.350913 109.44 7 7.58038
-0.000289034 -1.06048e-05 200 6.99998 7.58038
-17.8363 -0.0366169 190.951 6.99998 7.58038
-35.672 -0.0730811 181.902 6.99998 7.58038
-53.5069 -0.10927 172.851 6.99998 7.58038
-71.3409 -0.145081 163.798 6.99998 7.58038
-89.1739 -0.180482 154.743 6.99998 7.58038
-107.006 -0.215376 145.686 6.99999 7.58038
-124.836 -0.249703 136.627 6.99999 7.58038
-142.666 -0.283602 127.566 6.99999 7.58038
-160.495 -0.31729 118.503 7 7.58038
-178.323 -0.350913 109.44 7 7.58038
-0.000289034 -1.06048e-05 200 6.99998 7.58038
-17.8363 -0.0366169 190.951 6.99998 7.58038
-35.672 -0.0730811 181.902 6.99998 7.58038
-53.5069 -0.10927 172.851 6.99998 7.58038
-71.3409 -0.145081 163.798 6.99998 7.58038
-89.1739 -0.180482 154.743 6.99998 7.58038
-107.006 -0.215376 145.686 6.99999 7.58038
-124.836 -0.249703 136.627 6.99999 7.58038
-142.666 -0.283602 127.566 6.99999 7.58038
-160.495 -0.31729 118.503 7 7.58038
-178.323 -0.350913 109.44 7 7.58038
-0.000289034 -1.06048e-05 200 6.99998 7.58038
-17.8363 -0.0366169 190.951 6.99998 7.58038
-35.672 -0.0730811 181.902 6.99998 7.58038
-53.5069 -0.10927 172.851 6.99998 7.58038
-71.3409 -0.145081 163.798 6.99998 7.58038
-89.1739 -0.180482 154.743 6.99998 7.58038
-107.006 -0.215376 145.686 6.99999 7.58038
-124.836 -0.249703 136.627 6.99999 7.58038
-142.666 -0.283602 127.566 6.99999 7.58038
-160.495 -0.31729 118.503 7 7.58038
-178.323 -0.350913 109.44 7 7.58038
-0.000289034 -1.06048e-05 200 6.99998 7.58038
-17.8363 -0.0366169 190.951 6.99998 7.58038
-35.672 -0.0730811 181.902 6.99998 7.58038
-53.5069 -0.10927 172.851 6.99998 7.58038
-71.3409 -0.145081 163.798 6.99998 7.58038
-89.1739 -0.180482 154.743 6.99998 7.58038
-107.006 -0.215376 145.686 6.99999 7.58038
-124.836 -0.249703 136.627 6.99999 7.58038
-142.666 -0.283602 127.566 6.99999 7.58038
-160.495 -0.31729 118.503 7 7.58038
-178.323 -0.350913 109.44 7 7.58038
