-5.63838e-05 5.3263e-05 200 6.99999 3.42017
-15.0093 2.57016 212.966 6.99999 3.42017
-30.0185 5.13963 225.932 6.99999 3.42017
-45.0275 7.70772 238.899 7 3.42017
-60.0361 10.2739 251.867 7 3.42017
-75.0443 12.8382 264.835 7 3.42017
-90.0522 15.4012 277.804 7 3.42017
-105.06 17.9631 290.773 7 3.42017
-120.068 20.5241 303.743 7 3.42017
-135.075 23.0845 316.713 7 3.42017
-150.083 25.6449 329.683 7 3.42017
-5.63838e-05 5.3263e-05 200 6.99999 3.42017
-15.0093 2.57016 212.966 6.99999 3.42017
-30.0185 5.13963 225.932 6.99999 3.42017
-45.0275 7.70772 238.899 7 3.42017
-60.0361 10.2739 251.867 7 3.42017
-75.0443 12.8382 264.835 7 3.42017
-90.0522 15.4012 277.804 7 3.42017
-105.06 17.9631 290.773 7 3.42017
-120.068 20.5241 303.743 7 3.42017
-135.075 23.0845 316.713 7 3.42017
-150.083 25.6449 329.683 7 3.42017
-5.63838e-05 5.3263e-05 200 6.99999 3.42017
-15.0093 2.57016 212.966 6.99999 3.42017
-30.0185 5.13963 225.932 6.99999 3.42017
-45.0275 7.70772 238.899 7 3.42017
-60.0361 10.2739 251.867 7 3.42017
-75.0443 12.8382 264.835 7 3.42017
-90.0522 15.4012 277.804 7 3.42017
-105.06 17.9631 290.773 7 3.42017
-120.068 20.5241 303.743 7 3.42017
-135.075 23.0845 316.713 7 3.42017
-150.083 25.6449 329.683 7 3.42017
-5.63838e-05 5.3263e-05 200 6.99999 3.42017
-15.0093 2.57016 212.966 6.99999 3.42017
-30.0185 5.13963 225.932 6.99999 3.42017
-45.0275 7.70772 238.899 7 3.42017
-60.0361 10.2739 251.867 7 3.42017
-75.0443 12.8382 264.835 7 3.42017
-90.0522 15.4012 277.804 7 3.42017
-105.06 17.9631 290.773 7 3.42017
-120.068 20.5241 303.743 7 3.42017
-135.075 23.0845 316.713 7 3.42017
-150.083 25.6449 329.683 7 3.42017
-5.63838e-05 5.3263e-05 200 6.99999 3.42017
-15.0093 2.57016 212.966 6.99999 3.42017
-30.0185 5.13963 225.932 6.99999 3.42017
-45.0275 7.70772 238.899 7 3.42017
-60.0361 10.2739 251.867 7 3.42017
-75.0443 12.8382 264.835 7 3.42017
-90.0522 15.4012 277.804 7 3.42017
-105.06 17.9631 290.773 7 3.42017
-120.068 20.5241 303.743 7 3.42017
-135.075 23.0845 316.713 7 3.42017
-150.083 25.6449 329.683 7 3.42017
-5.63838e-05 5.3263e-05 200 6.99999 3.42017
-15.0093 2.57016 212.966 6.99999 3.42017
-30.0185 5.13963 225.932 6.99999 3.42017
-45.0275 7.70772 238.899 7 3.42017
-60.0361 10.2739 251.867 7 3.42017
-75.0443 12.8382 264.835 7 3.42017
-90.0522 15.4012 277.804 7 3.42017
-105.06 17.9631 290.773 7 3.42017
-120.068 20.5241 303.743 7 3.42017
-135.075 23.0845 316.713 7 3.42017
-150.083 25.6449 329.683 7 3.42017
