-0.000238168 -2.76983e-05 200 6.99998 7.28036
-19.4532 -1.94351 204.22 6.99998 7.28036
-38.9062 -3.88695 208.44 6.99998 7.28036
-58.3594 -5.83029 212.659 6.99998 7.28036
-77.8128 -7.77347 216.877 6.99998 7.28036
-97.2665 -9.71643 221.094 6.99999 7.28036
-116.721 -11.6593 225.309 6.99999 7.28036
-136.175 -13.6021 229.523 6.99999 7.28036
-155.63 -15.545 233.735 6.99999 7.28036
-175.084 -17.488 237.947 7 7.28036
-194.539 -19.431 242.157 7 7.28036
-0.000238168 -2.76983e-05 200 6.99998 7.28036
-19.4532 -1.94351 204.22 6.99998 7.28036
-38.9062 -3.88695 208.44 6.99998 7.28036
-58.3594 -5.83029 212.659 6.99998 7.28036
-77.8128 -7.77347 216.877 6.99998 7.28036
-97.2665 -9.71643 221.094 6.99999 7.28036
-116.721 -11.6593 225.309 6.99999 7.28036
-136.175 -13.6021 229.523 6.99999 7.28036
-155.63 -15.545 233.735 6.99999 7.28036
-175.084 -17.488 237.947 7 7.28036
-194.539 -19.431 242.157 7 7.28036
-0.000238168 -2.76983e-05 200 6.99998 7.28036
-19.4532 -1.94351 204.22 6.99998 7.28036
-38.9062 -3.88695 208.44 6.99998 7.28036
-58.3594 -5.83029 212.659 6.99998 7.28036
-77.8128 -7.77347 216.877 6.99998 7.28036
-97.2665 -9.71643 221.094 6.99999 7.28036
-116.721 -11.6593 225.309 6.99999 7.28036
-136.175 -13.6021 229.523 6.99999 7.28036
-155.63 -15.545 233.735 6.99999 7.28036
-175.084 -17.488 237.947 7 7.28036
-194.539 -19.431 242.157 7 7.28036
-0.000238168 -2.76983e-05 200 6.99998 7.28036
-19.4532 -1.94351 204.22 6.99998 7.28036
-38.9062 -3.88695 208.44 6.99998 7.28036
-58.3594 -5.83029 212.659 6.99998 7.28036
-77.8128 -7.77347 216.877 6.99998 7.28036
-97.2665 -9.71643 221.094 6.99999 7.28036
-116.721 -11.6593 225.309 6.99999 7.28036
-136.175 -13.6021 229.523 6.99999 7.28036
-155.63 -15.545 233.735 6.99999 7.28036
-175.084 -17.488 237.947 7 7.28036
-194.539 -19.431 242.157 7 7.28036
-0.000238168 -2.76983e-05 200 6.99998 7.28036
-19.4532 -1.94351 204.22 6.99998 7.28036
-38.9062 -3.88695 208.44 6.99998 7.28036
-58.3594 -5.83029 212.659 6.99998 7.28036
-77.8128 -7.77347 216.877 6.99998 7.28036
-97.2665 -9.71643 221.094 6.99999 7.28036
-116.721 -11.6593 225.309 6.99999 7.28036
-136.175 -13.6021 229.523 6.99999 7.28036
-155.63 -15.545 233.735 6.99999 7.28036
-175.084 -17.488 237.947 7 7.28036
-194.539 -19.431 242.157 7 7.28036
-0.000238168 -2.76983e-05 200 6.99998 7.28036
-19.4532 -1.94351 204.22 6.99998 7.28036
-38.9062 -3.88695 208.44 6.99998 7.28036
-58.3594 -5.83029 212.659 6.99998 7.28036
-77.8128 -7.77347 216.877 6.99998 7.28036
-97.2665 -9.71643 221.094 6.99999 7.28036
-116.721 -11.6593 225.309 6.99999 7.28036
-136.175 -13.6021 229.523 6.99999 7.28036
-155.63 -15.545 233.735 6.99999 7.28036
-175.084 -17.488 237.947 7 7.28036
-194.539 -19.431 242.157 7 7.28036
