-0.000108407 -3.38172e-05 200 6.99998 7.00035
-13.4509 -3.22922 214.445 6.99998 7.00035
-26.9022 -6.45842 228.889 6.99998 7.00035
-40.3544 -9.68766 243.333 6.99999 7.00035
-53.8077 -12.9169 257.775 6.99999 7.00035
-67.2625 -16.1461 272.216 6.99999 7.00035
-80.7189 -19.375 286.656 6.99999 7.00035
-94.177 -22.6038 301.094 6.99999 7.00035
-107.636 -25.8325 315.531 7 7.00035
-121.096 -29.0611 329.967 7 7.00035
-134.557 -32.2898 344.403 7 7.00035
-0.000108407 -3.38172e-05 200 6.99998 7.00035
-13.4509 -3.22922 214.445 6.99998 7.00035
-26.9022 -6.45842 228.889 6.99998 7.00035
-40.3544 -9.68766 243.333 6.99999 7.00035
-53.8077 -12.9169 257.775 6.99999 7.00035
-67.2625 -16.1461 272.216 6.99999 7.00035
-80.7189 -19.375 286.656 6.99999 7.00035
-94.177 -22.6038 301.094 6.99999 7.00035
-107.636 -25.8325 315.531 7 7.00035
-121.096 -29.0611 329.967 7 7.00035
-134.557 -32.2898 344.403 7 7.00035
-0.000108407 -3.38172e-05 200 6.99998 7.00035
-13.4509 -3.22922 214.445 6.99998 7.00035
-26.9022 -6.45842 228.889 6.99998 7.00035
-40.3544 -9.68766 243.333 6.99999 7.00035
-53.8077 -12.9169 257.775 6.99999 7.00035
-67.2625 -16.1461 272.216 6.99999 7.00035
-80.7189 -19.375 286.656 6.99999 7.00035
-94.177 -22.6038 301.094 6.99999 7.00035
-107.636 -25.8325 315.531 7 7.00035
-121.096 -29.0611 329.967 7 7.00035
-134.557 -32.2898 344.403 7 7.00035
-0.000108407 -3.38172e-05 200 6.99998 7.00035
-13.4509 -3.22922 214.445 6.99998 7.00035
-26.9022 -6.45842 228.889 6.99998 7.00035
-40.3544 -9.68766 243.333 6.99999 7.00035
-53.8077 -12.9169 257.775 6.99999 7.00035
-67.2625 -16.1461 272.216 6.99999 7.00035
-80.7189 -19.375 286.656 6.99999 7.00035
-94.177 -22.6038 301.094 6.99999 7.00035
-107.636 -25.8325 315.531 7 7.00035
-121.096 -29.0611 329.967 7 7.00035
-134.557 -32.2898 344.403 7 7.00035
-0.000108407 -3.38172e-05 200 6.99998 7.00035
-13.4509 -3.22922 214.445 6.99998 7.00035
-26.9022 -6.45842 228.889 6.99998 7.00035
-40.3544 -9.68766 243.333 6.99999 7.00035
-53.8077 -12.9169 257.775 6.99999 7.00035
-67.2625 -16.1461 272.216 6.99999 7.00035
-80.7189 -19.375 286.656 6.99999 7.00035
-94.177 -22.6038 301.094 6.99999 7.00035
-107.636 -25.8325 315.531 7 7.00035
-121.096 -29.0611 329.967 7 7.00035
-134.557 -32.2898 344.403 7 7.00035
-0.000108407 -3.38172e-05 200 6.99998 7.00035
-13.4509 -3.22922 214.445 6.99998 7.00035
-26.9022 -6.45842 228.889 6.99998 7.00035
-40.3544 -9.68766 243.333 6.99999 7.00035
-53.8077 -12.9169 257.775 6.99999 7.00035
-67.2625 -16.1461 272.216 6.99999 7.00035
-80.7189 -19.375 286.656 6.99999 7.00035
-94.177 -22.6038 301.094 6.99999 7.00035
-107.636 -25.8325 315.531 7 7.00035
-121.096 -29.0611 329.967 7 7.00035
-134.557 -32.2898 344.403 7 7.00035
