2.96302e-05 -1.34712e-06 200 7 2.48012
6.79242 -6.5467 217.635 7 2.48012
13.5846 -13.0936 235.271 7 2.48012
20.3768 -19.6411 252.906 7 2.48012
27.169 -26.1894 270.541 7 2.48012
33.961 -32.7384 288.175 7 2.48012
40.7523 -39.2876 305.81 7 2.48012
47.5427 -45.8372 323.445 7 2.48012
54.3322 -52.3869 341.08 7 2.48012
61.1209 -58.9368 358.716 7 2.48012
67.909 -65.4868 376.352 7 2.48012
2.96302e-05 -1.34712e-06 200 7 2.48012
6.79242 -6.5467 217.635 7 2.48012
13.5846 -13.0936 235.271 7 2.48012
20.3768 -19.6411 252.906 7 2.48012
27.169 -26.1894 270.541 7 2.48012
33.961 -32.7384 288.175 7 2.48012
40.7523 -39.2876 305.81 7 2.48012
47.5427 -45.8372 323.445 7 2.48012
54.3322 -52.3869 341.08 7 2.48012
61.1209 -58.9368 358.716 7 2.48012
67.909 -65.4868 376.352 7 2.48012
2.96302e-05 -1.34712e-06 200 7 2.48012
6.79242 -6.5467 217.635 7 2.48012
13.5846 -13.0936 235.271 7 2.48012
20.3768 -19.6411 252.906 7 2.48012
27.169 -26.1894 270.541 7 2.48012
33.961 -32.7384 288.175 7 2.48012
40.7523 -39.2876 305.81 7 2.48012
47.5427 -45.8372 323.445 7 2.48012
54.3322 -52.3869 341.08 7 2.48012
61.1209 -58.9368 358.716 7 2.48012
67.909 -65.4868 376.352 7 2.48012
2.96302e-05 -1.34712e-06 200 7 2.48012
6.79242 -6.5467 217.635 7 2.48012
13.5846 -13.0936 235.271 7 2.48012
20.3768 -19.6411 252.906 7 2.48012
27.169 -26.1894 270.541 7 2.48012
33.961 -32.7384 288.175 7 2.48012
40.7523 -39.2876 305.81 7 2.48012
47.5427 -45.8372 323.445 7 2.48012
54.3322 -52.3869 341.08 7 2.48012
61.1209 -58.9368 358.716 7 2.48012
67.909 -65.4868 376.352 7 2.48012
2.96302e-05 -1.34712e-06 200 7 2.48012
6.79242 -6.5467 217.635 7 2.48012
13.5846 -13.0936 235.271 7 2.48012
20.3768 -19.6411 252.906 7 2.48012
27.169 -26.1894 270.541 7 2.48012
33.961 -32.7384 288.175 7 2.48012
40.7523 -39.2876 305.81 7 2.48012
47.5427 -45.8372 323.445 7 2.48012
54.3322 -52.3869 341.08 7 2.48012
61.1209 -58.9368 358.716 7 2.48012
67.909 -65.4868 376.352 7 2.48012
2.96302e-05 -1.34712e-06 200 7 2.48012
6.79242 -6.5467 217.635 7 2.48012
13.5846 -13.0936 235.271 7 2.48012
20.3768 -19.6411 252.906 7 2.48012
27.169 -26.1894 270.541 7 2.48012
33.961 -32.7384 288.175 7 2.48012
40.7523 -39.2876 305.81 7 2.48012
47.5427 -45.8372 323.445 7 2.48012
54.3322 -52.3869 341.08 7 2.48012
61.1209 -58.9368 358.716 7 2.48012
67.909 -65.4868 376.352 7 2.48012
