3.35651e-05 -3.6739e-05 200 7 1.08005
7.98066 -17.7505 195.392 7 1.08005
15.9609 -35.5007 190.783 7 1.08005
23.9406 -53.2503 186.17 7 1.08005
31.9197 -70.9993 181.554 7 1.08005
39.898 -88.7477 176.935 7 1.08005
47.8757 -106.496 172.313 7 1.08005
55.8527 -124.244 167.689 7 1.08005
63.8293 -141.991 163.063 7 1.08005
71.8057 -159.739 158.437 7 1.08005
79.7823 -177.487 153.812 7 1.08005
3.35651e-05 -3.6739e-05 200 7 1.08005
7.98066 -17.7505 195.392 7 1.08005
15.9609 -35.5007 190.783 7 1.08005
23.9406 -53.2503 186.17 7 1.08005
31.9197 -70.9993 181.554 7 1.08005
39.898 -88.7477 176.935 7 1.08005
47.8757 -106.496 172.313 7 1.08005
55.8527 -124.244 167.689 7 1.08005
63.8293 -141.991 163.063 7 1.08005
71.8057 -159.739 158.437 7 1.08005
79.7823 -177.487 153.812 7 1.08005
3.35651e-05 -3.6739e-05 200 7 1.08005
7.98066 -17.7505 195.392 7 1.08005
15.9609 -35.5007 190.783 7 1.08005
23.9406 -53.2503 186.17 7 1.08005
31.9197 -70.9993 181.554 7 1.08005
39.898 -88.7477 176.935 7 1.08005
47.8757 -106.496 172.313 7 1.08005
55.8527 -124.244 167.689 7 1.08005
63.8293 -141.991 163.063 7 1.08005
71.8057 -159.739 158.437 7 1.08005
79.7823 -177.487 153.812 7 1.08005
3.35651e-05 -3.6739e-05 200 7 1.08005
7.98066 -17.7505 195.392 7 1.08005
15.9609 -35.5007 190.783 7 1.08005
23.9406 -53.2503 186.17 7 1.08005
31.9197 -70.9993 181.554 7 1.08005
39.898 -88.7477 176.935 7 1.08005
47.8757 -106.496 172.313 7 1.08005
55.8527 -124.244 167.689 7 1.08005
63.8293 -141.991 163.063 7 1.08005
71.8057 -159.739 158.437 7 1.08005
79.7823 -177.487 153.812 7 1.08005
3.35651e-05 -3.6739e-05 200 7 1.08005
7.98066 -17.7505 195.392 7 1.08005
15.9609 -35.5007 190.783 7 1.08005
23.9406 -53.2503 186.17 7 1.08005
31.9197 -70.9993 181.554 7 1.08005
39.898 -88.7477 176.935 7 1.08005
47.8757 -106.496 172.313 7 1.08005
55.8527 -124.244 167.689 7 1.08005
63.8293 -141.991 163.063 7 1.08005
71.8057 -159.739 158.437 7 1.08005
79.7823 -177.487 153.812 7 1.08005
3.35651e-05 -3.6739e-05 200 7 1.08005
7.98066 -17.7505 195.392 7 1.08005
15.9609 -35.5007 190.783 7 1.08005
23.9406 -53.2503 186.17 7 1.08005
31.9197 -70.9993 181.554 7 1.08005
39.898 -88.7477 176.935 7 1.08005
47.8757 -106.496 172.313 7 1.08005
55.8527 -124.244 167.689 7 1.08005
63.8293 -141.991 163.063 7 1.08005
71.8057 -159.739 158.437 7 1.08005
79.7823 -177.487 153.812 7 1.08005
