8.22831e-05 1.72861e-05 200 6.99999 5.26026
12.6639 3.95954 185.035 6.99999 5.26026
25.3276 7.91913 170.07 6.99999 5.26026
37.991 11.8789 155.104 6.99999 5.26026
50.6539 15.8387 140.139 6.99999 5.26026
63.316 19.7986 125.172 6.99999 5.26026
75.9775 23.7587 110.206 7 5.26026
88.6385 27.7191 95.2385 7 5.26026
101.299 31.6797 80.2713 7 5.26026
113.96 35.6406 65.3039 7 5.26026
126.62 39.6016 50.3366 7 5.26026
8.22831e-05 1.72861e-05 200 6.99999 5.26026
12.6639 3.95954 185.035 6.99999 5.26026
25.3276 7.91913 170.07 6.99999 5.26026
37.991 11.8789 155.104 6.99999 5.26026
50.6539 15.8387 140.139 6.99999 5.26026
63.316 19.7986 125.172 6.99999 5.26026
75.9775 23.7587 110.206 7 5.26026
88.6385 27.7191 95.2385 7 5.26026
101.299 31.6797 80.2713 7 5.26026
113.96 35.6406 65.3039 7 5.26026
126.62 39.6016 50.3366 7 5.26026
8.22831e-05 1.72861e-05 200 6.99999 5.26026
12.6639 3.95954 185.035 6.99999 5.26026
25.3276 7.91913 170.07 6.99999 5.26026
37.991 11.8789 155.104 6.99999 5.26026
50.6539 15.8387 140.139 6.99999 5.26026
63.316 19.7986 125.172 6.99999 5.26026
75.9775 23.7587 110.206 7 5.26026
88.6385 27.7191 95.2385 7 5.26026
101.299 31.6797 80.2713 7 5.26026
113.96 35.6406 65.3039 7 5.26026
126.62 39.6016 50.3366 7 5.26026
8.22831e-05 1.72861e-05 200 6.99999 5.26026
12.6639 3.95954 185.035 6.99999 5.26026
25.3276 7.91913 170.07 6.99999 5.26026
37.991 11.8789 155.104 6.99999 5.26026
50.6539 15.8387 140.139 6.99999 5.26026
63.316 19.7986 125.172 6.99999 5.26026
75.9775 23.7587 110.206 7 5.26026
88.6385 27.7191 95.2385 7 5.26026
101.299 31.6797 80.2713 7 5.26026
113.96 35.6406 65.3039 7 5.26026
126.62 39.6016 50.3366 7 5.26026
8.22831e-05 1.72861e-05 200 6.99999 5.26026
12.6639 3.95954 185.035 6.99999 5.26026
25.3276 7.91913 170.07 6.99999 5.26026
37.991 11.8789 155.104 6.99999 5.26026
50.6539 15.8387 140.139 6.99999 5.26026
63.316 19.7986 125.172 6.99999 5.26026
75.9775 23.7587 110.206 7 5.26026
88.6385 27.7191 95.2385 7 5.26026
101.299 31.6797 80.2713 7 5.26026
113.96 35.6406 65.3039 7 5.26026
126.62 39.6016 50.3366 7 5.26026
8.22831e-05 1.72861e-05 200 6.99999 5.26026
12.6639 3.95954 185.035 6.99999 5.26026
25.3276 7.91913 170.07 6.99999 5.26026
37.991 11.8789 155.104 6.99999 5.26026
50.6539 15.8387 140.139 6.99999 5.26026
63.316 19.7986 125.172 6.99999 5.26026
75.9775 23.7587 110.206 7 5.26026
88.6385 27.7191 95.2385 7 5.26026
101.299 31.6797 80.2713 7 5.26026
113.96 35.6406 65.3039 7 5.26026
126.62 39.6016 50.3366 7 5.26026
