-0.000189868 -1.55694e-05 200 6.99998 9.50047
-11.0627 -1.6895 216.576 6.99998 9.50047
-22.1249 -3.37912 233.153 6.99998 9.50047
-33.1865 -5.06893 249.73 6.99998 9.50047
-44.2472 -6.75891 266.307 6.99998 9.50047
-55.3071 -8.44905 282.885 6.99998 9.50047
-66.3661 -10.1393 299.463 6.99998 9.50047
-77.4245 -11.8296 316.042 6.99999 9.50047
-88.4825 -13.5199 332.621 6.99999 9.50047
-99.5402 -15.2102 349.201 6.99999 9.50047
-110.598 -16.9004 365.78 6.99999 9.50047
-0.000189868 -1.55694e-05 200 6.99998 9.50047
-11.0627 -1.6895 216.576 6.99998 9.50047
-22.1249 -3.37912 233.153 6.99998 9.50047
-33.1865 -5.06893 249.73 6.99998 9.50047
-44.2472 -6.75891 266.307 6.99998 9.50047
-55.3071 -8.44905 282.885 6.99998 9.50047
-66.3661 -10.1393 299.463 6.99998 9.50047
-77.4245 -11.8296 316.042 6.99999 9.50047
-88.4825 -13.5199 332.621 6.99999 9.50047
-99.5402 -15.2102 349.201 6.99999 9.50047
-110.598 -16.9004 365.78 6.99999 9.50047
-0.000189868 -1.55694e-05 200 6.99998 9.50047
-11.0627 -1.6895 216.576 6.99998 9.50047
-22.1249 -3.37912 233.153 6.99998 9.50047
-33.1865 -5.06893 249.73 6.99998 9.50047
-44.2472 -6.75891 266.307 6.99998 9.50047
-55.3071 -8.44905 282.885 6.99998 9.50047
-66.3661 -10.1393 299.463 6.99998 9.50047
-77.4245 -11.8296 316.042 6.99999 9.50047
-88.4825 -13.5199 332.621 6.99999 9.50047
-99.5402 -15.2102 349.201 6.99999 9.50047
-110.598 -16.9004 365.78 6.99999 9.50047
-0.000189868 -1.55694e-05 200 6.99998 9.50047
-11.0627 -1.6895 216.576 6.99998 9.50047
-22.1249 -3.37912 233.153 6.99998 9.50047
-33.1865 -5.06893 249.73 6.99998 9.50047
-44.2472 -6.75891 266.307 6.99998 9.50047
-55.3071 -8.44905 282.885 6.99998 9.50047
-66.3661 -10.1393 299.463 6.99998 9.50047
-77.4245 -11.8296 316.042 6.99999 9.50047
-88.4825 -13.5199 332.621 6.99999 9.50047
-99.5402 -15.2102 349.201 6.99999 9.50047
-110.598 -16.9004 365.78 6.99999 9.50047
-0.000189868 -1.55694e-05 200 6.99998 9.50047
-11.0627 -1.6895 216.576 6.99998 9.50047
-22.1249 -3.37912 233.153 6.99998 9.50047
-33.1865 -5.06893 249.73 6.99998 9.50047
-44.2472 -6.75891 266.307 6.99998 9.50047
-55.3071 -8.44905 282.885 6.99998 9.50047
-66.3661 -10.1393 299.463 6.99998 9.50047
-77.4245 -11.8296 316.042 6.99999 9.50047
-88.4825 -13.5199 332.621 6.99999 9.50047
-99.5402 -15.2102 349.201 6.99999 9.50047
-110.598 -16.9004 365.78 6.99999 9.50047
-0.000189868 -1.55694e-05 200 6.99998 9.50047
-11.0627 -1.6895 216.576 6.99998 9.50047
-22.1249 -3.37912 233.153 6.99998 9.50047
-33.1865 -5.06893 249.73 6.99998 9.50047
-44.2472 -6.75891 266.307 6.99998 9.50047
-55.3071 -8.44905 282.885 6.99998 9.50047
-66.3661 -10.1393 299.463 6.99998 9.50047
-77.4245 -11.8296 316.042 6.99999 9.50047
-88.4825 -13.5199 332.621 6.99999 9.50047
-99.5402 -15.2102 349.201 6.99999 9.50047
-110.598 -16.9004 365.78 6.99999 9.50047
