2.80707e-05 -3.36303e-05 200 7 1.04005
7.43744 -17.9264 195.17 7 1.04005
14.8746 -35.8525 190.338 7 1.04005
22.3114 -53.7784 185.505 7 1.04005
29.7478 -71.704 180.671 7 1.04005
37.1835 -89.6291 175.834 7 1.04005
44.6186 -107.554 170.993 7 1.04005
52.0532 -125.478 166.15 7 1.04005
59.4873 -143.402 161.306 7 1.04005
66.9212 -161.326 156.461 7 1.04005
74.3551 -179.25 151.617 7 1.04005
2.80707e-05 -3.36303e-05 200 7 1.04005
7.43744 -17.9264 195.17 7 1.04005
14.8746 -35.8525 190.338 7 1.04005
22.3114 -53.7784 185.505 7 1.04005
29.7478 -71.704 180.671 7 1.04005
37.1835 -89.6291 175.834 7 1.04005
44.6186 -107.554 170.993 7 1.04005
52.0532 -125.478 166.15 7 1.04005
59.4873 -143.402 161.306 7 1.04005
66.9212 -161.326 156.461 7 1.04005
74.3551 -179.25 151.617 7 1.04005
2.80707e-05 -3.36303e-05 200 7 1.04005
7.43744 -17.9264 195.17 7 1.04005
14.8746 -35.8525 190.338 7 1.04005
22.3114 -53.7784 185.505 7 1.04005
29.7478 -71.704 180.671 7 1.04005
37.1835 -89.6291 175.834 7 1.04005
44.6186 -107.554 170.993 7 1.04005
52.0532 -125.478 166.15 7 1.04005
59.4873 -143.402 161.306 7 1.04005
66.9212 -161.326 156.461 7 1.04005
74.3551 -179.25 151.617 7 1.04005
2.80707e-05 -3.36303e-05 200 7 1.04005
7.43744 -17.9264 195.17 7 1.04005
14.8746 -35.8525 190.338 7 1.04005
22.3114 -53.7784 185.505 7 1.04005
29.7478 -71.704 180.671 7 1.04005
37.1835 -89.6291 175.834 7 1.04005
44.6186 -107.554 170.993 7 1.04005
52.0532 -125.478 166.15 7 1.04005
59.4873 -143.402 161.306 7 1.04005
66.9212 -161.326 156.461 7 1.04005
74.3551 -179.25 151.617 7 1.04005
2.80707e-05 -3.36303e-05 200 7 1.04005
7.43744 -17.9264 195.17 7 1.04005
14.8746 -35.8525 190.338 7 1.04005
22.3114 -53.7784 185.505 7 1.04005
29.7478 -71.704 180.671 7 1.04005
37.1835 -89.6291 175.834 7 1.04005
44.6186 -107.554 170.993 7 1.04005
52.0532 -125.478 166.15 7 1.04005
59.4873 -143.402 161.306 7 1.04005
66.9212 -161.326 156.461 7 1.04005
74.3551 -179.25 151.617 7 1.04005
2.80707e-05 -3.36303e-05 200 7 1.04005
7.43744 -17.9264 195.17 7 1.04005
14.8746 -35.8525 190.338 7 1.04005
22.3114 -53.7784 185.505 7 1.04005
29.7478 -71.704 180.671 7 1.04005
37.1835 -89.6291 175.834 7 1.04005
44.6186 -107.554 170.993 7 1.04005
52.0532 -125.478 166.15 7 1.04005
59.4873 -143.402 161.306 7 1.04005
66.9212 -161.326 156.461 7 1.04005
74.3551 -179.25 151.617 7 1.04005
