-0.000107097 -1.05206e-05 200 6.99999 4.14021
-17.4527 6.60136 192.801 6.99999 4.14021
-34.9047 13.2033 185.601 6.99999 4.14021
-52.3558 19.8063 178.399 6.99999 4.14021
-69.8057 26.4107 171.196 6.99999 4.14021
-87.2541 33.0166 163.991 7 4.14021
-104.701 39.6243 156.783 7 4.14021
-122.146 46.2337 149.573 7 4.14021
-139.59 52.8444 142.362 7 4.14021
-157.033 59.4559 135.149 7 4.14021
-174.476 66.0678 127.936 7 4.14021
-0.000107097 -1.05206e-05 200 6.99999 4.14021
-17.4527 6.60136 192.801 6.99999 4.14021
-34.9047 13.2033 185.601 6.99999 4.14021
-52.3558 19.8063 178.399 6.99999 4.14021
-69.8057 26.4107 171.196 6.99999 4.14021
-87.2541 33.0166 163.991 7 4.14021
-104.701 39.6243 156.783 7 4.14021
-122.146 46.2337 149.573 7 4.14021
-139.59 52.8444 142.362 7 4.14021
-157.033 59.4559 135.149 7 4.14021
-174.476 66.0678 127.936 7 4.14021
-0.000107097 -1.05206e-05 200 6.99999 4.14021
-17.4527 6.60136 192.801 6.99999 4.14021
-34.9047 13.2033 185.601 6.99999 4.14021
-52.3558 19.8063 178.399 6.99999 4.14021
-69.8057 26.4107 171.196 6.99999 4.14021
-87.2541 33.0166 163.991 7 4.14021
-104.701 39.6243 156.783 7 4.14021
-122.146 46.2337 149.573 7 4.14021
-139.59 52.8444 142.362 7 4.14021
-157.033 59.4559 135.149 7 4.14021
-174.476 66.0678 127.936 7 4.14021
-0.000107097 -1.05206e-05 200 6.99999 4.14021
-17.4527 6.60136 192.801 6.99999 4.14021
-34.9047 13.2033 185.601 6.99999 4.14021
-52.3558 19.8063 178.399 6.99999 4.14021
-69.8057 26.4107 171.196 6.99999 4.14021
-87.2541 33.0166 163.991 7 4.14021
-104.701 39.6243 156.783 7 4.14021
-122.146 46.2337 149.573 7 4.14021
-139.59 52.8444 142.362 7 4.14021
-157.033 59.4559 135.149 7 4.14021
-174.476 66.0678 127.936 7 4.14021
-0.000107097 -1.05206e-05 200 6.99999 4.14021
-17.4527 6.60136 192.801 6.99999 4.14021
-34.9047 13.2033 185.601 6.99999 4.14021
-52.3558 19.8063 178.399 6.99999 4.14021
-69.8057 26.4107 171.196 6.99999 4.14021
-87.2541 33.0166 163.991 7 4.14021
-104.701 39.6243 156.783 7 4.14021
-122.146 46.2337 149.573 7 4.14021
-139.59 52.8444 142.362 7 4.14021
-157.033 59.4559 135.149 7 4.14021
-174.476 66.0678 127.936 7 4.14021
-0.000107097 -1.05206e-05 200 6.99999 4.14021
-17.4527 6.60136 192.801 6.99999 4.14021
-34.9047 13.2033 185.601 6.99999 4.14021
-52.3558 19.8063 178.399 6.99999 4.14021
-69.8057 26.4107 171.196 6.99999 4.14021
-87.2541 33.0166 163.991 7 4.14021
-104.701 39.6243 156.783 7 4.14021
-122.146 46.2337 149.573 7 4.14021
-139.59 52.8444 142.362 7 4.14021
-157.033 59.4559 135.149 7 4.14021
-174.476 66.0678 127.936 7 4.14021
