6.65006e-05 -3.03124e-05 200 6.99997 9.14046
4.71705 -1.72109 219.36 6.99997 9.14046
9.43432 -3.44217 238.72 6.99997 9.14046
14.1521 -5.16325 258.079 6.99997 9.14046
18.8704 -6.88431 277.438 6.99998 9.14046
23.5893 -8.60534 296.797 6.99998 9.14046
28.3089 -10.3264 316.156 6.99998 9.14046
33.029 -12.0475 335.515 6.99998 9.14046
37.7496 -13.7687 354.874 6.99999 9.14046
42.4702 -15.49 374.232 6.99999 9.14046
47.1908 -17.2112 393.591 6.99999 9.14046
6.65006e-05 -3.03124e-05 200 6.99997 9.14046
4.71705 -1.72109 219.36 6.99997 9.14046
9.43432 -3.44217 238.72 6.99997 9.14046
14.1521 -5.16325 258.079 6.99997 9.14046
18.8704 -6.88431 277.438 6.99998 9.14046
23.5893 -8.60534 296.797 6.99998 9.14046
28.3089 -10.3264 316.156 6.99998 9.14046
33.029 -12.0475 335.515 6.99998 9.14046
37.7496 -13.7687 354.874 6.99999 9.14046
42.4702 -15.49 374.232 6.99999 9.14046
47.1908 -17.2112 393.591 6.99999 9.14046
6.65006e-05 -3.03124e-05 200 6.99997 9.14046
4.71705 -1.72109 219.36 6.99997 9.14046
9.43432 -3.44217 238.72 6.99997 9.14046
14.1521 -5.16325 258.079 6.99997 9.14046
18.8704 -6.88431 277.438 6.99998 9.14046
23.5893 -8.60534 296.797 6.99998 9.14046
28.3089 -10.3264 316.156 6.99998 9.14046
33.029 -12.0475 335.515 6.99998 9.14046
37.7496 -13.7687 354.874 6.99999 9.14046
42.4702 -15.49 374.232 6.99999 9.14046
47.1908 -17.2112 393.591 6.99999 9.14046
6.65006e-05 -3.03124e-05 200 6.99997 9.14046
4.71705 -1.72109 219.36 6.99997 9.14046
9.43432 -3.44217 238.72 6.99997 9.14046
14.1521 -5.16325 258.079 6.99997 9.14046
18.8704 -6.88431 277.438 6.99998 9.14046
23.5893 -8.60534 296.797 6.99998 9.14046
28.3089 -10.3264 316.156 6.99998 9.14046
33.029 -12.0475 335.515 6.99998 9.14046
37.7496 -13.7687 354.874 6.99999 9.14046
42.4702 -15.49 374.232 6.99999 9.14046
47.1908 -17.2112 393.591 6.99999 9.14046
6.65006e-05 -3.03124e-05 200 6.99997 9.14046
4.71705 -1.72109 219.36 6.99997 9.14046
9.43432 -3.44217 238.72 6.99997 9.14046
14.1521 -5.16325 258.079 6.99997 9.14046
18.8704 -6.88431 277.438 6.99998 9.14046
23.5893 -8.60534 296.797 6.99998 9.14046
28.3089 -10.3264 316.156 6.99998 9.14046
33.029 -12.0475 335.515 6.99998 9.14046
37.7496 -13.7687 354.874 6.99999 9.14046
42.4702 -15.49 374.232 6.99999 9.14046
47.1908 -17.2112 393.591 6.99999 9.14046
6.65006e-05 -3.03124e-05 200 6.99997 9.14046
4.71705 -1.72109 219.36 6.99997 9.14046
9.43432 -3.44217 238.72 6.99997 9.14046
14.1521 -5.16325 258.079 6.99997 9.14046
18.8704 -6.88431 277.438 6.99998 9.14046
23.5893 -8.60534 296.797 6.99998 9.14046
28.3089 -10.3264 316.156 6.99998 9.14046
33.029 -12.0475 335.515 6.99998 9.14046
37.7496 -13.7687 354.874 6.99999 9.14046
42.4702 -15.49 374.232 6.99999 9.14046
47.1908 -17.2112 393.591 6.99999 9.14046
