0.000125025 5.60143e-06 200 6.99999 5.66028
19.5586 1.20108 195.997 6.99999 5.66028
39.1169 2.40217 191.993 6.99999 5.66028
58.675 3.60329 187.988 6.99999 5.66028
78.2328 4.80446 183.981 6.99999 5.66028
97.7904 6.00572 179.974 6.99999 5.66028
117.348 7.20716 175.966 7 5.66028
136.905 8.40887 171.956 7 5.66028
156.462 9.61082 167.947 7 5.66028
176.019 10.8129 163.938 7 5.66028
195.576 12.0151 159.929 7 5.66028
0.000125025 5.60143e-06 200 6.99999 5.66028
19.5586 1.20108 195.997 6.99999 5.66028
39.1169 2.40217 191.993 6.99999 5.66028
58.675 3.60329 187.988 6.99999 5.66028
78.2328 4.80446 183.981 6.99999 5.66028
97.7904 6.00572 179.974 6.99999 5.66028
117.348 7.20716 175.966 7 5.66028
136.905 8.40887 171.956 7 5.66028
156.462 9.61082 167.947 7 5.66028
176.019 10.8129 163.938 7 5.66028
195.576 12.0151 159.929 7 5.66028
0.000125025 5.60143e-06 200 6.99999 5.66028
19.5586 1.20108 195.997 6.99999 5.66028
39.1169 2.40217 191.993 6.99999 5.66028
58.675 3.60329 187.988 6.99999 5.66028
78.2328 4.80446 183.981 6.99999 5.66028
97.7904 6.00572 179.974 6.99999 5.66028
117.348 7.20716 175.966 7 5.66028
136.905 8.40887 171.956 7 5.66028
156.462 9.61082 167.947 7 5.66028
176.019 10.8129 163.938 7 5.66028
195.576 12.0151 159.929 7 5.66028
0.000125025 5.60143e-06 200 6.99999 5.66028
19.5586 1.20108 195.997 6.99999 5.66028
39.1169 2.40217 191.993 6.99999 5.66028
58.675 3.60329 187.988 6.99999 5.66028
78.2328 4.80446 183.981 6.99999 5.66028
97.7904 6.00572 179.974 6.99999 5.66028
117.348 7.20716 175.966 7 5.66028
136.905 8.40887 171.956 7 5.66028
156.462 9.61082 167.947 7 5.66028
176.019 10.8129 163.938 7 5.66028
195.576 12.0151 159.929 7 5.66028
0.000125025 5.60143e-06 200 6.99999 5.66028
19.5586 1.20108 195.997 6.99999 5.66028
39.1169 2.40217 191.993 6.99999 5.66028
58.675 3.60329 187.988 6.99999 5.66028
78.2328 4.80446 183.981 6.99999 5.66028
97.7904 6.00572 179.974 6.99999 5.66028
117.348 7.20716 175.966 7 5.66028
136.905 8.40887 171.956 7 5.66028
156.462 9.61082 167.947 7 5.66028
176.019 10.8129 163.938 7 5.66028
195.576 12.0151 159.929 7 5.66028
0.000125025 5.60143e-06 200 6.99999 5.66028
19.5586 1.20108 195.997 6.99999 5.66028
39.1169 2.40217 191.993 6.99999 5.66028
58.675 3.60329 187.988 6.99999 5.66028
78.2328 4.80446 183.981 6.99999 5.66028
97.7904 6.00572 179.974 6.99999 5.66028
117.348 7.20716 175.966 7 5.66028
136.905 8.40887 171.956 7 5.66028
156.462 9.61082 167.947 7 5.66028
176.019 10.8129 163.938 7 5.66028
195.576 12.0151 159.929 7 5.66028
