-0.000184687 -2.69399e-05 200 6.99998 9.60048
-14.2672 -1.4342 213.943 6.99998 9.60048
-28.5343 -2.86827 227.886 6.99998 9.60048
-42.8016 -4.3022 241.828 6.99998 9.60048
-57.0691 -5.73592 255.77 6.99998 9.60048
-71.337 -7.16943 269.712 6.99998 9.60048
-85.6051 -8.60277 283.654 6.99999 9.60048
-99.8732 -10.036 297.596 6.99999 9.60048
-114.141 -11.4691 311.537 6.99999 9.60048
-128.409 -12.9021 325.479 6.99999 9.60048
-142.677 -14.335 339.421 6.99999 9.60048
-0.000184687 -2.69399e-05 200 6.99998 9.60048
-14.2672 -1.4342 213.943 6.99998 9.60048
-28.5343 -2.86827 227.886 6.99998 9.60048
-42.8016 -4.3022 241.828 6.99998 9.60048
-57.0691 -5.73592 255.77 6.99998 9.60048
-71.337 -7.16943 269.712 6.99998 9.60048
-85.6051 -8.60277 283.654 6.99999 9.60048
-99.8732 -10.036 297.596 6.99999 9.60048
-114.141 -11.4691 311.537 6.99999 9.60048
-128.409 -12.9021 325.479 6.99999 9.60048
-142.677 -14.335 339.421 6.99999 9.60048
-0.000184687 -2.69399e-05 200 6.99998 9.60048
-14.2672 -1.4342 213.943 6.99998 9.60048
-28.5343 -2.86827 227.886 6.99998 9.60048
-42.8016 -4.3022 241.828 6.99998 9.60048
-57.0691 -5.73592 255.77 6.99998 9.60048
-71.337 -7.16943 269.712 6.99998 9.60048
-85.6051 -8.60277 283.654 6.99999 9.60048
-99.8732 -10.036 297.596 6.99999 9.60048
-114.141 -11.4691 311.537 6.99999 9.60048
-128.409 -12.9021 325.479 6.99999 9.60048
-142.677 -14.335 339.421 6.99999 9.60048
-0.000184687 -2.69399e-05 200 6.99998 9.60048
-14.2672 -1.4342 213.943 6.99998 9.60048
-28.5343 -2.86827 227.886 6.99998 9.60048
-42.8016 -4.3022 241.828 6.99998 9.60048
-57.0691 -5.73592 255.77 6.99998 9.60048
-71.337 -7.16943 269.712 6.99998 9.60048
-85.6051 -8.60277 283.654 6.99999 9.60048
-99.8732 -10.036 297.596 6.99999 9.60048
-114.141 -11.4691 311.537 6.99999 9.60048
-128.409 -12.9021 325.479 6.99999 9.60048
-142.677 -14.335 339.421 6.99999 9.60048
-0.000184687 -2.69399e-05 200 6.99998 9.60048
-14.2672 -1.4342 213.943 6.99998 9.60048
-28.5343 -2.86827 227.886 6.99998 9.60048
-42.8016 -4.3022 241.828 6.99998 9.60048
-57.0691 -5.73592 255.77 6.99998 9.60048
-71.337 -7.16943 269.712 6.99998 9.60048
-85.6051 -8.60277 283.654 6.99999 9.60048
-99.8732 -10.036 297.596 6.99999 9.60048
-114.141 -11.4691 311.537 6.99999 9.60048
-128.409 -12.9021 325.479 6.99999 9.60048
-142.677 -14.335 339.421 6.99999 9.60048
-0.000184687 -2.69399e-05 200 6.99998 9.60048
-14.2672 -1.4342 213.943 6.99998 9.60048
-28.5343 -2.86827 227.886 6.99998 9.60048
-42.8016 -4.3022 241.828 6.99998 9.60048
-57.0691 -5.73592 255.77 6.99998 9.60048
-71.337 -7.16943 269.712 6.99998 9.60048
-85.6051 -8.60277 283.654 6.99999 9.60048
-99.8732 -10.036 297.596 6.99999 9.60048
-114.141 -11.4691 311.537 6.99999 9.60048
-128.409 -12.9021 325.479 6.99999 9.60048
-142.677 -14.335 339.421 6.99999 9.60048
