5.0609e-05 -2.66249e-06 200 7 1.44007
12.2771 -15.7689 199.215 7 1.44007
24.5538 -31.5381 198.429 7 1.44007
36.8297 -47.3078 197.643 7 1.44007
49.105 -63.0779 196.855 7 1.44007
61.3797 -78.8485 196.066 7 1.44007
73.6539 -94.6193 195.276 7 1.44007
85.9278 -110.39 194.486 7 1.44007
98.2015 -126.162 193.696 7 1.44007
110.475 -141.933 192.906 7 1.44007
122.748 -157.705 192.116 7 1.44007
5.0609e-05 -2.66249e-06 200 7 1.44007
12.2771 -15.7689 199.215 7 1.44007
24.5538 -31.5381 198.429 7 1.44007
36.8297 -47.3078 197.643 7 1.44007
49.105 -63.0779 196.855 7 1.44007
61.3797 -78.8485 196.066 7 1.44007
73.6539 -94.6193 195.276 7 1.44007
85.9278 -110.39 194.486 7 1.44007
98.2015 -126.162 193.696 7 1.44007
110.475 -141.933 192.906 7 1.44007
122.748 -157.705 192.116 7 1.44007
5.0609e-05 -2.66249e-06 200 7 1.44007
12.2771 -15.7689 199.215 7 1.44007
24.5538 -31.5381 198.429 7 1.44007
36.8297 -47.3078 197.643 7 1.44007
49.105 -63.0779 196.855 7 1.44007
61.3797 -78.8485 196.066 7 1.44007
73.6539 -94.6193 195.276 7 1.44007
85.9278 -110.39 194.486 7 1.44007
98.2015 -126.162 193.696 7 1.44007
110.475 -141.933 192.906 7 1.44007
122.748 -157.705 192.116 7 1.44007
5.0609e-05 -2.66249e-06 200 7 1.44007
12.2771 -15.7689 199.215 7 1.44007
24.5538 -31.5381 198.429 7 1.44007
36.8297 -47.3078 197.643 7 1.44007
49.105 -63.0779 196.855 7 1.44007
61.3797 -78.8485 196.066 7 1.44007
73.6539 -94.6193 195.276 7 1.44007
85.9278 -110.39 194.486 7 1.44007
98.2015 -126.162 193.696 7 1.44007
110.475 -141.933 192.906 7 1.44007
122.748 -157.705 192.116 7 1.44007
5.0609e-05 -2.66249e-06 200 7 1.44007
12.2771 -15.7689 199.215 7 1.44007
24.5538 -31.5381 198.429 7 1.44007
36.8297 -47.3078 197.643 7 1.44007
49.105 -63.0779 196.855 7 1.44007
61.3797 -78.8485 196.066 7 1.44007
73.6539 -94.6193 195.276 7 1.44007
85.9278 -110.39 194.486 7 1.44007
98.2015 -126.162 193.696 7 1.44007
110.475 -141.933 192.906 7 1.44007
122.748 -157.705 192.116 7 1.44007
5.0609e-05 -2.66249e-06 200 7 1.44007
12.2771 -15.7689 199.215 7 1.44007
24.5538 -31.5381 198.429 7 1.44007
36.8297 -47.3078 197.643 7 1.44007
49.105 -63.0779 196.855 7 1.44007
61.3797 -78.8485 196.066 7 1.44007
73.6539 -94.6193 195.276 7 1.44007
85.9278 -110.39 194.486 7 1.44007
98.2015 -126.162 193.696 7 1.44007
110.475 -141.933 192.906 7 1.44007
122.748 -157.705 192.116 7 1.44007
