-0.00018892 -3.72957e-05 200 6.99998 7.18036
-18.0083 -2.48395 208.339 6.99998 7.18036
-36.0168 -4.96775 216.678 6.99998 7.18036
-54.026 -7.45131 225.015 6.99998 7.18036
-72.0363 -9.93451 233.349 6.99999 7.18036
-90.0476 -12.4174 241.682 6.99999 7.18036
-108.06 -14.9 250.012 6.99999 7.18036
-126.073 -17.3823 258.34 6.99999 7.18036
-144.087 -19.8644 266.667 6.99999 7.18036
-162.102 -22.3463 274.992 7 7.18036
-180.117 -24.8281 283.317 7 7.18036
-0.00018892 -3.72957e-05 200 6.99998 7.18036
-18.0083 -2.48395 208.339 6.99998 7.18036
-36.0168 -4.96775 216.678 6.99998 7.18036
-54.026 -7.45131 225.015 6.99998 7.18036
-72.0363 -9.93451 233.349 6.99999 7.18036
-90.0476 -12.4174 241.682 6.99999 7.18036
-108.06 -14.9 250.012 6.99999 7.18036
-126.073 -17.3823 258.34 6.99999 7.18036
-144.087 -19.8644 266.667 6.99999 7.18036
-162.102 -22.3463 274.992 7 7.18036
-180.117 -24.8281 283.317 7 7.18036
-0.00018892 -3.72957e-05 200 6.99998 7.18036
-18.0083 -2.48395 208.339 6.99998 7.18036
-36.0168 -4.96775 216.678 6.99998 7.18036
-54.026 -7.45131 225.015 6.99998 7.18036
-72.0363 -9.93451 233.349 6.99999 7.18036
-90.0476 -12.4174 241.682 6.99999 7.18036
-108.06 -14.9 250.012 6.99999 7.18036
-126.073 -17.3823 258.34 6.99999 7.18036
-144.087 -19.8644 266.667 6.99999 7.18036
-162.102 -22.3463 274.992 7 7.18036
-180.117 -24.8281 283.317 7 7.18036
-0.00018892 -3.72957e-05 200 6.99998 7.18036
-18.0083 -2.48395 208.339 6.99998 7.18036
-36.0168 -4.96775 216.678 6.99998 7.18036
-54.026 -7.45131 225.015 6.99998 7.18036
-72.0363 -9.93451 233.349 6.99999 7.18036
-90.0476 -12.4174 241.682 6.99999 7.18036
-108.06 -14.9 250.012 6.99999 7.18036
-126.073 -17.3823 258.34 6.99999 7.18036
-144.087 -19.8644 266.667 6.99999 7.18036
-162.102 -22.3463 274.992 7 7.18036
-180.117 -24.8281 283.317 7 7.18036
-0.00018892 -3.72957e-05 200 6.99998 7.18036
-18.0083 -2.48395 208.339 6.99998 7.18036
-36.0168 -4.96775 216.678 6.99998 7.18036
-54.026 -7.45131 225.015 6.99998 7.18036
-72.0363 -9.93451 233.349 6.99999 7.18036
-90.0476 -12.4174 241.682 6.99999 7.18036
-108.06 -14.9 250.012 6.99999 7.18036
-126.073 -17.3823 258.34 6.99999 7.18036
-144.087 -19.8644 266.667 6.99999 7.18036
-162.102 -22.3463 274.992 7 7.18036
-180.117 -24.8281 283.317 7 7.18036
-0.00018892 -3.72957e-05 200 6.99998 7.18036
-18.0083 -2.48395 208.339 6.99998 7.18036
-36.0168 -4.96775 216.678 6.99998 7.18036
-54.026 -7.45131 225.015 6.99998 7.18036
-72.0363 -9.93451 233.349 6.99999 7.18036
-90.0476 -12.4174 241.682 6.99999 7.18036
-108.06 -14.9 250.012 6.99999 7.18036
-126.073 -17.3823 258.34 6.99999 7.18036
-144.087 -19.8644 266.667 6.99999 7.18036
-162.102 -22.3463 274.992 7 7.18036
-180.117 -24.8281 283.317 7 7.18036
