-2.8364e-05 1.95891e-05 200 6.99999 4.84024
-0.0208285 6.14256 180.966 6.99999 4.84024
-0.0412221 12.2853 161.933 6.99999 4.84024
-0.0605958 18.4283 142.9 6.99999 4.84024
-0.0784811 24.5717 123.867 6.99999 4.84024
-0.0945509 30.7155 104.834 6.99999 4.84024
-0.108741 36.8597 85.8009 7 4.84024
-0.121012 43.0046 66.7683 7 4.84024
-0.13147 49.15 47.7358 7 4.84024
-0.140685 55.2958 28.7035 7 4.84024
-0.149385 61.4418 9.67129 7 4.84024
-2.8364e-05 1.95891e-05 200 6.99999 4.84024
-0.0208285 6.14256 180.966 6.99999 4.84024
-0.0412221 12.2853 161.933 6.99999 4.84024
-0.0605958 18.4283 142.9 6.99999 4.84024
-0.0784811 24.5717 123.867 6.99999 4.84024
-0.0945509 30.7155 104.834 6.99999 4.84024
-0.108741 36.8597 85.8009 7 4.84024
-0.121012 43.0046 66.7683 7 4.84024
-0.13147 49.15 47.7358 7 4.84024
-0.140685 55.2958 28.7035 7 4.84024
-0.149385 61.4418 9.67129 7 4.84024
-2.8364e-05 1.95891e-05 200 6.99999 4.84024
-0.0208285 6.14256 180.966 6.99999 4.84024
-0.0412221 12.2853 161.933 6.99999 4.84024
-0.0605958 18.4283 142.9 6.99999 4.84024
-0.0784811 24.5717 123.867 6.99999 4.84024
-0.0945509 30.7155 104.834 6.99999 4.84024
-0.108741 36.8597 85.8009 7 4.84024
-0.121012 43.0046 66.7683 7 4.84024
-0.13147 49.15 47.7358 7 4.84024
-0.140685 55.2958 28.7035 7 4.84024
-0.149385 61.4418 9.67129 7 4.84024
-2.8364e-05 1.95891e-05 200 6.99999 4.84024
-0.0208285 6.14256 180.966 6.99999 4.84024
-0.0412221 12.2853 161.933 6.99999 4.84024
-0.0605958 18.4283 142.9 6.99999 4.84024
-0.0784811 24.5717 123.867 6.99999 4.84024
-0.0945509 30.7155 104.834 6.99999 4.84024
-0.108741 36.8597 85.8009 7 4.84024
-0.121012 43.0046 66.7683 7 4.84024
-0.13147 49.15 47.7358 7 4.84024
-0.140685 55.2958 28.7035 7 4.84024
-0.149385 61.4418 9.67129 7 4.84024
-2.8364e-05 1.95891e-05 200 6.99999 4.84024
-0.0208285 6.14256 180.966 6.99999 4.84024
-0.0412221 12.2853 161.933 6.99999 4.84024
-0.0605958 18.4283 142.9 6.99999 4.84024
-0.0784811 24.5717 123.867 6.99999 4.84024
-0.0945509 30.7155 104.834 6.99999 4.84024
-0.108741 36.8597 85.8009 7 4.84024
-0.121012 43.0046 66.7683 7 4.84024
-0.13147 49.15 47.7358 7 4.84024
-0.140685 55.2958 28.7035 7 4.84024
-0.149385 61.4418 9.67129 7 4.84024
-2.8364e-05 1.95891e-05 200 6.99999 4.84024
-0.0208285 6.14256 180.966 6.99999 4.84024
-0.0412221 12.2853 161.933 6.99999 4.84024
-0.0605958 18.4283 142.9 6.99999 4.84024
-0.0784811 24.5717 123.867 6.99999 4.84024
-0.0945509 30.7155 104.834 6.99999 4.84024
-0.108741 36.8597 85.8009 7 4.84024
-0.121012 43.0046 66.7683 7 4.84024
-0.13147 49.15 47.7358 7 4.84024
-0.140685 55.2958 28.7035 7 4.84024
-0.149385 61.4418 9.67129 7 4.84024
