-8.23917e-05 8.76292e-06 200 6.99999 4.0202
-18.6422 6.22212 196.291 6.99999 4.0202
-37.2842 12.4445 192.582 6.99999 4.0202
-55.9261 18.6673 188.872 6.99999 4.0202
-74.5676 24.8908 185.162 7 4.0202
-93.2088 31.1146 181.452 7 4.0202
-111.85 37.339 177.74 7 4.0202
-130.49 43.564 174.028 7 4.0202
-149.13 49.7897 170.315 7 4.0202
-167.77 56.0156 166.601 7 4.0202
-186.41 62.2418 162.887 7 4.0202
-8.23917e-05 8.76292e-06 200 6.99999 4.0202
-18.6422 6.22212 196.291 6.99999 4.0202
-37.2842 12.4445 192.582 6.99999 4.0202
-55.9261 18.6673 188.872 6.99999 4.0202
-74.5676 24.8908 185.162 7 4.0202
-93.2088 31.1146 181.452 7 4.0202
-111.85 37.339 177.74 7 4.0202
-130.49 43.564 174.028 7 4.0202
-149.13 49.7897 170.315 7 4.0202
-167.77 56.0156 166.601 7 4.0202
-186.41 62.2418 162.887 7 4.0202
-8.23917e-05 8.76292e-06 200 6.99999 4.0202
-18.6422 6.22212 196.291 6.99999 4.0202
-37.2842 12.4445 192.582 6.99999 4.0202
-55.9261 18.6673 188.872 6.99999 4.0202
-74.5676 24.8908 185.162 7 4.0202
-93.2088 31.1146 181.452 7 4.0202
-111.85 37.339 177.74 7 4.0202
-130.49 43.564 174.028 7 4.0202
-149.13 49.7897 170.315 7 4.0202
-167.77 56.0156 166.601 7 4.0202
-186.41 62.2418 162.887 7 4.0202
-8.23917e-05 8.76292e-06 200 6.99999 4.0202
-18.6422 6.22212 196.291 6.99999 4.0202
-37.2842 12.4445 192.582 6.99999 4.0202
-55.9261 18.6673 188.872 6.99999 4.0202
-74.5676 24.8908 185.162 7 4.0202
-93.2088 31.1146 181.452 7 4.0202
-111.85 37.339 177.74 7 4.0202
-130.49 43.564 174.028 7 4.0202
-149.13 49.7897 170.315 7 4.0202
-167.77 56.0156 166.601 7 4.0202
-186.41 62.2418 162.887 7 4.0202
-8.23917e-05 8.76292e-06 200 6.99999 4.0202
-18.6422 6.22212 196.291 6.99999 4.0202
-37.2842 12.4445 192.582 6.99999 4.0202
-55.9261 18.6673 188.872 6.99999 4.0202
-74.5676 24.8908 185.162 7 4.0202
-93.2088 31.1146 181.452 7 4.0202
-111.85 37.339 177.74 7 4.0202
-130.49 43.564 174.028 7 4.0202
-149.13 49.7897 170.315 7 4.0202
-167.77 56.0156 166.601 7 4.0202
-186.41 62.2418 162.887 7 4.0202
-8.23917e-05 8.76292e-06 200 6.99999 4.0202
-18.6422 6.22212 196.291 6.99999 4.0202
-37.2842 12.4445 192.582 6.99999 4.0202
-55.9261 18.6673 188.872 6.99999 4.0202
-74.5676 24.8908 185.162 7 4.0202
-93.2088 31.1146 181.452 7 4.0202
-111.85 37.339 177.74 7 4.0202
-130.49 43.564 174.028 7 4.0202
-149.13 49.7897 170.315 7 4.0202
-167.77 56.0156 166.601 7 4.0202
-186.41 62.2418 162.887 7 4.0202
