8.57993e-05 -4.18015e-05 200 7 2.34012
9.40434 -7.98598 215.741 7 2.34012
18.8077 -15.9716 231.483 7 2.34012
28.2096 -23.9565 247.226 7 2.34012
37.6094 -31.9401 262.971 7 2.34012
47.0069 -39.9221 278.719 7 2.34012
56.4022 -47.9023 294.468 7 2.34012
65.7953 -55.881 310.22 7 2.34012
75.1867 -63.8588 325.972 7 2.34012
84.5769 -71.836 341.727 7 2.34012
93.9662 -79.8128 357.481 7 2.34012
8.57993e-05 -4.18015e-05 200 7 2.34012
9.40434 -7.98598 215.741 7 2.34012
18.8077 -15.9716 231.483 7 2.34012
28.2096 -23.9565 247.226 7 2.34012
37.6094 -31.9401 262.971 7 2.34012
47.0069 -39.9221 278.719 7 2.34012
56.4022 -47.9023 294.468 7 2.34012
65.7953 -55.881 310.22 7 2.34012
75.1867 -63.8588 325.972 7 2.34012
84.5769 -71.836 341.727 7 2.34012
93.9662 -79.8128 357.481 7 2.34012
8.57993e-05 -4.18015e-05 200 7 2.34012
9.40434 -7.98598 215.741 7 2.34012
18.8077 -15.9716 231.483 7 2.34012
28.2096 -23.9565 247.226 7 2.34012
37.6094 -31.9401 262.971 7 2.34012
47.0069 -39.9221 278.719 7 2.34012
56.4022 -47.9023 294.468 7 2.34012
65.7953 -55.881 310.22 7 2.34012
75.1867 -63.8588 325.972 7 2.34012
84.5769 -71.836 341.727 7 2.34012
93.9662 -79.8128 357.481 7 2.34012
8.57993e-05 -4.18015e-05 200 7 2.34012
9.40434 -7.98598 215.741 7 2.34012
18.8077 -15.9716 231.483 7 2.34012
28.2096 -23.9565 247.226 7 2.34012
37.6094 -31.9401 262.971 7 2.34012
47.0069 -39.9221 278.719 7 2.34012
56.4022 -47.9023 294.468 7 2.34012
65.7953 -55.881 310.22 7 2.34012
75.1867 -63.8588 325.972 7 2.34012
84.5769 -71.836 341.727 7 2.34012
93.9662 -79.8128 357.481 7 2.34012
8.57993e-05 -4.18015e-05 200 7 2.34012
9.40434 -7.98598 215.741 7 2.34012
18.8077 -15.9716 231.483 7 2.34012
28.2096 -23.9565 247.226 7 2.34012
37.6094 -31.9401 262.971 7 2.34012
47.0069 -39.9221 278.719 7 2.34012
56.4022 -47.9023 294.468 7 2.34012
65.7953 -55.881 310.22 7 2.34012
75.1867 -63.8588 325.972 7 2.34012
84.5769 -71.836 341.727 7 2.34012
93.9662 -79.8128 357.481 7 2.34012
8.57993e-05 -4.18015e-05 200 7 2.34012
9.40434 -7.98598 215.741 7 2.34012
18.8077 -15.9716 231.483 7 2.34012
28.2096 -23.9565 247.226 7 2.34012
37.6094 -31.9401 262.971 7 2.34012
47.0069 -39.9221 278.719 7 2.34012
56.4022 -47.9023 294.468 7 2.34012
65.7953 -55.881 310.22 7 2.34012
75.1867 -63.8588 325.972 7 2.34012
84.5769 -71.836 341.727 7 2.34012
93.9662 -79.8128 357.481 7 2.34012
