5.18219e-06 -4.15904e-05 200 6.99999 3.30017
-12.6917 1.55076 215.379 6.99999 3.30017
-25.3842 3.10221 230.758 7 3.30017
-38.0776 4.6546 246.135 7 3.30017
-50.7722 6.20823 261.512 7 3.30017
-63.4683 7.76362 276.887 7 3.30017
-76.1659 9.32119 292.26 7 3.30017
-88.8649 10.8807 307.632 7 3.30017
-101.565 12.4416 323.003 7 3.30017
-114.266 14.0032 338.374 7 3.30017
-126.967 15.5651 353.744 7 3.30017
5.18219e-06 -4.15904e-05 200 6.99999 3.30017
-12.6917 1.55076 215.379 6.99999 3.30017
-25.3842 3.10221 230.758 7 3.30017
-38.0776 4.6546 246.135 7 3.30017
-50.7722 6.20823 261.512 7 3.30017
-63.4683 7.76362 276.887 7 3.30017
-76.1659 9.32119 292.26 7 3.30017
-88.8649 10.8807 307.632 7 3.30017
-101.565 12.4416 323.003 7 3.30017
-114.266 14.0032 338.374 7 3.30017
-126.967 15.5651 353.744 7 3.30017
5.18219e-06 -4.15904e-05 200 6.99999 3.30017
-12.6917 1.55076 215.379 6.99999 3.30017
-25.3842 3.10221 230.758 7 3.30017
-38.0776 4.6546 246.135 7 3.30017
-50.7722 6.20823 261.512 7 3.30017
-63.4683 7.76362 276.887 7 3.30017
-76.1659 9.32119 292.26 7 3.30017
-88.8649 10.8807 307.632 7 3.30017
-101.565 12.4416 323.003 7 3.30017
-114.266 14.0032 338.374 7 3.30017
-126.967 15.5651 353.744 7 3.30017
5.18219e-06 -4.15904e-05 200 6.99999 3.30017
-12.6917 1.55076 215.379 6.99999 3.30017
-25.3842 3.10221 230.758 7 3.30017
-38.0776 4.6546 246.135 7 3.30017
-50.7722 6.20823 261.512 7 3.30017
-63.4683 7.76362 276.887 7 3.30017
-76.1659 9.32119 292.26 7 3.30017
-88.8649 10.8807 307.632 7 3.30017
-101.565 12.4416 323.003 7 3.30017
-114.266 14.0032 338.374 7 3.30017
-126.967 15.5651 353.744 7 3.30017
5.18219e-06 -4.15904e-05 200 6.99999 3.30017
-12.6917 1.55076 215.379 6.99999 3.30017
-25.3842 3.10221 230.758 7 3.30017
-38.0776 4.6546 246.135 7 3.30017
-50.7722 6.20823 261.512 7 3.30017
-63.4683 7.76362 276.887 7 3.30017
-76.1659 9.32119 292.26 7 3.30017
-88.8649 10.8807 307.632 7 3.30017
-101.565 12.4416 323.003 7 3.30017
-114.266 14.0032 338.374 7 3.30017
-126.967 15.5651 353.744 7 3.30017
5.18219e-06 -4.15904e-05 200 6.99999 3.30017
-12.6917 1.55076 215.379 6.99999 3.30017
-25.3842 3.10221 230.758 7 3.30017
-38.0776 4.6546 246.135 7 3.30017
-50.7722 6.20823 261.512 7 3.30017
-63.4683 7.76362 276.887 7 3.30017
-76.1659 9.32119 292.26 7 3.30017
-88.8649 10.8807 307.632 7 3.30017
-101.565 12.4416 323.003 7 3.30017
-114.266 14.0032 338.374 7 3.30017
-126.967 15.5651 353.744 7 3.30017
