0.000401913 3.15934e-05 200 6.99997 8.52043
19.2539 1.29084 194.742 6.99997 8.52043
38.5075 2.58157 189.485 6.99997 8.52043
57.7611 3.87218 184.227 6.99997 8.52043
77.0147 5.16264 178.97 6.99997 8.52043
96.2683 6.453 173.713 6.99998 8.52043
115.522 7.74328 168.456 6.99998 8.52043
134.776 9.03348 163.199 6.99998 8.52043
154.03 10.3236 157.943 6.99999 8.52043
173.284 11.6136 152.687 6.99999 8.52043
192.538 12.9036 147.432 6.99999 8.52043
0.000401913 3.15934e-05 200 6.99997 8.52043
19.2539 1.29084 194.742 6.99997 8.52043
38.5075 2.58157 189.485 6.99997 8.52043
57.7611 3.87218 184.227 6.99997 8.52043
77.0147 5.16264 178.97 6.99997 8.52043
96.2683 6.453 173.713 6.99998 8.52043
115.522 7.74328 168.456 6.99998 8.52043
134.776 9.03348 163.199 6.99998 8.52043
154.03 10.3236 157.943 6.99999 8.52043
173.284 11.6136 152.687 6.99999 8.52043
192.538 12.9036 147.432 6.99999 8.52043
0.000401913 3.15934e-05 200 6.99997 8.52043
19.2539 1.29084 194.742 6.99997 8.52043
38.5075 2.58157 189.485 6.99997 8.52043
57.7611 3.87218 184.227 6.99997 8.52043
77.0147 5.16264 178.97 6.99997 8.52043
96.2683 6.453 173.713 6.99998 8.52043
115.522 7.74328 168.456 6.99998 8.52043
134.776 9.03348 163.199 6.99998 8.52043
154.03 10.3236 157.943 6.99999 8.52043
173.284 11.6136 152.687 6.99999 8.52043
192.538 12.9036 147.432 6.99999 8.52043
0.000401913 3.15934e-05 200 6.99997 8.52043
19.2539 1.29084 194.742 6.99997 8.52043
38.5075 2.58157 189.485 6.99997 8.52043
57.7611 3.87218 184.227 6.99997 8.52043
77.0147 5.16264 178.97 6.99997 8.52043
96.2683 6.453 173.713 6.99998 8.52043
115.522 7.74328 168.456 6.99998 8.52043
134.776 9.03348 163.199 6.99998 8.52043
154.03 10.3236 157.943 6.99999 8.52043
173.284 11.6136 152.687 6.99999 8.52043
192.538 12.9036 147.432 6.99999 8.52043
0.000401913 3.15934e-05 200 6.99997 8.52043
19.2539 1.29084 194.742 6.99997 8.52043
38.5075 2.58157 189.485 6.99997 8.52043
57.7611 3.87218 184.227 6.99997 8.52043
77.0147 5.16264 178.97 6.99997 8.52043
96.2683 6.453 173.713 6.99998 8.52043
115.522 7.74328 168.456 6.99998 8.52043
134.776 9.03348 163.199 6.99998 8.52043
154.03 10.3236 157.943 6.99999 8.52043
173.284 11.6136 152.687 6.99999 8.52043
192.538 12.9036 147.432 6.99999 8.52043
0.000401913 3.15934e-05 200 6.99997 8.52043
19.2539 1.29084 194.742 6.99997 8.52043
38.5075 2.58157 189.485 6.99997 8.52043
57.7611 3.87218 184.227 6.99997 8.52043
77.0147 5.16264 178.97 6.99997 8.52043
96.2683 6.453 173.713 6.99998 8.52043
115.522 7.74328 168.456 6.99998 8.52043
134.776 9.03348 163.199 6.99998 8.52043
154.03 10.3236 157.943 6.99999 8.52043
173.284 11.6136 152.687 6.99999 8.52043
192.538 12.9036 147.432 6.99999 8.52043
