0.000000000000000e+00 0.000000000000000e+00 0.000000000000000e+00 0.000000000000000e+00 0.000000000000000e+00 0.000000000000000e+00
3.000000090531213e-02 -1.717703583976895e-04 0.000000000000000e+00 3.000000090531213e-02 -1.784658163432516e-04 0.000000000000000e+00
5.999991557418589e-02 -3.566844500250582e-04 0.000000000000000e+00 5.999991557418589e-02 -3.700000023621769e-04 0.000000000000000e+00
8.999978008709905e-02 -5.545141524240437e-04 0.000000000000000e+00 8.999978008709905e-02 -5.744706912158684e-04 0.000000000000000e+00
1.199995487037838e-01 -7.652115299401664e-04 0.000000000000000e+00 1.199995487037838e-01 -7.917454696911791e-04 0.000000000000000e+00
1.499992851729342e-01 -9.882908604593832e-04 0.000000000000000e+00 1.499992851729342e-01 -1.021692711209320e-03 0.000000000000000e+00
1.799988183310264e-01 -1.223866092503097e-03 0.000000000000000e+00 1.799988183310264e-01 -1.264178950206194e-03 0.000000000000000e+00
2.099981653258606e-01 -1.472033423788763e-03 0.000000000000000e+00 2.099981653258606e-01 -1.519072078963472e-03 0.000000000000000e+00
2.399975300322803e-01 -1.732949331158291e-03 0.000000000000000e+00 2.399975300322803e-01 -1.786241723944000e-03 0.000000000000000e+00
2.699969540084072e-01 -2.005337707824147e-03 0.000000000000000e+00 2.699969540084072e-01 -2.065556300969619e-03 0.000000000000000e+00
2.999958517457528e-01 -2.290018646961179e-03 0.000000000000000e+00 2.999958517457528e-01 -2.356878077470131e-03 0.000000000000000e+00
3.299950726326906e-01 -2.586405331949678e-03 0.000000000000000e+00 3.299950726326906e-01 -2.660083181641129e-03 0.000000000000000e+00
3.599939357381779e-01 -2.894810911863594e-03 0.000000000000000e+00 3.599939357381779e-01 -2.975032714841675e-03 0.000000000000000e+00
3.899927211728710e-01 -3.214720305820376e-03 0.000000000000000e+00 3.899927211728710e-01 -3.301597367712617e-03 0.000000000000000e+00
4.199914671480677e-01 -3.545912376840342e-03 0.000000000000000e+00 4.199914671480677e-01 -3.639645494948998e-03 0.000000000000000e+00
4.499901054772376e-01 -3.888402848615314e-03 0.000000000000000e+00 4.499901054772376e-01 -3.989044251591797e-03 0.000000000000000e+00
4.799883146028454e-01 -4.242444074562166e-03 0.000000000000000e+00 4.799883146028454e-01 -4.349657599489929e-03 0.000000000000000e+00
5.099867085981383e-01 -4.607389039355037e-03 0.000000000000000e+00 5.099867085981383e-01 -4.721360795486417e-03 0.000000000000000e+00
5.399848861334703e-01 -4.983271131898522e-03 0.000000000000000e+00 5.399848861334703e-01 -5.104016863024832e-03 0.000000000000000e+00
5.699828055936839e-01 -5.370091377707750e-03 0.000000000000000e+00 5.699828055936839e-01 -5.497493027653753e-03 0.000000000000000e+00
5.999807673026966e-01 -5.767669041908494e-03 0.000000000000000e+00 5.999807673026966e-01 -5.901661129117808e-03 0.000000000000000e+00
6.299783338182519e-01 -6.175583231440270e-03 0.000000000000000e+00 6.299783338182519e-01 -6.316383105670164e-03 0.000000000000000e+00
6.599761101413055e-01 -6.594169999873114e-03 0.000000000000000e+00 6.599761101413055e-01 -6.741535244051877e-03 0.000000000000000e+00
6.899734790855551e-01 -7.022975579550033e-03 0.000000000000000e+00 6.899734790855551e-01 -7.176976717468430e-03 0.000000000000000e+00
7.199708554227893e-01 -7.461794933862663e-03 0.000000000000000e+00 7.199708554227893e-01 -7.622581365426337e-03 0.000000000000000e+00
7.499679159755281e-01 -7.910385144976349e-03 0.000000000000000e+00 7.499679159755281e-01 -8.078212258183191e-03 0.000000000000000e+00
7.799650481932067e-01 -8.369199886051093e-03 0.000000000000000e+00 7.799650481932067e-01 -8.543743186613332e-03 0.000000000000000e+00
8.099619364014294e-01 -8.838089535653147e-03 0.000000000000000e+00 8.099619364014294e-01 -9.019037196850229e-03 0.000000000000000e+00
8.399584223081312e-01 -9.315999191997293e-03 0.000000000000000e+00 8.399584223081312e-01 -9.503959499624048e-03 0.000000000000000e+00
8.699549642046143e-01 -9.803926689554803e-03 0.000000000000000e+00 8.699549642046143e-01 -9.998385372675618e-03 0.000000000000000e+00
8.999515317974296e-01 -1.030093876176692e-02 0.000000000000000e+00 8.999515317974296e-01 -1.050218239154534e-02 0.000000000000000e+00
9.299477895687029e-01 -1.080723124305588e-02 0.000000000000000e+00 9.299477895687029e-01 -1.101521282638697e-02 0.000000000000000e+00
9.599438774982941e-01 -1.132245512446164e-02 0.000000000000000e+00 9.599438774982941e-01 -1.153734689053289e-02 0.000000000000000e+00
9.899397390472914e-01 -1.184691823106680e-02 0.000000000000000e+00 9.899397390472914e-01 -1.206845146312860e-02 0.000000000000000e+00
1.019935546780165e+00 -1.238029485083763e-02 0.000000000000000e+00 1.019935546780165e+00 -1.260839751909057e-02 0.000000000000000e+00
1.049931087603898e+00 -1.292205512920986e-02 0.000000000000000e+00 1.049931087603898e+00 -1.315704912870452e-02 0.000000000000000e+00
1.079926541075835e+00 -1.347258914455012e-02 0.000000000000000e+00 1.079926541075835e+00 -1.371427747165697e-02 0.000000000000000e+00
1.109921881195132e+00 -1.403160270366905e-02 0.000000000000000e+00 1.109921881195132e+00 -1.427995003014894e-02 0.000000000000000e+00
1.139917223341170e+00 -1.459900890686494e-02 0.000000000000000e+00 1.139917223341170e+00 -1.485393698490814e-02 0.000000000000000e+00
1.169912171264674e+00 -1.517424094119697e-02 0.000000000000000e+00 1.169912171264674e+00 -1.543609864547751e-02 0.000000000000000e+00
1.199906970632828e+00 -1.575782128720067e-02 0.000000000000000e+00 1.199906970632828e+00 -1.602630761565838e-02 0.000000000000000e+00
1.229901752889692e+00 -1.634902060183898e-02 0.000000000000000e+00 1.229901752889692e+00 -1.662443447427289e-02 0.000000000000000e+00
1.259896050469606e+00 -1.694850498803158e-02 0.000000000000000e+00 1.259896050469606e+00 -1.723033776215769e-02 0.000000000000000e+00
1.289890566126561e+00 -1.755520854877540e-02 0.000000000000000e+00 1.289890566126561e+00 -1.784389963488579e-02 0.000000000000000e+00
1.319884865705898e+00 -1.816919725744116e-02 0.000000000000000e+00 1.319884865705898e+00 -1.846497927721233e-02 0.000000000000000e+00
1.349878983431694e+00 -1.879119323156437e-02 0.000000000000000e+00 1.349878983431694e+00 -1.909344531501791e-02 0.000000000000000e+00
1.379872759972884e+00 -1.942012779444833e-02 0.000000000000000e+00 1.379872759972884e+00 -1.972916228718378e-02 0.000000000000000e+00
1.409866491600059e+00 -2.005636397623111e-02 0.000000000000000e+00 1.409866491600059e+00 -2.037200440553298e-02 0.000000000000000e+00
1.439860260100947e+00 -2.069929993195914e-02 0.000000000000000e+00 1.439860260100947e+00 -2.102184149301158e-02 0.000000000000000e+00
1.469853712063790e+00 -2.134960938600174e-02 0.000000000000000e+00 1.469853712063790e+00 -2.167853387024756e-02 0.000000000000000e+00
1.499847076703355e+00 -2.200603639232271e-02 0.000000000000000e+00 1.499847076703355e+00 -2.234195449437719e-02 0.000000000000000e+00
1.529840235568342e+00 -2.266932492031844e-02 0.000000000000000e+00 1.529840235568342e+00 -2.301196872636406e-02 0.000000000000000e+00
1.559833452168890e+00 -2.333916416426233e-02 0.000000000000000e+00 1.559833452168890e+00 -2.368845048393058e-02 0.000000000000000e+00
1.589826271275325e+00 -2.401551226482816e-02 0.000000000000000e+00 1.589826271275325e+00 -2.437125747307138e-02 0.000000000000000e+00
1.619818906531626e+00 -2.469755313159588e-02 0.000000000000000e+00 1.619818906531626e+00 -2.506026245957228e-02 0.000000000000000e+00
1.649811565133510e+00 -2.538583955750011e-02 0.000000000000000e+00 1.649811565133510e+00 -2.575533824070899e-02 0.000000000000000e+00
1.679804095110465e+00 -2.608054836907013e-02 0.000000000000000e+00 1.679804095110465e+00 -2.645634935110924e-02 0.000000000000000e+00
1.709796581426637e+00 -2.678049194508599e-02 0.000000000000000e+00 1.709796581426637e+00 -2.716316581473518e-02 0.000000000000000e+00
1.739788657891049e+00 -2.748606476723237e-02 0.000000000000000e+00 1.739788657891049e+00 -2.787564696299712e-02 0.000000000000000e+00
1.769780701012180e+00 -2.819755903264183e-02 0.000000000000000e+00 1.769780701012180e+00 -2.859366970908480e-02 0.000000000000000e+00
1.799772935045254e+00 -2.891412707105580e-02 0.000000000000000e+00 1.799772935045254e+00 -2.931710755939054e-02 0.000000000000000e+00
1.829764665313603e+00 -2.963635727227241e-02 0.000000000000000e+00 1.829764665313603e+00 -3.004581177043097e-02 0.000000000000000e+00
1.859756308718962e+00 -3.036336270339621e-02 0.000000000000000e+00 1.859756308718962e+00 -3.077966041529990e-02 0.000000000000000e+00
1.889747929250183e+00 -3.109562448843965e-02 0.000000000000000e+00 1.889747929250183e+00 -3.151852313232367e-02 0.000000000000000e+00
1.919739390581800e+00 -3.183288433127537e-02 0.000000000000000e+00 1.919739390581800e+00 -3.226226461973319e-02 0.000000000000000e+00
1.949730790631922e+00 -3.257445069630297e-02 0.000000000000000e+00 1.949730790631922e+00 -3.301075535537377e-02 0.000000000000000e+00
1.979722022059972e+00 -3.332092383222950e-02 0.000000000000000e+00 1.979722022059972e+00 -3.376386071102539e-02 0.000000000000000e+00
2.009713200280014e+00 -3.407176875478124e-02 0.000000000000000e+00 2.009713200280014e+00 -3.452145164001427e-02 0.000000000000000e+00
2.039704279955331e+00 -3.482705558130399e-02 0.000000000000000e+00 2.039704279955331e+00 -3.528339507072120e-02 0.000000000000000e+00
2.069695083431460e+00 -3.558651173582183e-02 0.000000000000000e+00 2.069695083431460e+00 -3.604955451841964e-02 0.000000000000000e+00
2.099685961074630e+00 -3.635004254008970e-02 0.000000000000000e+00 2.099685961074630e+00 -3.681980700194758e-02 0.000000000000000e+00
2.129676601090394e+00 -3.711771722190280e-02 0.000000000000000e+00 2.129676601090394e+00 -3.759401259301038e-02 0.000000000000000e+00
2.159667357891415e+00 -3.788882781975867e-02 0.000000000000000e+00 2.159667357891415e+00 -3.837204852956489e-02 0.000000000000000e+00
2.189657845930260e+00 -3.866388254464505e-02 0.000000000000000e+00 2.189657845930260e+00 -3.915377289528869e-02 0.000000000000000e+00
2.219648207281139e+00 -3.944276718036427e-02 0.000000000000000e+00 2.219648207281139e+00 -3.993905743703989e-02 0.000000000000000e+00
2.249638652788450e+00 -4.022466012273694e-02 0.000000000000000e+00 2.249638652788450e+00 -4.072777578496491e-02 0.000000000000000e+00
2.279629013729292e+00 -4.100987544287797e-02 0.000000000000000e+00 2.279629013729292e+00 -4.151979161916933e-02 0.000000000000000e+00
2.309618863923277e+00 -4.179837896352662e-02 0.000000000000000e+00 2.309618863923277e+00 -4.231496170812213e-02 0.000000000000000e+00
2.339609113318641e+00 -4.258994865211983e-02 0.000000000000000e+00 2.339609113318641e+00 -4.311317828159886e-02 0.000000000000000e+00
2.369599060659537e+00 -4.338443248163462e-02 0.000000000000000e+00 2.369599060659537e+00 -4.391429081203603e-02 0.000000000000000e+00
2.399589124092552e+00 -4.418164122704520e-02 0.000000000000000e+00 2.399589124092552e+00 -4.471817856405369e-02 0.000000000000000e+00
2.429578984117256e+00 -4.498130923729775e-02 0.000000000000000e+00 2.429578984117256e+00 -4.552470108475521e-02 0.000000000000000e+00
2.459568817782031e+00 -4.578396957134510e-02 0.000000000000000e+00 2.459568817782031e+00 -4.633373122944180e-02 0.000000000000000e+00
2.489558542961224e+00 -4.658855560737560e-02 0.000000000000000e+00 2.489558542961224e+00 -4.714513489122713e-02 0.000000000000000e+00
2.519548092015432e+00 -4.739548050564663e-02 0.000000000000000e+00 2.519548092015432e+00 -4.795877833360207e-02 0.000000000000000e+00
2.549537999611919e+00 -4.820450976874922e-02 0.000000000000000e+00 2.549537999611919e+00 -4.877454420833954e-02 0.000000000000000e+00
2.579527331244115e+00 -4.901566979739604e-02 0.000000000000000e+00 2.579527331244115e+00 -4.959227520150453e-02 0.000000000000000e+00
2.609516969511032e+00 -4.982881024306090e-02 0.000000000000000e+00 2.609516969511032e+00 -5.041186348058076e-02 0.000000000000000e+00
2.639506495453000e+00 -5.064346232496417e-02 0.000000000000000e+00 2.639506495453000e+00 -5.123316574238496e-02 0.000000000000000e+00
2.669495737290480e+00 -5.145960038494915e-02 0.000000000000000e+00 2.669495737290480e+00 -5.205604537933318e-02 0.000000000000000e+00
2.699485240563194e+00 -5.227708972967199e-02 0.000000000000000e+00 2.699485240563194e+00 -5.288038548874738e-02 0.000000000000000e+00
2.729474652325884e+00 -5.309620005564658e-02 0.000000000000000e+00 2.729474652325884e+00 -5.370604451151707e-02 0.000000000000000e+00
2.759463958397721e+00 -5.391636721882272e-02 0.000000000000000e+00 2.759463958397721e+00 -5.453289017515357e-02 0.000000000000000e+00
2.789453300005793e+00 -5.473779109750521e-02 0.000000000000000e+00 2.789453300005793e+00 -5.536079450050659e-02 0.000000000000000e+00
2.819442533035268e+00 -5.555977408040452e-02 0.000000000000000e+00 2.819442533035268e+00 -5.618962163729099e-02 0.000000000000000e+00
2.849431739041855e+00 -5.638271448463676e-02 0.000000000000000e+00 2.849431739041855e+00 -5.701924196588852e-02 0.000000000000000e+00
2.879420949432000e+00 -5.720628463198947e-02 0.000000000000000e+00 2.879420949432000e+00 -5.784952448711565e-02 0.000000000000000e+00
2.909410183613887e+00 -5.803072974553555e-02 0.000000000000000e+00 2.909410183613887e+00 -5.868033787196172e-02 0.000000000000000e+00
2.939399328202050e+00 -5.885501661761227e-02 0.000000000000000e+00 2.939399328202050e+00 -5.951154711083146e-02 0.000000000000000e+00
2.969388656850452e+00 -5.968000687859877e-02 0.000000000000000e+00 2.969388656850452e+00 -6.034302792263375e-02 0.000000000000000e+00
2.999377835263757e+00 -6.050507277412515e-02 0.000000000000000e+00 2.999377835263757e+00 -6.117463917201066e-02 0.000000000000000e+00
