0.000000000000000e+00 0.000000000000000e+00 -4.850000000000000e+01
-1.554734563703813e-16 2.492285829711248e-09 -4.749999463594423e+01
-1.713646027562557e-04 1.570129250055838e-04 -4.649998929888901e+01
-3.985108848947617e-04 4.806589589335744e-04 -4.549998401299231e+01
-6.018461895331280e-04 9.350180546245914e-04 -4.449997877282326e+01
-7.421309351040458e-04 1.467599278565841e-03 -4.349997356042194e+01
-8.124955096639017e-04 2.029978107641690e-03 -4.249996835697262e+01
-8.254292540163367e-04 2.588243402489789e-03 -4.149996314882704e+01
-8.003359814075022e-04 3.124748440128950e-03 -4.049995792900310e+01
-7.548924868860335e-04 3.634277578515311e-03 -3.949995269578154e+01
-7.012669941096195e-04 4.118009911217027e-03 -3.849994745015385e+01
-6.466410599094362e-04 4.578100438715559e-03 -3.749994219343298e+01
-5.964912229848311e-04 5.014760542246794e-03 -3.649993692597436e+01
-5.586148894731182e-04 5.426683018478915e-03 -3.549993164747722e+01
-5.457976837734645e-04 5.814630374224623e-03 -3.449992635875518e+01
-5.752665852873451e-04 6.186998675837733e-03 -3.349992106446201e+01
-6.637135985911837e-04 6.565205917492435e-03 -3.249991577583338e+01
-8.178271238620584e-04 6.985972226179481e-03 -3.149991051217090e+01
-1.021996012446969e-03 7.497269022543157e-03 -3.049990529966108e+01
-1.227011118157880e-03 8.145368109896642e-03 -2.949990016663369e+01
-1.345692474378308e-03 8.952479044574203e-03 -2.849989513532851e+01
-1.262525189916609e-03 9.888147254163111e-03 -2.749989021246160e+01
-8.633965177107175e-04 1.084257200626854e-02 -2.649988538350927e+01
-8.720418962421875e-05 1.161513256532663e-02 -2.549988061910760e+01
1.007172546244514e-03 1.193456474104028e-02 -2.449987590489546e+01
2.176634285612793e-03 1.152555004627281e-02 -2.349987130830000e+01
2.962745772031944e-03 1.022707868946488e-02 -2.249986709624362e+01
2.732268509024661e-03 8.149168310575952e-03 -2.149986391760452e+01
8.251456911076571e-04 5.827593583060666e-03 -2.049986306697310e+01
-3.174771605287481e-03 4.306952122348218e-03 -1.949986685880077e+01
-9.073578845049383e-03 5.061771162962038e-03 -1.849987917773574e+01
-1.569557703553869e-02 9.669052599081863e-03 -1.749990635314358e+01
-2.066553948613238e-02 1.919025571680926e-02 -1.649995866764178e+01
-2.055637956922115e-02 3.331725048957533e-02 -1.550005310047321e+01
-1.161113672140008e-02 4.948168243517501e-02 -1.450021840405169e+01
8.848144188216287e-03 6.229301163550596e-02 -1.350050443858479e+01
4.043036859501535e-02 6.380006626481931e-02 -1.250099905356896e+01
7.754605223803780e-02 4.508025822111487e-02 -1.150185806572483e+01
1.079763171239475e-01 -5.448939989452272e-04 -1.050335766200033e+01
1.133063612445382e-01 -7.286246835096011e-02 -9.505984883837732e+00
7.245847961304792e-02 -1.596708717244074e-01 -8.510592282947144e+00
-3.085964678125634e-02 -2.331888662847132e-01 -7.518659265837476e+00
-1.970955956713580e-01 -2.508341561313218e-01 -6.532725784236133e+00
-3.984423298362447e-01 -1.636535436665875e-01 -5.557087787528095e+00
-5.701384756498237e-01 6.501360452117151e-02 -4.598838315738664e+00
-6.139311186080731e-01 4.309086154569466e-01 -3.669207732995641e+00
-4.249338859615338e-01 8.573864730538977e-01 -2.784670467219811e+00
4.933292424362098e-02 1.181448731919720e+00 -1.966096445856135e+00
7.288366710966645e-01 1.194250102401643e+00 -1.232530734604479e+00
1.361130524275127e+00 7.660592380555502e-01 -5.868806812763022e-01
1.623295743211913e+00 0.000000000000000e+00 0.000000000000000e+00
1.361130524275127e+00 -7.660592380555502e-01 5.868806812763022e-01
7.288366710966645e-01 -1.194250102401643e+00 1.232530734604479e+00
4.933292424362098e-02 -1.181448731919720e+00 1.966096445856135e+00
-4.249338859615338e-01 -8.573864730538977e-01 2.784670467219811e+00
-6.139311186080731e-01 -4.309086154569466e-01 3.669207732995641e+00
-5.701384756498237e-01 -6.501360452117151e-02 4.598838315738664e+00
-3.984423298362447e-01 1.636535436665875e-01 5.557087787528095e+00
-1.970955956713580e-01 2.508341561313218e-01 6.532725784236133e+00
-3.085964678125634e-02 2.331888662847132e-01 7.518659265837476e+00
7.245847961304792e-02 1.596708717244074e-01 8.510592282947144e+00
1.133063612445382e-01 7.286246835096011e-02 9.505984883837732e+00
1.079763171239475e-01 5.448939989452272e-04 1.050335766200033e+01
7.754605223803780e-02 -4.508025822111487e-02 1.150185806572483e+01
4.043036859501535e-02 -6.380006626481931e-02 1.250099905356896e+01
8.848144188216287e-03 -6.229301163550596e-02 1.350050443858479e+01
-1.161113672140008e-02 -4.948168243517501e-02 1.450021840405169e+01
-2.055637956922115e-02 -3.331725048957533e-02 1.550005310047321e+01
-2.066553948613238e-02 -1.919025571680926e-02 1.649995866764178e+01
-1.569557703553869e-02 -9.669052599081863e-03 1.749990635314358e+01
-9.073578845049383e-03 -5.061771162962038e-03 1.849987917773574e+01
-3.174771605287481e-03 -4.306952122348218e-03 1.949986685880077e+01
8.251456911076571e-04 -5.827593583060666e-03 2.049986306697310e+01
2.732268509024661e-03 -8.149168310575952e-03 2.149986391760452e+01
2.962745772031944e-03 -1.022707868946488e-02 2.249986709624362e+01
2.176634285612793e-03 -1.152555004627281e-02 2.349987130830000e+01
1.007172546244514e-03 -1.193456474104028e-02 2.449987590489546e+01
-8.720418962421875e-05 -1.161513256532663e-02 2.549988061910760e+01
-8.633965177107175e-04 -1.084257200626854e-02 2.649988538350927e+01
-1.262525189916609e-03 -9.888147254163111e-03 2.749989021246160e+01
-1.345692474378308e-03 -8.952479044574203e-03 2.849989513532851e+01
-1.227011118157880e-03 -8.145368109896642e-03 2.949990016663369e+01
-1.021996012446969e-03 -7.497269022543157e-03 3.049990529966108e+01
-8.178271238620584e-04 -6.985972226179481e-03 3.149991051217090e+01
-6.637135985911837e-04 -6.565205917492435e-03 3.249991577583338e+01
-5.752665852873451e-04 -6.186998675837733e-03 3.349992106446201e+01
-5.457976837734645e-04 -5.814630374224623e-03 3.449992635875518e+01
-5.586148894731182e-04 -5.426683018478915e-03 3.549993164747722e+01
-5.964912229848311e-04 -5.014760542246794e-03 3.649993692597436e+01
-6.466410599094362e-04 -4.578100438715559e-03 3.749994219343298e+01
-7.012669941096195e-04 -4.118009911217027e-03 3.849994745015385e+01
-7.548924868860335e-04 -3.634277578515311e-03 3.949995269578154e+01
-8.003359814075022e-04 -3.124748440128950e-03 4.049995792900310e+01
-8.254292540163367e-04 -2.588243402489789e-03 4.149996314882704e+01
-8.124955096639017e-04 -2.029978107641690e-03 4.249996835697262e+01
-7.421309351040458e-04 -1.467599278565841e-03 4.349997356042194e+01
-6.018461895331280e-04 -9.350180546245914e-04 4.449997877282326e+01
-3.985108848947617e-04 -4.806589589335744e-04 4.549998401299231e+01
-1.713646027562557e-04 -1.570129250055838e-04 4.649998929888901e+01
-1.554734563703813e-16 -2.492285829711248e-09 4.749999463594423e+01
0.000000000000000e+00 0.000000000000000e+00 4.850000000000000e+01
