0 0 -48.5 0.349999 3400
1.36954e-14 2.49229e-09 -47.5 0.349999 3400
-0.000171364 0.000157014 -46.5 0.349999 3400
-0.000398508 0.000480663 -45.5 0.349999 3400
-0.000601841 0.000935024 -44.5 0.349999 3400
-0.000742121 0.00146761 -43.5 0.349999 3400
-0.000812479 0.00202999 -42.5 0.349999 3400
-0.000825406 0.00258825 -41.5 0.349999 3400
-0.000800306 0.00312475 -40.5 0.349999 3400
-0.000754855 0.00363428 -39.5 0.349999 3400
-0.000701223 0.004118 -38.4999 0.349999 3400
-0.000646593 0.00457808 -37.4999 0.349999 3400
-0.000596441 0.00501473 -36.4999 0.349999 3400
-0.000558566 0.00542664 -35.4999 0.349999 3400
-0.000545755 0.00581457 -34.4999 0.349999 3400
-0.000575234 0.00618692 -33.4999 0.349999 3400
-0.000663696 0.00656511 -32.4999 0.349999 3400
-0.000817829 0.00698587 -31.4999 0.349999 3400
-0.00102202 0.00749716 -30.4999 0.349999 3400
-0.00122706 0.00814526 -29.4999 0.349999 3400
-0.00134576 0.00895238 -28.4999 0.349999 3400
-0.00126262 0.00988806 -27.4999 0.349999 3400
-0.000863508 0.0108425 -26.4999 0.349999 3400
-8.73284e-05 0.0116151 -25.4999 0.349999 3400
0.00100704 0.0119345 -24.4999 0.349999 3400
0.0021765 0.0115255 -23.4999 0.349999 3400
0.00296261 0.0102271 -22.4999 0.349999 3400
0.00273214 0.00814918 -21.4999 0.349999 3400
0.000825031 0.00582761 -20.4999 0.349999 3400
-0.00317488 0.00430697 -19.4999 0.349999 3400
-0.00907368 0.00506178 -18.4999 0.349999 3400
-0.0156957 0.00966905 -17.4999 0.349999 3400
-0.0206656 0.0191902 -16.5 0.349999 3400
-0.0205565 0.0333172 -15.5001 0.349999 3400
-0.0116113 0.0494816 -14.5002 0.349999 3400
0.00884801 0.062293 -13.5005 0.349999 3400
0.0404302 0.0638 -12.501 0.349999 3400
0.0775459 0.0450802 -11.5019 0.349999 3400
0.107976 -0.000544944 -10.5034 0.349999 3400
0.113306 -0.0728625 -9.50598 0.349999 3400
0.0724583 -0.159671 -8.51059 0.349999 3400
-0.0308599 -0.233189 -7.51866 0.349999 3400
-0.197096 -0.250834 -6.53273 0.349999 3400
-0.398443 -0.163654 -5.55709 0.349999 3400
-0.570139 0.0650136 -4.59884 0.349999 3400
-0.613931 0.430909 -3.66921 0.349999 3400
-0.424934 0.857386 -2.78467 0.349999 3400
0.0493327 1.18145 -1.9661 0.349999 3400
0.728836 1.19425 -1.23253 0.349999 3400
1.36113 0.766059 -0.586881 0.349999 3400
1.6233 0 0 0.349999 3400
1.36113 -0.766059 0.586881 0.349999 3400
0.728836 -1.19425 1.23253 0.349999 3400
0.0493327 -1.18145 1.9661 0.349999 3400
-0.424934 -0.857386 2.78467 0.349999 3400
-0.613931 -0.430909 3.66921 0.349999 3400
-0.570139 -0.0650136 4.59884 0.349999 3400
-0.398443 0.163654 5.55709 0.349999 3400
-0.197096 0.250834 6.53273 0.349999 3400
-0.0308599 0.233189 7.51866 0.349999 3400
0.0724583 0.159671 8.51059 0.349999 3400
0.113306 0.0728625 9.50598 0.349999 3400
0.107976 0.000544944 10.5034 0.349999 3400
0.0775459 -0.0450802 11.5019 0.349999 3400
0.0404302 -0.0638 12.501 0.349999 3400
0.00884801 -0.062293 13.5005 0.349999 3400
-0.0116113 -0.0494816 14.5002 0.349999 3400
-0.0205565 -0.0333172 15.5001 0.349999 3400
-0.0206656 -0.0191902 16.5 0.349999 3400
-0.0156957 -0.00966905 17.4999 0.349999 3400
-0.00907368 -0.00506178 18.4999 0.349999 3400
-0.00317488 -0.00430697 19.4999 0.349999 3400
0.000825031 -0.00582761 20.4999 0.349999 3400
0.00273214 -0.00814918 21.4999 0.349999 3400
0.00296261 -0.0102271 22.4999 0.349999 3400
0.0021765 -0.0115255 23.4999 0.349999 3400
0.00100704 -0.0119345 24.4999 0.349999 3400
-8.73284e-05 -0.0116151 25.4999 0.349999 3400
-0.000863508 -0.0108425 26.4999 0.349999 3400
-0.00126262 -0.00988806 27.4999 0.349999 3400
-0.00134576 -0.00895238 28.4999 0.349999 3400
-0.00122706 -0.00814526 29.4999 0.349999 3400
-0.00102202 -0.00749716 30.4999 0.349999 3400
-0.000817829 -0.00698587 31.4999 0.349999 3400
-0.000663696 -0.00656511 32.4999 0.349999 3400
-0.000575234 -0.00618692 33.4999 0.349999 3400
-0.000545755 -0.00581457 34.4999 0.349999 3400
-0.000558566 -0.00542664 35.4999 0.349999 3400
-0.000596441 -0.00501473 36.4999 0.349999 3400
-0.000646593 -0.00457808 37.4999 0.349999 3400
-0.000701223 -0.004118 38.4999 0.349999 3400
-0.000754855 -0.00363428 39.5 0.349999 3400
-0.000800306 -0.00312475 40.5 0.349999 3400
-0.000825406 -0.00258825 41.5 0.349999 3400
-0.000812479 -0.00202999 42.5 0.349999 3400
-0.000742121 -0.00146761 43.5 0.349999 3400
-0.000601841 -0.000935024 44.5 0.349999 3400
-0.000398508 -0.000480663 45.5 0.349999 3400
-0.000171364 -0.000157014 46.5 0.349999 3400
1.36954e-14 -2.49229e-09 47.5 0.349999 3400
0 0 48.5 0.349999 3400
