0 0 -48.5 0.349999 3800
-3.37219e-15 2.49228e-09 -47.5 0.349999 3800
-0.000171365 0.000157013 -46.5 0.349999 3800
-0.000398512 0.000480658 -45.5 0.349999 3800
-0.000601847 0.000935017 -44.5 0.349999 3800
-0.000742133 0.0014676 -43.5 0.349999 3800
-0.000812498 0.00202998 -42.5 0.349999 3800
-0.000825433 0.00258824 -41.5 0.349999 3800
-0.00080034 0.00312475 -40.5 0.349999 3800
-0.000754897 0.00363428 -39.5 0.349999 3800
-0.000701272 0.00411801 -38.4999 0.349999 3800
-0.000646646 0.0045781 -37.4999 0.349999 3800
-0.000596496 0.00501476 -36.4999 0.349999 3800
-0.000558619 0.00542668 -35.4999 0.349999 3800
-0.000545802 0.00581463 -34.4999 0.349999 3800
-0.00057527 0.006187 -33.4999 0.349999 3800
-0.000663717 0.00656521 -32.4999 0.349999 3800
-0.000817829 0.00698597 -31.4999 0.349999 3800
-0.001022 0.00749727 -30.4999 0.349999 3800
-0.00122701 0.00814537 -29.4999 0.349999 3800
-0.00134569 0.00895248 -28.4999 0.349999 3800
-0.00126252 0.00988815 -27.4999 0.349999 3800
-0.000863393 0.0108426 -26.4999 0.349999 3800
-8.71986e-05 0.0116151 -25.4999 0.349999 3800
0.00100718 0.0119346 -24.4999 0.349999 3800
0.00217664 0.0115255 -23.4999 0.349999 3800
0.00296276 0.0102271 -22.4999 0.349999 3800
0.00273228 0.00814917 -21.4999 0.349999 3800
0.00082516 0.00582759 -20.4999 0.349999 3800
-0.00317476 0.00430695 -19.4999 0.349999 3800
-0.00907356 0.00506177 -18.4999 0.349999 3800
-0.0156956 0.00966905 -17.4999 0.349999 3800
-0.0206655 0.0191902 -16.5 0.349999 3800
-0.0205564 0.0333172 -15.5001 0.349999 3800
-0.0116111 0.0494817 -14.5002 0.349999 3800
0.00884817 0.062293 -13.5005 0.349999 3800
0.0404304 0.0638001 -12.501 0.349999 3800
0.0775461 0.0450802 -11.5019 0.349999 3800
0.107976 -0.000544906 -10.5034 0.349999 3800
0.113306 -0.0728625 -9.50598 0.349999 3800
0.0724585 -0.159671 -8.51059 0.349999 3800
-0.0308596 -0.233189 -7.51866 0.349999 3800
-0.197096 -0.250834 -6.53273 0.349999 3800
-0.398442 -0.163654 -5.55709 0.349999 3800
-0.570138 0.0650136 -4.59884 0.349999 3800
-0.613931 0.430909 -3.66921 0.349999 3800
-0.424934 0.857386 -2.78467 0.349999 3800
0.0493329 1.18145 -1.9661 0.349999 3800
0.728837 1.19425 -1.23253 0.349999 3800
1.36113 0.766059 -0.586881 0.349999 3800
1.6233 0 0 0.349999 3800
1.36113 -0.766059 0.586881 0.349999 3800
0.728837 -1.19425 1.23253 0.349999 3800
0.0493329 -1.18145 1.9661 0.349999 3800
-0.424934 -0.857386 2.78467 0.349999 3800
-0.613931 -0.430909 3.66921 0.349999 3800
-0.570138 -0.0650136 4.59884 0.349999 3800
-0.398442 0.163654 5.55709 0.349999 3800
-0.197096 0.250834 6.53273 0.349999 3800
-0.0308596 0.233189 7.51866 0.349999 3800
0.0724585 0.159671 8.51059 0.349999 3800
0.113306 0.0728625 9.50598 0.349999 3800
0.107976 0.000544906 10.5034 0.349999 3800
0.0775461 -0.0450802 11.5019 0.349999 3800
0.0404304 -0.0638001 12.501 0.349999 3800
0.00884817 -0.062293 13.5005 0.349999 3800
-0.0116111 -0.0494817 14.5002 0.349999 3800
-0.0205564 -0.0333172 15.5001 0.349999 3800
-0.0206655 -0.0191902 16.5 0.349999 3800
-0.0156956 -0.00966905 17.4999 0.349999 3800
-0.00907356 -0.00506177 18.4999 0.349999 3800
-0.00317476 -0.00430695 19.4999 0.349999 3800
0.00082516 -0.00582759 20.4999 0.349999 3800
0.00273228 -0.00814917 21.4999 0.349999 3800
0.00296276 -0.0102271 22.4999 0.349999 3800
0.00217664 -0.0115255 23.4999 0.349999 3800
0.00100718 -0.0119346 24.4999 0.349999 3800
-8.71986e-05 -0.0116151 25.4999 0.349999 3800
-0.000863393 -0.0108426 26.4999 0.349999 3800
-0.00126252 -0.00988815 27.4999 0.349999 3800
-0.00134569 -0.00895248 28.4999 0.349999 3800
-0.00122701 -0.00814537 29.4999 0.349999 3800
-0.001022 -0.00749727 30.4999 0.349999 3800
-0.000817829 -0.00698597 31.4999 0.349999 3800
-0.000663717 -0.00656521 32.4999 0.349999 3800
-0.00057527 -0.006187 33.4999 0.349999 3800
-0.000545802 -0.00581463 34.4999 0.349999 3800
-0.000558619 -0.00542668 35.4999 0.349999 3800
-0.000596496 -0.00501476 36.4999 0.349999 3800
-0.000646646 -0.0045781 37.4999 0.349999 3800
-0.000701272 -0.00411801 38.4999 0.349999 3800
-0.000754897 -0.00363428 39.5 0.349999 3800
-0.00080034 -0.00312475 40.5 0.349999 3800
-0.000825433 -0.00258824 41.5 0.349999 3800
-0.000812498 -0.00202998 42.5 0.349999 3800
-0.000742133 -0.0014676 43.5 0.349999 3800
-0.000601847 -0.000935017 44.5 0.349999 3800
-0.000398512 -0.000480658 45.5 0.349999 3800
-0.000171365 -0.000157013 46.5 0.349999 3800
-3.37219e-15 -2.49228e-09 47.5 0.349999 3800
0 0 48.5 0.349999 3800
