0 0 -48.5 0.349999 1000
8.06927e-09 -3.21082e-08 -47.5 0.349999 1000
0.0028427 -0.00133843 -46.5 0.349999 1000
0.00712956 -0.00483829 -45.5 0.349999 1000
0.0115139 -0.010619 -44.5 0.349999 1000
0.0148828 -0.0183356 -43.5001 0.349999 1000
0.0163858 -0.0273679 -42.5001 0.349999 1000
0.0154056 -0.0369143 -41.5001 0.349999 1000
0.0115556 -0.0460089 -40.5002 0.349999 1000
0.00474811 -0.0535292 -39.5002 0.349999 1000
-0.0046875 -0.0582667 -38.5003 0.349999 1000
-0.0159013 -0.0591003 -37.5003 0.349999 1000
-0.0275157 -0.0552571 -36.5004 0.349999 1000
-0.0377746 -0.0465902 -35.5005 0.349999 1000
-0.0448558 -0.0337703 -34.5006 0.349999 1000
-0.0472838 -0.018294 -33.5007 0.349999 1000
-0.0443241 -0.00226217 -32.5008 0.349999 1000
-0.0362265 0.0120394 -31.501 0.349999 1000
-0.0242184 0.0226451 -30.5011 0.349999 1000
-0.0102331 0.0283481 -29.5012 0.349999 1000
0.00354978 0.0289345 -28.5013 0.349999 1000
0.0152072 0.0251427 -27.5013 0.349999 1000
0.0234641 0.0183769 -26.5014 0.349999 1000
0.0278621 0.0102771 -25.5014 0.349999 1000
0.0286721 0.00229591 -24.5015 0.349999 1000
0.0266069 -0.00458113 -23.5015 0.349999 1000
0.0224537 -0.00988493 -22.5015 0.349999 1000
0.0167806 -0.0134823 -21.5015 0.349999 1000
0.00984603 -0.0152526 -20.5015 0.349999 1000
0.00177275 -0.0147761 -19.5016 0.349999 1000
-0.00705197 -0.0112136 -18.5016 0.349999 1000
-0.0154973 -0.00351823 -17.5017 0.349999 1000
-0.0213601 0.00897326 -16.5018 0.349999 1000
-0.0214423 0.0256622 -15.5019 0.349999 1000
-0.0122479 0.043767 -14.5021 0.349999 1000
0.00861111 0.0577492 -13.5024 0.349999 1000
0.0404257 0.0595832 -12.5029 0.349999 1000
0.077271 0.0403633 -11.5038 0.349999 1000
0.106597 -0.0064544 -10.5053 0.349999 1000
0.109708 -0.0803749 -9.50801 0.349999 1000
0.0653762 -0.16875 -8.51291 0.349999 1000
-0.0425901 -0.243223 -7.52154 0.349999 1000
-0.21417 -0.260648 -6.53652 0.349999 1000
-0.420696 -0.171767 -5.56212 0.349999 1000
-0.596344 0.0598208 -4.60529 0.349999 1000
-0.642055 0.428851 -3.67699 0.349999 1000
-0.453087 0.857173 -2.79334 0.349999 1000
0.0214989 1.18078 -1.97477 0.349999 1000
0.699569 1.19179 -1.23985 0.349999 1000
1.32861 0.763384 -0.591177 0.349999 1000
1.58892 0 0 0.349999 1000
1.32861 -0.763384 0.591177 0.349999 1000
0.699569 -1.19179 1.23985 0.349999 1000
0.0214989 -1.18078 1.97477 0.349999 1000
-0.453087 -0.857173 2.79334 0.349999 1000
-0.642055 -0.428851 3.67699 0.349999 1000
-0.596344 -0.0598208 4.60529 0.349999 1000
-0.420696 0.171767 5.56212 0.349999 1000
-0.21417 0.260648 6.53652 0.349999 1000
-0.0425901 0.243223 7.52154 0.349999 1000
0.0653762 0.16875 8.51291 0.349999 1000
0.109708 0.0803749 9.50801 0.349999 1000
0.106597 0.0064544 10.5053 0.349999 1000
0.077271 -0.0403633 11.5038 0.349999 1000
0.0404257 -0.0595832 12.5029 0.349999 1000
0.00861111 -0.0577492 13.5024 0.349999 1000
-0.0122479 -0.043767 14.5021 0.349999 1000
-0.0214423 -0.0256622 15.5019 0.349999 1000
-0.0213601 -0.00897326 16.5018 0.349999 1000
-0.0154973 0.00351823 17.5017 0.349999 1000
-0.00705197 0.0112136 18.5016 0.349999 1000
0.00177275 0.0147761 19.5016 0.349999 1000
0.00984603 0.0152526 20.5015 0.349999 1000
0.0167806 0.0134823 21.5015 0.349999 1000
0.0224537 0.00988493 22.5015 0.349999 1000
0.0266069 0.00458113 23.5015 0.349999 1000
0.0286721 -0.00229591 24.5015 0.349999 1000
0.0278621 -0.0102771 25.5014 0.349999 1000
0.0234641 -0.0183769 26.5014 0.349999 1000
0.0152072 -0.0251427 27.5013 0.349999 1000
0.00354978 -0.0289345 28.5013 0.349999 1000
-0.0102331 -0.0283481 29.5012 0.349999 1000
-0.0242184 -0.0226451 30.5011 0.349999 1000
-0.0362265 -0.0120394 31.501 0.349999 1000
-0.0443241 0.00226217 32.5008 0.349999 1000
-0.0472838 0.018294 33.5007 0.349999 1000
-0.0448558 0.0337703 34.5006 0.349999 1000
-0.0377746 0.0465902 35.5005 0.349999 1000
-0.0275157 0.0552571 36.5004 0.349999 1000
-0.0159013 0.0591003 37.5003 0.349999 1000
-0.0046875 0.0582667 38.5003 0.349999 1000
0.00474811 0.0535292 39.5002 0.349999 1000
0.0115556 0.0460089 40.5002 0.349999 1000
0.0154056 0.0369143 41.5001 0.349999 1000
0.0163858 0.0273679 42.5001 0.349999 1000
0.0148828 0.0183356 43.5001 0.349999 1000
0.0115139 0.010619 44.5 0.349999 1000
0.00712956 0.00483829 45.5 0.349999 1000
0.0028427 0.00133843 46.5 0.349999 1000
8.06927e-09 3.21082e-08 47.5 0.349999 1000
0 0 48.5 0.349999 1000
