0 0 -48.5 0.349999 2800
-2.19763e-12 2.49359e-09 -47.5 0.349999 2800
-0.000171625 0.000156939 -46.5 0.349999 2800
-0.000399239 0.000480576 -45.5 0.349999 2800
-0.000603154 0.000935074 -44.5 0.349999 2800
-0.000744026 0.00146797 -43.5 0.349999 2800
-0.000814894 0.00203081 -42.5 0.349999 2800
-0.00082818 0.00258963 -41.5 0.349999 2800
-0.000803252 0.00312673 -40.5 0.349999 2800
-0.000757781 0.00363682 -39.5 0.349999 2800
-0.000703951 0.00412102 -38.4999 0.349999 2800
-0.000648978 0.00458143 -37.4999 0.349999 2800
-0.000598385 0.00501824 -36.4999 0.349999 2800
-0.000560022 0.00543013 -35.4999 0.349999 2800
-0.000546729 0.00581787 -34.4999 0.349999 2800
-0.000575782 0.00618987 -33.4999 0.349999 2800
-0.000663914 0.00656758 -32.4999 0.349999 2800
-0.00081784 0.00698778 -31.4999 0.349999 2800
-0.00102196 0.00749849 -30.4999 0.349999 2800
-0.00122706 0.00814603 -29.4999 0.349999 2800
-0.00134593 0.00895266 -28.4999 0.349999 2800
-0.00126303 0.00988795 -27.4999 0.349999 2800
-0.000864209 0.0108421 -26.4999 0.349999 2800
-8.83198e-05 0.0116145 -25.4999 0.349999 2800
0.00100579 0.011934 -24.4999 0.349999 2800
0.00217504 0.011525 -23.4999 0.349999 2800
0.00296101 0.0102267 -22.4999 0.349999 2800
0.00273047 0.00814895 -21.4999 0.349999 2800
0.000823359 0.00582758 -20.4999 0.349999 2800
-0.00317647 0.00430714 -19.4999 0.349999 2800
-0.00907514 0.00506215 -18.4999 0.349999 2800
-0.0156969 0.00966958 -17.4999 0.349999 2800
-0.0206667 0.0191909 -16.5 0.349999 2800
-0.0205573 0.0333179 -15.5001 0.349999 2800
-0.0116119 0.0494824 -14.5002 0.349999 2800
0.00884754 0.0622937 -13.5005 0.349999 2800
0.0404299 0.0638007 -12.501 0.349999 2800
0.0775457 0.0450809 -11.5019 0.349999 2800
0.107976 -0.000544178 -10.5034 0.349999 2800
0.113306 -0.0728617 -9.50598 0.349999 2800
0.0724584 -0.15967 -8.51059 0.349999 2800
-0.0308595 -0.233188 -7.51866 0.349999 2800
-0.197095 -0.250833 -6.53273 0.349999 2800
-0.398442 -0.163653 -5.55709 0.349999 2800
-0.570138 0.0650142 -4.59884 0.349999 2800
-0.61393 0.430909 -3.66921 0.349999 2800
-0.424933 0.857387 -2.78467 0.349999 2800
0.0493336 1.18145 -1.9661 0.349999 2800
0.728837 1.19425 -1.23253 0.349999 2800
1.36113 0.766059 -0.58688 0.349999 2800
1.6233 0 0 0.349999 2800
1.36113 -0.766059 0.58688 0.349999 2800
0.728837 -1.19425 1.23253 0.349999 2800
0.0493336 -1.18145 1.9661 0.349999 2800
-0.424933 -0.857387 2.78467 0.349999 2800
-0.61393 -0.430909 3.66921 0.349999 2800
-0.570138 -0.0650142 4.59884 0.349999 2800
-0.398442 0.163653 5.55709 0.349999 2800
-0.197095 0.250833 6.53273 0.349999 2800
-0.0308595 0.233188 7.51866 0.349999 2800
0.0724584 0.15967 8.51059 0.349999 2800
0.113306 0.0728617 9.50598 0.349999 2800
0.107976 0.000544178 10.5034 0.349999 2800
0.0775457 -0.0450809 11.5019 0.349999 2800
0.0404299 -0.0638007 12.501 0.349999 2800
0.00884754 -0.0622937 13.5005 0.349999 2800
-0.0116119 -0.0494824 14.5002 0.349999 2800
-0.0205573 -0.0333179 15.5001 0.349999 2800
-0.0206667 -0.0191909 16.5 0.349999 2800
-0.0156969 -0.00966958 17.4999 0.349999 2800
-0.00907514 -0.00506215 18.4999 0.349999 2800
-0.00317647 -0.00430714 19.4999 0.349999 2800
0.000823359 -0.00582758 20.4999 0.349999 2800
0.00273047 -0.00814895 21.4999 0.349999 2800
0.00296101 -0.0102267 22.4999 0.349999 2800
0.00217504 -0.011525 23.4999 0.349999 2800
0.00100579 -0.011934 24.4999 0.349999 2800
-8.83198e-05 -0.0116145 25.4999 0.349999 2800
-0.000864209 -0.0108421 26.4999 0.349999 2800
-0.00126303 -0.00988795 27.4999 0.349999 2800
-0.00134593 -0.00895266 28.4999 0.349999 2800
-0.00122706 -0.00814603 29.4999 0.349999 2800
-0.00102196 -0.00749849 30.4999 0.349999 2800
-0.00081784 -0.00698778 31.4999 0.349999 2800
-0.000663914 -0.00656758 32.4999 0.349999 2800
-0.000575782 -0.00618987 33.4999 0.349999 2800
-0.000546729 -0.00581787 34.4999 0.349999 2800
-0.000560022 -0.00543013 35.4999 0.349999 2800
-0.000598385 -0.00501824 36.4999 0.349999 2800
-0.000648978 -0.00458143 37.4999 0.349999 2800
-0.000703951 -0.00412102 38.4999 0.349999 2800
-0.000757781 -0.00363682 39.5 0.349999 2800
-0.000803252 -0.00312673 40.5 0.349999 2800
-0.00082818 -0.00258963 41.5 0.349999 2800
-0.000814894 -0.00203081 42.5 0.349999 2800
-0.000744026 -0.00146797 43.5 0.349999 2800
-0.000603154 -0.000935074 44.5 0.349999 2800
-0.000399239 -0.000480576 45.5 0.349999 2800
-0.000171625 -0.000156939 46.5 0.349999 2800
-2.19763e-12 -2.49359e-09 47.5 0.349999 2800
0 0 48.5 0.349999 2800
