0 0 -48.5 0.349999 3000
1.8748e-13 2.49188e-09 -47.5 0.349999 3000
-0.000171325 0.000156993 -46.5 0.349999 3000
-0.000398417 0.000480592 -45.5 0.349999 3000
-0.000601704 0.000934882 -44.5 0.349999 3000
-0.000741959 0.00146739 -43.5 0.349999 3000
-0.000812314 0.0020297 -42.5 0.349999 3000
-0.000825251 0.00258792 -41.5 0.349999 3000
-0.000800162 0.00312441 -40.5 0.349999 3000
-0.00075471 0.00363396 -39.5 0.349999 3000
-0.000701051 0.00411774 -38.4999 0.349999 3000
-0.000646357 0.0045779 -37.4999 0.349999 3000
-0.000596103 0.00501464 -36.4999 0.349999 3000
-0.000558086 0.00542663 -35.4999 0.349999 3000
-0.000545097 0.00581463 -34.4999 0.349999 3000
-0.000574374 0.00618702 -33.4999 0.349999 3000
-0.000662619 0.00656522 -32.4999 0.349999 3000
-0.000816534 0.00698595 -31.4999 0.349999 3000
-0.00102052 0.00749717 -30.4999 0.349999 3000
-0.00122538 0.00814517 -29.4999 0.349999 3000
-0.00134393 0.00895216 -28.4999 0.349999 3000
-0.00126068 0.00988769 -27.4999 0.349999 3000
-0.000861518 0.010842 -26.4999 0.349999 3000
-8.53382e-05 0.0116144 -25.4999 0.349999 3000
0.00100898 0.0119337 -24.4999 0.349999 3000
0.00217834 0.0115246 -23.4999 0.349999 3000
0.00296431 0.0102261 -22.4999 0.349999 3000
0.00273366 0.00814818 -21.4999 0.349999 3000
0.000826359 0.00582664 -20.4999 0.349999 3000
-0.00317374 0.00430608 -19.4999 0.349999 3000
-0.00907272 0.00506102 -18.4999 0.349999 3000
-0.0156949 0.00966845 -17.4999 0.349999 3000
-0.020665 0.0191898 -16.5 0.349999 3000
-0.0205559 0.033317 -15.5001 0.349999 3000
-0.0116107 0.0494816 -14.5002 0.349999 3000
0.00884854 0.0622932 -13.5005 0.349999 3000
0.0404308 0.0638004 -12.501 0.349999 3000
0.0775465 0.0450808 -11.5019 0.349999 3000
0.107977 -0.000544251 -10.5034 0.349999 3000
0.113307 -0.0728617 -9.50598 0.349999 3000
0.0724592 -0.15967 -8.51059 0.349999 3000
-0.0308587 -0.233188 -7.51866 0.349999 3000
-0.197095 -0.250833 -6.53273 0.349999 3000
-0.398441 -0.163653 -5.55709 0.349999 3000
-0.570137 0.0650142 -4.59884 0.349999 3000
-0.61393 0.430909 -3.66921 0.349999 3000
-0.424933 0.857387 -2.78467 0.349999 3000
0.0493342 1.18145 -1.9661 0.349999 3000
0.728838 1.19425 -1.23253 0.349999 3000
1.36113 0.766059 -0.586881 0.349999 3000
1.6233 0 0 0.349999 3000
1.36113 -0.766059 0.586881 0.349999 3000
0.728838 -1.19425 1.23253 0.349999 3000
0.0493342 -1.18145 1.9661 0.349999 3000
-0.424933 -0.857387 2.78467 0.349999 3000
-0.61393 -0.430909 3.66921 0.349999 3000
-0.570137 -0.0650142 4.59884 0.349999 3000
-0.398441 0.163653 5.55709 0.349999 3000
-0.197095 0.250833 6.53273 0.349999 3000
-0.0308587 0.233188 7.51866 0.349999 3000
0.0724592 0.15967 8.51059 0.349999 3000
0.113307 0.0728617 9.50598 0.349999 3000
0.107977 0.000544251 10.5034 0.349999 3000
0.0775465 -0.0450808 11.5019 0.349999 3000
0.0404308 -0.0638004 12.501 0.349999 3000
0.00884854 -0.0622932 13.5005 0.349999 3000
-0.0116107 -0.0494816 14.5002 0.349999 3000
-0.0205559 -0.033317 15.5001 0.349999 3000
-0.020665 -0.0191898 16.5 0.349999 3000
-0.0156949 -0.00966845 17.4999 0.349999 3000
-0.00907272 -0.00506102 18.4999 0.349999 3000
-0.00317374 -0.00430608 19.4999 0.349999 3000
0.000826359 -0.00582664 20.4999 0.349999 3000
0.00273366 -0.00814818 21.4999 0.349999 3000
0.00296431 -0.0102261 22.4999 0.349999 3000
0.00217834 -0.0115246 23.4999 0.349999 3000
0.00100898 -0.0119337 24.4999 0.349999 3000
-8.53382e-05 -0.0116144 25.4999 0.349999 3000
-0.000861518 -0.010842 26.4999 0.349999 3000
-0.00126068 -0.00988769 27.4999 0.349999 3000
-0.00134393 -0.00895216 28.4999 0.349999 3000
-0.00122538 -0.00814517 29.4999 0.349999 3000
-0.00102052 -0.00749717 30.4999 0.349999 3000
-0.000816534 -0.00698595 31.4999 0.349999 3000
-0.000662619 -0.00656522 32.4999 0.349999 3000
-0.000574374 -0.00618702 33.4999 0.349999 3000
-0.000545097 -0.00581463 34.4999 0.349999 3000
-0.000558086 -0.00542663 35.4999 0.349999 3000
-0.000596103 -0.00501464 36.4999 0.349999 3000
-0.000646357 -0.0045779 37.4999 0.349999 3000
-0.000701051 -0.00411774 38.4999 0.349999 3000
-0.00075471 -0.00363396 39.5 0.349999 3000
-0.000800162 -0.00312441 40.5 0.349999 3000
-0.000825251 -0.00258792 41.5 0.349999 3000
-0.000812314 -0.0020297 42.5 0.349999 3000
-0.000741959 -0.00146739 43.5 0.349999 3000
-0.000601704 -0.000934882 44.5 0.349999 3000
-0.000398417 -0.000480592 45.5 0.349999 3000
-0.000171325 -0.000156993 46.5 0.349999 3000
1.8748e-13 -2.49188e-09 47.5 0.349999 3000
0 0 48.5 0.349999 3000
