0 0 -48.5 0.349999 2200
-5.77401e-12 2.48878e-09 -47.5 0.349999 2200
-0.000171797 0.000156096 -46.5 0.349999 2200
-0.000400233 0.000478531 -45.5 0.349999 2200
-0.000605716 0.000932113 -44.5 0.349999 2200
-0.000748616 0.00146497 -43.5 0.349999 2200
-0.0008214 0.00202904 -42.5 0.349999 2200
-0.000835789 0.00259038 -41.5 0.349999 2200
-0.0008105 0.00313099 -40.5 0.349999 2200
-0.000762769 0.00364498 -39.5 0.349999 2200
-0.000704663 0.00413277 -38.4999 0.349999 2200
-0.000643627 0.00459576 -37.4999 0.349999 2200
-0.000585697 0.00503362 -36.4999 0.349999 2200
-0.000539399 0.00544479 -35.4999 0.349999 2200
-0.000518257 0.00583014 -34.4999 0.349999 2200
-0.000540101 0.00619843 -33.4999 0.349999 2200
-0.000621987 0.00657162 -32.4999 0.349999 2200
-0.000770691 0.00698705 -31.4999 0.349999 2200
-0.000970437 0.00749319 -30.4999 0.349999 2200
-0.00117168 0.00813664 -29.4999 0.349999 2200
-0.00128683 0.00893969 -28.4999 0.349999 2200
-0.00120002 0.00987175 -27.4999 0.349999 2200
-0.000796932 0.0108227 -26.4999 0.349999 2200
-1.64487e-05 0.0115915 -25.4999 0.349999 2200
0.00108234 0.0119065 -24.4999 0.349999 2200
0.00225593 0.0114921 -23.4999 0.349999 2200
0.00304538 0.0101871 -22.4999 0.349999 2200
0.00281688 0.00810171 -21.4999 0.349999 2200
0.000909869 0.00577185 -20.4999 0.349999 2200
-0.00309225 0.00424258 -19.4999 0.349999 2200
-0.00899591 0.00498895 -18.4999 0.349999 2200
-0.0156256 0.00958867 -17.4999 0.349999 2200
-0.0206063 0.019104 -16.5 0.349999 2200
-0.0205107 0.0332279 -15.5001 0.349999 2200
-0.0115814 0.0493931 -14.5002 0.349999 2200
0.0088607 0.0622103 -13.5005 0.349999 2200
0.0404262 0.0637293 -12.501 0.349999 2200
0.0775281 0.0450279 -11.5019 0.349999 2200
0.10795 -0.00057339 -10.5034 0.349999 2200
0.113281 -0.0728637 -9.50598 0.349999 2200
0.0724431 -0.159645 -8.51058 0.349999 2200
-0.030855 -0.233141 -7.51865 0.349999 2200
-0.197064 -0.250774 -6.53271 0.349999 2200
-0.398383 -0.163593 -5.55707 0.349999 2200
-0.570056 0.0650631 -4.59881 0.349999 2200
-0.613836 0.430942 -3.66917 0.349999 2200
-0.424837 0.857407 -2.78463 0.349999 2200
0.0494291 1.18147 -1.96605 0.349999 2200
0.728938 1.19427 -1.23249 0.349999 2200
1.36125 0.766074 -0.586858 0.349999 2200
1.62342 0 0 0.349999 2200
1.36125 -0.766074 0.586858 0.349999 2200
0.728938 -1.19427 1.23249 0.349999 2200
0.0494291 -1.18147 1.96605 0.349999 2200
-0.424837 -0.857407 2.78463 0.349999 2200
-0.613836 -0.430942 3.66917 0.349999 2200
-0.570056 -0.0650631 4.59881 0.349999 2200
-0.398383 0.163593 5.55707 0.349999 2200
-0.197064 0.250774 6.53271 0.349999 2200
-0.030855 0.233141 7.51865 0.349999 2200
0.0724431 0.159645 8.51058 0.349999 2200
0.113281 0.0728637 9.50598 0.349999 2200
0.10795 0.00057339 10.5034 0.349999 2200
0.0775281 -0.0450279 11.5019 0.349999 2200
0.0404262 -0.0637293 12.501 0.349999 2200
0.0088607 -0.0622103 13.5005 0.349999 2200
-0.0115814 -0.0493931 14.5002 0.349999 2200
-0.0205107 -0.0332279 15.5001 0.349999 2200
-0.0206063 -0.019104 16.5 0.349999 2200
-0.0156256 -0.00958867 17.4999 0.349999 2200
-0.00899591 -0.00498895 18.4999 0.349999 2200
-0.00309225 -0.00424258 19.4999 0.349999 2200
0.000909869 -0.00577185 20.4999 0.349999 2200
0.00281688 -0.00810171 21.4999 0.349999 2200
0.00304538 -0.0101871 22.4999 0.349999 2200
0.00225593 -0.0114921 23.4999 0.349999 2200
0.00108234 -0.0119065 24.4999 0.349999 2200
-1.64487e-05 -0.0115915 25.4999 0.349999 2200
-0.000796932 -0.0108227 26.4999 0.349999 2200
-0.00120002 -0.00987175 27.4999 0.349999 2200
-0.00128683 -0.00893969 28.4999 0.349999 2200
-0.00117168 -0.00813664 29.4999 0.349999 2200
-0.000970437 -0.00749319 30.4999 0.349999 2200
-0.000770691 -0.00698705 31.4999 0.349999 2200
-0.000621987 -0.00657162 32.4999 0.349999 2200
-0.000540101 -0.00619843 33.4999 0.349999 2200
-0.000518257 -0.00583014 34.4999 0.349999 2200
-0.000539399 -0.00544479 35.4999 0.349999 2200
-0.000585697 -0.00503362 36.4999 0.349999 2200
-0.000643627 -0.00459576 37.4999 0.349999 2200
-0.000704663 -0.00413277 38.4999 0.349999 2200
-0.000762769 -0.00364498 39.5 0.349999 2200
-0.0008105 -0.00313099 40.5 0.349999 2200
-0.000835789 -0.00259038 41.5 0.349999 2200
-0.0008214 -0.00202904 42.5 0.349999 2200
-0.000748616 -0.00146497 43.5 0.349999 2200
-0.000605716 -0.000932113 44.5 0.349999 2200
-0.000400233 -0.000478531 45.5 0.349999 2200
-0.000171797 -0.000156096 46.5 0.349999 2200
-5.77401e-12 -2.48878e-09 47.5 0.349999 2200
0 0 48.5 0.349999 2200
