0 0 -48.5 0.349999 2400
-4.31395e-12 2.50098e-09 -47.5 0.349999 2400
-0.00017229 0.000157409 -46.5 0.349999 2400
-0.000400743 0.00048211 -45.5 0.349999 2400
-0.000605268 0.000938123 -44.5 0.349999 2400
-0.00074629 0.00147268 -43.5 0.349999 2400
-0.000816811 0.002037 -42.5 0.349999 2400
-0.000829387 0.00259684 -41.5 0.349999 2400
-0.000803615 0.00313431 -40.5 0.349999 2400
-0.000757427 0.0036441 -39.5 0.349999 2400
-0.000703248 0.0041274 -38.4999 0.349999 2400
-0.00064848 0.00458647 -37.4999 0.349999 2400
-0.000598768 0.00502169 -36.4999 0.349999 2400
-0.000562018 0.00543199 -35.4999 0.349999 2400
-0.000551059 0.00581838 -34.4999 0.349999 2400
-0.000583082 0.00618956 -33.4999 0.349999 2400
-0.000674638 0.00656724 -32.4999 0.349999 2400
-0.000832161 0.00698841 -31.4999 0.349999 2400
-0.00103967 0.00750122 -30.4999 0.349999 2400
-0.0012475 0.00815198 -29.4999 0.349999 2400
-0.00136802 0.00896276 -28.4999 0.349999 2400
-0.00128531 0.00990278 -27.4999 0.349999 2400
-0.000885022 0.0108618 -26.4999 0.349999 2400
-0.000105987 0.0116386 -25.4999 0.349999 2400
0.000992754 0.0119614 -24.4999 0.349999 2400
0.00216777 0.0115546 -23.4999 0.349999 2400
0.00296016 0.0102567 -22.4999 0.349999 2400
0.0027362 0.0081778 -21.4999 0.349999 2400
0.000835341 0.00585369 -20.4999 0.349999 2400
-0.00315899 0.00432917 -19.4999 0.349999 2400
-0.00905321 0.00507908 -18.4999 0.349999 2400
-0.0156719 0.00968078 -17.4999 0.349999 2400
-0.0206398 0.0191961 -16.5 0.349999 2400
-0.0205301 0.0333174 -15.5001 0.349999 2400
-0.0115855 0.0494767 -14.5002 0.349999 2400
0.008872 0.0622838 -13.5005 0.349999 2400
0.0404517 0.0637878 -12.501 0.349999 2400
0.0775646 0.0450662 -11.5019 0.349999 2400
0.107992 -0.000559429 -10.5034 0.349999 2400
0.11332 -0.0728764 -9.50598 0.349999 2400
0.0724702 -0.159683 -8.51059 0.349999 2400
-0.0308489 -0.233199 -7.51866 0.349999 2400
-0.197085 -0.250843 -6.53273 0.349999 2400
-0.398431 -0.163661 -5.55709 0.349999 2400
-0.570127 0.065008 -4.59884 0.349999 2400
-0.613919 0.430904 -3.66921 0.349999 2400
-0.424922 0.857383 -2.78467 0.349999 2400
0.049345 1.18145 -1.9661 0.349999 2400
0.728849 1.19425 -1.23253 0.349999 2400
1.36114 0.766059 -0.586881 0.349999 2400
1.62331 0 0 0.349999 2400
1.36114 -0.766059 0.586881 0.349999 2400
0.728849 -1.19425 1.23253 0.349999 2400
0.049345 -1.18145 1.9661 0.349999 2400
-0.424922 -0.857383 2.78467 0.349999 2400
-0.613919 -0.430904 3.66921 0.349999 2400
-0.570127 -0.065008 4.59884 0.349999 2400
-0.398431 0.163661 5.55709 0.349999 2400
-0.197085 0.250843 6.53273 0.349999 2400
-0.0308489 0.233199 7.51866 0.349999 2400
0.0724702 0.159683 8.51059 0.349999 2400
0.11332 0.0728764 9.50598 0.349999 2400
0.107992 0.000559429 10.5034 0.349999 2400
0.0775646 -0.0450662 11.5019 0.349999 2400
0.0404517 -0.0637878 12.501 0.349999 2400
0.008872 -0.0622838 13.5005 0.349999 2400
-0.0115855 -0.0494767 14.5002 0.349999 2400
-0.0205301 -0.0333174 15.5001 0.349999 2400
-0.0206398 -0.0191961 16.5 0.349999 2400
-0.0156719 -0.00968078 17.4999 0.349999 2400
-0.00905321 -0.00507908 18.4999 0.349999 2400
-0.00315899 -0.00432917 19.4999 0.349999 2400
0.000835341 -0.00585369 20.4999 0.349999 2400
0.0027362 -0.0081778 21.4999 0.349999 2400
0.00296016 -0.0102567 22.4999 0.349999 2400
0.00216777 -0.0115546 23.4999 0.349999 2400
0.000992754 -0.0119614 24.4999 0.349999 2400
-0.000105987 -0.0116386 25.4999 0.349999 2400
-0.000885022 -0.0108618 26.4999 0.349999 2400
-0.00128531 -0.00990278 27.4999 0.349999 2400
-0.00136802 -0.00896276 28.4999 0.349999 2400
-0.0012475 -0.00815198 29.4999 0.349999 2400
-0.00103967 -0.00750122 30.4999 0.349999 2400
-0.000832161 -0.00698841 31.4999 0.349999 2400
-0.000674638 -0.00656724 32.4999 0.349999 2400
-0.000583082 -0.00618956 33.4999 0.349999 2400
-0.000551059 -0.00581838 34.4999 0.349999 2400
-0.000562018 -0.00543199 35.4999 0.349999 2400
-0.000598768 -0.00502169 36.4999 0.349999 2400
-0.00064848 -0.00458647 37.4999 0.349999 2400
-0.000703248 -0.0041274 38.4999 0.349999 2400
-0.000757427 -0.0036441 39.5 0.349999 2400
-0.000803615 -0.00313431 40.5 0.349999 2400
-0.000829387 -0.00259684 41.5 0.349999 2400
-0.000816811 -0.002037 42.5 0.349999 2400
-0.00074629 -0.00147268 43.5 0.349999 2400
-0.000605268 -0.000938123 44.5 0.349999 2400
-0.000400743 -0.00048211 45.5 0.349999 2400
-0.00017229 -0.000157409 46.5 0.349999 2400
-4.31395e-12 -2.50098e-09 47.5 0.349999 2400
0 0 48.5 0.349999 2400
