0 0 -48.5 0.349999 1600
1.63318e-10 3.83257e-09 -47.5 0.349999 1600
-0.000262124 0.000261216 -46.5 0.349999 1600
-0.000597523 0.000798856 -45.5 0.349999 1600
-0.000870888 0.00155295 -44.5 0.349999 1600
-0.00100942 0.00243184 -43.5 0.349999 1600
-0.000993433 0.00334387 -42.5 0.349999 1600
-0.000839475 0.00421489 -41.5 0.349999 1600
-0.000583761 0.00499399 -40.5 0.349999 1600
-0.000270017 0.0056522 -39.5 0.349999 1600
5.76937e-05 0.00617845 -38.4999 0.349999 1600
0.000358515 0.00657576 -37.4999 0.349999 1600
0.000596555 0.00685843 -36.4999 0.349999 1600
0.000742138 0.00705041 -35.4999 0.349999 1600
0.000773131 0.00718403 -34.4999 0.349999 1600
0.000676659 0.00729923 -33.4999 0.349999 1600
0.000451751 0.00744283 -32.4999 0.349999 1600
0.000113734 0.00766697 -31.4999 0.349999 1600
-0.000299363 0.00802474 -30.4999 0.349999 1600
-0.000720024 0.00855999 -29.4999 0.349999 1600
-0.00104857 0.0092892 -28.4999 0.349999 1600
-0.00116166 0.0101764 -27.4999 0.349999 1600
-0.000939528 0.0111079 -26.4999 0.349999 1600
-0.000315417 0.0118802 -25.4999 0.349999 1600
0.000657707 0.0122179 -24.4999 0.349999 1600
0.00174135 0.0118395 -23.4999 0.349999 1600
0.00247816 0.0105764 -22.4999 0.349999 1600
0.00223138 0.00853214 -21.4999 0.349999 1600
0.000334154 0.00624073 -20.4999 0.349999 1600
-0.00363595 0.00475108 -19.4999 0.349999 1600
-0.00948621 0.00554691 -18.4999 0.349999 1600
-0.0160338 0.0102146 -17.4999 0.349999 1600
-0.0208888 0.0198187 -16.5 0.349999 1600
-0.0206062 0.0340423 -15.5001 0.349999 1600
-0.0114171 0.0502946 -14.5002 0.349999 1600
0.00935467 0.0631527 -13.5005 0.349999 1600
0.0412959 0.0646325 -12.501 0.349999 1600
0.0787754 0.0457896 -11.5019 0.349999 1600
0.109521 -5.33345e-05 -10.5034 0.349999 1600
0.115067 -0.0726536 -9.50607 0.349999 1600
0.0743033 -0.159754 -8.5107 0.349999 1600
-0.0290586 -0.233507 -7.51878 0.349999 1600
-0.195424 -0.25127 -6.53287 0.349999 1600
-0.396914 -0.164068 -5.55727 0.349999 1600
-0.568686 0.064732 -4.59906 0.349999 1600
-0.612443 0.430789 -3.6695 0.349999 1600
-0.423327 0.857356 -2.78503 0.349999 1600
0.0510392 1.18139 -1.9665 0.349999 1600
0.730514 1.1941 -1.2329 0.349999 1600
1.36267 0.765911 -0.587112 0.349999 1600
1.62475 0 0 0.349999 1600
1.36267 -0.765911 0.587112 0.349999 1600
0.730514 -1.1941 1.2329 0.349999 1600
0.0510392 -1.18139 1.9665 0.349999 1600
-0.423327 -0.857356 2.78503 0.349999 1600
-0.612443 -0.430789 3.6695 0.349999 1600
-0.568686 -0.064732 4.59906 0.349999 1600
-0.396914 0.164068 5.55727 0.349999 1600
-0.195424 0.25127 6.53287 0.349999 1600
-0.0290586 0.233507 7.51878 0.349999 1600
0.0743033 0.159754 8.5107 0.349999 1600
0.115067 0.0726536 9.50607 0.349999 1600
0.109521 5.33345e-05 10.5034 0.349999 1600
0.0787754 -0.0457896 11.5019 0.349999 1600
0.0412959 -0.0646325 12.501 0.349999 1600
0.00935467 -0.0631527 13.5005 0.349999 1600
-0.0114171 -0.0502946 14.5002 0.349999 1600
-0.0206062 -0.0340423 15.5001 0.349999 1600
-0.0208888 -0.0198187 16.5 0.349999 1600
-0.0160338 -0.0102146 17.4999 0.349999 1600
-0.00948621 -0.00554691 18.4999 0.349999 1600
-0.00363595 -0.00475108 19.4999 0.349999 1600
0.000334154 -0.00624073 20.4999 0.349999 1600
0.00223138 -0.00853214 21.4999 0.349999 1600
0.00247816 -0.0105764 22.4999 0.349999 1600
0.00174135 -0.0118395 23.4999 0.349999 1600
0.000657707 -0.0122179 24.4999 0.349999 1600
-0.000315417 -0.0118802 25.4999 0.349999 1600
-0.000939528 -0.0111079 26.4999 0.349999 1600
-0.00116166 -0.0101764 27.4999 0.349999 1600
-0.00104857 -0.0092892 28.4999 0.349999 1600
-0.000720024 -0.00855999 29.4999 0.349999 1600
-0.000299363 -0.00802474 30.4999 0.349999 1600
0.000113734 -0.00766697 31.4999 0.349999 1600
0.000451751 -0.00744283 32.4999 0.349999 1600
0.000676659 -0.00729923 33.4999 0.349999 1600
0.000773131 -0.00718403 34.4999 0.349999 1600
0.000742138 -0.00705041 35.4999 0.349999 1600
0.000596555 -0.00685843 36.4999 0.349999 1600
0.000358515 -0.00657576 37.4999 0.349999 1600
5.76937e-05 -0.00617845 38.4999 0.349999 1600
-0.000270017 -0.0056522 39.5 0.349999 1600
-0.000583761 -0.00499399 40.5 0.349999 1600
-0.000839475 -0.00421489 41.5 0.349999 1600
-0.000993433 -0.00334387 42.5 0.349999 1600
-0.00100942 -0.00243184 43.5 0.349999 1600
-0.000870888 -0.00155295 44.5 0.349999 1600
-0.000597523 -0.000798856 45.5 0.349999 1600
-0.000262124 -0.000261216 46.5 0.349999 1600
1.63318e-10 -3.83257e-09 47.5 0.349999 1600
0 0 48.5 0.349999 1600
