0 0 -48.5 0.349999 2600
-2.72447e-13 2.4929e-09 -47.5 0.349999 2600
-0.000171395 0.000157108 -46.5 0.349999 2600
-0.000398504 0.000480918 -45.5 0.349999 2600
-0.000601674 0.000935425 -44.5 0.349999 2600
-0.000741661 0.00146803 -43.5 0.349999 2600
-0.000811654 0.00203018 -42.5 0.349999 2600
-0.000824254 0.00258792 -41.5 0.349999 2600
-0.000799006 0.00312356 -40.5 0.349999 2600
-0.000753728 0.00363194 -39.5 0.349999 2600
-0.000700702 0.00411436 -38.4999 0.349999 2600
-0.000647165 0.00457312 -37.4999 0.349999 2600
-0.00059858 0.00500861 -36.4999 0.349999 2600
-0.000562653 0.00541969 -35.4999 0.349999 2600
-0.000552015 0.00580724 -34.4999 0.349999 2600
-0.0005837 0.0061797 -33.4999 0.349999 2600
-0.000674203 0.00655848 -32.4999 0.349999 2600
-0.000830038 0.0069802 -31.4999 0.349999 2600
-0.00103548 0.00749268 -30.4999 0.349999 2600
-0.00124126 0.00814203 -29.4999 0.349999 2600
-0.00136022 0.00895031 -28.4999 0.349999 2600
-0.00127691 0.00988694 -27.4999 0.349999 2600
-0.000877311 0.010842 -26.4999 0.349999 2600
-0.000100435 0.011615 -25.4999 0.349999 2600
0.000994745 0.0119345 -24.4999 0.349999 2600
0.00216505 0.0115253 -23.4999 0.349999 2600
0.00295199 0.0102264 -22.4999 0.349999 2600
0.0027223 0.00814803 -21.4999 0.349999 2600
0.0008159 0.00582592 -20.4999 0.349999 2600
-0.00318333 0.00430476 -19.4999 0.349999 2600
-0.00908146 0.00505914 -18.4999 0.349999 2600
-0.0157027 0.0096661 -17.4999 0.349999 2600
-0.0206718 0.0191871 -16.5 0.349999 2600
-0.0205615 0.0333139 -15.5001 0.349999 2600
-0.0116149 0.0494781 -14.5002 0.349999 2600
0.00884596 0.062289 -13.5005 0.349999 2600
0.0404299 0.0637952 -12.501 0.349999 2600
0.0775471 0.0450739 -11.5019 0.349999 2600
0.107978 -0.000553164 -10.5034 0.349999 2600
0.113309 -0.072873 -9.50599 0.349999 2600
0.0724601 -0.159684 -8.51059 0.349999 2600
-0.03086 -0.233203 -7.51866 0.349999 2600
-0.197099 -0.250849 -6.53273 0.349999 2600
-0.398449 -0.163668 -5.55709 0.349999 2600
-0.570147 0.0650013 -4.59884 0.349999 2600
-0.613942 0.430899 -3.66921 0.349999 2600
-0.424945 0.85738 -2.78468 0.349999 2600
0.049322 1.18144 -1.9661 0.349999 2600
0.728825 1.19425 -1.23254 0.349999 2600
1.36112 0.766057 -0.586884 0.349999 2600
1.62328 0 0 0.349999 2600
1.36112 -0.766057 0.586884 0.349999 2600
0.728825 -1.19425 1.23254 0.349999 2600
0.049322 -1.18144 1.9661 0.349999 2600
-0.424945 -0.85738 2.78468 0.349999 2600
-0.613942 -0.430899 3.66921 0.349999 2600
-0.570147 -0.0650013 4.59884 0.349999 2600
-0.398449 0.163668 5.55709 0.349999 2600
-0.197099 0.250849 6.53273 0.349999 2600
-0.03086 0.233203 7.51866 0.349999 2600
0.0724601 0.159684 8.51059 0.349999 2600
0.113309 0.072873 9.50599 0.349999 2600
0.107978 0.000553164 10.5034 0.349999 2600
0.0775471 -0.0450739 11.5019 0.349999 2600
0.0404299 -0.0637952 12.501 0.349999 2600
0.00884596 -0.062289 13.5005 0.349999 2600
-0.0116149 -0.0494781 14.5002 0.349999 2600
-0.0205615 -0.0333139 15.5001 0.349999 2600
-0.0206718 -0.0191871 16.5 0.349999 2600
-0.0157027 -0.0096661 17.4999 0.349999 2600
-0.00908146 -0.00505914 18.4999 0.349999 2600
-0.00318333 -0.00430476 19.4999 0.349999 2600
0.0008159 -0.00582592 20.4999 0.349999 2600
0.0027223 -0.00814803 21.4999 0.349999 2600
0.00295199 -0.0102264 22.4999 0.349999 2600
0.00216505 -0.0115253 23.4999 0.349999 2600
0.000994745 -0.0119345 24.4999 0.349999 2600
-0.000100435 -0.011615 25.4999 0.349999 2600
-0.000877311 -0.010842 26.4999 0.349999 2600
-0.00127691 -0.00988694 27.4999 0.349999 2600
-0.00136022 -0.00895031 28.4999 0.349999 2600
-0.00124126 -0.00814203 29.4999 0.349999 2600
-0.00103548 -0.00749268 30.4999 0.349999 2600
-0.000830038 -0.0069802 31.4999 0.349999 2600
-0.000674203 -0.00655848 32.4999 0.349999 2600
-0.0005837 -0.0061797 33.4999 0.349999 2600
-0.000552015 -0.00580724 34.4999 0.349999 2600
-0.000562653 -0.00541969 35.4999 0.349999 2600
-0.00059858 -0.00500861 36.4999 0.349999 2600
-0.000647165 -0.00457312 37.4999 0.349999 2600
-0.000700702 -0.00411436 38.4999 0.349999 2600
-0.000753728 -0.00363194 39.5 0.349999 2600
-0.000799006 -0.00312356 40.5 0.349999 2600
-0.000824254 -0.00258792 41.5 0.349999 2600
-0.000811654 -0.00203018 42.5 0.349999 2600
-0.000741661 -0.00146803 43.5 0.349999 2600
-0.000601674 -0.000935425 44.5 0.349999 2600
-0.000398504 -0.000480918 45.5 0.349999 2600
-0.000171395 -0.000157108 46.5 0.349999 2600
-2.72447e-13 -2.4929e-09 47.5 0.349999 2600
0 0 48.5 0.349999 2600
