0 0 -48.8 0.349999 400
-1.61352e-08 5.51061e-08 -47.8 0.349999 400
-0.00927644 0.0233596 -46.8003 0.349999 400
-0.00759009 0.0744737 -45.8016 0.349999 400
0.0261286 0.145128 -44.8047 0.349999 400
0.107043 0.215384 -43.8104 0.349999 400
0.238101 0.257693 -42.8199 0.349999 400
0.406574 0.244357 -41.8343 0.349999 400
0.585439 0.155922 -40.8544 0.349999 400
0.739216 -0.0124925 -39.8808 0.349999 400
0.831719 -0.248709 -38.9135 0.349999 400
0.833618 -0.52447 -37.9523 0.349999 400
0.728954 -0.799102 -36.9964 0.349999 400
0.520336 -1.0258 -36.045 0.349999 400
0.231581 -1.16103 -35.0972 0.349999 400
-0.0947061 -1.17542 -34.1521 0.349999 400
-0.40552 -1.06204 -33.2084 0.349999 400
-0.649153 -0.838643 -32.2646 0.349999 400
-0.786294 -0.543791 -31.3189 0.349999 400
-0.797523 -0.228461 -30.37 0.349999 400
-0.686621 0.0539788 -29.4171 0.349999 400
-0.479477 0.257839 -28.4603 0.349999 400
-0.218107 0.353496 -27.4998 0.349999 400
0.048243 0.331746 -26.5362 0.349999 400
0.271994 0.204205 -25.5699 0.349999 400
0.415239 0.00082453 -24.6013 0.349998 400
0.456571 -0.23579 -23.6306 0.349998 400
0.394825 -0.459083 -22.6578 0.349998 400
0.248149 -0.62798 -21.6831 0.349998 400
0.0488342 -0.71448 -20.707 0.349998 400
-0.164239 -0.707802 -19.73 0.349998 400
-0.353732 -0.61465 -18.7525 0.349998 400
-0.490523 -0.455486 -17.7748 0.349998 400
-0.557204 -0.258659 -16.7966 0.349997 400
-0.548653 -0.0546208 -15.8176 0.349997 400
-0.471123 0.12843 -14.8376 0.349997 400
-0.340106 0.268133 -13.8561 0.349997 400
-0.176854 0.350288 -12.8729 0.349997 400
-0.00484874 0.369519 -11.888 0.349997 400
0.153229 0.328991 -10.9014 0.349997 400
0.278166 0.239349 -9.91323 0.349997 400
0.356346 0.116633 -8.92386 0.349997 400
0.380817 -0.020011 -7.93352 0.349997 400
0.351665 -0.150324 -6.94246 0.349996 400
0.276081 -0.255595 -5.95087 0.349996 400
0.167187 -0.321437 -4.95898 0.349996 400
0.0418436 -0.339663 -3.96701 0.349996 400
-0.0818163 -0.308955 -2.97514 0.349996 400
-0.186348 -0.234329 -1.9834 0.349996 400
-0.25649 -0.126281 -0.991708 0.349996 400
-0.281251 0 0 0.349996 400
-0.25649 0.126281 0.991708 0.349996 400
-0.186348 0.234329 1.9834 0.349996 400
-0.0818163 0.308955 2.97514 0.349996 400
0.0418436 0.339663 3.96701 0.349996 400
0.167187 0.321437 4.95898 0.349996 400
0.276081 0.255595 5.95087 0.349996 400
0.351665 0.150324 6.94246 0.349996 400
0.380817 0.020011 7.93352 0.349997 400
0.356346 -0.116633 8.92386 0.349997 400
0.278166 -0.239349 9.91323 0.349997 400
0.153229 -0.328991 10.9014 0.349997 400
-0.00484874 -0.369519 11.888 0.349997 400
-0.176854 -0.350288 12.8729 0.349997 400
-0.340106 -0.268133 13.8561 0.349997 400
-0.471123 -0.12843 14.8376 0.349997 400
-0.548653 0.0546208 15.8176 0.349997 400
-0.557204 0.258659 16.7966 0.349997 400
-0.490523 0.455486 17.7748 0.349998 400
-0.353732 0.61465 18.7525 0.349998 400
-0.164239 0.707802 19.73 0.349998 400
0.0488342 0.71448 20.707 0.349998 400
0.248149 0.62798 21.6831 0.349998 400
0.394825 0.459083 22.6578 0.349998 400
0.456571 0.23579 23.6306 0.349998 400
0.415239 -0.00082453 24.6013 0.349998 400
0.271994 -0.204205 25.5699 0.349999 400
0.048243 -0.331746 26.5362 0.349999 400
-0.218107 -0.353496 27.4998 0.349999 400
-0.479477 -0.257839 28.4603 0.349999 400
-0.686621 -0.0539788 29.4171 0.349999 400
-0.797523 0.228461 30.37 0.349999 400
-0.786294 0.543791 31.3189 0.349999 400
-0.649153 0.838643 32.2646 0.349999 400
-0.40552 1.06204 33.2084 0.349999 400
-0.0947061 1.17542 34.1521 0.349999 400
0.231581 1.16103 35.0972 0.349999 400
0.520336 1.0258 36.045 0.349999 400
0.728954 0.799102 36.9964 0.349999 400
0.833618 0.52447 37.9523 0.349999 400
0.831719 0.248709 38.9135 0.349999 400
0.739216 0.0124925 39.8808 0.349999 400
0.585439 -0.155922 40.8544 0.349999 400
0.406574 -0.244357 41.8343 0.349999 400
0.238101 -0.257693 42.8199 0.349999 400
0.107043 -0.215384 43.8104 0.349999 400
0.0261286 -0.145128 44.8047 0.349999 400
-0.00759009 -0.0744737 45.8016 0.349999 400
-0.00927644 -0.0233596 46.8003 0.349999 400
-1.61352e-08 -5.51061e-08 47.8 0.349999 400
0 0 48.8 0.349999 400
