0 0 -48.5 0.349999 1200
-8.45655e-09 6.69121e-10 -47.5 0.349999 1200
-0.000506407 -0.000481775 -46.5 0.349999 1200
-0.00147527 -0.00114127 -45.5 0.349999 1200
-0.00278849 -0.00182157 -44.5 0.349999 1200
-0.00434936 -0.00246539 -43.5 0.349999 1200
-0.00610986 -0.00303988 -42.5 0.349999 1200
-0.00804126 -0.003484 -41.5 0.349999 1200
-0.0100849 -0.00370431 -40.5 0.349999 1200
-0.0121237 -0.00361333 -39.5 0.349999 1200
-0.0139963 -0.0031803 -38.5 0.349999 1200
-0.0155498 -0.00245854 -37.5 0.349999 1200
-0.016701 -0.00156858 -36.5 0.349999 1200
-0.0174733 -0.00064187 -35.4999 0.349999 1200
-0.0179868 0.000248283 -34.4999 0.349999 1200
-0.0184044 0.00113492 -33.4999 0.349999 1200
-0.0188562 0.00216193 -32.4999 0.349999 1200
-0.0193745 0.00354193 -31.4999 0.349999 1200
-0.0198625 0.00548374 -30.4999 0.349999 1200
-0.0201079 0.00811527 -29.4999 0.349999 1200
-0.019833 0.0114256 -28.4999 0.349999 1200
-0.0187663 0.0152411 -27.4999 0.349999 1200
-0.0167156 0.0192368 -26.4999 0.349999 1200
-0.0136301 0.0229779 -25.4999 0.349999 1200
-0.00964536 0.0259821 -24.4999 0.349999 1200
-0.00511157 0.0278 -23.4999 0.349999 1200
-0.000598134 0.0281183 -22.5 0.349999 1200
0.00314485 0.02689 -21.5 0.349999 1200
0.00530345 0.0244753 -20.5 0.349999 1200
0.00522847 0.0217452 -19.5 0.349999 1200
0.00277637 0.0200586 -18.5 0.349999 1200
-0.00130334 0.0210091 -17.5 0.349999 1200
-0.00508601 0.0258708 -16.5 0.349999 1200
-0.00551918 0.0347659 -15.5 0.349999 1200
0.000964495 0.04574 -14.5001 0.349999 1200
0.0171243 0.0541098 -13.5002 0.349999 1200
0.0429585 0.0525951 -12.5006 0.349999 1200
0.073548 0.0327667 -11.5012 0.349999 1200
0.0975331 -0.0118624 -10.5025 0.349999 1200
0.0973973 -0.0812657 -9.50491 0.349999 1200
0.052819 -0.163808 -8.50932 0.349999 1200
-0.0520579 -0.232566 -7.51721 0.349999 1200
-0.217692 -0.24593 -6.5311 0.349999 1200
-0.416758 -0.15579 -5.55527 0.349999 1200
-0.585335 0.0740393 -4.59674 0.349999 1200
-0.626116 0.439354 -3.66675 0.349999 1200
-0.434932 0.864071 -2.78183 0.349999 1200
0.0404774 1.186 -1.96308 0.349999 1200
0.720372 1.19694 -1.22985 0.349999 1200
1.35276 0.767294 -0.585254 0.349999 1200
1.61495 0 0 0.349999 1200
1.35276 -0.767294 0.585254 0.349999 1200
0.720372 -1.19694 1.22985 0.349999 1200
0.0404774 -1.186 1.96308 0.349999 1200
-0.434932 -0.864071 2.78183 0.349999 1200
-0.626116 -0.439354 3.66675 0.349999 1200
-0.585335 -0.0740393 4.59674 0.349999 1200
-0.416758 0.15579 5.55527 0.349999 1200
-0.217692 0.24593 6.5311 0.349999 1200
-0.0520579 0.232566 7.51721 0.349999 1200
0.052819 0.163808 8.50932 0.349999 1200
0.0973973 0.0812657 9.50491 0.349999 1200
0.0975331 0.0118624 10.5025 0.349999 1200
0.073548 -0.0327667 11.5012 0.349999 1200
0.0429585 -0.0525951 12.5006 0.349999 1200
0.0171243 -0.0541098 13.5002 0.349999 1200
0.000964495 -0.04574 14.5001 0.349999 1200
-0.00551918 -0.0347659 15.5 0.349999 1200
-0.00508601 -0.0258708 16.5 0.349999 1200
-0.00130334 -0.0210091 17.5 0.349999 1200
0.00277637 -0.0200586 18.5 0.349999 1200
0.00522847 -0.0217452 19.5 0.349999 1200
0.00530345 -0.0244753 20.5 0.349999 1200
0.00314485 -0.02689 21.5 0.349999 1200
-0.000598134 -0.0281183 22.5 0.349999 1200
-0.00511157 -0.0278 23.4999 0.349999 1200
-0.00964536 -0.0259821 24.4999 0.349999 1200
-0.0136301 -0.0229779 25.4999 0.349999 1200
-0.0167156 -0.0192368 26.4999 0.349999 1200
-0.0187663 -0.0152411 27.4999 0.349999 1200
-0.019833 -0.0114256 28.4999 0.349999 1200
-0.0201079 -0.00811527 29.4999 0.349999 1200
-0.0198625 -0.00548374 30.4999 0.349999 1200
-0.0193745 -0.00354193 31.4999 0.349999 1200
-0.0188562 -0.00216193 32.4999 0.349999 1200
-0.0184044 -0.00113492 33.4999 0.349999 1200
-0.0179868 -0.000248283 34.4999 0.349999 1200
-0.0174733 0.00064187 35.4999 0.349999 1200
-0.016701 0.00156858 36.5 0.349999 1200
-0.0155498 0.00245854 37.5 0.349999 1200
-0.0139963 0.0031803 38.5 0.349999 1200
-0.0121237 0.00361333 39.5 0.349999 1200
-0.0100849 0.00370431 40.5 0.349999 1200
-0.00804126 0.003484 41.5 0.349999 1200
-0.00610986 0.00303988 42.5 0.349999 1200
-0.00434936 0.00246539 43.5 0.349999 1200
-0.00278849 0.00182157 44.5 0.349999 1200
-0.00147527 0.00114127 45.5 0.349999 1200
-0.000506407 0.000481775 46.5 0.349999 1200
-8.45655e-09 -6.69121e-10 47.5 0.349999 1200
0 0 48.5 0.349999 1200
