0 0 -48.5 0.349999 2000
4.73177e-11 2.42742e-09 -47.5 0.349999 2000
-0.00016287 0.000155342 -46.5 0.349999 2000
-0.000376923 0.000472374 -45.5 0.349999 2000
-0.000566796 0.000914506 -44.5 0.349999 2000
-0.000696715 0.00143053 -43.5 0.349999 2000
-0.000762014 0.00197436 -42.5 0.349999 2000
-0.000776128 0.00251474 -41.5 0.349999 2000
-0.000758439 0.00303652 -40.5 0.349999 2000
-0.000725929 0.00353665 -39.5 0.349999 2000
-0.00068956 0.00401814 -38.4999 0.349999 2000
-0.000654751 0.00448473 -37.4999 0.349999 2000
-0.000624559 0.00493767 -36.4999 0.349999 2000
-0.000603708 0.0053759 -35.4999 0.349999 2000
-0.000601542 0.00579909 -34.4999 0.349999 2000
-0.000632082 0.00621299 -33.4999 0.349999 2000
-0.000709849 0.00663483 -32.4999 0.349999 2000
-0.000841148 0.00709614 -31.4999 0.349999 2000
-0.00101221 0.00763963 -30.4999 0.349999 2000
-0.00117778 0.00830729 -29.4999 0.349999 2000
-0.00125615 0.00911895 -28.4999 0.349999 2000
-0.00113775 0.0100442 -27.4999 0.349999 2000
-0.000713802 0.0109755 -26.4999 0.349999 2000
7.29645e-05 0.0117165 -25.4999 0.349999 2000
0.00116178 0.0120008 -24.4999 0.349999 2000
0.00230961 0.0115582 -23.4999 0.349999 2000
0.00305972 0.0102322 -22.4999 0.349999 2000
0.00278172 0.00813634 -21.4999 0.349999 2000
0.000819214 0.00580888 -20.4999 0.349999 2000
-0.00323978 0.0042959 -19.4999 0.349999 2000
-0.00919678 0.00507226 -18.4999 0.349999 2000
-0.0158713 0.00971399 -17.4999 0.349999 2000
-0.0208837 0.0192801 -16.5 0.349999 2000
-0.0208029 0.0334583 -15.5001 0.349999 2000
-0.0118698 0.049675 -14.5002 0.349999 2000
0.00859389 0.0625334 -13.5005 0.349999 2000
0.0401948 0.0640763 -12.501 0.349999 2000
0.077339 0.0453767 -11.5019 0.349999 2000
0.107801 -0.000246255 -10.5034 0.349999 2000
0.113161 -0.0725791 -9.50599 0.349999 2000
0.0723348 -0.159417 -8.5106 0.349999 2000
-0.030973 -0.232973 -7.51867 0.349999 2000
-0.19721 -0.250659 -6.53274 0.349999 2000
-0.398568 -0.163516 -5.5571 0.349999 2000
-0.570279 0.0651198 -4.59884 0.349999 2000
-0.614087 0.43099 -3.6692 0.349999 2000
-0.425101 0.857449 -2.78466 0.349999 2000
0.0491607 1.18149 -1.96607 0.349999 2000
0.728662 1.19428 -1.2325 0.349999 2000
1.36095 0.766073 -0.586863 0.349999 2000
1.62312 0 0 0.349999 2000
1.36095 -0.766073 0.586863 0.349999 2000
0.728662 -1.19428 1.2325 0.349999 2000
0.0491607 -1.18149 1.96607 0.349999 2000
-0.425101 -0.857449 2.78466 0.349999 2000
-0.614087 -0.43099 3.6692 0.349999 2000
-0.570279 -0.0651198 4.59884 0.349999 2000
-0.398568 0.163516 5.5571 0.349999 2000
-0.19721 0.250659 6.53274 0.349999 2000
-0.030973 0.232973 7.51867 0.349999 2000
0.0723348 0.159417 8.5106 0.349999 2000
0.113161 0.0725791 9.50599 0.349999 2000
0.107801 0.000246255 10.5034 0.349999 2000
0.077339 -0.0453767 11.5019 0.349999 2000
0.0401948 -0.0640763 12.501 0.349999 2000
0.00859389 -0.0625334 13.5005 0.349999 2000
-0.0118698 -0.049675 14.5002 0.349999 2000
-0.0208029 -0.0334583 15.5001 0.349999 2000
-0.0208837 -0.0192801 16.5 0.349999 2000
-0.0158713 -0.00971399 17.4999 0.349999 2000
-0.00919678 -0.00507226 18.4999 0.349999 2000
-0.00323978 -0.0042959 19.4999 0.349999 2000
0.000819214 -0.00580888 20.4999 0.349999 2000
0.00278172 -0.00813634 21.4999 0.349999 2000
0.00305972 -0.0102322 22.4999 0.349999 2000
0.00230961 -0.0115582 23.4999 0.349999 2000
0.00116178 -0.0120008 24.4999 0.349999 2000
7.29645e-05 -0.0117165 25.4999 0.349999 2000
-0.000713802 -0.0109755 26.4999 0.349999 2000
-0.00113775 -0.0100442 27.4999 0.349999 2000
-0.00125615 -0.00911895 28.4999 0.349999 2000
-0.00117778 -0.00830729 29.4999 0.349999 2000
-0.00101221 -0.00763963 30.4999 0.349999 2000
-0.000841148 -0.00709614 31.4999 0.349999 2000
-0.000709849 -0.00663483 32.4999 0.349999 2000
-0.000632082 -0.00621299 33.4999 0.349999 2000
-0.000601542 -0.00579909 34.4999 0.349999 2000
-0.000603708 -0.0053759 35.4999 0.349999 2000
-0.000624559 -0.00493767 36.4999 0.349999 2000
-0.000654751 -0.00448473 37.4999 0.349999 2000
-0.00068956 -0.00401814 38.4999 0.349999 2000
-0.000725929 -0.00353665 39.5 0.349999 2000
-0.000758439 -0.00303652 40.5 0.349999 2000
-0.000776128 -0.00251474 41.5 0.349999 2000
-0.000762014 -0.00197436 42.5 0.349999 2000
-0.000696715 -0.00143053 43.5 0.349999 2000
-0.000566796 -0.000914506 44.5 0.349999 2000
-0.000376923 -0.000472374 45.5 0.349999 2000
-0.00016287 -0.000155342 46.5 0.349999 2000
4.73177e-11 -2.42742e-09 47.5 0.349999 2000
0 0 48.5 0.349999 2000
