0 0 -48.5 0.349999 600
8.64805e-09 -1.30289e-07 -47.5 0.349999 600
0.00905472 -0.0116124 -46.5001 0.349999 600
0.0158291 -0.0383376 -45.5005 0.349999 600
0.00881586 -0.0755793 -44.5012 0.349999 600
-0.0187866 -0.111801 -43.5022 0.349999 600
-0.0654498 -0.132222 -42.5035 0.349999 600
-0.120215 -0.124233 -41.505 0.349999 600
-0.164846 -0.0829555 -40.5069 0.349998 600
-0.179098 -0.0150062 -39.5093 0.349998 600
-0.147668 0.0610746 -38.5127 0.349998 600
-0.0668858 0.11827 -37.5176 0.349998 600
0.0509019 0.128221 -36.5246 0.349999 600
0.177263 0.0705572 -35.5342 0.349999 600
0.27297 -0.0581113 -34.5472 0.349999 600
0.298287 -0.238642 -33.5639 0.349999 600
0.225922 -0.430002 -32.5851 0.349999 600
0.0529241 -0.577295 -31.6112 0.349999 600
-0.192459 -0.62623 -30.643 0.349999 600
-0.452506 -0.541007 -29.6812 0.349999 600
-0.652197 -0.320485 -28.7265 0.349999 600
-0.720433 -0.0063702 -27.7795 0.349999 600
-0.615018 0.321918 -26.8408 0.349999 600
-0.342706 0.567286 -25.9104 0.349999 600
0.0347969 0.645602 -24.9877 0.349999 600
0.414309 0.517024 -24.0715 0.349999 600
0.682584 0.205391 -23.16 0.349999 600
0.755577 -0.204595 -22.2508 0.349999 600
0.609662 -0.594168 -21.3414 0.35 600
0.290701 -0.851533 -20.4293 0.35 600
-0.103289 -0.910062 -19.512 0.349999 600
-0.458023 -0.767906 -18.5879 0.349999 600
-0.681486 -0.48265 -17.6559 0.349999 600
-0.73009 -0.146249 -16.7154 0.349999 600
-0.615033 0.147507 -15.7665 0.35 600
-0.390504 0.330465 -14.8094 0.35 600
-0.131445 0.374902 -13.8445 0.35 600
0.0903003 0.294176 -12.8728 0.35 600
0.224551 0.132165 -11.8951 0.35 600
0.252229 -0.0534139 -10.9129 0.35 600
0.185038 -0.208261 -9.92725 0.35 600
0.0574234 -0.294902 -8.93922 0.35 600
-0.0859343 -0.299682 -7.94956 0.35 600
-0.203246 -0.232473 -6.95874 0.35 600
-0.265745 -0.120442 -5.967 0.35 600
-0.26292 0.00118333 -4.97443 0.35 600
-0.202814 0.0987503 -3.98102 0.35 600
-0.108113 0.148401 -2.98676 0.35 600
-0.0091114 0.141309 -1.9917 0.35 600
0.064612 0.0848858 -0.996019 0.35 600
0.091764 0 0 0.35 600
0.064612 -0.0848858 0.996019 0.35 600
-0.0091114 -0.141309 1.9917 0.35 600
-0.108113 -0.148401 2.98676 0.35 600
-0.202814 -0.0987503 3.98102 0.35 600
-0.26292 -0.00118333 4.97443 0.35 600
-0.265745 0.120442 5.967 0.35 600
-0.203246 0.232473 6.95874 0.35 600
-0.0859343 0.299682 7.94956 0.35 600
0.0574234 0.294902 8.93922 0.35 600
0.185038 0.208261 9.92725 0.35 600
0.252229 0.0534139 10.9129 0.35 600
0.224551 -0.132165 11.8951 0.35 600
0.0903003 -0.294176 12.8728 0.35 600
-0.131445 -0.374902 13.8445 0.35 600
-0.390504 -0.330465 14.8094 0.35 600
-0.615033 -0.147507 15.7665 0.35 600
-0.73009 0.146249 16.7154 0.349999 600
-0.681486 0.48265 17.6559 0.349999 600
-0.458023 0.767906 18.5879 0.349999 600
-0.103289 0.910062 19.512 0.349999 600
0.290701 0.851533 20.4293 0.35 600
0.609662 0.594168 21.3414 0.35 600
0.755577 0.204595 22.2508 0.349999 600
0.682584 -0.205391 23.16 0.349999 600
0.414309 -0.517024 24.0715 0.349999 600
0.0347969 -0.645602 24.9877 0.349999 600
-0.342706 -0.567286 25.9104 0.349999 600
-0.615018 -0.321918 26.8408 0.349999 600
-0.720433 0.0063702 27.7795 0.349999 600
-0.652197 0.320485 28.7265 0.349999 600
-0.452506 0.541007 29.6812 0.349999 600
-0.192459 0.62623 30.643 0.349999 600
0.0529241 0.577295 31.6112 0.349999 600
0.225922 0.430002 32.5851 0.349999 600
0.298287 0.238642 33.5639 0.349999 600
0.27297 0.0581113 34.5472 0.349999 600
0.177263 -0.0705572 35.5342 0.349999 600
0.0509019 -0.128221 36.5246 0.349999 600
-0.0668858 -0.11827 37.5176 0.349998 600
-0.147668 -0.0610746 38.5127 0.349998 600
-0.179098 0.0150062 39.5093 0.349998 600
-0.164846 0.0829555 40.5069 0.349998 600
-0.120215 0.124233 41.505 0.349999 600
-0.0654498 0.132222 42.5035 0.349999 600
-0.0187866 0.111801 43.5022 0.349999 600
0.00881586 0.0755793 44.5012 0.349999 600
0.0158291 0.0383376 45.5005 0.349999 600
0.00905472 0.0116124 46.5001 0.349999 600
8.64805e-09 1.30289e-07 47.5 0.349999 600
0 0 48.5 0.349999 600
