0 0 -48.5 0.349999 3600
-2.14301e-15 2.49233e-09 -47.5 0.349999 3600
-0.000171368 0.000157016 -46.5 0.349999 3600
-0.000398518 0.000480669 -45.5 0.349999 3600
-0.000601857 0.000935038 -44.5 0.349999 3600
-0.000742142 0.00146763 -43.5 0.349999 3600
-0.000812504 0.00203002 -42.5 0.349999 3600
-0.000825434 0.00258829 -41.5 0.349999 3600
-0.000800336 0.0031248 -40.5 0.349999 3600
-0.000754887 0.00363434 -39.5 0.349999 3600
-0.000701258 0.00411807 -38.4999 0.349999 3600
-0.000646629 0.00457816 -37.4999 0.349999 3600
-0.000596479 0.00501481 -36.4999 0.349999 3600
-0.000558604 0.00542673 -35.4999 0.349999 3600
-0.000545789 0.00581468 -34.4999 0.349999 3600
-0.000575262 0.00618704 -33.4999 0.349999 3600
-0.000663714 0.00656524 -32.4999 0.349999 3600
-0.000817831 0.00698601 -31.4999 0.349999 3600
-0.001022 0.0074973 -30.4999 0.349999 3600
-0.00122702 0.0081454 -29.4999 0.349999 3600
-0.00134571 0.00895251 -28.4999 0.349999 3600
-0.00126254 0.00988817 -27.4999 0.349999 3600
-0.000863413 0.0108426 -26.4999 0.349999 3600
-8.72204e-05 0.0116152 -25.4999 0.349999 3600
0.00100716 0.0119346 -24.4999 0.349999 3600
0.00217662 0.0115256 -23.4999 0.349999 3600
0.00296273 0.0102271 -22.4999 0.349999 3600
0.00273226 0.00814917 -21.4999 0.349999 3600
0.000825135 0.00582759 -20.4999 0.349999 3600
-0.00317478 0.00430694 -19.4999 0.349999 3600
-0.00907359 0.00506176 -18.4999 0.349999 3600
-0.0156956 0.00966904 -17.4999 0.349999 3600
-0.0206655 0.0191902 -16.5 0.349999 3600
-0.0205564 0.0333172 -15.5001 0.349999 3600
-0.0116111 0.0494817 -14.5002 0.349999 3600
0.00884815 0.062293 -13.5005 0.349999 3600
0.0404304 0.0638 -12.501 0.349999 3600
0.0775461 0.0450802 -11.5019 0.349999 3600
0.107976 -0.000544918 -10.5034 0.349999 3600
0.113306 -0.0728625 -9.50598 0.349999 3600
0.0724585 -0.159671 -8.51059 0.349999 3600
-0.0308596 -0.233189 -7.51866 0.349999 3600
-0.197096 -0.250834 -6.53273 0.349999 3600
-0.398442 -0.163654 -5.55709 0.349999 3600
-0.570138 0.0650136 -4.59884 0.349999 3600
-0.613931 0.430909 -3.66921 0.349999 3600
-0.424934 0.857386 -2.78467 0.349999 3600
0.049333 1.18145 -1.9661 0.349999 3600
0.728837 1.19425 -1.23253 0.349999 3600
1.36113 0.766059 -0.586881 0.349999 3600
1.6233 0 0 0.349999 3600
1.36113 -0.766059 0.586881 0.349999 3600
0.728837 -1.19425 1.23253 0.349999 3600
0.049333 -1.18145 1.9661 0.349999 3600
-0.424934 -0.857386 2.78467 0.349999 3600
-0.613931 -0.430909 3.66921 0.349999 3600
-0.570138 -0.0650136 4.59884 0.349999 3600
-0.398442 0.163654 5.55709 0.349999 3600
-0.197096 0.250834 6.53273 0.349999 3600
-0.0308596 0.233189 7.51866 0.349999 3600
0.0724585 0.159671 8.51059 0.349999 3600
0.113306 0.0728625 9.50598 0.349999 3600
0.107976 0.000544918 10.5034 0.349999 3600
0.0775461 -0.0450802 11.5019 0.349999 3600
0.0404304 -0.0638 12.501 0.349999 3600
0.00884815 -0.062293 13.5005 0.349999 3600
-0.0116111 -0.0494817 14.5002 0.349999 3600
-0.0205564 -0.0333172 15.5001 0.349999 3600
-0.0206655 -0.0191902 16.5 0.349999 3600
-0.0156956 -0.00966904 17.4999 0.349999 3600
-0.00907359 -0.00506176 18.4999 0.349999 3600
-0.00317478 -0.00430694 19.4999 0.349999 3600
0.000825135 -0.00582759 20.4999 0.349999 3600
0.00273226 -0.00814917 21.4999 0.349999 3600
0.00296273 -0.0102271 22.4999 0.349999 3600
0.00217662 -0.0115256 23.4999 0.349999 3600
0.00100716 -0.0119346 24.4999 0.349999 3600
-8.72204e-05 -0.0116152 25.4999 0.349999 3600
-0.000863413 -0.0108426 26.4999 0.349999 3600
-0.00126254 -0.00988817 27.4999 0.349999 3600
-0.00134571 -0.00895251 28.4999 0.349999 3600
-0.00122702 -0.0081454 29.4999 0.349999 3600
-0.001022 -0.0074973 30.4999 0.349999 3600
-0.000817831 -0.00698601 31.4999 0.349999 3600
-0.000663714 -0.00656524 32.4999 0.349999 3600
-0.000575262 -0.00618704 33.4999 0.349999 3600
-0.000545789 -0.00581468 34.4999 0.349999 3600
-0.000558604 -0.00542673 35.4999 0.349999 3600
-0.000596479 -0.00501481 36.4999 0.349999 3600
-0.000646629 -0.00457816 37.4999 0.349999 3600
-0.000701258 -0.00411807 38.4999 0.349999 3600
-0.000754887 -0.00363434 39.5 0.349999 3600
-0.000800336 -0.0031248 40.5 0.349999 3600
-0.000825434 -0.00258829 41.5 0.349999 3600
-0.000812504 -0.00203002 42.5 0.349999 3600
-0.000742142 -0.00146763 43.5 0.349999 3600
-0.000601857 -0.000935038 44.5 0.349999 3600
-0.000398518 -0.000480669 45.5 0.349999 3600
-0.000171368 -0.000157016 46.5 0.349999 3600
-2.14301e-15 -2.49233e-09 47.5 0.349999 3600
0 0 48.5 0.349999 3600
