0 0 -48.5 0.349999 800
3.8306e-08 -4.09328e-08 -47.5 0.349999 800
0.00525695 -0.0025551 -46.5 0.349999 800
0.0106673 -0.00983991 -45.5 0.349999 800
0.0110977 -0.0202585 -44.5001 0.349999 800
0.00343725 -0.0293278 -43.5002 0.349999 800
-0.012199 -0.031428 -42.5003 0.349999 800
-0.0323959 -0.0218315 -41.5005 0.349999 800
-0.0514272 0.0016205 -40.501 0.349999 800
-0.0629303 0.037671 -39.5017 0.349999 800
-0.0617195 0.081828 -38.5027 0.349999 800
-0.0451889 0.127447 -37.5038 0.349999 800
-0.0139328 0.16732 -36.5051 0.349999 800
0.0285041 0.19527 -35.5064 0.349999 800
0.0765496 0.207313 -34.5076 0.349999 800
0.123839 0.202164 -33.5087 0.349999 800
0.164394 0.181133 -32.5098 0.349999 800
0.193524 0.147589 -31.5108 0.349999 800
0.20836 0.106206 -30.5117 0.349999 800
0.208054 0.062149 -29.5127 0.349999 800
0.193666 0.020312 -28.5137 0.349999 800
0.167801 -0.0153188 -27.5146 0.349999 800
0.134059 -0.0421 -26.5156 0.349999 800
0.0963864 -0.0589145 -25.5164 0.349999 800
0.0584267 -0.0660759 -24.5171 0.349999 800
0.0229946 -0.0649713 -23.5178 0.349999 800
-0.0082219 -0.0575147 -22.5183 0.349999 800
-0.0346548 -0.0455372 -21.5187 0.349999 800
-0.056533 -0.0302636 -20.519 0.349999 800
-0.0743029 -0.0120236 -19.5194 0.349999 800
-0.0879331 0.00967228 -18.5197 0.349999 800
-0.0963206 0.0356422 -17.52 0.349999 800
-0.0970195 0.0661873 -16.5205 0.349999 800
-0.0864887 0.100049 -15.5211 0.349999 800
-0.0610118 0.133442 -14.522 0.349999 800
-0.0183206 0.159557 -13.5232 0.349999 800
0.0402609 0.168993 -12.525 0.349999 800
0.10763 0.151574 -11.5274 0.349999 800
0.169502 0.0997712 -10.5307 0.349999 800
0.204912 0.0135594 -9.53502 0.349999 800
0.189884 -0.0942453 -8.54096 0.349999 800
0.105169 -0.194109 -7.54956 0.349999 800
-0.052113 -0.240366 -6.56309 0.349999 800
-0.255231 -0.179828 -5.5858 0.349999 800
-0.438355 0.0287802 -4.62509 0.349999 800
-0.499753 0.384892 -3.69266 0.349999 800
-0.329205 0.813192 -2.80526 0.349999 800
0.13149 1.14854 -1.98349 0.349999 800
0.805894 1.17632 -1.24564 0.349999 800
1.43992 0.759822 -0.594069 0.349999 800
1.70404 0 0 0.349999 800
1.43992 -0.759822 0.594069 0.349999 800
0.805894 -1.17632 1.24564 0.349999 800
0.13149 -1.14854 1.98349 0.349999 800
-0.329205 -0.813192 2.80526 0.349999 800
-0.499753 -0.384892 3.69266 0.349999 800
-0.438355 -0.0287802 4.62509 0.349999 800
-0.255231 0.179828 5.5858 0.349999 800
-0.052113 0.240366 6.56309 0.349999 800
0.105169 0.194109 7.54956 0.349999 800
0.189884 0.0942453 8.54096 0.349999 800
0.204912 -0.0135594 9.53502 0.349999 800
0.169502 -0.0997712 10.5307 0.349999 800
0.10763 -0.151574 11.5274 0.349999 800
0.0402609 -0.168993 12.525 0.349999 800
-0.0183206 -0.159557 13.5232 0.349999 800
-0.0610118 -0.133442 14.522 0.349999 800
-0.0864887 -0.100049 15.5211 0.349999 800
-0.0970195 -0.0661873 16.5205 0.349999 800
-0.0963206 -0.0356422 17.52 0.349999 800
-0.0879331 -0.00967228 18.5197 0.349999 800
-0.0743029 0.0120236 19.5194 0.349999 800
-0.056533 0.0302636 20.519 0.349999 800
-0.0346548 0.0455372 21.5187 0.349999 800
-0.0082219 0.0575147 22.5183 0.349999 800
0.0229946 0.0649713 23.5178 0.349999 800
0.0584267 0.0660759 24.5171 0.349999 800
0.0963864 0.0589145 25.5164 0.349999 800
0.134059 0.0421 26.5156 0.349999 800
0.167801 0.0153188 27.5146 0.349999 800
0.193666 -0.020312 28.5137 0.349999 800
0.208054 -0.062149 29.5127 0.349999 800
0.20836 -0.106206 30.5117 0.349999 800
0.193524 -0.147589 31.5108 0.349999 800
0.164394 -0.181133 32.5098 0.349999 800
0.123839 -0.202164 33.5087 0.349999 800
0.0765496 -0.207313 34.5076 0.349999 800
0.0285041 -0.19527 35.5064 0.349999 800
-0.0139328 -0.16732 36.5051 0.349999 800
-0.0451889 -0.127447 37.5038 0.349999 800
-0.0617195 -0.081828 38.5027 0.349999 800
-0.0629303 -0.037671 39.5017 0.349999 800
-0.0514272 -0.0016205 40.501 0.349999 800
-0.0323959 0.0218315 41.5005 0.349999 800
-0.012199 0.031428 42.5003 0.349999 800
0.00343725 0.0293278 43.5002 0.349999 800
0.0110977 0.0202585 44.5001 0.349999 800
0.0106673 0.00983991 45.5 0.349999 800
0.00525695 0.0025551 46.5 0.349999 800
3.8306e-08 4.09328e-08 47.5 0.349999 800
0 0 48.5 0.349999 800
