0 0 -48.5 0.349999 3200
2.56978e-13 2.49207e-09 -47.5 0.349999 3200
-0.00017133 0.000157015 -46.5 0.349999 3200
-0.000398419 0.000480651 -45.5 0.349999 3200
-0.000601689 0.000934979 -44.5 0.349999 3200
-0.000741913 0.00146751 -43.5 0.349999 3200
-0.000812232 0.00202983 -42.5 0.349999 3200
-0.00082514 0.00258803 -41.5 0.349999 3200
-0.000800042 0.00312448 -40.5 0.349999 3200
-0.000754612 0.00363396 -39.5 0.349999 3200
-0.000701013 0.00411766 -38.4999 0.349999 3200
-0.000646421 0.00457775 -37.4999 0.349999 3200
-0.000596308 0.00501442 -36.4999 0.349999 3200
-0.000558466 0.00542638 -35.4999 0.349999 3200
-0.000545676 0.00581438 -34.4999 0.349999 3200
-0.000575162 0.00618681 -33.4999 0.349999 3200
-0.000663615 0.00656509 -32.4999 0.349999 3200
-0.000817723 0.00698593 -31.4999 0.349999 3200
-0.00102188 0.0074973 -30.4999 0.349999 3200
-0.00122687 0.00814546 -29.4999 0.349999 3200
-0.00134552 0.00895263 -28.4999 0.349999 3200
-0.00126232 0.00988834 -27.4999 0.349999 3200
-0.000863169 0.0108428 -26.4999 0.349999 3200
-8.69579e-05 0.0116154 -25.4999 0.349999 3200
0.00100743 0.0119348 -24.4999 0.349999 3200
0.00217689 0.0115258 -23.4999 0.349999 3200
0.00296298 0.0102274 -22.4999 0.349999 3200
0.00273248 0.00814945 -21.4999 0.349999 3200
0.000825313 0.00582788 -20.4999 0.349999 3200
-0.00317465 0.00430725 -19.4999 0.349999 3200
-0.00907351 0.00506209 -18.4999 0.349999 3200
-0.0156956 0.0096694 -17.4999 0.349999 3200
-0.0206656 0.0191906 -16.5 0.349999 3200
-0.0205564 0.0333177 -15.5001 0.349999 3200
-0.0116112 0.0494821 -14.5002 0.349999 3200
0.00884804 0.0622935 -13.5005 0.349999 3200
0.0404303 0.0638005 -12.501 0.349999 3200
0.0775459 0.0450807 -11.5019 0.349999 3200
0.107976 -0.000544452 -10.5034 0.349999 3200
0.113306 -0.0728621 -9.50598 0.349999 3200
0.0724583 -0.159671 -8.51059 0.349999 3200
-0.0308598 -0.233189 -7.51866 0.349999 3200
-0.197096 -0.250834 -6.53273 0.349999 3200
-0.398443 -0.163653 -5.55709 0.349999 3200
-0.570139 0.0650138 -4.59884 0.349999 3200
-0.613931 0.430909 -3.66921 0.349999 3200
-0.424934 0.857387 -2.78467 0.349999 3200
0.0493326 1.18145 -1.9661 0.349999 3200
0.728836 1.19425 -1.23253 0.349999 3200
1.36113 0.766059 -0.586881 0.349999 3200
1.6233 0 0 0.349999 3200
1.36113 -0.766059 0.586881 0.349999 3200
0.728836 -1.19425 1.23253 0.349999 3200
0.0493326 -1.18145 1.9661 0.349999 3200
-0.424934 -0.857387 2.78467 0.349999 3200
-0.613931 -0.430909 3.66921 0.349999 3200
-0.570139 -0.0650138 4.59884 0.349999 3200
-0.398443 0.163653 5.55709 0.349999 3200
-0.197096 0.250834 6.53273 0.349999 3200
-0.0308598 0.233189 7.51866 0.349999 3200
0.0724583 0.159671 8.51059 0.349999 3200
0.113306 0.0728621 9.50598 0.349999 3200
0.107976 0.000544452 10.5034 0.349999 3200
0.0775459 -0.0450807 11.5019 0.349999 3200
0.0404303 -0.0638005 12.501 0.349999 3200
0.00884804 -0.0622935 13.5005 0.349999 3200
-0.0116112 -0.0494821 14.5002 0.349999 3200
-0.0205564 -0.0333177 15.5001 0.349999 3200
-0.0206656 -0.0191906 16.5 0.349999 3200
-0.0156956 -0.0096694 17.4999 0.349999 3200
-0.00907351 -0.00506209 18.4999 0.349999 3200
-0.00317465 -0.00430725 19.4999 0.349999 3200
0.000825313 -0.00582788 20.4999 0.349999 3200
0.00273248 -0.00814945 21.4999 0.349999 3200
0.00296298 -0.0102274 22.4999 0.349999 3200
0.00217689 -0.0115258 23.4999 0.349999 3200
0.00100743 -0.0119348 24.4999 0.349999 3200
-8.69579e-05 -0.0116154 25.4999 0.349999 3200
-0.000863169 -0.0108428 26.4999 0.349999 3200
-0.00126232 -0.00988834 27.4999 0.349999 3200
-0.00134552 -0.00895263 28.4999 0.349999 3200
-0.00122687 -0.00814546 29.4999 0.349999 3200
-0.00102188 -0.0074973 30.4999 0.349999 3200
-0.000817723 -0.00698593 31.4999 0.349999 3200
-0.000663615 -0.00656509 32.4999 0.349999 3200
-0.000575162 -0.00618681 33.4999 0.349999 3200
-0.000545676 -0.00581438 34.4999 0.349999 3200
-0.000558466 -0.00542638 35.4999 0.349999 3200
-0.000596308 -0.00501442 36.4999 0.349999 3200
-0.000646421 -0.00457775 37.4999 0.349999 3200
-0.000701013 -0.00411766 38.4999 0.349999 3200
-0.000754612 -0.00363396 39.5 0.349999 3200
-0.000800042 -0.00312448 40.5 0.349999 3200
-0.00082514 -0.00258803 41.5 0.349999 3200
-0.000812232 -0.00202983 42.5 0.349999 3200
-0.000741913 -0.00146751 43.5 0.349999 3200
-0.000601689 -0.000934979 44.5 0.349999 3200
-0.000398419 -0.000480651 45.5 0.349999 3200
-0.00017133 -0.000157015 46.5 0.349999 3200
2.56978e-13 -2.49207e-09 47.5 0.349999 3200
0 0 48.5 0.349999 3200
