0 0 -49.4 0.349997 200
-3.85286e-07 -3.13701e-07 -48.4 0.349997 200
-0.0205178 -0.0197267 -47.4004 0.349997 200
-0.0681338 -0.0518023 -46.402 0.349997 200
-0.145524 -0.089154 -45.4057 0.349997 200
-0.250412 -0.130377 -44.412 0.349997 200
-0.377856 -0.174886 -43.4212 0.349997 200
-0.521768 -0.213935 -42.4323 0.349997 200
-0.672094 -0.231019 -41.4438 0.349997 200
-0.818019 -0.219769 -40.4546 0.349997 200
-0.953028 -0.181504 -39.4645 0.349997 200
-1.07081 -0.111548 -38.4739 0.349997 200
-1.16166 -0.00343913 -37.4839 0.349997 200
-1.21586 0.140984 -36.4958 0.349997 200
-1.23379 0.308845 -35.5102 0.349997 200
-1.2188 0.48589 -34.526 0.349997 200
-1.16578 0.663454 -33.5433 0.349997 200
-1.06503 0.832696 -32.5629 0.349997 200
-0.915645 0.980402 -31.5852 0.349997 200
-0.72672 1.09129 -30.6095 0.349997 200
-0.511119 1.1529 -29.6349 0.349997 200
-0.282779 1.15487 -28.6613 0.349997 200
-0.0610497 1.09303 -27.6882 0.349997 200
0.136289 0.974093 -26.7151 0.349997 200
0.294985 0.811112 -25.7413 0.349997 200
0.402656 0.625001 -24.7646 0.349997 200
0.45447 0.43438 -23.7843 0.349997 200
0.455369 0.25289 -22.8009 0.349997 200
0.417926 0.0845068 -21.8159 0.349997 200
0.35536 -0.074849 -20.8306 0.349997 200
0.274414 -0.227831 -19.8457 0.349997 200
0.176957 -0.369035 -18.8605 0.349997 200
0.0628923 -0.487378 -17.8741 0.349997 200
-0.0614144 -0.570111 -16.8853 0.349997 200
-0.185749 -0.611731 -15.8939 0.349997 200
-0.296985 -0.61139 -14.9001 0.349997 200
-0.383043 -0.571146 -13.9046 0.349997 200
-0.436854 -0.496809 -12.9088 0.349997 200
-0.454024 -0.396427 -11.914 0.349997 200
-0.433901 -0.278704 -10.9211 0.349997 200
-0.377835 -0.153113 -9.93059 0.349997 200
-0.287724 -0.0303419 -8.94224 0.349997 200
-0.170126 0.0759145 -7.95486 0.349997 200
-0.0339724 0.153157 -6.96717 0.349997 200
0.106453 0.191896 -5.97782 0.349997 200
0.237178 0.193045 -4.98638 0.349997 200
0.343096 0.163591 -3.99242 0.349997 200
0.418557 0.118324 -2.99628 0.349997 200
0.46549 0.0723186 -1.99843 0.349997 200
0.488616 0.0327312 -0.999463 0.349997 200
0.494831 0 0 0.349997 200
0.488616 -0.0327312 0.999463 0.349997 200
0.46549 -0.0723186 1.99843 0.349997 200
0.418557 -0.118324 2.99628 0.349997 200
0.343096 -0.163591 3.99242 0.349997 200
0.237178 -0.193045 4.98638 0.349997 200
0.106453 -0.191896 5.97782 0.349997 200
-0.0339724 -0.153157 6.96717 0.349997 200
-0.170126 -0.0759145 7.95486 0.349997 200
-0.287724 0.0303419 8.94224 0.349997 200
-0.377835 0.153113 9.93059 0.349997 200
-0.433901 0.278704 10.9211 0.349997 200
-0.454024 0.396427 11.914 0.349997 200
-0.436854 0.496809 12.9088 0.349997 200
-0.383043 0.571146 13.9046 0.349997 200
-0.296985 0.61139 14.9001 0.349997 200
-0.185749 0.611731 15.8939 0.349997 200
-0.0614144 0.570111 16.8853 0.349997 200
0.0628923 0.487378 17.8741 0.349997 200
0.176957 0.369035 18.8605 0.349997 200
0.274414 0.227831 19.8457 0.349997 200
0.35536 0.074849 20.8306 0.349997 200
0.417926 -0.0845068 21.8159 0.349997 200
0.455369 -0.25289 22.8009 0.349997 200
0.45447 -0.43438 23.7843 0.349997 200
0.402656 -0.625001 24.7646 0.349997 200
0.294985 -0.811112 25.7413 0.349997 200
0.136289 -0.974093 26.7151 0.349997 200
-0.0610497 -1.09303 27.6882 0.349997 200
-0.282779 -1.15487 28.6613 0.349997 200
-0.511119 -1.1529 29.6349 0.349997 200
-0.72672 -1.09129 30.6095 0.349997 200
-0.915645 -0.980402 31.5852 0.349997 200
-1.06503 -0.832696 32.5629 0.349997 200
-1.16578 -0.663454 33.5433 0.349997 200
-1.2188 -0.48589 34.526 0.349997 200
-1.23379 -0.308845 35.5102 0.349997 200
-1.21586 -0.140984 36.4958 0.349997 200
-1.16166 0.00343913 37.4839 0.349997 200
-1.07081 0.111548 38.4739 0.349997 200
-0.953028 0.181504 39.4645 0.349997 200
-0.818019 0.219769 40.4546 0.349997 200
-0.672094 0.231019 41.4438 0.349997 200
-0.521768 0.213935 42.4323 0.349997 200
-0.377856 0.174886 43.4212 0.349997 200
-0.250412 0.130377 44.412 0.349997 200
-0.145524 0.089154 45.4057 0.349997 200
-0.0681338 0.0518023 46.402 0.349997 200
-0.0205178 0.0197267 47.4004 0.349997 200
-3.85286e-07 3.13701e-07 48.4 0.349997 200
0 0 49.4 0.349997 200
