0 0 -48.5 0.349999 1800
-7.60684e-11 2.16587e-09 -47.5 0.349999 1800
-0.000155484 0.000129144 -46.5 0.349999 1800
-0.000368028 0.000401479 -45.5 0.349999 1800
-0.000567697 0.000791423 -44.5 0.349999 1800
-0.000717444 0.00125817 -43.5 0.349999 1800
-0.0008067 0.00176316 -42.5 0.349999 1800
-0.000840494 0.00227874 -41.5 0.349999 1800
-0.000829192 0.00278908 -40.5 0.349999 1800
-0.000781964 0.00328631 -39.5 0.349999 1800
-0.000704975 0.00376504 -38.4999 0.349999 1800
-0.000603579 0.00421835 -37.4999 0.349999 1800
-0.000486592 0.00463693 -36.4999 0.349999 1800
-0.000370223 0.00501199 -35.4999 0.349999 1800
-0.000279362 0.00534111 -34.4999 0.349999 1800
-0.00024454 0.00563519 -33.4999 0.349999 1800
-0.000293985 0.00592376 -32.4999 0.349999 1800
-0.000441542 0.0062557 -31.4999 0.349999 1800
-0.000672937 0.00669245 -30.4999 0.349999 1800
-0.000934622 0.00729214 -29.4999 0.349999 1800
-0.00113101 0.00808483 -28.4999 0.349999 1800
-0.00113657 0.00904286 -27.4999 0.349999 1800
-0.000827971 0.0100546 -26.4999 0.349999 1800
-0.000137347 0.0109146 -25.4999 0.349999 1800
0.000880364 0.0113454 -24.4999 0.349999 1800
0.00198389 0.0110662 -23.4999 0.349999 1800
0.00271582 0.00991154 -22.4999 0.349999 1800
0.00244437 0.00798761 -21.4999 0.349999 1800
0.000511901 0.00582623 -20.4999 0.349999 1800
-0.00349472 0.00446662 -19.4999 0.349999 1800
-0.00937905 0.00537598 -18.4999 0.349999 1800
-0.0159646 0.0101221 -17.4999 0.349999 1800
-0.0208785 0.0197566 -16.5 0.349999 1800
-0.020699 0.0339617 -15.5001 0.349999 1800
-0.0116779 0.0501617 -14.5002 0.349999 1800
0.00885139 0.0629618 -13.5005 0.349999 1800
0.0404853 0.0644107 -12.501 0.349999 1800
0.0776215 0.0455904 -11.5019 0.349999 1800
0.108029 -0.000167677 -10.5034 0.349999 1800
0.113286 -0.0726353 -9.50601 0.349999 1800
0.0723113 -0.159591 -8.51063 0.349999 1800
-0.0311807 -0.23323 -7.51873 0.349999 1800
-0.197619 -0.250949 -6.53283 0.349999 1800
-0.399168 -0.163784 -5.55723 0.349999 1800
-0.57103 0.0649219 -4.59902 0.349999 1800
-0.614923 0.43088 -3.66942 0.349999 1800
-0.42596 0.857401 -2.7849 0.349999 1800
0.0482986 1.18145 -1.96631 0.349999 1800
0.72776 1.1942 -1.23271 0.349999 1800
1.35997 0.765998 -0.586983 0.349999 1800
1.62209 0 0 0.349999 1800
1.35997 -0.765998 0.586983 0.349999 1800
0.72776 -1.1942 1.23271 0.349999 1800
0.0482986 -1.18145 1.96631 0.349999 1800
-0.42596 -0.857401 2.7849 0.349999 1800
-0.614923 -0.43088 3.66942 0.349999 1800
-0.57103 -0.0649219 4.59902 0.349999 1800
-0.399168 0.163784 5.55723 0.349999 1800
-0.197619 0.250949 6.53283 0.349999 1800
-0.0311807 0.23323 7.51873 0.349999 1800
0.0723113 0.159591 8.51063 0.349999 1800
0.113286 0.0726353 9.50601 0.349999 1800
0.108029 0.000167677 10.5034 0.349999 1800
0.0776215 -0.0455904 11.5019 0.349999 1800
0.0404853 -0.0644107 12.501 0.349999 1800
0.00885139 -0.0629618 13.5005 0.349999 1800
-0.0116779 -0.0501617 14.5002 0.349999 1800
-0.020699 -0.0339617 15.5001 0.349999 1800
-0.0208785 -0.0197566 16.5 0.349999 1800
-0.0159646 -0.0101221 17.4999 0.349999 1800
-0.00937905 -0.00537598 18.4999 0.349999 1800
-0.00349472 -0.00446662 19.4999 0.349999 1800
0.000511901 -0.00582623 20.4999 0.349999 1800
0.00244437 -0.00798761 21.4999 0.349999 1800
0.00271582 -0.00991154 22.4999 0.349999 1800
0.00198389 -0.0110662 23.4999 0.349999 1800
0.000880364 -0.0113454 24.4999 0.349999 1800
-0.000137347 -0.0109146 25.4999 0.349999 1800
-0.000827971 -0.0100546 26.4999 0.349999 1800
-0.00113657 -0.00904286 27.4999 0.349999 1800
-0.00113101 -0.00808483 28.4999 0.349999 1800
-0.000934622 -0.00729214 29.4999 0.349999 1800
-0.000672937 -0.00669245 30.4999 0.349999 1800
-0.000441542 -0.0062557 31.4999 0.349999 1800
-0.000293985 -0.00592376 32.4999 0.349999 1800
-0.00024454 -0.00563519 33.4999 0.349999 1800
-0.000279362 -0.00534111 34.4999 0.349999 1800
-0.000370223 -0.00501199 35.4999 0.349999 1800
-0.000486592 -0.00463693 36.4999 0.349999 1800
-0.000603579 -0.00421835 37.4999 0.349999 1800
-0.000704975 -0.00376504 38.4999 0.349999 1800
-0.000781964 -0.00328631 39.5 0.349999 1800
-0.000829192 -0.00278908 40.5 0.349999 1800
-0.000840494 -0.00227874 41.5 0.349999 1800
-0.0008067 -0.00176316 42.5 0.349999 1800
-0.000717444 -0.00125817 43.5 0.349999 1800
-0.000567697 -0.000791423 44.5 0.349999 1800
-0.000368028 -0.000401479 45.5 0.349999 1800
-0.000155484 -0.000129144 46.5 0.349999 1800
-7.60684e-11 -2.16587e-09 47.5 0.349999 1800
0 0 48.5 0.349999 1800
