0 0 -48.5 0.349999 1400
1.42904e-09 5.26309e-09 -47.5 0.349999 1400
-0.000270822 0.000459619 -46.5 0.349999 1400
-0.000532751 0.00132755 -45.5 0.349999 1400
-0.000612158 0.00245708 -44.5 0.349999 1400
-0.000441638 0.00367269 -43.5 0.349999 1400
-3.80672e-05 0.00481416 -42.5 0.349999 1400
0.000525005 0.0057595 -41.5 0.349999 1400
0.00114197 0.00643409 -40.5 0.349999 1400
0.00169528 0.00681305 -39.5 0.349999 1400
0.00207319 0.00691996 -38.5 0.349999 1400
0.00218678 0.00682155 -37.4999 0.349999 1400
0.00198518 0.0066163 -36.4999 0.349999 1400
0.00146532 0.00641688 -35.4999 0.349999 1400
0.000672675 0.00632957 -34.4999 0.349999 1400
-0.000307833 0.0064363 -33.4999 0.349999 1400
-0.00136726 0.00678438 -32.4999 0.349999 1400
-0.00238812 0.00738571 -31.4999 0.349999 1400
-0.00325405 0.0082218 -30.4999 0.349999 1400
-0.00385167 0.00924772 -29.4999 0.349999 1400
-0.00406941 0.0103879 -28.4999 0.349999 1400
-0.00380274 0.0115215 -27.4999 0.349999 1400
-0.0029769 0.0124642 -26.4999 0.349999 1400
-0.00159263 0.0129611 -25.4999 0.349999 1400
0.00021076 0.0127104 -24.4999 0.349999 1400
0.00209549 0.0114364 -23.4999 0.349999 1400
0.00350312 0.00901533 -22.4999 0.349999 1400
0.00371065 0.00563626 -21.4999 0.349999 1400
0.00199879 0.00195147 -20.4999 0.349999 1400
-0.00205902 -0.000857445 -19.4999 0.349999 1400
-0.00822283 -0.00118584 -18.4999 0.349999 1400
-0.0152234 0.00263679 -17.4999 0.349999 1400
-0.0205699 0.0117079 -16.5 0.349999 1400
-0.0207312 0.0256948 -15.5001 0.349999 1400
-0.0118868 0.041962 -14.5002 0.349999 1400
0.0086514 0.0550395 -13.5005 0.349999 1400
0.0404581 0.056917 -12.501 0.349999 1400
0.0778916 0.0386512 -11.5019 0.349999 1400
0.108694 -0.00642101 -10.5034 0.349999 1400
0.114448 -0.0780569 -9.50596 0.349999 1400
0.0741112 -0.164042 -8.51047 0.349999 1400
-0.0285554 -0.236627 -7.51841 0.349999 1400
-0.193959 -0.253312 -6.53232 0.349999 1400
-0.394305 -0.165268 -5.55655 0.349999 1400
-0.56492 0.0640421 -4.59826 0.349999 1400
-0.607713 0.430297 -3.66872 0.349999 1400
-0.417967 0.856903 -2.78441 0.349999 1400
0.0567211 1.18102 -1.9661 0.349999 1400
0.736411 1.19394 -1.23271 0.349999 1400
1.36881 0.765916 -0.587046 0.349999 1400
1.63102 0 0 0.349999 1400
1.36881 -0.765916 0.587046 0.349999 1400
0.736411 -1.19394 1.23271 0.349999 1400
0.0567211 -1.18102 1.9661 0.349999 1400
-0.417967 -0.856903 2.78441 0.349999 1400
-0.607713 -0.430297 3.66872 0.349999 1400
-0.56492 -0.0640421 4.59826 0.349999 1400
-0.394305 0.165268 5.55655 0.349999 1400
-0.193959 0.253312 6.53232 0.349999 1400
-0.0285554 0.236627 7.51841 0.349999 1400
0.0741112 0.164042 8.51047 0.349999 1400
0.114448 0.0780569 9.50596 0.349999 1400
0.108694 0.00642101 10.5034 0.349999 1400
0.0778916 -0.0386512 11.5019 0.349999 1400
0.0404581 -0.056917 12.501 0.349999 1400
0.0086514 -0.0550395 13.5005 0.349999 1400
-0.0118868 -0.041962 14.5002 0.349999 1400
-0.0207312 -0.0256948 15.5001 0.349999 1400
-0.0205699 -0.0117079 16.5 0.349999 1400
-0.0152234 -0.00263679 17.4999 0.349999 1400
-0.00822283 0.00118584 18.4999 0.349999 1400
-0.00205902 0.000857445 19.4999 0.349999 1400
0.00199879 -0.00195147 20.4999 0.349999 1400
0.00371065 -0.00563626 21.4999 0.349999 1400
0.00350312 -0.00901533 22.4999 0.349999 1400
0.00209549 -0.0114364 23.4999 0.349999 1400
0.00021076 -0.0127104 24.4999 0.349999 1400
-0.00159263 -0.0129611 25.4999 0.349999 1400
-0.0029769 -0.0124642 26.4999 0.349999 1400
-0.00380274 -0.0115215 27.4999 0.349999 1400
-0.00406941 -0.0103879 28.4999 0.349999 1400
-0.00385167 -0.00924772 29.4999 0.349999 1400
-0.00325405 -0.0082218 30.4999 0.349999 1400
-0.00238812 -0.00738571 31.4999 0.349999 1400
-0.00136726 -0.00678438 32.4999 0.349999 1400
-0.000307833 -0.0064363 33.4999 0.349999 1400
0.000672675 -0.00632957 34.4999 0.349999 1400
0.00146532 -0.00641688 35.4999 0.349999 1400
0.00198518 -0.0066163 36.4999 0.349999 1400
0.00218678 -0.00682155 37.4999 0.349999 1400
0.00207319 -0.00691996 38.5 0.349999 1400
0.00169528 -0.00681305 39.5 0.349999 1400
0.00114197 -0.00643409 40.5 0.349999 1400
0.000525005 -0.0057595 41.5 0.349999 1400
-3.80672e-05 -0.00481416 42.5 0.349999 1400
-0.000441638 -0.00367269 43.5 0.349999 1400
-0.000612158 -0.00245708 44.5 0.349999 1400
-0.000532751 -0.00132755 45.5 0.349999 1400
-0.000270822 -0.000459619 46.5 0.349999 1400
1.42904e-09 -5.26309e-09 47.5 0.349999 1400
0 0 48.5 0.349999 1400
