0 0.5 0 0 0
0.02 0.5 0 0 0
0.04 0.5 -1.35601e-15 1.87272e-18 -1.99965e-07
0.0600001 0.5 -1.94976e-06 3.94889e-08 4.24292e-06
0.0800001 0.5 -9.64573e-06 -4.39645e-07 0.000281204
0.1 0.5 -3.65005e-05 -7.43205e-06 0.00113848
0.12 0.5 -0.000105935 -4.29072e-05 0.00296215
0.14 0.5 -0.000236629 -0.000145572 0.00154124
0.16 0.5 -0.00040086 -0.000367665 0.0004303
0.18 0.499999 -0.000511479 -0.000789162 -0.00120746
0.2 0.499991 -0.000513709 -0.00164802 -0.00080751
0.22 0.499971 -0.000390057 -0.00324707 -0.00126131
0.24 0.499953 -0.000116046 -0.00522359 0.000643417
0.26 0.499944 0.000316477 -0.00769776 0.000661199
0.28 0.499954 0.000935584 -0.00989433 0.00156698
0.3 0.499982 0.00175635 -0.0125489 0.00290121
0.32 0.500025 0.00277885 -0.0139916 0.00427829
0.34 0.500085 0.00397177 -0.0146896 0.00496445
0.36 0.500164 0.00538476 -0.0153 0.0048521
0.38 0.500266 0.00708647 -0.0153375 0.00414404
0.4 0.500395 0.0091555 -0.0143231 8.75033e-05
0.42 0.500555 0.0116808 -0.0132941 -0.00668846
0.44 0.500749 0.0147394 -0.0125929 -0.00982607
0.46 0.500994 0.0183501 -0.0126744 -0.0138795
0.48 0.501301 0.0224419 -0.0130076 -0.0183292
0.5 0.501668 0.0268658 -0.0137341 -0.0148144
0.520001 0.502028 0.0314846 -0.0133154 -0.010653
0.540001 0.502374 0.0360888 -0.0133747 -0.00540846
0.560001 0.502678 0.0404207 -0.0137158 0.000998583
0.580001 0.502915 0.0442309 -0.01131 0.00986936
0.600001 0.503003 0.0472112 -0.0096357 0.0207045
0.620001 0.502991 0.0491809 -0.0116712 0.0308672
0.640001 0.50298 0.050062 -0.0186301 0.0369849
0.660001 0.503022 0.0497901 -0.0266988 0.0394978
0.680001 0.503144 0.0482936 -0.0333373 0.0415761
0.700001 0.503275 0.0455241 -0.0375254 0.0430267
0.720001 0.503504 0.0414366 -0.0465182 0.0489807
0.740001 0.503826 0.0358431 -0.0505552 0.0543775
0.760001 0.504204 0.0287885 -0.0524843 0.0591196
0.780001 0.504643 0.0203576 -0.0541027 0.0603324
0.800001 0.505196 0.0106436 -0.0577432 0.0534055
0.820001 0.505922 -0.000185636 -0.0617766 0.0439294
0.840001 0.506886 -0.0119098 -0.0638902 0.0326312
0.860001 0.508072 -0.0242733 -0.0644225 0.0219656
0.880001 0.509438 -0.0371429 -0.0651415 0.0214827
0.900001 0.510955 -0.0504521 -0.0594318 0.0206292
0.920001 0.512456 -0.0638078 -0.0512726 0.00849258
0.940001 0.513749 -0.0767574 -0.041716 -0.00482638
0.960001 0.514742 -0.0891178 -0.0310023 -0.0112857
0.980001 0.515384 -0.100814 -0.0217556 -0.0104555
1 0.515653 -0.111747 -0.0107973 -0.00620242
1.02 0.515552 -0.121711 -0.00134641 -0.00381056
1.04 0.515124 -0.130515 0.00910532 -0.00280288
1.06 0.514429 -0.137982 0.0142892 -0.000191622
1.08 0.513627 -0.144038 0.010596 -0.000946799
1.1 0.512871 -0.148459 0.000963084 -0.0072193
1.12 0.512143 -0.151069 0.000767476 -0.0185042
1.14 0.511278 -0.151707 0.0126666 -0.0314288
1.16 0.510051 -0.150168 0.037176 -0.0480919
1.18 0.508313 -0.146086 0.071558 -0.0742243
1.2 0.505996 -0.139143 0.113231 -0.102415
1.22 0.503044 -0.129329 0.160058 -0.121472
1.24 0.499428 -0.116825 0.209243 -0.128478
1.26 0.495121 -0.101875 0.260795 -0.127358
1.28 0.490133 -0.0847991 0.306132 -0.11486
1.3 0.484626 -0.0660011 0.348326 -0.0938587
1.32 0.478686 -0.0460868 0.394043 -0.068883
1.34 0.472168 -0.0255022 0.445053 -0.0608877
1.36 0.46548 -0.00427836 0.48158 -0.0423566
1.38 0.45848 0.016718 0.519042 -0.0232629
1.4 0.450719 0.0368579 0.55674 0.00417641
1.42 0.441818 0.0556733 0.588249 0.0277475
1.44 0.43164 0.0732196 0.601829 0.0391757
1.46 0.42043 0.0896308 0.601394 0.0470171
1.48 0.40831 0.10463 0.597292 0.0509737
1.5 0.395397 0.117886 0.584999 0.0625814
1.52 0.381997 0.129159 0.564094 0.0691244
1.54 0.368509 0.138439 0.530388 0.0710555
1.56 0.355484 0.145767 0.481954 0.057607
1.58 0.343296 0.151442 0.431531 0.0317081
1.6 0.33223 0.15565 0.381988 0.00476224
1.62 0.322341 0.15831 0.346769 -0.00376493
1.64 0.313332 0.159116 0.330597 -0.00129121
1.66 0.304716 0.157833 0.339305 0.0103321
1.68 0.296236 0.153993 0.352159 0.0377454
1.7 0.28796 0.147182 0.364148 0.071144
1.72 0.279972 0.137383 0.37717 0.0966867
1.74 0.272321 0.124762 0.392845 0.11161
1.76 0.264952 0.109556 0.419863 0.116325
1.78 0.257685 0.0921347 0.466398 0.109681
1.8 0.250141 0.0732372 0.521571 0.0862988
1.82 0.241739 0.0535577 0.589007 0.0736201
1.84 0.232793 0.033328 0.634218 0.0336447
1.86 0.223015 0.0141245 0.663835 -0.0199744
1.88 0.213033 -0.00422194 0.683554 -0.0490343
1.9 0.203248 -0.0227838 0.700923 -0.0420895
1.92 0.193325 -0.0415373 0.718286 -0.0366234
1.94 0.182889 -0.059804 0.722401 -0.0441746
1.96 0.171684 -0.0770659 0.719903 -0.0528992
1.98 0.159304 -0.0928881 0.709752 -0.061594
2 0.145915 -0.10696 0.687928 -0.0762432
2.02 0.131823 -0.119378 0.666377 -0.069537
2.04 0.117406 -0.130202 0.637024 -0.0576162
2.06 0.103012 -0.139369 0.599531 -0.0297185
2.08 0.0890952 -0.146896 0.547932 -0.00345109
2.1 0.0760667 -0.15278 0.488616 0.0247694
2.12 0.0641617 -0.156977 0.436806 0.0407064
2.14 0.0532432 -0.159296 0.403148 0.0461149
2.16 0.0429842 -0.159387 0.38983 0.0375599
2.18 0.0330384 -0.156849 0.390788 0.0146248
2.2 0.023333 -0.151348 0.395643 -0.00904071
2.22 0.0138253 -0.142899 0.40345 -0.028713
2.24 0.00449775 -0.131646 0.416666 -0.0367259
2.26 -0.00475462 -0.117832 0.438264 -0.0393678
2.28 -0.0140363 -0.101734 0.483695 -0.03038
2.3 -0.0237823 -0.0841697 0.548127 -0.0123988
2.32 -0.0345137 -0.0655957 0.614419 0.000109082
2.34 -0.045543 -0.0462786 0.657509 0.0385553
2.36 -0.0567877 -0.0273387 0.694572 0.0850686
2.38 -0.0682311 -0.00932411 0.724303 0.116045
2.4 -0.0799617 0.00817381 0.726455 0.116671
2.42 -0.0919386 0.0250212 0.707435 0.121779
2.44 -0.104285 0.0410881 0.694151 0.1174
2.46 -0.117249 0.0564982 0.6837 0.110294
2.48 -0.131033 0.0707306 0.671322 0.120662
2.5 -0.145603 0.0833106 0.655145 0.132453
2.52 -0.160717 0.0941737 0.634082 0.134003
2.54 -0.175975 0.10329 0.607522 0.121709
2.56 -0.190966 0.11071 0.568523 0.0907857
2.58 -0.205185 0.116602 0.51642 0.0525149
2.6 -0.218187 0.121054 0.462244 0.0198071
2.62 -0.229861 0.123955 0.416888 0.000614854
2.64 -0.240392 0.124978 0.389567 -0.00429554
2.66 -0.25013 0.12366 0.380797 0.0117516
2.68 -0.259336 0.119679 0.379552 0.0348154
2.7 -0.268019 0.112926 0.375682 0.0624223
2.72 -0.276134 0.103345 0.376494 0.0831772
2.74 -0.283691 0.0910336 0.386565 0.0932037
2.76 -0.290873 0.0762783 0.41136 0.0901478
2.78 -0.297991 0.0594672 0.458441 0.0837761
2.8 -0.305525 0.0412308 0.52319 0.0683606
2.82 -0.314015 0.0219956 0.592893 0.0607022
2.84 -0.323137 0.00223508 0.640836 0.0215481
2.86 -0.333143 -0.0164889 0.670769 -0.0295189
2.88 -0.343186 -0.0346873 0.69095 -0.0515346
2.9 -0.353077 -0.0533275 0.707723 -0.0328889
2.92 -0.363136 -0.0721838 0.721209 -0.0304367
2.94 -0.373504 -0.0906187 0.719279 -0.0387956
2.96 -0.384638 -0.108047 0.713354 -0.0412264
2.98 -0.396924 -0.123875 0.702871 -0.0559683
3 -0.410294 -0.137987 0.687812 -0.0601999
3.02 -0.424372 -0.150365 0.663396 -0.0689618
3.04 -0.438786 -0.161005 0.632529 -0.0551527
3.06 -0.453112 -0.170034 0.589889 -0.0287276
3.08 -0.466895 -0.177508 0.536501 0.000781837
3.1 -0.479761 -0.183424 0.481028 0.0252646
3.12 -0.491582 -0.187644 0.433503 0.0399331
3.14 -0.502498 -0.189919 0.403395 0.0427494
3.16 -0.512811 -0.189786 0.390274 0.0268701
3.18 -0.522753 -0.186912 0.387518 0.00536336
3.2 -0.532367 -0.181221 0.389745 -0.0131737
3.22 -0.541751 -0.172732 0.396766 -0.0314473
3.24 -0.550929 -0.161427 0.410786 -0.0417602
3.26 -0.560017 -0.147523 0.435373 -0.0434563
3.28 -0.56918 -0.131393 0.48529 -0.0309422
3.3 -0.57892 -0.11385 0.552322 -0.0129784
3.32 -0.589637 -0.0953054 0.618129 0.00345085
3.34 -0.600667 -0.0760456 0.659053 0.0426822
3.36 -0.61191 -0.0572003 0.694568 0.0867352
3.38 -0.623314 -0.0392365 0.722144 0.11804
3.4 -0.634937 -0.0217504 0.724561 0.114826
3.42 -0.646884 -0.00484437 0.71136 0.114445
3.44 -0.659102 0.0114398 0.695652 0.112291
3.46 -0.672019 0.026789 0.68734 0.110765
3.48 -0.685788 0.0410474 0.673339 0.11645
3.5 -0.700355 0.0537683 0.659684 0.125732
3.52 -0.715443 0.0648563 0.641496 0.128076
3.54 -0.730719 0.0741473 0.615151 0.118325
3.56 -0.745764 0.0817053 0.574739 0.0858943
3.58 -0.760072 0.0877695 0.525785 0.0468112
3.6 -0.773229 0.0923874 0.470606 0.01572
3.62 -0.785093 0.0954536 0.42371 -0.0043163
3.64 -0.795834 0.096658 0.396646 -0.00944878
3.66 -0.80578 0.0955073 0.38607 0.00718603
3.68 -0.815167 0.0916617 0.383498 0.0312414
3.7 -0.823998 0.0850026 0.380034 0.0567952
3.72 -0.832273 0.0755099 0.380343 0.0779183
3.74 -0.840002 0.0632704 0.390183 0.0891383
3.76 -0.847363 0.0485351 0.414668 0.0886534
3.78 -0.854652 0.0317198 0.464687 0.0808468
3.8 -0.862483 0.0135293 0.534545 0.0706976
3.82 -0.871176 -0.0058483 0.600263 0.0589842
3.84 -0.880257 -0.0258757 0.643997 0.0234444
3.86 -0.890045 -0.0450274 0.684641 -0.0349057
3.88 -0.900362 -0.0629051 0.69603 -0.0614908
3.9 -0.910514 -0.0810693 0.704207 -0.0389719
3.92 -0.920568 -0.0996437 0.706846 -0.032568
3.94 -0.930776 -0.117938 0.707082 -0.0388321
3.96 -0.941818 -0.135235 0.705059 -0.0479463
3.98 -0.953996 -0.151011 0.695989 -0.0606856
4 -0.967229 -0.165082 0.679699 -0.0675365
4.02 -0.981189 -0.177404 0.654065 -0.0715406
4.04 -0.995443 -0.188053 0.623213 -0.0563335
4.06 -1.00961 -0.197095 0.581689 -0.0274034
4.08 -1.02323 -0.204599 0.529309 0.0011958
4.1 -1.03595 -0.210515 0.476212 0.0255738
4.12 -1.04767 -0.214713 0.430744 0.0401692
4.14 -1.05852 -0.216938 0.402388 0.0421942
4.16 -1.0688 -0.21672 0.390218 0.0249202
4.18 -1.0787 -0.213764 0.38747 0.00359697
4.2 -1.08829 -0.20801 0.388678 -0.0156521
4.22 -1.09761 -0.199447 0.394324 -0.0342606
4.24 -1.10671 -0.188075 0.407821 -0.0438625
4.26 -1.11572 -0.174136 0.432727 -0.0447326
4.28 -1.12482 -0.158007 0.484254 -0.0319359
4.3 -1.13459 -0.140492 0.554368 -0.0174183
4.32 -1.14528 -0.121843 0.617849 0.000720776
4.34 -1.15631 -0.102523 0.65888 0.039147
4.36 -1.16755 -0.0836634 0.693376 0.0875688
4.38 -1.17894 -0.0657537 0.719408 0.118735
4.4 -1.19055 -0.0482938 0.723337 0.114696
4.42 -1.20252 -0.0314023 0.707859 0.111977
4.44 -1.2148 -0.0151265 0.693671 0.110169
4.46 -1.22768 0.000411856 0.68519 0.105308
4.48 -1.24137 0.014809 0.674649 0.117242
4.5 -1.25588 0.0275969 0.662216 0.127658
4.52 -1.27097 0.038672 0.642705 0.13015
4.54 -1.28625 0.0479369 0.614958 0.117815
4.56 -1.30128 0.0555009 0.574415 0.0853078
4.58 -1.31556 0.0615807 0.524915 0.0462469
4.6 -1.3287 0.0662182 0.470075 0.0156056
4.62 -1.34055 0.0692993 0.423027 -0.00459088
4.64 -1.35129 0.0705171 0.395994 -0.00943543
4.66 -1.36124 0.069377 0.384985 0.00740662
4.68 -1.37062 0.0655459 0.382359 0.0313536
4.7 -1.37945 0.0589041 0.380298 0.0548938
4.72 -1.38774 0.0494256 0.38119 0.076652
4.74 -1.39549 0.0371731 0.390794 0.0887585
4.76 -1.40288 0.0224049 0.415367 0.089247
4.78 -1.41018 0.00554172 0.465604 0.0816601
4.8 -1.41801 -0.0127058 0.535044 0.0707073
4.82 -1.42673 -0.0321004 0.601028 0.0590563
4.84 -1.43577 -0.052184 0.643658 0.0233814
4.86 -1.44516 -0.0717471 0.682693 -0.0268353
4.88 -1.45509 -0.0900197 0.70554 -0.06276
4.9 -1.46539 -0.107814 0.704232 -0.0469972
4.92 -1.4757 -0.125804 0.697273 -0.0348968
4.94 -1.48588 -0.143817 0.692549 -0.0365861
4.96 -1.49678 -0.161049 0.691276 -0.0415862
4.98 -1.50873 -0.176928 0.682656 -0.0570597
