0 0 0 0 0
0.02001 -4.5528e-07 -9.51739e-06 2.86071e-05 0.000265783
0.04002 -9.54873e-07 -1.62402e-05 1.53386e-05 -0.00157312
0.06003 -1.12405e-06 6.95374e-05 -3.40718e-05 -0.00677874
0.08004 2.66261e-06 0.00053962 -0.00011934 -0.00498254
0.10005 3.65491e-06 0.00149289 -0.000222295 -0.00625012
0.12006 5.26473e-06 0.00290798 -0.00176737 -0.00796075
0.14007 2.43901e-05 0.00474968 7.8392e-05 -0.0100346
0.16008 3.23446e-05 0.00700153 0.000350562 -0.0129568
0.18009 2.04397e-05 0.0096133 0.00144693 -0.0175444
0.2001 -2.21302e-05 0.0125278 0.00345816 -0.0235957
0.22011 -0.000104859 0.0156831 0.00482718 -0.0243786
0.24012 -0.00022607 0.0190023 0.00483812 -0.0163288
0.26013 -0.000363285 0.0224138 0.00232297 -0.0101532
0.28014 -0.000494328 0.0258091 -0.000234256 -0.00485999
0.30015 -0.000622591 0.0290356 -0.00276392 -0.000310371
0.32016 -0.000753034 0.0319161 -0.00527925 0.0033781
0.34017 -0.000883545 0.0342779 -0.00829741 0.00575296
0.36018 -0.000997468 0.0359591 -0.0116479 0.0085874
0.38019 -0.00106896 0.0368259 -0.0154832 0.0103366
0.4002 -0.00105766 0.0367532 -0.0205773 0.0116756
0.42021 -0.000960394 0.0356315 -0.0225524 0.0119431
0.44022 -0.000860139 0.0333881 -0.0184788 0.012236
0.46023 -0.000764861 0.0299899 -0.0191413 0.0161098
0.48024 -0.000575811 0.0253484 -0.0219192 0.0211529
0.50025 -0.00027402 0.0194448 -0.0233786 0.0270497
0.52026 9.15904e-05 0.0123348 -0.0213309 0.0325732
0.54027 0.000462479 0.00413888 -0.0175491 0.0385805
0.56028 0.000793172 -0.0050172 -0.011472 0.0460044
0.58029 0.00105791 -0.0150237 -0.0108082 0.0485446
0.6003 0.00131831 -0.0257549 -0.0137868 0.050696
0.62031 0.00163942 -0.0371647 -0.020718 0.0538198
0.64032 0.00201338 -0.0490198 -0.0260654 0.055498
0.66033 0.00241679 -0.0609952 -0.0333195 0.0509392
0.68034 0.00279371 -0.0727485 -0.0398373 0.0459753
0.70035 0.00305859 -0.0840301 -0.0431938 0.0442763
0.72036 0.00312528 -0.094598 -0.0405559 0.0418238
0.74037 0.00291692 -0.104139 -0.0363269 0.0317568
0.76038 0.00235936 -0.112265 -0.0306206 0.0104946
0.78039 0.00144115 -0.118562 -0.0222552 -0.0172927
0.8004 0.000171592 -0.12278 -0.0109108 -0.0381101
0.82041 -0.00150671 -0.124797 0.00373043 -0.0531235
0.84042 -0.00354846 -0.124594 0.0186219 -0.0687954
0.86043 -0.00590826 -0.122016 0.0324207 -0.0822464
0.88044 -0.00835434 -0.116839 0.0360032 -0.10287
0.90045 -0.0105712 -0.108843 0.0434811 -0.126339
0.92046 -0.0125412 -0.0981429 0.0599769 -0.142031
0.94047 -0.0143111 -0.0851164 0.0817643 -0.14779
0.96048 -0.015908 -0.0701313 0.107585 -0.14705
0.98049 -0.0173747 -0.0535095 0.13864 -0.140002
1.0005 -0.0187985 -0.0357009 0.180823 -0.126405
1.02051 -0.0204748 -0.0173252 0.250194 -0.105899
1.04052 -0.0232339 0.00103217 0.332093 -0.089283
1.06053 -0.0270007 0.0194735 0.395723 -0.0515146
1.08054 -0.0319305 0.0373163 0.452571 -0.00684445
1.10055 -0.0383943 0.054204 0.508102 0.0416348
1.12056 -0.046494 0.0700584 0.549071 0.0661026
1.14057 -0.0558906 0.0855514 0.564932 0.066784
1.16058 -0.0663432 0.100443 0.564438 0.064883
1.18059 -0.077789 0.114372 0.563497 0.0599237
1.2006 -0.0902819 0.126907 0.572112 0.0594334
1.22061 -0.103923 0.137779 0.588335 0.0559725
1.24062 -0.118693 0.146829 0.604812 0.0562068
1.26063 -0.134298 0.15379 0.611245 0.0579506
1.28064 -0.150407 0.158434 0.603387 0.0483393
1.30065 -0.166616 0.160642 0.593954 0.0360466
1.32066 -0.18273 0.160335 0.591002 0.0255235
1.34067 -0.198684 0.157505 0.599178 0.0175955
1.36068 -0.21438 0.151999 0.611589 0.0188615
1.38069 -0.2294 0.143731 0.617847 0.0188379
1.4007 -0.243387 0.133197 0.615752 0.00591241
1.42071 -0.25622 0.121047 0.609378 -0.00998879
1.44072 -0.267857 0.107638 0.601628 -0.0205831
1.46073 -0.278282 0.0931437 0.597003 -0.0274623
1.48074 -0.287532 0.0777363 0.599076 -0.0293697
1.50075 -0.29594 0.0617701 0.604584 -0.0271009
1.52076 -0.303597 0.0450674 0.603462 -0.0181369
1.54077 -0.310443 0.027824 0.593253 -0.0164348
1.56078 -0.316798 0.0104318 0.578136 -0.0188087
1.58079 -0.322967 -0.00688813 0.565153 -0.0250646
1.6008 -0.329242 -0.023975 0.552096 -0.0286173
1.62081 -0.33591 -0.0408374 0.54376 -0.0213888
1.64082 -0.343226 -0.0575121 0.541716 -0.0120178
1.66083 -0.351545 -0.0736303 0.54528 -0.00268788
1.68084 -0.361103 -0.0888291 0.558807 -0.00373794
1.70085 -0.372096 -0.102725 0.583675 -0.00121065
1.72086 -0.384612 -0.115171 0.607067 0.0047443
1.74087 -0.398493 -0.125889 0.626635 0.00068945
1.76088 -0.413479 -0.134554 0.627105 0.00941945
1.78089 -0.429157 -0.141015 0.617439 0.0229713
1.8009 -0.445253 -0.145099 0.610268 0.0339959
1.82091 -0.461615 -0.146693 0.612801 0.0411063
1.84092 -0.478225 -0.145676 0.621291 0.0473266
1.86093 -0.494753 -0.141778 0.62564 0.044365
1.88094 -0.51069 -0.135152 0.618299 0.0520797
1.90095 -0.525722 -0.126397 0.606701 0.0667971
1.92096 -0.539695 -0.115968 0.594545 0.080139
1.94097 -0.552548 -0.104114 0.586779 0.0879868
1.96098 -0.564357 -0.0909767 0.589594 0.093479
1.98099 -0.57527 -0.0768382 0.595941 0.0987633
2.001 -0.585575 -0.0618911 0.595462 0.0894956
2.02101 -0.594962 -0.0460244 0.592024 0.0837112
2.04102 -0.603781 -0.029773 0.591054 0.0867477
2.06103 -0.612262 -0.0134223 0.578132 0.0919217
2.08104 -0.620583 0.00285999 0.562969 0.0961956
2.10105 -0.628992 0.0189708 0.552098 0.0937396
2.12106 -0.637783 0.0349192 0.546033 0.0845063
2.14107 -0.647204 0.0505969 0.543065 0.0749235
2.16108 -0.657504 0.0656661 0.547548 0.0672389
2.18109 -0.668881 0.0796473 0.552406 0.0691187
2.2011 -0.681403 0.0921415 0.568796 0.0689032
2.22111 -0.695162 0.103015 0.589001 0.0657738
2.24112 -0.709915 0.112074 0.603187 0.0686321
2.26113 -0.725417 0.118923 0.603673 0.0661936
2.28114 -0.741281 0.123453 0.593521 0.0492626
2.30115 -0.757245 0.125595 0.590402 0.0380239
2.32116 -0.773235 0.125236 0.593562 0.0277008
2.34117 -0.789206 0.122238 0.606693 0.025723
2.36118 -0.804851 0.116352 0.615966 0.0295991
2.38119 -0.819699 0.107805 0.614578 0.022302
2.4012 -0.833452 0.0972453 0.60666 0.00474126
2.42121 -0.845999 0.0851802 0.596127 -0.00941459
2.44122 -0.857291 0.0718296 0.588185 -0.017388
2.46123 -0.867389 0.0573545 0.594937 -0.0218443
2.48124 -0.87662 0.0420884 0.60403 -0.0235847
2.50125 -0.884995 0.0258725 0.600814 -0.0161242
2.52126 -0.892358 0.0089533 0.598591 -0.0118756
2.54127 -0.899178 -0.00827398 0.597013 -0.0139001
2.56128 -0.905654 -0.0255845 0.583261 -0.018956
2.58129 -0.911961 -0.0428206 0.567974 -0.0285518
2.6013 -0.918414 -0.0597948 0.55893 -0.0300628
2.62131 -0.925285 -0.0766475 0.553822 -0.0207115
2.64132 -0.932838 -0.0933646 0.54995 -0.00950065
2.66133 -0.941324 -0.109595 0.55375 -0.00280148
2.68134 -0.951002 -0.124795 0.561496 -0.0049553
2.70135 -0.962017 -0.138653 0.575759 -0.00197249
2.72136 -0.974439 -0.151067 0.593244 0.0047995
2.74137 -0.988061 -0.161776 0.606938 0.00414128
2.76138 -1.00267 -0.170404 0.606809 0.0050064
2.78139 -1.01792 -0.17676 0.594373 0.019604
2.8014 -1.0335 -0.180741 0.587957 0.0309806
2.82141 -1.04936 -0.182235 0.587528 0.0413693
2.84142 -1.06546 -0.181097 0.598184 0.0457594
2.86143 -1.08156 -0.177062 0.608792 0.0415768
2.88144 -1.09718 -0.170268 0.607198 0.0478496
2.90145 -1.11196 -0.161322 0.598192 0.0635679
2.92146 -1.12573 -0.150728 0.586324 0.0767121
2.94147 -1.13839 -0.138717 0.577785 0.0849445
2.96148 -1.15002 -0.125486 0.580717 0.0921558
2.98149 -1.1608 -0.111331 0.593928 0.0993403
3.0015 -1.17109 -0.0963707 0.59652 0.0883918
3.02151 -1.18046 -0.0804401 0.593635 0.0831845
3.04152 -1.18922 -0.0640988 0.589686 0.0829497
3.06153 -1.19766 -0.0476147 0.57641 0.0878288
3.08154 -1.20593 -0.031225 0.562007 0.0897148
3.10155 -1.21433 -0.0149757 0.550872 0.0903629
3.12156 -1.22315 0.000986307 0.54697 0.085552
3.14157 -1.23264 0.0166223 0.545788 0.0774883
3.16158 -1.243 0.0316847 0.550876 0.06641
3.18159 -1.25446 0.0456883 0.559226 0.0674536
3.2016 -1.26709 0.0581934 0.57502 0.0687555
3.22161 -1.28098 0.0690273 0.595295 0.0656702
3.24162 -1.29591 0.0780066 0.610602 0.0688029
3.26163 -1.31162 0.0848237 0.611161 0.0643937
3.28164 -1.3277 0.0893403 0.60217 0.0496767
3.30165 -1.34387 0.0914252 0.596201 0.0378192
3.32166 -1.35996 0.0910122 0.596001 0.0268692
3.34167 -1.37595 0.0880114 0.606352 0.0228137
3.36168 -1.39158 0.0821776 0.614271 0.0262439
3.38169 -1.4064 0.0736478 0.613917 0.0214329
3.4017 -1.42013 0.0630393 0.607806 0.00570479
3.42171 -1.43267 0.0508837 0.598324 -0.0078102
3.44172 -1.44394 0.0374459 0.590032 -0.0169028
3.46173 -1.45403 0.0229263 0.591055 -0.0243017
3.48174 -1.46309 0.0075549 0.601825 -0.0299592
3.50175 -1.47153 -0.00844586 0.604115 -0.0201378
3.52176 -1.479 -0.0253068 0.600822 -0.0129429
3.54177 -1.48578 -0.0425622 0.595424 -0.0131109
3.56178 -1.49221 -0.0599359 0.584166 -0.0159181
3.58179 -1.4985 -0.0772841 0.569367 -0.0219518
3.6018 -1.50493 -0.0943589 0.558282 -0.027859
3.62181 -1.51177 -0.111207 0.551331 -0.0212703
3.64182 -1.51925 -0.127879 0.546943 -0.00866002
3.66183 -1.5277 -0.144071 0.550332 -0.00214703
3.68184 -1.53736 -0.159239 0.560629 -0.00398226
3.70185 -1.5484 -0.173057 0.578748 -0.00144116
3.72186 -1.56087 -0.185444 0.597782 0.0051897
3.74187 -1.57459 -0.196113 0.612985 0.00321705
3.76188 -1.58933 -0.204699 0.61157 0.00754393
3.78189 -1.60469 -0.211041 0.600103 0.023151
3.8019 -1.62044 -0.215 0.595072 0.0336897
3.82191 -1.63648 -0.21648 0.596463 0.0442984
3.84192 -1.65279 -0.21533 0.607716 0.0477294
3.86193 -1.66905 -0.211263 0.615278 0.0450802
3.88194 -1.68479 -0.204478 0.612229 0.0523013
3.90195 -1.69968 -0.195585 0.602471 0.0684129
3.92196 -1.71354 -0.185046 0.590679 0.0802007
3.94197 -1.7263 -0.173062 0.582511 0.0869835
3.96198 -1.73801 -0.159829 0.586886 0.0933754
3.98199 -1.74886 -0.145662 0.595934 0.0986665
4.002 -1.75913 -0.13065 0.596342 0.0881514
4.02201 -1.76845 -0.114714 0.592986 0.0834417
4.04202 -1.77722 -0.0983973 0.590489 0.0835843
4.06203 -1.78567 -0.0819611 0.576547 0.090569
4.08204 -1.79397 -0.0655953 0.562184 0.0898427
4.10205 -1.80239 -0.0493905 0.551283 0.091577
4.12206 -1.81123 -0.0334543 0.546869 0.0861748
4.14207 -1.82073 -0.0178238 0.545521 0.0761588
4.16208 -1.83112 -0.00276049 0.550446 0.0662459
4.18209 -1.84258 0.0111938 0.558868 0.0687458
4.2021 -1.85522 0.0236351 0.574189 0.0694688
4.22211 -1.8691 0.0344298 0.593389 0.0661863
4.24212 -1.88399 0.0433678 0.607617 0.0691944
4.26213 -1.89961 0.0501349 0.60623 0.0644003
4.28214 -1.91558 0.0545982 0.596365 0.0487899
4.30215 -1.93162 0.0566344 0.591333 0.0373626
4.32216 -1.94762 0.0561745 0.592785 0.0264133
4.34217 -1.96355 0.053096 0.603849 0.023149
4.36218 -1.97911 0.0471453 0.613025 0.0279329
4.38219 -1.99386 0.0385146 0.612376 0.0215153
4.4022 -2.00753 0.0278585 0.605586 0.00509211
4.42221 -2.02 0.0156847 0.595194 -0.00887175
4.44222 -2.0312 0.00223098 0.587404 -0.0172984
4.46223 -2.04122 -0.0123055 0.590782 -0.0242823
4.48224 -2.05027 -0.0276567 0.602661 -0.029565
4.50225 -2.05871 -0.0437343 0.603229 -0.0185126
4.52226 -2.06611 -0.0606483 0.599278 -0.0127727
4.54227 -2.07287 -0.0779114 0.595146 -0.0129789
4.56228 -2.0793 -0.0952734 0.583487 -0.0181459
4.58229 -2.08561 -0.112579 0.567986 -0.0238461
4.6023 -2.09204 -0.129633 0.557271 -0.0277369
4.62231 -2.09891 -0.146481 0.551312 -0.0212779
4.64232 -2.10643 -0.163155 0.547887 -0.00828398
4.66233 -2.11495 -0.179314 0.551341 -0.00327513
4.68234 -2.12467 -0.194439 0.561909 -0.00521561
4.70235 -2.13577 -0.208218 0.580247 -0.00129866
4.72236 -2.14831 -0.220561 0.599495 0.00525291
4.74237 -2.1621 -0.231158 0.614948 0.00237978
4.76238 -2.17692 -0.239666 0.613437 0.00707061
4.78239 -2.19235 -0.245926 0.601946 0.022109
4.8024 -2.20815 -0.2498 0.595896 0.0329262
4.82241 -2.22422 -0.25119 0.596628 0.0431332
4.84242 -2.24052 -0.249956 0.607631 0.0466401
4.86243 -2.25677 -0.245805 0.614364 0.0437201
4.88244 -2.27246 -0.238936 0.611065 0.0507884
4.90245 -2.28729 -0.229962 0.601453 0.0671008
4.92246 -2.3011 -0.219352 0.58987 0.0788348
4.94247 -2.31381 -0.207305 0.581876 0.0860207
4.96248 -2.32546 -0.19402 0.585852 0.0928364
4.98249 -2.33625 -0.17981 0.595838 0.0983431
5.0025 -2.34649 -0.164782 0.596819 0.0874249
5.02251 -2.3558 -0.148825 0.593564 0.0828273
5.04252 -2.36454 -0.132485 0.590187 0.0826548
5.06253 -2.37295 -0.116021 0.576522 0.0890871
5.08254 -2.38123 -0.099631 0.562146 0.0888359
