-2.53194 0.0227927 0.0249054 0.0250001 4.74237
-2.52248 0.0195578 0.0249095 0.0250001 4.74237
-2.51312 0.016015 0.0249136 0.0250002 4.74237
-2.50392 0.0121124 0.0249178 0.0250003 4.74237
-2.49489 0.00781562 0.024922 0.0250004 4.74237
-2.48607 0.0031037 0.0249262 0.0250005 4.74237
-2.47749 -0.00203302 0.0249306 0.0250006 4.74237
-2.46918 -0.00759478 0.0249351 0.0250007 4.74237
-2.46116 -0.0135735 0.0249399 0.0250008 4.74237
-2.45347 -0.0199539 0.0249447 0.0250009 4.74237
-2.4461 -0.0267147 0.0249498 0.025001 4.74237
-2.43907 -0.03383 0.0249551 0.0250012 4.74237
-2.43239 -0.0412704 0.0249605 0.0250013 4.74237
-2.42605 -0.0490039 0.024966 0.0250015 4.74237
-2.42005 -0.0569975 0.0249716 0.0250016 4.74237
-2.41436 -0.0652175 0.0249771 0.0250018 4.74237
-2.40895 -0.0736309 0.0249827 0.0250019 4.74237
-2.40381 -0.0822056 0.0249881 0.0250021 4.74237
-2.39889 -0.0909105 0.0249933 0.0250022 4.74237
-2.39416 -0.0997164 0.0249982 0.0250024 4.74237
-2.38956 -0.108595 0.0250028 0.0250026 4.74237
-2.38505 -0.117519 0.025007 0.0250027 4.74237
-2.38058 -0.126463 0.0250107 0.0250029 4.74237
-2.3761 -0.135398 0.0250138 0.025003 4.74237
-2.37155 -0.144299 0.0250163 0.0250031 4.74237
-2.36687 -0.153136 0.0250181 0.0250032 4.74237
-2.36202 -0.161877 0.0250192 0.0250033 4.74237
-2.35694 -0.170489 0.0250195 0.0250033 4.74237
-2.35159 -0.178934 0.0250191 0.0250034 4.74237
-2.34592 -0.187168 0.0250179 0.0250033 4.74237
-2.3399 -0.195148 0.0250159 0.0250033 4.74237
-2.33349 -0.202822 0.0250132 0.0250032 4.74237
-2.32668 -0.210137 0.0250099 0.025003 4.74237
-2.31944 -0.217037 0.0250059 0.0250028 4.74237
-2.31178 -0.223464 0.0250015 0.0250025 4.74237
-2.30371 -0.22936 0.0249967 0.0250022 4.74237
-2.29524 -0.234669 0.0249917 0.0250018 4.74237
-2.2864 -0.239337 0.0249867 0.0250014 4.74237
-2.27722 -0.243314 0.0249817 0.0250009 4.74237
-2.26776 -0.246559 0.0249769 0.0250003 4.74237
-2.25808 -0.249038 0.0249726 0.0249998 4.74237
-2.24822 -0.250725 0.0249689 0.0249992 4.74237
-2.23826 -0.251606 0.0249659 0.0249986 4.74237
-2.22826 -0.251676 0.0249638 0.0249979 4.74237
-2.21828 -0.250942 0.0249628 0.0249973 4.74237
-2.20839 -0.249421 0.024963 0.0249968 4.74237
-2.19866 -0.247138 0.0249644 0.0249963 4.74237
-2.18912 -0.244128 0.024967 0.0249958 4.74237
-2.17982 -0.240429 0.0249708 0.0249954 4.74237
-2.17081 -0.23609 0.0249758 0.0249951 4.74237
-2.1621 -0.231158 0.0249818 0.0249949 4.74237
-2.15373 -0.225685 0.0249886 0.0249947 4.74237
-2.14569 -0.219725 0.0249962 0.0249946 4.74237
-2.138 -0.213328 0.0250043 0.0249945 4.74237
-2.13065 -0.206545 0.0250128 0.0249945 4.74237
-2.12362 -0.199425 0.0250215 0.0249945 4.74237
-2.1169 -0.192013 0.0250302 0.0249946 4.74237
-2.11047 -0.184352 0.0250388 0.0249947 4.74237
-2.10429 -0.176479 0.0250471 0.0249948 4.74237
-2.09835 -0.168432 0.025055 0.0249949 4.74237
-2.09261 -0.160241 0.0250624 0.0249951 4.74237
-2.08703 -0.151937 0.0250692 0.0249952 4.74237
-2.08158 -0.143546 0.0250753 0.0249954 4.74237
-2.07623 -0.135091 0.0250807 0.0249955 4.74237
-2.07095 -0.126597 0.0250854 0.0249957 4.74237
-2.0657 -0.118083 0.0250894 0.0249958 4.74237
-2.06045 -0.109569 0.0250926 0.0249959 4.74237
-2.05517 -0.101073 0.0250951 0.0249959 4.74237
-2.04983 -0.092614 0.0250968 0.024996 4.74237
-2.0444 -0.084209 0.0250976 0.024996 4.74237
-2.03887 -0.0758758 0.0250974 0.024996 4.74237
-2.0332 -0.067632 0.0250961 0.024996 4.74237
-2.02739 -0.0594955 0.0250933 0.0249961 4.74237
-2.02139 -0.0514848 0.0250887 0.0249962 4.74237
-2.01522 -0.0436185 0.025082 0.0249964 4.74237
-2.00883 -0.0359156 0.0250729 0.0249966 4.74237
-2.00224 -0.0283955 0.0250611 0.0249968 4.74237
-1.99542 -0.0210778 0.0250466 0.024997 4.74237
-1.98837 -0.0139821 0.025029 0.0249972 4.74237
-1.98109 -0.007128 0.0250086 0.0249974 4.74237
-1.97356 -0.00053487 0.0249853 0.0249976 4.74237
-1.96581 0.00577832 0.0249592 0.0249977 4.74237
-1.95782 0.0117933 0.0249305 0.0249978 4.74237
-1.9496 0.0174925 0.0248996 0.0249979 4.74237
-1.94116 0.0228598 0.0248666 0.024998 4.74237
-1.93251 0.0278805 0.0248319 0.024998 4.74237
-1.92366 0.0325417 0.0247959 0.0249981 4.74237
-1.91462 0.0368318 0.0247588 0.0249981 4.74237
-1.90542 0.0407417 0.0247209 0.0249982 4.74237
-1.89606 0.0442642 0.0246825 0.0249982 4.74237
-1.88656 0.0473954 0.0246439 0.0249983 4.74237
-1.87694 0.0501342 0.0246051 0.0249984 4.74237
-1.86722 0.0524834 0.0245663 0.0249985 4.74237
-1.85741 0.0544496 0.0245277 0.0249986 4.74237
-1.84754 0.056044 0.0244894 0.0249988 4.74237
-1.83762 0.0572833 0.0244513 0.0249989 4.74237
-1.82766 0.0581903 0.0244136 0.0249991 4.74237
-1.81767 0.058796 0.0243761 0.0249993 4.74237
-1.80768 0.0591432 0.0243388 0.0249995 4.74237
-1.79768 0.0592949 0.0243017 0.0249998 4.74237
-1.78768 0.0594342 0.0242647 0.0249999 4.74237
