-2.42895 -0.0645792 0.0250925 0.0250001 4.58229
-2.42316 -0.0727354 0.0250876 0.0250002 4.58229
-2.41748 -0.0809657 0.0250828 0.0250003 4.58229
-2.41191 -0.0892708 0.0250779 0.0250005 4.58229
-2.40645 -0.0976447 0.0250729 0.0250007 4.58229
-2.40107 -0.106077 0.0250679 0.0250008 4.58229
-2.39577 -0.114553 0.0250629 0.025001 4.58229
-2.39051 -0.123057 0.0250577 0.0250011 4.58229
-2.38526 -0.131569 0.0250524 0.0250013 4.58229
-2.37999 -0.140068 0.025047 0.0250014 4.58229
-2.37467 -0.14853 0.0250415 0.0250015 4.58229
-2.36924 -0.156931 0.0250359 0.0250016 4.58229
-2.36369 -0.165241 0.0250301 0.0250017 4.58229
-2.35795 -0.173431 0.0250242 0.0250018 4.58229
-2.352 -0.181464 0.0250183 0.0250018 4.58229
-2.34579 -0.189304 0.0250123 0.0250019 4.58229
-2.3393 -0.196909 0.0250063 0.0250019 4.58229
-2.33249 -0.204234 0.0250006 0.0250018 4.58229
-2.32535 -0.211229 0.024995 0.0250018 4.58229
-2.31785 -0.217843 0.02499 0.0250017 4.58229
-2.30999 -0.224022 0.0249855 0.0250016 4.58229
-2.30177 -0.229708 0.0249818 0.0250015 4.58229
-2.29319 -0.234845 0.0249791 0.0250013 4.58229
-2.28427 -0.239375 0.0249773 0.0250012 4.58229
-2.27505 -0.243246 0.0249767 0.0250011 4.58229
-2.26557 -0.246406 0.0249773 0.0250009 4.58229
-2.25586 -0.248812 0.0249793 0.0250007 4.58229
-2.24599 -0.250426 0.0249825 0.0250006 4.58229
-2.23603 -0.251219 0.0249869 0.0250004 4.58229
-2.22603 -0.251174 0.0249926 0.0250002 4.58229
-2.21607 -0.250284 0.0249994 0.0250001 4.58229
-2.20622 -0.248552 0.025007 0.0249999 4.58229
-2.19655 -0.245996 0.0250154 0.0249998 4.58229
-2.18713 -0.242642 0.0250243 0.0249996 4.58229
-2.17801 -0.238526 0.0250334 0.0249995 4.58229
-2.16926 -0.233694 0.0250424 0.0249995 4.58229
-2.1609 -0.228197 0.025051 0.0249994 4.58229
-2.15298 -0.222093 0.025059 0.0249994 4.58229
-2.14551 -0.215442 0.0250659 0.0249994 4.58229
-2.13851 -0.208303 0.0250716 0.0249995 4.58229
-2.13197 -0.200738 0.0250758 0.0249995 4.58229
-2.12588 -0.192805 0.0250785 0.0249995 4.58229
-2.12022 -0.184561 0.0250795 0.0249995 4.58229
-2.11496 -0.176055 0.0250788 0.0249995 4.58229
-2.11006 -0.167336 0.0250767 0.0249995 4.58229
-2.10549 -0.158445 0.0250731 0.0249995 4.58229
-2.10118 -0.14942 0.0250682 0.0249995 4.58229
-2.09709 -0.140293 0.0250622 0.0249996 4.58229
-2.09317 -0.131094 0.0250553 0.0249996 4.58229
-2.08936 -0.121848 0.0250474 0.0249997 4.58229
-2.08561 -0.112579 0.0250389 0.0249998 4.58229
-2.08185 -0.103309 0.0250298 0.0249999 4.58229
-2.07805 -0.094061 0.0250201 0.025 4.58229
-2.07414 -0.0848555 0.0250098 0.0250001 4.58229
-2.07009 -0.0757156 0.0249991 0.0250003 4.58229
-2.06583 -0.0666655 0.024988 0.0250004 4.58229
-2.06134 -0.057731 0.0249763 0.0250006 4.58229
-2.05658 -0.0489399 0.024964 0.0250008 4.58229
-2.05151 -0.0403222 0.0249512 0.025001 4.58229
-2.0461 -0.0319097 0.0249378 0.0250012 4.58229
-2.04034 -0.0237362 0.0249238 0.0250014 4.58229
-2.03421 -0.0158367 0.024909 0.0250016 4.58229
-2.0277 -0.00824704 0.0248937 0.0250018 4.58229
-2.02081 -0.00100374 0.0248777 0.025002 4.58229
-2.01354 0.00585703 0.0248612 0.0250021 4.58229
-2.00589 0.0122998 0.0248442 0.0250022 4.58229
-1.99789 0.0182905 0.0248269 0.0250023 4.58229
-1.98954 0.023797 0.0248094 0.0250024 4.58229
-1.98088 0.0287892 0.0247919 0.0250024 4.58229
-1.97193 0.0332402 0.0247745 0.0250024 4.58229
-1.96271 0.037126 0.0247574 0.0250023 4.58229
-1.95328 0.0404259 0.0247408 0.0250023 4.58229
-1.94365 0.0431231 0.024725 0.0250022 4.58229
-1.93387 0.0452044 0.0247102 0.025002 4.58229
-1.92398 0.0466608 0.0246964 0.0250018 4.58229
-1.91401 0.0474874 0.0246841 0.0250016 4.58229
-1.90402 0.0476835 0.0246734 0.0250014 4.58229
-1.89403 0.0472522 0.0246645 0.0250012 4.58229
-1.88408 0.0462008 0.0246577 0.0250009 4.58229
-1.87422 0.0445405 0.0246531 0.0250006 4.58229
-1.86448 0.0422859 0.024651 0.0250003 4.58229
-1.85489 0.0394551 0.0246514 0.025 4.58229
-1.84548 0.0360692 0.0246547 0.0249997 4.58229
-1.83628 0.0321516 0.0246607 0.0249995 4.58229
-1.82731 0.0277279 0.0246696 0.0249992 4.58229
-1.81859 0.0228255 0.0246813 0.024999 4.58229
-1.81015 0.0174733 0.0246958 0.0249988 4.58229
-1.80198 0.0117013 0.024713 0.0249986 4.58229
-1.7941 0.00553998 0.0247325 0.0249985 4.58229
-1.78652 -0.00097958 0.0247544 0.0249984 4.58229
-1.77923 -0.00782643 0.0247782 0.0249983 4.58229
-1.77223 -0.0149698 0.0248039 0.0249983 4.58229
-1.76551 -0.0223796 0.024831 0.0249984 4.58229
-1.75906 -0.0300262 0.0248594 0.0249985 4.58229
-1.75287 -0.037881 0.0248888 0.0249986 4.58229
-1.74692 -0.045916 0.024919 0.0249988 4.58229
-1.74117 -0.054104 0.0249496 0.024999 4.58229
-1.73562 -0.062418 0.0249805 0.0249992 4.58229
-1.73021 -0.0708307 0.0250116 0.0249994 4.58229
-1.72491 -0.0793112 0.0250426 0.0249997 4.58229
-1.71961 -0.0877945 0.0250736 0.0249999 4.58229
