-0.408832 0.0762009 0.0249981 0.025 0.88044
-0.40008 0.0810391 0.0250008 0.0250001 0.88044
-0.391223 0.085682 0.0250036 0.0250001 0.88044
-0.382241 0.0900771 0.0250064 0.0250002 0.88044
-0.37312 0.0941749 0.0250092 0.0250003 0.88044
-0.363851 0.0979284 0.025012 0.0250003 0.88044
-0.354434 0.101292 0.0250147 0.0250004 0.88044
-0.344873 0.104223 0.0250173 0.0250004 0.88044
-0.33518 0.106681 0.0250199 0.0250004 0.88044
-0.325372 0.108628 0.0250225 0.0250004 0.88044
-0.315471 0.110031 0.0250251 0.0250004 0.88044
-0.305506 0.110862 0.0250278 0.0250005 0.88044
-0.29551 0.111098 0.0250307 0.0250005 0.88044
-0.285517 0.110722 0.0250339 0.0250005 0.88044
-0.275567 0.109723 0.0250373 0.0250006 0.88044
-0.265701 0.108097 0.0250411 0.0250006 0.88044
-0.255958 0.105847 0.0250452 0.0250007 0.88044
-0.246378 0.102982 0.0250496 0.0250008 0.88044
-0.236997 0.0995189 0.0250543 0.0250009 0.88044
-0.22785 0.0954804 0.0250592 0.025001 0.88044
-0.218965 0.0908942 0.0250643 0.0250011 0.88044
-0.210365 0.0857929 0.0250696 0.0250012 0.88044
-0.202067 0.080213 0.0250748 0.0250014 0.88044
-0.194084 0.0741936 0.0250799 0.0250015 0.88044
-0.186416 0.0677756 0.0250849 0.0250017 0.88044
-0.179063 0.061001 0.0250895 0.0250019 0.88044
-0.172012 0.0539117 0.0250936 0.0250021 0.88044
-0.165248 0.0465491 0.0250972 0.0250023 0.88044
-0.158746 0.0389536 0.0251 0.0250024 0.88044
-0.152479 0.0311639 0.025102 0.0250026 0.88044
-0.146412 0.0232171 0.0251029 0.0250028 0.88044
-0.140509 0.0151486 0.0251028 0.025003 0.88044
-0.134727 0.00699238 0.0251014 0.0250032 0.88044
-0.129024 -0.00121899 0.0250987 0.0250034 0.88044
-0.123356 -0.00945374 0.0250946 0.0250036 0.88044
-0.117676 -0.0176806 0.025089 0.0250037 0.88044
-0.11194 -0.0258682 0.0250819 0.0250039 0.88044
-0.106104 -0.0339849 0.0250732 0.025004 0.88044
-0.100127 -0.0419979 0.0250631 0.0250041 0.88044
-0.0939697 -0.0498734 0.0250515 0.0250042 0.88044
-0.087598 -0.0575763 0.0250385 0.0250042 0.88044
-0.0809817 -0.06507 0.0250243 0.0250042 0.88044
-0.0740957 -0.0723168 0.025009 0.0250042 0.88044
-0.0669211 -0.079278 0.0249929 0.0250041 0.88044
-0.0594449 -0.0859144 0.0249762 0.025004 0.88044
-0.0516609 -0.0921871 0.0249593 0.0250038 0.88044
-0.0435694 -0.0980581 0.0249424 0.0250035 0.88044
-0.0351771 -0.103491 0.0249258 0.0250032 0.88044
-0.0264972 -0.108452 0.0249098 0.0250029 0.88044
-0.0175483 -0.11291 0.0248949 0.0250025 0.88044
-0.00835434 -0.116839 0.0248812 0.025002 0.88044
0.00105646 -0.120216 0.024869 0.0250016 0.88044
0.0106526 -0.123026 0.0248587 0.0250011 0.88044
0.0204 -0.125256 0.0248504 0.0250006 0.88044
0.0302634 -0.126901 0.0248443 0.025 0.88044
0.0402072 -0.127962 0.0248405 0.0249995 0.88044
0.0501962 -0.128443 0.0248391 0.024999 0.88044
0.0601969 -0.128355 0.0248401 0.0249985 0.88044
0.0701776 -0.127713 0.0248436 0.024998 0.88044
0.0801099 -0.126535 0.0248494 0.0249976 0.88044
0.0899682 -0.124845 0.0248575 0.0249972 0.88044
0.0997305 -0.122667 0.0248675 0.0249968 0.88044
0.109379 -0.120027 0.0248794 0.0249965 0.88044
0.118898 -0.116954 0.0248928 0.0249962 0.88044
0.128277 -0.113476 0.0249073 0.024996 0.88044
0.137508 -0.109622 0.0249228 0.0249958 0.88044
0.146586 -0.105421 0.0249388 0.0249957 0.88044
0.155511 -0.100902 0.024955 0.0249957 0.88044
0.164281 -0.0960909 0.0249711 0.0249956 0.88044
0.172901 -0.0910145 0.0249868 0.0249956 0.88044
0.181375 -0.0856977 0.0250017 0.0249957 0.88044
0.189708 -0.0801641 0.0250155 0.0249958 0.88044
0.197909 -0.0744358 0.0250281 0.0249959 0.88044
0.205986 -0.0685342 0.0250391 0.024996 0.88044
0.213948 -0.0624791 0.0250484 0.0249961 0.88044
0.221806 -0.0562894 0.0250557 0.0249962 0.88044
0.229571 -0.0499833 0.025061 0.0249964 0.88044
0.237254 -0.0435776 0.0250641 0.0249966 0.88044
0.244866 -0.0370888 0.025065 0.0249967 0.88044
0.25242 -0.0305325 0.0250635 0.0249969 0.88044
0.259928 -0.0239236 0.0250597 0.0249971 0.88044
0.267402 -0.0172764 0.0250535 0.0249973 0.88044
0.274855 -0.0106049 0.0250449 0.0249974 0.88044
0.282297 -0.00392256 0.0250341 0.0249976 0.88044
0.28974 0.00275774 0.0250211 0.0249978 0.88044
0.297197 0.00942338 0.0250059 0.024998 0.88044
0.304678 0.0160622 0.0249887 0.0249981 0.88044
0.312192 0.0226624 0.0249697 0.0249983 0.88044
0.31975 0.0292127 0.0249491 0.0249984 0.88044
0.327359 0.0357023 0.0249269 0.0249986 0.88044
0.335029 0.0421212 0.0249035 0.0249987 0.88044
0.342764 0.0484601 0.024879 0.0249988 0.88044
0.350571 0.0547104 0.0248536 0.024999 0.88044
0.358455 0.0608643 0.0248276 0.0249991 0.88044
0.366417 0.0669155 0.024801 0.0249992 0.88044
0.374459 0.0728598 0.024774 0.0249993 0.88044
0.38258 0.0786954 0.0247467 0.0249994 0.88044
0.390777 0.0844246 0.0247193 0.0249996 0.88044
0.399041 0.0900551 0.0246919 0.0249997 0.88044
0.40736 0.0956054 0.0246644 0.0249999 0.88044
0.415683 0.101148 0.0246369 0.0249999 0.88044
