-0.359685 -0.0371167 0.025088 0.0250001 1.06053
-0.355296 -0.0281317 0.0250826 0.0250002 1.06053
-0.350984 -0.0191093 0.0250772 0.0250004 1.06053
-0.346745 -0.0100525 0.0250719 0.0250006 1.06053
-0.342565 -0.000968638 0.0250665 0.0250008 1.06053
-0.338422 0.0081317 0.0250611 0.025001 1.06053
-0.334287 0.0172357 0.0250556 0.0250012 1.06053
-0.330127 0.0263283 0.0250501 0.0250014 1.06053
-0.325906 0.0353925 0.0250444 0.0250016 1.06053
-0.321584 0.044409 0.0250386 0.0250018 1.06053
-0.317121 0.0533557 0.0250326 0.0250019 1.06053
-0.312472 0.0622078 0.0250264 0.0250021 1.06053
-0.307597 0.070937 0.0250201 0.0250022 1.06053
-0.302455 0.0795114 0.0250135 0.0250024 1.06053
-0.297007 0.0878946 0.0250067 0.0250024 1.06053
-0.291218 0.0960464 0.0249999 0.0250025 1.06053
-0.285058 0.103922 0.024993 0.0250025 1.06053
-0.278504 0.111472 0.0249862 0.0250025 1.06053
-0.271538 0.118644 0.0249797 0.0250025 1.06053
-0.264152 0.125382 0.0249735 0.0250024 1.06053
-0.256346 0.131629 0.024968 0.0250022 1.06053
-0.24813 0.137327 0.0249632 0.0250021 1.06053
-0.239524 0.142417 0.0249593 0.0250019 1.06053
-0.23056 0.146845 0.0249565 0.0250017 1.06053
-0.221276 0.150559 0.0249549 0.0250015 1.06053
-0.211724 0.153513 0.0249545 0.0250012 1.06053
-0.20196 0.155671 0.0249555 0.025001 1.06053
-0.19205 0.157002 0.0249577 0.0250008 1.06053
-0.182062 0.157488 0.0249611 0.0250006 1.06053
-0.172069 0.157123 0.0249658 0.0250004 1.06053
-0.162144 0.155909 0.0249715 0.0250003 1.06053
-0.152355 0.153864 0.0249781 0.0250002 1.06053
-0.142771 0.151012 0.0249857 0.0250001 1.06053
-0.133449 0.147392 0.0249939 0.025 1.06053
-0.124442 0.143046 0.0250027 0.0249999 1.06053
-0.115792 0.138029 0.025012 0.0249998 1.06053
-0.10753 0.132394 0.0250215 0.0249998 1.06053
-0.0996771 0.126203 0.0250312 0.0249998 1.06053
-0.0922415 0.119516 0.0250408 0.0249997 1.06053
-0.0852221 0.112394 0.0250503 0.0249997 1.06053
-0.0786071 0.104894 0.0250594 0.0249997 1.06053
-0.0723755 0.0970727 0.025068 0.0249997 1.06053
-0.0664982 0.0889818 0.0250759 0.0249997 1.06053
-0.0609389 0.0806692 0.025083 0.0249998 1.06053
-0.055656 0.0721784 0.025089 0.0249998 1.06053
-0.050603 0.0635489 0.0250938 0.0249999 1.06053
-0.0457304 0.0548163 0.0250972 0.025 1.06053
-0.0409864 0.0460132 0.0250991 0.0250001 1.06053
-0.0363185 0.0371696 0.0250991 0.0250002 1.06053
-0.0316739 0.028314 0.0250973 0.0250004 1.06053
-0.0270007 0.0194735 0.0250935 0.0250005 1.06053
-0.0222488 0.0106752 0.0250876 0.0250007 1.06053
-0.0173707 0.00194649 0.0250794 0.0250009 1.06053
-0.0123219 -0.00668449 0.025069 0.025001 1.06053
-0.00706186 -0.0151883 0.0250564 0.0250012 1.06053
-0.00155468 -0.0235339 0.0250416 0.0250014 1.06053
0.00423071 -0.031689 0.0250247 0.0250015 1.06053
0.0103199 -0.0396197 0.0250059 0.0250017 1.06053
0.0167328 -0.0472908 0.0249854 0.0250018 1.06053
0.0234832 -0.0546666 0.0249634 0.0250019 1.06053
0.0305789 -0.0617107 0.0249403 0.025002 1.06053
0.0380214 -0.0683872 0.0249165 0.025002 1.06053
0.0458066 -0.0746607 0.0248922 0.0250021 1.06053
0.0539245 -0.0804973 0.024868 0.025002 1.06053
0.0623598 -0.0858651 0.0248442 0.025002 1.06053
0.0710924 -0.0907344 0.0248214 0.0250019 1.06053
0.080098 -0.0950784 0.0247998 0.0250018 1.06053
0.0893483 -0.0988737 0.0247798 0.0250016 1.06053
0.0988122 -0.1021 0.0247618 0.0250014 1.06053
0.108456 -0.104741 0.024746 0.0250012 1.06053
0.118244 -0.106784 0.0247325 0.025001 1.06053
0.12814 -0.108219 0.0247213 0.0250008 1.06053
0.138105 -0.109042 0.0247126 0.0250006 1.06053
0.148103 -0.10925 0.0247062 0.0250004 1.06053
0.158094 -0.108846 0.0247021 0.0250002 1.06053
0.168043 -0.107835 0.0247001 0.025 1.06053
0.177913 -0.106228 0.0247001 0.0249998 1.06053
0.18767 -0.104036 0.0247019 0.0249996 1.06053
0.197282 -0.101275 0.0247055 0.0249995 1.06053
0.206719 -0.0979649 0.0247107 0.0249993 1.06053
0.215953 -0.094126 0.0247175 0.0249991 1.06053
0.224961 -0.089782 0.0247258 0.0249989 1.06053
0.233722 -0.0849587 0.0247355 0.0249987 1.06053
0.242219 -0.0796832 0.0247468 0.0249985 1.06053
0.250437 -0.0739833 0.0247594 0.0249984 1.06053
0.258366 -0.0678873 0.0247736 0.0249983 1.06053
0.265998 -0.0614239 0.024789 0.0249982 1.06053
0.27333 -0.0546219 0.0248058 0.0249981 1.06053
0.280362 -0.0475097 0.0248237 0.0249981 1.06053
0.287097 -0.0401153 0.0248427 0.0249981 1.06053
0.29354 -0.0324661 0.0248626 0.0249981 1.06053
0.299702 -0.0245887 0.0248833 0.0249982 1.06053
0.305596 -0.0165084 0.0249046 0.0249983 1.06053
0.311237 -0.00824984 0.0249264 0.0249985 1.06053
0.316644 0.000163745 0.0249486 0.0249986 1.06053
0.321838 0.00871008 0.0249709 0.0249988 1.06053
0.326845 0.0173678 0.0249934 0.024999 1.06053
0.33169 0.0261163 0.0250159 0.0249992 1.06053
0.336407 0.0349346 0.0250383 0.0249995 1.06053
0.341033 0.0438003 0.0250607 0.0249997 1.06053
0.345657 0.052667 0.0250829 0.0249999 1.06053
