-1.71454 -0.211468 0.0248112 0.0250001 3.34167
-1.70469 -0.2132 0.024818 0.0250001 3.34167
-1.6948 -0.214639 0.0248247 0.0250003 3.34167
-1.68486 -0.215715 0.0248315 0.0250004 3.34167
-1.67488 -0.216367 0.0248383 0.0250005 3.34167
-1.66488 -0.216543 0.0248452 0.0250006 3.34167
-1.65489 -0.216197 0.0248522 0.0250006 3.34167
-1.64493 -0.215291 0.0248593 0.0250007 3.34167
-1.63504 -0.213795 0.0248666 0.0250007 3.34167
-1.62527 -0.211685 0.0248742 0.0250007 3.34167
-1.61565 -0.208949 0.0248821 0.0250007 3.34167
-1.60623 -0.205582 0.0248904 0.0250006 3.34167
-1.59707 -0.201587 0.0248991 0.0250006 3.34167
-1.58819 -0.196976 0.0249083 0.0250006 3.34167
-1.57965 -0.191771 0.024918 0.0250006 3.34167
-1.57149 -0.185999 0.0249282 0.0250007 3.34167
-1.56373 -0.179694 0.0249388 0.0250007 3.34167
-1.5564 -0.172895 0.0249497 0.0250007 3.34167
-1.54951 -0.165644 0.0249609 0.0250008 3.34167
-1.54308 -0.157988 0.0249722 0.0250008 3.34167
-1.5371 -0.149972 0.0249836 0.0250009 3.34167
-1.53157 -0.141643 0.0249948 0.025001 3.34167
-1.52646 -0.133045 0.0250057 0.0250011 3.34167
-1.52176 -0.124221 0.0250162 0.0250012 3.34167
-1.51743 -0.11521 0.0250261 0.0250013 3.34167
-1.51343 -0.106047 0.0250351 0.0250015 3.34167
-1.50971 -0.0967645 0.0250432 0.0250016 3.34167
-1.50623 -0.0873918 0.0250501 0.0250018 3.34167
-1.50293 -0.0779539 0.0250557 0.0250019 3.34167
-1.49975 -0.0684738 0.0250598 0.0250021 3.34167
-1.49663 -0.0589726 0.0250623 0.0250023 3.34167
-1.49353 -0.0494704 0.025063 0.0250025 3.34167
-1.49036 -0.0399875 0.0250617 0.0250026 3.34167
-1.48707 -0.0305454 0.0250585 0.0250028 3.34167
-1.48361 -0.0211675 0.0250532 0.025003 3.34167
-1.4799 -0.0118802 0.0250459 0.0250031 3.34167
-1.47591 -0.00271365 0.0250365 0.0250032 3.34167
-1.47158 0.00629783 0.0250251 0.0250033 3.34167
-1.46687 0.0151154 0.0250117 0.0250033 3.34167
-1.46174 0.0236959 0.0249966 0.0250033 3.34167
-1.45616 0.031992 0.0249799 0.0250033 3.34167
-1.45012 0.0399529 0.0249619 0.0250032 3.34167
-1.44359 0.0475253 0.0249428 0.0250031 3.34167
-1.43658 0.0546548 0.0249229 0.0250028 3.34167
-1.4291 0.0612871 0.0249026 0.0250026 3.34167
-1.42116 0.0673697 0.0248823 0.0250023 3.34167
-1.4128 0.0728533 0.0248624 0.0250019 3.34167
-1.40406 0.0776936 0.0248432 0.0250015 3.34167
-1.39496 0.0818524 0.0248252 0.025001 3.34167
-1.38558 0.0852992 0.0248089 0.0250005 3.34167
-1.37595 0.0880114 0.0247944 0.025 3.34167
-1.36615 0.0899755 0.0247823 0.0249994 3.34167
-1.35622 0.0911869 0.0247728 0.0249989 3.34167
-1.34623 0.0916497 0.0247661 0.0249983 3.34167
-1.33623 0.0913764 0.0247624 0.0249978 3.34167
-1.32628 0.0903874 0.0247618 0.0249972 3.34167
-1.31642 0.0887093 0.0247645 0.0249967 3.34167
-1.30669 0.0863743 0.0247703 0.0249963 3.34167
-1.29713 0.083419 0.0247792 0.0249959 3.34167
-1.28778 0.0798828 0.024791 0.0249955 3.34167
-1.27864 0.0758073 0.0248054 0.0249952 3.34167
-1.26974 0.0712352 0.0248222 0.0249949 3.34167
-1.26109 0.0662091 0.024841 0.0249947 3.34167
-1.25269 0.0607707 0.0248613 0.0249946 3.34167
-1.24455 0.0549608 0.0248828 0.0249945 3.34167
-1.23665 0.0488181 0.024905 0.0249945 3.34167
-1.229 0.0423793 0.0249274 0.0249945 3.34167
-1.22157 0.0356786 0.0249495 0.0249946 3.34167
-1.21435 0.0287478 0.0249709 0.0249947 3.34167
-1.20734 0.0216163 0.0249911 0.0249948 3.34167
-1.2005 0.0143111 0.0250097 0.024995 3.34167
-1.19383 0.00685694 0.0250262 0.0249952 3.34167
-1.1873 -0.000723521 0.0250404 0.0249954 3.34167
-1.1809 -0.00840935 0.0250518 0.0249956 3.34167
-1.1746 -0.0161812 0.0250602 0.0249958 3.34167
-1.16839 -0.0240211 0.0250653 0.0249961 3.34167
-1.16224 -0.0319124 0.025067 0.0249963 3.34167
-1.15614 -0.0398391 0.0250652 0.0249966 3.34167
-1.15007 -0.0477864 0.0250597 0.0249968 3.34167
-1.144 -0.05574 0.0250506 0.024997 3.34167
-1.13793 -0.0636861 0.0250379 0.0249972 3.34167
-1.13182 -0.0716114 0.0250216 0.0249974 3.34167
-1.12568 -0.079503 0.0250019 0.0249976 3.34167
-1.11947 -0.0873481 0.024979 0.0249978 3.34167
-1.1132 -0.0951344 0.024953 0.0249979 3.34167
-1.10683 -0.10285 0.0249242 0.0249981 3.34167
-1.10037 -0.110482 0.0248928 0.0249982 3.34167
-1.09379 -0.118019 0.0248591 0.0249983 3.34167
-1.0871 -0.125448 0.0248233 0.0249985 3.34167
-1.08027 -0.132758 0.0247857 0.0249986 3.34167
-1.07331 -0.139938 0.0247465 0.0249987 3.34167
-1.06621 -0.146977 0.0247059 0.0249988 3.34167
-1.05896 -0.153867 0.0246642 0.0249989 3.34167
-1.05156 -0.160599 0.0246216 0.024999 3.34167
-1.04402 -0.167167 0.0245783 0.0249991 3.34167
-1.03634 -0.173569 0.0245345 0.0249993 3.34167
-1.02852 -0.179806 0.0244902 0.0249994 3.34167
-1.02058 -0.185884 0.0244456 0.0249995 3.34167
-1.01253 -0.191818 0.0244009 0.0249997 3.34167
-1.0044 -0.197636 0.0243561 0.0249998 3.34167
-0.996259 -0.203446 0.0243112 0.0249999 3.34167
