-1.53525 -0.100938 0.0251099 0.025 3.06153
-1.53058 -0.0920921 0.0251021 0.025 3.06153
-1.526 -0.0832053 0.0250943 0.0250001 3.06153
-1.52149 -0.0742807 0.0250864 0.0250003 3.06153
-1.51704 -0.065326 0.0250782 0.0250005 3.06153
-1.51263 -0.0563521 0.0250697 0.0250007 3.06153
-1.50823 -0.0473727 0.0250607 0.0250009 3.06153
-1.50381 -0.0384033 0.0250512 0.0250011 3.06153
-1.49933 -0.0294618 0.0250412 0.0250013 3.06153
-1.49476 -0.0205681 0.0250309 0.0250015 3.06153
-1.49006 -0.0117447 0.0250203 0.0250016 3.06153
-1.48518 -0.0030169 0.0250096 0.0250017 3.06153
-1.48009 0.00558677 0.0249989 0.0250017 3.06153
-1.47474 0.0140341 0.0249885 0.0250017 3.06153
-1.46909 0.0222891 0.0249783 0.0250016 3.06153
-1.46313 0.0303114 0.0249687 0.0250015 3.06153
-1.4568 0.0380569 0.0249597 0.0250014 3.06153
-1.4501 0.0454773 0.0249515 0.0250013 3.06153
-1.443 0.0525211 0.0249442 0.0250012 3.06153
-1.4355 0.0591336 0.0249379 0.0250011 3.06153
-1.4276 0.0652585 0.0249329 0.0250009 3.06153
-1.4193 0.0708384 0.0249293 0.0250008 3.06153
-1.41063 0.0758166 0.0249272 0.0250006 3.06153
-1.40161 0.080139 0.0249267 0.0250004 3.06153
-1.39229 0.0837551 0.0249277 0.0250002 3.06153
-1.38271 0.0866205 0.0249303 0.025 3.06153
-1.37293 0.088698 0.0249345 0.0249998 3.06153
-1.36301 0.0899591 0.0249401 0.0249996 3.06153
-1.35302 0.0903855 0.024947 0.0249995 3.06153
-1.34302 0.0899697 0.0249551 0.0249994 3.06153
-1.3331 0.0887156 0.0249642 0.0249993 3.06153
-1.32332 0.0866382 0.0249741 0.0249992 3.06153
-1.31374 0.0837633 0.0249844 0.0249992 3.06153
-1.30443 0.0801265 0.0249949 0.0249992 3.06153
-1.29542 0.0757717 0.0250053 0.0249992 3.06153
-1.28678 0.0707494 0.0250153 0.0249993 3.06153
-1.27851 0.065115 0.0250245 0.0249993 3.06153
-1.27066 0.0589267 0.0250328 0.0249994 3.06153
-1.26322 0.0522444 0.0250397 0.0249995 3.06153
-1.25619 0.0451278 0.0250452 0.0249995 3.06153
-1.24957 0.0376352 0.025049 0.0249996 3.06153
-1.24333 0.0298222 0.0250512 0.0249996 3.06153
-1.23744 0.0217405 0.0250517 0.0249996 3.06153
-1.23186 0.0134383 0.0250506 0.0249997 3.06153
-1.22656 0.00495937 0.0250479 0.0249997 3.06153
-1.22148 -0.0036564 0.0250437 0.0249998 3.06153
-1.21658 -0.0123727 0.0250382 0.0249999 3.06153
-1.2118 -0.0211565 0.0250314 0.025 3.06153
-1.20709 -0.0299772 0.0250234 0.0250001 3.06153
-1.20239 -0.038806 0.0250144 0.0250002 3.06153
-1.19766 -0.0476147 0.0250045 0.0250003 3.06153
-1.19284 -0.0563756 0.0249937 0.0250005 3.06153
-1.18788 -0.0650603 0.0249822 0.0250007 3.06153
-1.18275 -0.0736392 0.02497 0.0250008 3.06153
-1.17739 -0.0820817 0.0249573 0.025001 3.06153
-1.17177 -0.0903551 0.024944 0.0250012 3.06153
-1.16587 -0.0984254 0.0249304 0.0250013 3.06153
-1.15965 -0.106257 0.0249164 0.0250015 3.06153
-1.1531 -0.113812 0.0249022 0.0250017 3.06153
-1.14621 -0.121053 0.0248878 0.0250018 3.06153
-1.13896 -0.127941 0.0248732 0.025002 3.06153
-1.13136 -0.134438 0.0248586 0.0250021 3.06153
-1.12342 -0.140507 0.024844 0.0250023 3.06153
-1.11514 -0.14611 0.0248295 0.0250024 3.06153
-1.10654 -0.151215 0.0248152 0.0250024 3.06153
-1.09765 -0.15579 0.0248012 0.0250025 3.06153
-1.08849 -0.159806 0.0247875 0.0250025 3.06153
-1.0791 -0.163239 0.0247742 0.0250025 3.06153
-1.06951 -0.166068 0.0247614 0.0250025 3.06153
-1.05976 -0.168276 0.0247493 0.0250024 3.06153
-1.04989 -0.169852 0.024738 0.0250023 3.06153
-1.03993 -0.170786 0.0247275 0.0250022 3.06153
-1.02994 -0.171076 0.0247181 0.0250021 3.06153
-1.01995 -0.170721 0.0247098 0.0250019 3.06153
-1.01 -0.169727 0.0247027 0.0250017 3.06153
-1.00013 -0.168102 0.024697 0.0250014 3.06153
-0.99039 -0.165858 0.0246928 0.0250012 3.06153
-0.980804 -0.163012 0.0246903 0.0250009 3.06153
-0.97141 -0.159584 0.0246895 0.0250006 3.06153
-0.96224 -0.155596 0.0246906 0.0250003 3.06153
-0.953322 -0.151073 0.0246937 0.025 3.06153
-0.944679 -0.146043 0.024699 0.0249997 3.06153
-0.936333 -0.140533 0.0247063 0.0249995 3.06153
-0.928302 -0.134575 0.0247159 0.0249992 3.06153
-0.920597 -0.128199 0.0247276 0.024999 3.06153
-0.91323 -0.121435 0.0247415 0.0249988 3.06153
-0.906206 -0.114316 0.0247574 0.0249987 3.06153
-0.899527 -0.106873 0.0247752 0.0249986 3.06153
-0.89319 -0.0991348 0.0247948 0.0249985 3.06153
-0.887191 -0.0911324 0.024816 0.0249984 3.06153
-0.881521 -0.0828939 0.0248387 0.0249984 3.06153
-0.876167 -0.0744465 0.0248626 0.0249984 3.06153
-0.871113 -0.0658162 0.0248877 0.0249985 3.06153
-0.866341 -0.057027 0.0249136 0.0249985 3.06153
-0.861828 -0.0481019 0.0249401 0.0249987 3.06153
-0.857551 -0.0390619 0.0249672 0.0249988 3.06153
-0.85348 -0.0299268 0.0249945 0.024999 3.06153
-0.849586 -0.0207154 0.025022 0.0249992 3.06153
-0.845833 -0.0114459 0.0250495 0.0249995 3.06153
-0.842179 -0.00213738 0.025077 0.0249997 3.06153
-0.838527 0.00717235 0.0251043 0.0249999 3.06153
