-1.42198 0.0849536 0.0248904 0.0250001 2.82141
-1.41211 0.0865923 0.0248943 0.0250001 2.82141
-1.4022 0.0879209 0.0248982 0.0250003 2.82141
-1.39224 0.088869 0.0249021 0.0250004 2.82141
-1.38226 0.0893776 0.0249061 0.0250005 2.82141
-1.37226 0.0893966 0.0249102 0.0250005 2.82141
-1.36227 0.0888842 0.0249143 0.0250006 2.82141
-1.35233 0.0878068 0.0249187 0.0250006 2.82141
-1.34247 0.0861393 0.0249234 0.0250006 2.82141
-1.33273 0.0838655 0.0249284 0.0250006 2.82141
-1.32316 0.0809776 0.0249339 0.0250006 2.82141
-1.31379 0.0774762 0.0249399 0.0250006 2.82141
-1.30468 0.0733707 0.0249465 0.0250007 2.82141
-1.29585 0.0686784 0.0249536 0.0250007 2.82141
-1.28734 0.0634237 0.0249613 0.0250007 2.82141
-1.27918 0.0576376 0.0249694 0.0250008 2.82141
-1.2714 0.0513561 0.024978 0.0250009 2.82141
-1.26401 0.0446192 0.024987 0.0250009 2.82141
-1.25702 0.0374696 0.0249963 0.025001 2.82141
-1.25043 0.0299516 0.0250057 0.0250011 2.82141
-1.24423 0.0221095 0.0250152 0.0250012 2.82141
-1.2384 0.0139869 0.0250245 0.0250013 2.82141
-1.23291 0.00562597 0.0250336 0.0250015 2.82141
-1.22774 -0.00293368 0.0250422 0.0250016 2.82141
-1.22285 -0.0116548 0.0250503 0.0250017 2.82141
-1.2182 -0.0205031 0.0250576 0.0250019 2.82141
-1.21373 -0.0294465 0.0250639 0.0250021 2.82141
-1.20939 -0.0384554 0.0250693 0.0250022 2.82141
-1.20513 -0.0475016 0.0250734 0.0250024 2.82141
-1.2009 -0.0565581 0.0250762 0.0250025 2.82141
-1.19663 -0.0655975 0.0250776 0.0250027 2.82141
-1.19226 -0.074592 0.0250775 0.0250028 2.82141
-1.18774 -0.083512 0.0250757 0.0250029 2.82141
-1.18302 -0.0923252 0.0250723 0.025003 2.82141
-1.17805 -0.100996 0.0250672 0.0250031 2.82141
-1.17277 -0.109487 0.0250605 0.0250031 2.82141
-1.16715 -0.117754 0.0250521 0.0250031 2.82141
-1.16115 -0.12575 0.0250421 0.0250031 2.82141
-1.15474 -0.133426 0.0250306 0.025003 2.82141
-1.14791 -0.14073 0.0250177 0.0250029 2.82141
-1.14066 -0.147605 0.0250036 0.0250028 2.82141
-1.13297 -0.153997 0.0249884 0.0250026 2.82141
-1.12486 -0.159852 0.0249725 0.0250023 2.82141
-1.11636 -0.165116 0.0249559 0.025002 2.82141
-1.1075 -0.169742 0.024939 0.0250017 2.82141
-1.09831 -0.173687 0.0249221 0.0250013 2.82141
-1.08885 -0.176915 0.0249055 0.0250009 2.82141
-1.07916 -0.179398 0.0248896 0.0250004 2.82141
-1.06931 -0.181117 0.0248747 0.0249999 2.82141
-1.05936 -0.182063 0.0248611 0.0249994 2.82141
-1.04936 -0.182235 0.0248493 0.0249988 2.82141
-1.03937 -0.181642 0.0248394 0.0249983 2.82141
-1.02946 -0.180301 0.0248318 0.0249977 2.82141
-1.01967 -0.17824 0.0248267 0.0249972 2.82141
-1.01006 -0.175488 0.0248244 0.0249968 2.82141
-1.00065 -0.172084 0.0248248 0.0249963 2.82141
-0.991491 -0.168069 0.024828 0.024996 2.82141
-0.982599 -0.163486 0.024834 0.0249956 2.82141
-0.973996 -0.158381 0.0248427 0.0249953 2.82141
-0.965694 -0.152799 0.0248538 0.0249951 2.82141
-0.957698 -0.146787 0.0248672 0.0249949 2.82141
-0.950008 -0.140388 0.0248826 0.0249947 2.82141
-0.942618 -0.133645 0.0248996 0.0249946 2.82141
-0.935516 -0.126598 0.024918 0.0249945 2.82141
-0.928691 -0.119284 0.0249374 0.0249945 2.82141
-0.922123 -0.111738 0.0249572 0.0249945 2.82141
-0.915793 -0.103991 0.0249771 0.0249946 2.82141
-0.909679 -0.0960716 0.0249967 0.0249947 2.82141
-0.903759 -0.0880069 0.0250155 0.0249948 2.82141
-0.898009 -0.0798203 0.025033 0.024995 2.82141
-0.892406 -0.0715332 0.0250489 0.0249951 2.82141
-0.886924 -0.063165 0.0250627 0.0249953 2.82141
-0.88154 -0.0547335 0.025074 0.0249956 2.82141
-0.876232 -0.0462549 0.0250826 0.0249958 2.82141
-0.870974 -0.0377445 0.0250881 0.024996 2.82141
-0.865746 -0.0292163 0.0250902 0.0249963 2.82141
-0.860526 -0.0206839 0.0250888 0.0249965 2.82141
-0.855291 -0.0121601 0.0250837 0.0249968 2.82141
-0.850023 -0.00365733 0.0250749 0.024997 2.82141
-0.844702 0.00481208 0.0250622 0.0249972 2.82141
-0.83931 0.0132361 0.0250456 0.0249974 2.82141
-0.833829 0.0216027 0.0250254 0.0249976 2.82141
-0.828244 0.0298999 0.0250015 0.0249977 2.82141
-0.82254 0.0381158 0.0249742 0.0249979 2.82141
-0.816704 0.0462386 0.0249436 0.024998 2.82141
-0.810726 0.0542562 0.02491 0.0249981 2.82141
-0.804593 0.0621566 0.0248736 0.0249982 2.82141
-0.798297 0.0699278 0.0248348 0.0249983 2.82141
-0.791831 0.0775577 0.0247937 0.0249985 2.82141
-0.785189 0.0850348 0.0247506 0.0249985 2.82141
-0.778368 0.0923481 0.0247059 0.0249986 2.82141
-0.771364 0.0994878 0.0246597 0.0249987 2.82141
-0.76418 0.106445 0.0246123 0.0249989 2.82141
-0.756818 0.113213 0.0245638 0.024999 2.82141
-0.749282 0.119788 0.0245146 0.0249991 2.82141
-0.74158 0.126167 0.0244648 0.0249992 2.82141
-0.733725 0.132356 0.0244144 0.0249994 2.82141
-0.725729 0.138362 0.0243638 0.0249995 2.82141
-0.717612 0.144204 0.0243129 0.0249997 2.82141
-0.709405 0.149916 0.0242619 0.0249998 2.82141
-0.701191 0.15562 0.0242108 0.0249999 2.82141
