-0.416772 0.118374 0.025033 0.0249999 0.76038
-0.406913 0.116699 0.025033 0.0249998 0.76038
-0.397099 0.114777 0.0250331 0.0249996 0.76038
-0.387347 0.112561 0.0250331 0.0249994 0.76038
-0.377675 0.11002 0.0250333 0.0249992 0.76038
-0.368102 0.107129 0.0250335 0.024999 0.76038
-0.358646 0.103871 0.0250338 0.0249988 0.76038
-0.349329 0.100238 0.0250343 0.0249986 0.76038
-0.340168 0.0962248 0.0250349 0.0249985 0.76038
-0.331181 0.0918352 0.0250356 0.0249984 0.76038
-0.322385 0.0870762 0.0250364 0.0249985 0.76038
-0.313791 0.08196 0.0250372 0.0249987 0.76038
-0.305411 0.0765025 0.0250381 0.024999 0.76038
-0.297249 0.0707233 0.025039 0.0249992 0.76038
-0.289308 0.0646445 0.0250398 0.0249994 0.76038
-0.281586 0.0582905 0.0250405 0.0249997 0.76038
-0.274076 0.0516874 0.0250411 0.0249999 0.76038
-0.266767 0.0448625 0.0250416 0.0250001 0.76038
-0.259644 0.0378436 0.0250418 0.0250004 0.76038
-0.252689 0.0306591 0.0250417 0.0250006 0.76038
-0.245878 0.0233376 0.0250413 0.0250008 0.76038
-0.239186 0.0159075 0.0250405 0.025001 0.76038
-0.232585 0.00839733 0.0250394 0.0250012 0.76038
-0.226043 0.000835441 0.0250378 0.0250014 0.76038
-0.219528 -0.00674959 0.0250358 0.0250015 0.76038
-0.213007 -0.014329 0.0250333 0.0250016 0.76038
-0.206445 -0.0218734 0.0250304 0.0250017 0.76038
-0.19981 -0.029353 0.025027 0.0250018 0.76038
-0.193068 -0.0367369 0.0250232 0.0250018 0.76038
-0.18619 -0.0439933 0.025019 0.0250018 0.76038
-0.179146 -0.0510891 0.0250145 0.0250018 0.76038
-0.171911 -0.0579905 0.0250096 0.0250017 0.76038
-0.164464 -0.0646623 0.0250045 0.0250016 0.76038
-0.156787 -0.071069 0.0249992 0.0250014 0.76038
-0.148868 -0.0771744 0.0249939 0.0250012 0.76038
-0.140701 -0.0829427 0.0249886 0.025001 0.76038
-0.132282 -0.0883386 0.0249834 0.0250007 0.76038
-0.123617 -0.0933283 0.0249784 0.0250004 0.76038
-0.114713 -0.0978801 0.0249737 0.025 0.76038
-0.105585 -0.101965 0.0249694 0.0249997 0.76038
-0.0962525 -0.105558 0.0249657 0.0249993 0.76038
-0.0867377 -0.108637 0.0249626 0.0249988 0.76038
-0.0770671 -0.111187 0.0249603 0.0249984 0.76038
-0.0672695 -0.113196 0.0249589 0.024998 0.76038
-0.0573752 -0.114659 0.0249586 0.0249976 0.76038
-0.0474151 -0.115574 0.0249592 0.0249972 0.76038
-0.0374196 -0.115946 0.024961 0.0249968 0.76038
-0.0274183 -0.115785 0.0249638 0.0249965 0.76038
-0.0174385 -0.115104 0.0249676 0.0249963 0.76038
-0.00750539 -0.113924 0.0249723 0.0249961 0.76038
0.00235936 -0.112265 0.0249779 0.0249959 0.76038
0.0121374 -0.110153 0.0249843 0.0249957 0.76038
0.0218141 -0.107618 0.0249913 0.0249956 0.76038
0.0313787 -0.104687 0.0249989 0.0249955 0.76038
0.0408243 -0.101392 0.0250069 0.0249954 0.76038
0.0501476 -0.097766 0.0250153 0.0249954 0.76038
0.0593487 -0.0938402 0.0250238 0.0249954 0.76038
0.0684311 -0.0896469 0.0250323 0.0249954 0.76038
0.0774008 -0.0852177 0.0250407 0.0249955 0.76038
0.0862662 -0.0805835 0.0250488 0.0249956 0.76038
0.0950377 -0.0757741 0.0250565 0.0249957 0.76038
0.103727 -0.0708185 0.0250638 0.0249958 0.76038
0.112348 -0.0657441 0.0250704 0.0249959 0.76038
0.120914 -0.0605775 0.0250765 0.0249961 0.76038
0.129438 -0.0553437 0.0250818 0.0249962 0.76038
0.137936 -0.0500668 0.0250863 0.0249963 0.76038
0.146421 -0.0447695 0.0250901 0.0249964 0.76038
0.154907 -0.0394736 0.025093 0.0249965 0.76038
0.163407 -0.0341999 0.0250952 0.0249966 0.76038
0.171932 -0.028968 0.0250965 0.0249967 0.76038
0.180494 -0.0237969 0.0250969 0.0249968 0.76038
0.189104 -0.0187046 0.0250965 0.0249968 0.76038
0.197769 -0.0137088 0.0250952 0.0249969 0.76038
0.206499 -0.00882634 0.0250928 0.0249971 0.76038
0.2153 -0.00407363 0.0250893 0.0249972 0.76038
0.224178 0.000533461 0.0250847 0.0249973 0.76038
0.233138 0.00497956 0.025079 0.0249974 0.76038
0.242182 0.00924983 0.025072 0.0249976 0.76038
0.251314 0.01333 0.0250638 0.0249977 0.76038
0.260534 0.0172064 0.0250544 0.0249978 0.76038
0.269842 0.0208659 0.0250439 0.0249979 0.76038
0.279237 0.0242964 0.0250324 0.024998 0.76038
0.288716 0.0274863 0.0250199 0.0249981 0.76038
0.298276 0.0304252 0.0250066 0.0249982 0.76038
0.307912 0.0331035 0.0249927 0.0249983 0.76038
0.317619 0.035513 0.0249783 0.0249983 0.76038
0.32739 0.0376464 0.0249635 0.0249983 0.76038
0.337219 0.0394984 0.0249486 0.0249984 0.76038
0.347096 0.0410649 0.0249336 0.0249984 0.76038
0.357016 0.0423434 0.0249188 0.0249985 0.76038
0.366968 0.0433328 0.0249041 0.0249985 0.76038
0.376944 0.0440344 0.0248897 0.0249986 0.76038
0.386937 0.0444513 0.0248756 0.0249987 0.76038
0.396937 0.0445894 0.0248618 0.0249988 0.76038
0.406937 0.0444575 0.0248485 0.0249989 0.76038
0.41693 0.0440678 0.0248355 0.024999 0.76038
0.426911 0.043437 0.0248228 0.0249992 0.76038
0.436875 0.0425871 0.0248104 0.0249994 0.76038
0.446822 0.0415488 0.0247982 0.0249995 0.76038
0.456752 0.0403675 0.0247861 0.0249998 0.76038
0.466681 0.0391778 0.024774 0.0249999 0.76038
