-0.363039 -0.0512392 0.0251022 0.0250001 1.08054
-0.358493 -0.0423323 0.0250954 0.0250002 1.08054
-0.354059 -0.0333691 0.0250886 0.0250004 1.08054
-0.349741 -0.0243499 0.0250817 0.0250007 1.08054
-0.345531 -0.01528 0.0250749 0.0250009 1.08054
-0.341413 -0.00616816 0.0250681 0.0250011 1.08054
-0.337364 0.00297428 0.0250613 0.0250012 1.08054
-0.333354 0.0121342 0.0250545 0.0250014 1.08054
-0.329351 0.0212966 0.0250478 0.0250016 1.08054
-0.325317 0.0304451 0.0250411 0.0250017 1.08054
-0.32121 0.0395615 0.0250344 0.0250019 1.08054
-0.316989 0.048625 0.0250277 0.025002 1.08054
-0.312608 0.0576127 0.0250209 0.0250021 1.08054
-0.308025 0.0664985 0.0250141 0.0250023 1.08054
-0.303195 0.0752525 0.0250072 0.0250024 1.08054
-0.298076 0.0838411 0.0250001 0.0250025 1.08054
-0.292631 0.0922263 0.0249929 0.0250025 1.08054
-0.286825 0.100366 0.0249856 0.0250026 1.08054
-0.280629 0.108212 0.0249783 0.0250026 1.08054
-0.274021 0.115715 0.0249711 0.0250025 1.08054
-0.266987 0.12282 0.0249641 0.0250024 1.08054
-0.25952 0.129469 0.0249575 0.0250023 1.08054
-0.251626 0.135604 0.0249514 0.0250022 1.08054
-0.243318 0.141167 0.0249462 0.025002 1.08054
-0.23462 0.146099 0.0249419 0.0250018 1.08054
-0.225568 0.150345 0.0249388 0.0250016 1.08054
-0.216206 0.153855 0.024937 0.0250014 1.08054
-0.206587 0.156587 0.0249366 0.0250011 1.08054
-0.196774 0.158505 0.0249377 0.0250009 1.08054
-0.186833 0.159584 0.0249403 0.0250007 1.08054
-0.176836 0.15981 0.0249444 0.0250004 1.08054
-0.166856 0.159181 0.02495 0.0250002 1.08054
-0.156965 0.157705 0.024957 0.0249999 1.08054
-0.147233 0.155404 0.0249652 0.0249997 1.08054
-0.137724 0.152308 0.0249745 0.0249995 1.08054
-0.128495 0.148459 0.0249847 0.0249994 1.08054
-0.119591 0.143904 0.0249957 0.0249992 1.08054
-0.111053 0.138698 0.025007 0.0249991 1.08054
-0.102905 0.132899 0.0250186 0.0249991 1.08054
-0.0951629 0.126568 0.0250301 0.024999 1.08054
-0.0878321 0.119766 0.0250413 0.024999 1.08054
-0.0809061 0.112552 0.0250518 0.0249991 1.08054
-0.0743694 0.104983 0.0250616 0.0249991 1.08054
-0.0681977 0.0971137 0.0250703 0.0249992 1.08054
-0.0623594 0.0889942 0.0250776 0.0249993 1.08054
-0.0568167 0.0806702 0.0250836 0.0249994 1.08054
-0.0515266 0.0721835 0.0250878 0.0249995 1.08054
-0.0464428 0.0635719 0.0250904 0.0249997 1.08054
-0.0415159 0.0548696 0.025091 0.0249998 1.08054
-0.0366955 0.046108 0.0250898 0.025 1.08054
-0.0319305 0.0373163 0.0250865 0.0250001 1.08054
-0.0271703 0.0285222 0.0250814 0.0250003 1.08054
-0.0223655 0.0197524 0.0250743 0.0250004 1.08054
-0.0174687 0.0110338 0.0250654 0.0250005 1.08054
-0.0124354 0.00239346 0.0250547 0.0250007 1.08054
-0.00722436 -0.00614075 0.0250424 0.0250008 1.08054
-0.00179815 -0.0145397 0.0250286 0.0250009 1.08054
0.00387613 -0.022773 0.0250134 0.025001 1.08054
0.00982655 -0.0308089 0.024997 0.0250011 1.08054
0.016076 -0.0386143 0.0249795 0.0250012 1.08054
0.022642 -0.0461555 0.0249611 0.0250013 1.08054
0.0295362 -0.0533976 0.0249419 0.0250013 1.08054
0.0367648 -0.0603059 0.0249222 0.0250014 1.08054
0.0443284 -0.0668457 0.0249021 0.0250014 1.08054
0.0522219 -0.0729832 0.0248817 0.0250015 1.08054
0.060435 -0.0786858 0.0248613 0.0250015 1.08054
0.0689526 -0.0839228 0.024841 0.0250015 1.08054
0.077755 -0.0886654 0.024821 0.0250015 1.08054
0.0868185 -0.0928877 0.0248015 0.0250015 1.08054
0.0961159 -0.0965666 0.0247827 0.0250015 1.08054
0.105617 -0.0996822 0.0247648 0.0250014 1.08054
0.115289 -0.102218 0.024748 0.0250013 1.08054
0.125098 -0.10416 0.0247325 0.0250012 1.08054
0.135006 -0.105501 0.0247185 0.025001 1.08054
0.144979 -0.106233 0.0247063 0.0250008 1.08054
0.154978 -0.106355 0.0246959 0.0250006 1.08054
0.164965 -0.10587 0.0246876 0.0250004 1.08054
0.174906 -0.104782 0.0246816 0.0250002 1.08054
0.184764 -0.103102 0.0246778 0.0249999 1.08054
0.194505 -0.100841 0.0246765 0.0249997 1.08054
0.204098 -0.0980155 0.0246777 0.0249994 1.08054
0.213513 -0.094644 0.0246814 0.0249991 1.08054
0.222723 -0.0907477 0.0246876 0.0249989 1.08054
0.231706 -0.0863501 0.0246962 0.0249986 1.08054
0.240439 -0.081477 0.0247073 0.0249984 1.08054
0.248907 -0.0761553 0.0247206 0.0249982 1.08054
0.257096 -0.0704132 0.024736 0.0249981 1.08054
0.264996 -0.0642795 0.0247534 0.024998 1.08054
0.272601 -0.0577837 0.0247725 0.0249979 1.08054
0.279909 -0.0509551 0.0247931 0.0249979 1.08054
0.286921 -0.043823 0.024815 0.024998 1.08054
0.293642 -0.0364164 0.0248379 0.0249981 1.08054
0.300081 -0.0287636 0.0248616 0.0249982 1.08054
0.306251 -0.020892 0.0248859 0.0249984 1.08054
0.312167 -0.0128284 0.0249107 0.0249986 1.08054
0.31785 -0.00459864 0.0249358 0.0249988 1.08054
0.323322 0.00377214 0.024961 0.024999 1.08054
0.328612 0.0122591 0.0249864 0.0249992 1.08054
0.333753 0.0208368 0.0250117 0.0249995 1.08054
0.338789 0.029477 0.025037 0.0249997 1.08054
0.34382 0.0381193 0.0250622 0.0249999 1.08054
