-1.80231 -0.114872 0.024891 0.025 3.48174
-1.79579 -0.122448 0.0249027 0.0250001 3.48174
-1.7892 -0.129974 0.0249143 0.0250002 3.48174
-1.78253 -0.137425 0.024926 0.0250003 3.48174
-1.77575 -0.144772 0.0249374 0.0250004 3.48174
-1.76882 -0.151983 0.0249487 0.0250005 3.48174
-1.76172 -0.159023 0.0249595 0.0250006 3.48174
-1.75442 -0.165851 0.0249699 0.0250006 3.48174
-1.74688 -0.172428 0.0249797 0.0250007 3.48174
-1.7391 -0.178707 0.0249889 0.0250007 3.48174
-1.73105 -0.184642 0.0249971 0.0250008 3.48174
-1.72273 -0.190181 0.0250045 0.0250008 3.48174
-1.71412 -0.195273 0.0250108 0.0250007 3.48174
-1.70524 -0.199866 0.0250161 0.0250007 3.48174
-1.69609 -0.203908 0.0250202 0.0250006 3.48174
-1.6867 -0.207348 0.0250232 0.0250005 3.48174
-1.6771 -0.210139 0.0250252 0.0250003 3.48174
-1.66733 -0.212238 0.0250261 0.0250001 3.48174
-1.65742 -0.213607 0.0250261 0.0249999 3.48174
-1.64744 -0.214218 0.0250254 0.0249996 3.48174
-1.63744 -0.214048 0.0250243 0.0249994 3.48174
-1.62748 -0.213086 0.0250228 0.0249991 3.48174
-1.61764 -0.211329 0.0250212 0.0249989 3.48174
-1.60797 -0.208785 0.0250197 0.0249987 3.48174
-1.59853 -0.205471 0.0250183 0.0249985 3.48174
-1.58939 -0.201416 0.0250171 0.0249984 3.48174
-1.58059 -0.196653 0.0250163 0.0249982 3.48174
-1.57219 -0.191228 0.0250157 0.0249981 3.48174
-1.56422 -0.18519 0.0250155 0.0249981 3.48174
-1.5567 -0.178592 0.0250157 0.0249981 3.48174
-1.54966 -0.171491 0.0250161 0.0249981 3.48174
-1.54309 -0.163945 0.0250167 0.0249981 3.48174
-1.53701 -0.156012 0.0250175 0.0249981 3.48174
-1.53138 -0.147745 0.0250183 0.0249982 3.48174
-1.52618 -0.139197 0.025019 0.0249983 3.48174
-1.52139 -0.130417 0.0250195 0.0249984 3.48174
-1.51697 -0.121447 0.0250197 0.0249984 3.48174
-1.51287 -0.112327 0.0250195 0.0249985 3.48174
-1.50903 -0.103091 0.0250187 0.0249986 3.48174
-1.5054 -0.0937699 0.0250173 0.0249987 3.48174
-1.50194 -0.08439 0.025015 0.0249988 3.48174
-1.49856 -0.0749754 0.0250118 0.024999 3.48174
-1.49522 -0.0655482 0.0250076 0.0249991 3.48174
-1.49186 -0.0561296 0.0250021 0.0249993 3.48174
-1.48842 -0.0467411 0.0249954 0.0249995 3.48174
-1.48483 -0.037405 0.0249872 0.0249997 3.48174
-1.48106 -0.0281453 0.0249777 0.0249998 3.48174
-1.47704 -0.0189887 0.0249667 0.025 3.48174
-1.47273 -0.00996426 0.0249544 0.0250001 3.48174
-1.46809 -0.00110458 0.0249409 0.0250002 3.48174
-1.46309 0.0075549 0.0249262 0.0250003 3.48174
-1.4577 0.0159759 0.0249106 0.0250003 3.48174
-1.45189 0.0241175 0.0248942 0.0250004 3.48174
-1.44566 0.0319373 0.0248772 0.0250004 3.48174
-1.43899 0.0393916 0.0248597 0.0250004 3.48174
-1.4319 0.0464367 0.024842 0.0250003 3.48174
-1.42438 0.0530298 0.0248241 0.0250003 3.48174
-1.41646 0.0591297 0.0248063 0.0250003 3.48174
-1.40815 0.0646983 0.0247886 0.0250002 3.48174
-1.39949 0.069701 0.0247713 0.0250002 3.48174
-1.39051 0.0741077 0.0247544 0.0250001 3.48174
-1.38126 0.0778934 0.0247382 0.025 3.48174
-1.37177 0.0810383 0.0247228 0.0249999 3.48174
-1.36208 0.0835288 0.0247085 0.0249997 3.48174
-1.35225 0.0853566 0.0246955 0.0249995 3.48174
-1.34232 0.0865193 0.0246841 0.0249993 3.48174
-1.33233 0.0870198 0.0246747 0.024999 3.48174
-1.32233 0.0868657 0.0246675 0.0249987 3.48174
-1.31236 0.0860694 0.0246628 0.0249984 3.48174
-1.30246 0.0846466 0.0246609 0.0249981 3.48174
-1.29267 0.0826165 0.0246619 0.0249978 3.48174
-1.28301 0.080001 0.024666 0.0249975 3.48174
-1.27353 0.0768241 0.0246732 0.0249972 3.48174
-1.26424 0.0731116 0.0246834 0.0249969 3.48174
-1.25517 0.0688906 0.0246965 0.0249967 3.48174
-1.24634 0.0641896 0.0247124 0.0249964 3.48174
-1.23777 0.0590374 0.0247308 0.0249963 3.48174
-1.22946 0.0534635 0.0247513 0.0249961 3.48174
-1.22143 0.047497 0.0247736 0.0249961 3.48174
-1.21369 0.0411672 0.0247972 0.024996 3.48174
-1.20623 0.0345025 0.0248218 0.0249961 3.48174
-1.19906 0.0275308 0.0248468 0.0249962 3.48174
-1.19217 0.0202791 0.0248719 0.0249963 3.48174
-1.18555 0.012773 0.0248965 0.0249965 3.48174
-1.17921 0.00503729 0.0249205 0.0249968 3.48174
-1.17313 -0.00290476 0.0249433 0.024997 3.48174
-1.1673 -0.0110311 0.0249647 0.0249973 3.48174
-1.1617 -0.0193212 0.0249846 0.0249976 3.48174
-1.15633 -0.0277558 0.0250027 0.024998 3.48174
-1.15116 -0.0363168 0.0250191 0.0249983 3.48174
-1.14617 -0.0449878 0.0250336 0.0249986 3.48174
-1.14136 -0.0537536 0.0250464 0.0249989 3.48174
-1.13669 -0.0626 0.0250575 0.0249991 3.48174
-1.13216 -0.0715134 0.0250672 0.0249993 3.48174
-1.12774 -0.0804816 0.0250757 0.0249995 3.48174
-1.1234 -0.0894927 0.0250833 0.0249997 3.48174
-1.11913 -0.098536 0.0250901 0.0249998 3.48174
-1.11491 -0.107602 0.0250966 0.0249999 3.48174
-1.11072 -0.116681 0.0251029 0.0249999 3.48174
-1.10654 -0.125766 0.0251092 0.025 3.48174
-1.10236 -0.134851 0.0251156 0.025 3.48174
