-1.68255 -0.221869 0.024829 0.0250001 3.30165
-1.67258 -0.221086 0.0248338 0.0250001 3.30165
-1.66264 -0.219981 0.0248387 0.0250002 3.30165
-1.65276 -0.218485 0.0248436 0.0250003 3.30165
-1.64295 -0.216547 0.0248486 0.0250004 3.30165
-1.63324 -0.214126 0.0248537 0.0250005 3.30165
-1.62369 -0.211192 0.024859 0.0250005 3.30165
-1.61431 -0.207724 0.0248645 0.0250006 3.30165
-1.60515 -0.203712 0.0248703 0.0250006 3.30165
-1.59625 -0.199153 0.0248765 0.0250007 3.30165
-1.58765 -0.194054 0.0248831 0.0250007 3.30165
-1.57938 -0.18843 0.0248901 0.0250008 3.30165
-1.57148 -0.182302 0.0248976 0.0250008 3.30165
-1.56397 -0.1757 0.0249056 0.0250009 3.30165
-1.55687 -0.168656 0.024914 0.025001 3.30165
-1.5502 -0.161207 0.0249227 0.0250011 3.30165
-1.54396 -0.153394 0.0249318 0.0250012 3.30165
-1.53815 -0.145256 0.0249411 0.0250013 3.30165
-1.53276 -0.136835 0.0249506 0.0250014 3.30165
-1.52777 -0.12817 0.0249601 0.0250015 3.30165
-1.52315 -0.119301 0.0249695 0.0250017 3.30165
-1.51888 -0.110261 0.0249787 0.0250018 3.30165
-1.51491 -0.101084 0.0249876 0.025002 3.30165
-1.5112 -0.0917997 0.024996 0.0250021 3.30165
-1.5077 -0.0824338 0.0250039 0.0250022 3.30165
-1.50436 -0.0730106 0.025011 0.0250024 3.30165
-1.50112 -0.063552 0.0250172 0.0250025 3.30165
-1.49792 -0.0540787 0.0250225 0.0250027 3.30165
-1.49471 -0.0446108 0.0250266 0.0250028 3.30165
-1.49142 -0.0351691 0.0250295 0.0250029 3.30165
-1.488 -0.0257757 0.025031 0.025003 3.30165
-1.48438 -0.0164551 0.0250311 0.0250031 3.30165
-1.48052 -0.0072354 0.0250298 0.0250032 3.30165
-1.47635 0.00185177 0.0250269 0.0250032 3.30165
-1.47183 0.0107701 0.0250225 0.0250032 3.30165
-1.46692 0.0194788 0.0250166 0.0250032 3.30165
-1.46159 0.0279323 0.0250092 0.0250031 3.30165
-1.45579 0.0360812 0.0250005 0.025003 3.30165
-1.44953 0.0438724 0.0249905 0.0250028 3.30165
-1.44278 0.0512506 0.0249795 0.0250026 3.30165
-1.43555 0.0581595 0.0249675 0.0250023 3.30165
-1.42786 0.0645432 0.0249549 0.0250019 3.30165
-1.41972 0.070348 0.0249419 0.0250016 3.30165
-1.41116 0.0755239 0.0249287 0.0250011 3.30165
-1.40224 0.0800268 0.0249156 0.0250007 3.30165
-1.39298 0.0838191 0.0249028 0.0250001 3.30165
-1.38346 0.0868716 0.0248907 0.0249996 3.30165
-1.37373 0.0891642 0.0248796 0.0249991 3.30165
-1.36384 0.0906864 0.0248696 0.0249985 3.30165
-1.35387 0.0914371 0.0248612 0.0249979 3.30165
-1.34387 0.0914252 0.0248545 0.0249974 3.30165
-1.33389 0.0906679 0.0248498 0.0249969 3.30165
-1.324 0.08919 0.0248471 0.0249965 3.30165
-1.31423 0.0870232 0.0248466 0.0249961 3.30165
-1.30464 0.0842043 0.0248483 0.0249958 3.30165
-1.29524 0.0807744 0.0248522 0.0249955 3.30165
-1.28607 0.0767774 0.0248581 0.0249952 3.30165
-1.27714 0.0722588 0.0248662 0.024995 3.30165
-1.26848 0.0672648 0.0248761 0.0249949 3.30165
-1.26007 0.0618412 0.0248877 0.0249948 3.30165
-1.25192 0.0560324 0.0249008 0.0249947 3.30165
-1.24403 0.0498814 0.0249153 0.0249947 3.30165
-1.23639 0.0434289 0.0249308 0.0249947 3.30165
-1.22897 0.0367129 0.0249471 0.0249947 3.30165
-1.22177 0.0297693 0.0249639 0.0249948 3.30165
-1.21476 0.0226307 0.024981 0.0249948 3.30165
-1.20793 0.0153278 0.024998 0.0249949 3.30165
-1.20124 0.00788832 0.0250147 0.024995 3.30165
-1.19467 0.000337933 0.0250307 0.0249952 3.30165
-1.18821 -0.00729977 0.0250456 0.0249953 3.30165
-1.18183 -0.0150031 0.0250593 0.0249955 3.30165
-1.1755 -0.0227517 0.0250712 0.0249956 3.30165
-1.16921 -0.0305269 0.0250812 0.0249958 3.30165
-1.16293 -0.0383106 0.0250889 0.024996 3.30165
-1.15663 -0.0460859 0.0250941 0.0249962 3.30165
-1.15031 -0.0538361 0.0250964 0.0249964 3.30165
-1.14394 -0.0615453 0.0250955 0.0249965 3.30165
-1.13749 -0.0691978 0.0250914 0.0249967 3.30165
-1.13097 -0.076778 0.0250837 0.0249969 3.30165
-1.12434 -0.0842704 0.0250724 0.0249971 3.30165
-1.1176 -0.0916599 0.0250573 0.0249973 3.30165
-1.11073 -0.0989312 0.0250383 0.0249975 3.30165
-1.10373 -0.106069 0.0250155 0.0249976 3.30165
-1.09657 -0.113059 0.0249889 0.0249978 3.30165
-1.08926 -0.119886 0.0249586 0.0249979 3.30165
-1.08179 -0.126536 0.0249248 0.024998 3.30165
-1.07416 -0.132996 0.0248875 0.0249982 3.30165
-1.06635 -0.13925 0.0248472 0.0249983 3.30165
-1.05838 -0.145288 0.0248039 0.0249985 3.30165
-1.05024 -0.151096 0.024758 0.0249986 3.30165
-1.04193 -0.156664 0.0247097 0.0249988 3.30165
-1.03346 -0.161983 0.0246594 0.0249989 3.30165
-1.02484 -0.167046 0.0246074 0.024999 3.30165
-1.01606 -0.171847 0.0245539 0.0249992 3.30165
-1.00715 -0.176388 0.0244994 0.0249993 3.30165
-0.998117 -0.180669 0.0244439 0.0249994 3.30165
-0.988965 -0.184701 0.0243878 0.0249995 3.30165
-0.979715 -0.1885 0.0243314 0.0249996 3.30165
-0.970382 -0.192091 0.0242747 0.0249998 3.30165
-0.960988 -0.195521 0.0242179 0.0249999 3.30165
-0.951591 -0.198941 0.0241611 0.0249999 3.30165
