-0.454786 -0.148139 0.0251032 0.0250001 1.24062
-0.445843 -0.143664 0.0250948 0.0250001 1.24062
-0.437051 -0.1389 0.0250864 0.0250002 1.24062
-0.42845 -0.133799 0.025078 0.0250003 1.24062
-0.420077 -0.128333 0.0250696 0.0250004 1.24062
-0.411965 -0.122485 0.0250612 0.0250005 1.24062
-0.404148 -0.116249 0.0250528 0.0250006 1.24062
-0.396652 -0.109631 0.0250445 0.0250007 1.24062
-0.389501 -0.102642 0.0250363 0.0250008 1.24062
-0.382713 -0.0952993 0.0250281 0.0250009 1.24062
-0.376301 -0.0876271 0.02502 0.025001 1.24062
-0.370269 -0.0796521 0.0250121 0.0250012 1.24062
-0.364616 -0.071404 0.0250041 0.0250013 1.24062
-0.359335 -0.0629138 0.0249963 0.0250015 1.24062
-0.354409 -0.0542126 0.0249885 0.0250017 1.24062
-0.349817 -0.0453312 0.0249808 0.0250019 1.24062
-0.345528 -0.0362991 0.0249731 0.025002 1.24062
-0.34151 -0.0271439 0.0249655 0.0250022 1.24062
-0.337721 -0.0178914 0.0249579 0.0250024 1.24062
-0.334117 -0.00856537 0.0249505 0.0250025 1.24062
-0.33065 0.000812082 0.0249431 0.0250027 1.24062
-0.327267 0.0102202 0.0249359 0.0250028 1.24062
-0.323915 0.0196391 0.0249288 0.0250029 1.24062
-0.320536 0.0290485 0.0249219 0.0250031 1.24062
-0.317075 0.0384277 0.0249152 0.0250032 1.24062
-0.313474 0.0477539 0.0249086 0.0250032 1.24062
-0.309676 0.0570021 0.0249023 0.0250033 1.24062
-0.305629 0.0661434 0.0248963 0.0250033 1.24062
-0.30128 0.0751453 0.0248905 0.0250033 1.24062
-0.296582 0.0839702 0.0248851 0.0250033 1.24062
-0.291495 0.0925762 0.0248801 0.0250032 1.24062
-0.285982 0.100916 0.0248755 0.0250031 1.24062
-0.280016 0.108939 0.0248714 0.025003 1.24062
-0.273579 0.116589 0.0248679 0.0250027 1.24062
-0.266663 0.123809 0.024865 0.0250025 1.24062
-0.259269 0.130539 0.0248628 0.0250021 1.24062
-0.251411 0.136721 0.0248614 0.0250018 1.24062
-0.243112 0.142298 0.0248609 0.0250013 1.24062
-0.234407 0.147217 0.0248613 0.0250009 1.24062
-0.225339 0.151431 0.0248628 0.0250003 1.24062
-0.21596 0.154901 0.0248654 0.0249997 1.24062
-0.206329 0.157595 0.0248692 0.0249992 1.24062
-0.19651 0.159492 0.0248742 0.0249986 1.24062
-0.186568 0.160582 0.0248804 0.024998 1.24062
-0.17657 0.160865 0.0248879 0.0249974 1.24062
-0.166581 0.160352 0.0248965 0.0249969 1.24062
-0.156662 0.159063 0.0249063 0.0249964 1.24062
-0.146868 0.157027 0.0249171 0.024996 1.24062
-0.137249 0.15428 0.0249289 0.0249956 1.24062
-0.127847 0.150865 0.0249414 0.0249953 1.24062
-0.118693 0.146829 0.0249544 0.0249951 1.24062
-0.109814 0.142221 0.0249679 0.0249949 1.24062
-0.101224 0.137093 0.0249815 0.0249948 1.24062
-0.0929315 0.131496 0.0249951 0.0249948 1.24062
-0.0849366 0.125483 0.0250083 0.0249948 1.24062
-0.0772321 0.119101 0.0250211 0.0249948 1.24062
-0.069805 0.112399 0.0250332 0.0249949 1.24062
-0.0626369 0.10542 0.0250446 0.024995 1.24062
-0.0557054 0.0982069 0.0250549 0.0249951 1.24062
-0.0489846 0.0907969 0.0250643 0.0249952 1.24062
-0.042446 0.0832258 0.0250725 0.0249954 1.24062
-0.0360595 0.075526 0.0250795 0.0249955 1.24062
-0.0297942 0.0677276 0.0250853 0.0249957 1.24062
-0.0236185 0.0598581 0.0250899 0.0249958 1.24062
-0.0175012 0.0519432 0.0250932 0.0249959 1.24062
-0.0114117 0.044007 0.0250954 0.024996 1.24062
-0.00532043 0.0360722 0.0250962 0.024996 1.24062
0.000800708 0.0281605 0.0250959 0.0249961 1.24062
0.00697838 0.0202929 0.0250941 0.0249961 1.24062
0.0132375 0.01249 0.0250909 0.0249962 1.24062
0.0196009 0.00477208 0.025086 0.0249963 1.24062
0.0260893 -0.00284088 0.0250793 0.0249965 1.24062
0.0327215 -0.0103288 0.0250706 0.0249967 1.24062
0.0395137 -0.0176717 0.0250599 0.0249968 1.24062
0.04648 -0.0248494 0.025047 0.024997 1.24062
0.0536322 -0.0318418 0.0250321 0.0249971 1.24062
0.0609798 -0.0386284 0.025015 0.0249973 1.24062
0.0685296 -0.045189 0.0249958 0.0249974 1.24062
0.0762864 -0.0515035 0.0249745 0.0249976 1.24062
0.0842522 -0.0575519 0.0249514 0.0249977 1.24062
0.0924268 -0.0633148 0.0249265 0.0249978 1.24062
0.100808 -0.0687734 0.0249 0.0249978 1.24062
0.10939 -0.0739098 0.0248722 0.0249979 1.24062
0.118166 -0.078707 0.0248433 0.0249979 1.24062
0.127127 -0.0831496 0.0248135 0.0249979 1.24062
0.136261 -0.0872236 0.0247831 0.024998 1.24062
0.145555 -0.0909173 0.0247522 0.024998 1.24062
0.154995 -0.094221 0.0247212 0.024998 1.24062
0.164566 -0.097127 0.0246901 0.024998 1.24062
0.174249 -0.0996303 0.0246592 0.0249981 1.24062
0.184027 -0.101729 0.0246287 0.0249982 1.24062
0.193884 -0.103424 0.0245985 0.0249982 1.24062
0.203801 -0.10472 0.0245689 0.0249984 1.24062
0.213761 -0.105626 0.0245397 0.0249985 1.24062
0.223748 -0.106155 0.0245111 0.0249986 1.24062
0.233748 -0.106325 0.024483 0.0249988 1.24062
0.243748 -0.106161 0.0244553 0.024999 1.24062
0.253737 -0.105696 0.0244279 0.0249992 1.24062
0.263712 -0.104973 0.0244009 0.0249995 1.24062
0.27367 -0.104055 0.024374 0.0249997 1.24062
0.283627 -0.103125 0.0243472 0.0249999 1.24062
