-0.5 -7.33994e-05 0.025 0.025 0.02001
-0.49 -6.50452e-05 0.025 0.025 0.02001
-0.48 -5.66991e-05 0.025 0.025 0.02001
-0.47 -4.85279e-05 0.025 0.025 0.02001
-0.46 -4.07102e-05 0.025 0.025 0.02001
-0.45 -3.34072e-05 0.025 0.025 0.02001
-0.44 -2.67479e-05 0.025 0.025 0.02001
-0.43 -2.08124e-05 0.025 0.025 0.02001
-0.42 -1.5621e-05 0.025 0.025 0.02001
-0.41 -1.10567e-05 0.025 0.025 0.02001
-0.4 -6.92333e-06 0.025 0.025 0.02001
-0.39 -3.11383e-06 0.025 0.025 0.02001
-0.38 4.09298e-07 0.025 0.025 0.02001
-0.37 3.69728e-06 0.025 0.025 0.02001
-0.36 6.80492e-06 0.025 0.025 0.02001
-0.35 9.75001e-06 0.025 0.025 0.02001
-0.34 1.25197e-05 0.025 0.025 0.02001
-0.33 1.50917e-05 0.025 0.025 0.02001
-0.32 1.74442e-05 0.025 0.025 0.02001
-0.31 1.95968e-05 0.025 0.025 0.02001
-0.3 2.15717e-05 0.025 0.025 0.02001
-0.29 2.33556e-05 0.025 0.025 0.02001
-0.28 2.4934e-05 0.025 0.025 0.02001
-0.27 2.62975e-05 0.025 0.025 0.02001
-0.26 2.74337e-05 0.025 0.025 0.02001
-0.25 2.83359e-05 0.025 0.025 0.02001
-0.24 2.90062e-05 0.025 0.025 0.02001
-0.23 2.94373e-05 0.025 0.025 0.02001
-0.22 2.96171e-05 0.025 0.025 0.02001
-0.21 2.95274e-05 0.025 0.025 0.02001
-0.2 2.91746e-05 0.025 0.025 0.02001
-0.19 2.85708e-05 0.025 0.025 0.02001
-0.18 2.7726e-05 0.025 0.025 0.02001
-0.17 2.66632e-05 0.025 0.025 0.02001
-0.16 2.54063e-05 0.025 0.025 0.02001
-0.15 2.39539e-05 0.025 0.025 0.02001
-0.14 2.23087e-05 0.025 0.025 0.02001
-0.13 2.04998e-05 0.025 0.025 0.02001
-0.12 1.85433e-05 0.025 0.025 0.02001
-0.11 1.64318e-05 0.025 0.025 0.02001
-0.1 1.41686e-05 0.025 0.025 0.02001
-0.0900005 1.17875e-05 0.025 0.025 0.02001
-0.0800005 9.28505e-06 0.025 0.025 0.02001
-0.0700005 6.66373e-06 0.025 0.025 0.02001
-0.0600005 3.98384e-06 0.025 0.025 0.02001
-0.0500005 1.32166e-06 0.025 0.025 0.02001
-0.0400005 -1.24691e-06 0.025 0.025 0.02001
-0.0300005 -3.65355e-06 0.025 0.025 0.02001
-0.0200005 -5.84211e-06 0.025 0.025 0.02001
-0.0100005 -7.78786e-06 0.025 0.025 0.02001
-4.5528e-07 -9.51739e-06 0.025 0.025 0.02001
0.00999954 -1.10567e-05 0.025 0.025 0.02001
0.0199995 -1.24033e-05 0.025 0.025 0.02001
0.0299995 -1.35794e-05 0.025 0.025 0.02001
0.0399995 -1.45768e-05 0.025 0.025 0.02001
0.0499995 -1.5368e-05 0.025 0.025 0.02001
0.0599995 -1.59713e-05 0.025 0.025 0.02001
0.0699995 -1.64148e-05 0.025 0.025 0.02001
0.0799995 -1.6724e-05 0.025 0.025 0.02001
0.0899996 -1.69175e-05 0.025 0.025 0.02001
0.0999996 -1.69862e-05 0.025 0.025 0.02001
0.11 -1.69228e-05 0.025 0.025 0.02001
0.12 -1.6765e-05 0.025 0.025 0.02001
0.13 -1.65315e-05 0.025 0.025 0.02001
0.14 -1.62222e-05 0.025 0.025 0.02001
0.15 -1.58579e-05 0.025 0.025 0.02001
0.16 -1.54576e-05 0.025 0.025 0.02001
0.17 -1.50162e-05 0.025 0.025 0.02001
0.18 -1.45547e-05 0.025 0.025 0.02001
0.19 -1.41206e-05 0.025 0.025 0.02001
0.2 -1.37176e-05 0.025 0.025 0.02001
0.21 -1.33005e-05 0.025 0.025 0.02001
0.22 -1.28528e-05 0.025 0.025 0.02001
0.23 -1.24157e-05 0.025 0.025 0.02001
0.24 -1.2022e-05 0.025 0.025 0.02001
0.25 -1.1675e-05 0.025 0.025 0.02001
0.26 -1.13174e-05 0.025 0.025 0.02001
0.27 -1.08995e-05 0.025 0.025 0.02001
0.28 -1.04592e-05 0.025 0.025 0.02001
0.29 -1.00479e-05 0.025 0.025 0.02001
0.3 -9.66616e-06 0.025 0.025 0.02001
0.31 -9.29029e-06 0.025 0.025 0.02001
0.32 -8.90986e-06 0.025 0.025 0.02001
0.33 -8.46856e-06 0.025 0.025 0.02001
0.34 -7.90365e-06 0.025 0.025 0.02001
0.35 -7.24886e-06 0.025 0.025 0.02001
0.36 -6.54192e-06 0.025 0.025 0.02001
0.37 -5.77231e-06 0.025 0.025 0.02001
0.38 -4.87257e-06 0.025 0.025 0.02001
0.39 -3.81461e-06 0.025 0.025 0.02001
0.4 -2.61177e-06 0.025 0.025 0.02001
0.41 -1.21348e-06 0.025 0.025 0.02001
0.42 4.37913e-07 0.025 0.025 0.02001
0.43 2.41781e-06 0.025 0.025 0.02001
0.44 4.87511e-06 0.025 0.025 0.02001
0.45 7.96392e-06 0.025 0.025 0.02001
0.46 1.18346e-05 0.025 0.025 0.02001
0.47 1.6685e-05 0.025 0.025 0.02001
0.48 2.25758e-05 0.025 0.025 0.02001
0.49 2.9331e-05 0.025 0.025 0.02001
0.5 3.61294e-05 0.025 0.025 0.02001
