-2.38055 -0.166315 0.0248444 0.025 4.46223
-2.37356 -0.173467 0.0248598 0.0250001 4.46223
-2.36649 -0.180538 0.0248752 0.0250002 4.46223
-2.35931 -0.187495 0.0248905 0.0250003 4.46223
-2.35198 -0.194304 0.0249057 0.0250004 4.46223
-2.34449 -0.200926 0.0249207 0.0250005 4.46223
-2.3368 -0.20732 0.0249353 0.0250006 4.46223
-2.32889 -0.213442 0.0249494 0.0250006 4.46223
-2.32075 -0.219245 0.0249628 0.0250007 4.46223
-2.31236 -0.22468 0.0249755 0.0250008 4.46223
-2.30371 -0.229696 0.0249872 0.0250008 4.46223
-2.2948 -0.234243 0.0249979 0.0250008 4.46223
-2.28565 -0.238268 0.0250074 0.0250008 4.46223
-2.27626 -0.241721 0.0250157 0.0250008 4.46223
-2.26667 -0.244554 0.0250227 0.0250007 4.46223
-2.25691 -0.246722 0.0250285 0.0250006 4.46223
-2.24702 -0.248188 0.025033 0.0250004 4.46223
-2.23705 -0.248919 0.0250364 0.0250003 4.46223
-2.22705 -0.24889 0.0250389 0.0250001 4.46223
-2.21708 -0.248086 0.0250406 0.0249999 4.46223
-2.20721 -0.246502 0.0250417 0.0249997 4.46223
-2.19749 -0.244139 0.0250423 0.0249995 4.46223
-2.18799 -0.241013 0.0250426 0.0249994 4.46223
-2.17877 -0.237145 0.0250426 0.0249992 4.46223
-2.16988 -0.232568 0.0250425 0.0249991 4.46223
-2.16136 -0.227321 0.0250423 0.024999 4.46223
-2.15327 -0.22145 0.0250421 0.0249989 4.46223
-2.14562 -0.215007 0.0250419 0.0249989 4.46223
-2.13844 -0.208046 0.0250417 0.0249988 4.46223
-2.13173 -0.200624 0.0250415 0.0249988 4.46223
-2.12551 -0.192797 0.0250412 0.0249988 4.46223
-2.11975 -0.184621 0.0250408 0.0249989 4.46223
-2.11444 -0.176147 0.0250402 0.0249989 4.46223
-2.10954 -0.167426 0.0250392 0.024999 4.46223
-2.10503 -0.158502 0.0250379 0.0249991 4.46223
-2.10085 -0.149414 0.0250362 0.0249992 4.46223
-2.09697 -0.1402 0.0250338 0.0249993 4.46223
-2.09332 -0.13089 0.0250307 0.0249995 4.46223
-2.08984 -0.121512 0.0250268 0.0249996 4.46223
-2.08649 -0.112091 0.0250221 0.0249997 4.46223
-2.08319 -0.102649 0.0250163 0.0249999 4.46223
-2.0799 -0.093208 0.0250095 0.025 4.46223
-2.07654 -0.083788 0.0250016 0.0250002 4.46223
-2.07307 -0.0744114 0.0249925 0.0250003 4.46223
-2.06942 -0.0651017 0.0249823 0.0250004 4.46223
-2.06554 -0.0558845 0.0249709 0.0250005 4.46223
-2.06139 -0.0467887 0.0249583 0.0250006 4.46223
-2.05691 -0.0378461 0.0249446 0.0250007 4.46223
-2.05208 -0.0290919 0.0249299 0.0250008 4.46223
-2.04686 -0.0205647 0.0249143 0.0250008 4.46223
-2.04122 -0.0123055 0.024898 0.0250008 4.46223
-2.03515 -0.00435798 0.0248811 0.0250008 4.46223
-2.02864 0.003233 0.0248637 0.0250007 4.46223
-2.02169 0.010422 0.0248462 0.0250007 4.46223
-2.01431 0.0171642 0.0248287 0.0250005 4.46223
-2.0065 0.0234164 0.0248114 0.0250004 4.46223
-1.9983 0.0291379 0.0247946 0.0250002 4.46223
-1.98973 0.0342921 0.0247784 0.025 4.46223
-1.98083 0.0388465 0.0247632 0.0249997 4.46223
-1.97163 0.0427741 0.0247492 0.0249995 4.46223
-1.96219 0.0460536 0.0247364 0.0249992 4.46223
-1.95253 0.0486697 0.0247251 0.024999 4.46223
-1.94272 0.0506135 0.0247154 0.0249987 4.46223
-1.9328 0.0518819 0.0247075 0.0249984 4.46223
-1.92282 0.0524778 0.0247013 0.0249981 4.46223
-1.91282 0.0524094 0.0246971 0.0249978 4.46223
-1.90284 0.05169 0.0246949 0.0249975 4.46223
-1.89293 0.0503368 0.0246949 0.0249972 4.46223
-1.88312 0.048371 0.0246969 0.0249969 4.46223
-1.87345 0.0458164 0.0247011 0.0249966 4.46223
-1.86395 0.0426993 0.0247074 0.0249964 4.46223
-1.85464 0.0390474 0.0247158 0.0249962 4.46223
-1.84554 0.0348892 0.024726 0.0249961 4.46223
-1.83667 0.0302544 0.0247379 0.0249961 4.46223
-1.82806 0.0251726 0.0247513 0.0249961 4.46223
-1.8197 0.0196734 0.0247661 0.0249961 4.46223
-1.81162 0.0137862 0.0247821 0.0249962 4.46223
-1.8038 0.00753999 0.0247992 0.0249962 4.46223
-1.79627 0.000962748 0.0248172 0.0249963 4.46223
-1.78901 -0.00591826 0.024836 0.0249964 4.46223
-1.78202 -0.0130768 0.0248556 0.0249964 4.46223
-1.7753 -0.0204878 0.0248757 0.0249965 4.46223
-1.76884 -0.0281271 0.0248963 0.0249965 4.46223
-1.76264 -0.0359719 0.0249172 0.0249966 4.46223
-1.75667 -0.0440005 0.0249381 0.0249967 4.46223
-1.75093 -0.0521925 0.0249587 0.0249969 4.46223
-1.7454 -0.0605288 0.0249788 0.0249971 4.46223
-1.74007 -0.0689914 0.024998 0.0249974 4.46223
-1.73492 -0.0775637 0.0250161 0.0249977 4.46223
-1.72993 -0.0862304 0.0250327 0.024998 4.46223
-1.72508 -0.0949773 0.0250477 0.0249984 4.46223
-1.72035 -0.103791 0.0250611 0.0249988 4.46223
-1.71573 -0.112661 0.0250728 0.0249991 4.46223
-1.7112 -0.121575 0.025083 0.0249994 4.46223
-1.70673 -0.130523 0.025092 0.0249996 4.46223
-1.70231 -0.139494 0.0251 0.0249998 4.46223
-1.69792 -0.148479 0.0251074 0.0249998 4.46223
-1.69355 -0.157472 0.0251146 0.0249999 4.46223
-1.68917 -0.166464 0.0251216 0.0249999 4.46223
-1.68479 -0.175452 0.0251287 0.025 4.46223
-1.6804 -0.184438 0.0251359 0.025 4.46223
