-1.00336 -0.157299 0.0249394 0.0250001 2.18109
-0.996223 -0.150297 0.0249368 0.0250002 2.18109
-0.989285 -0.143095 0.0249342 0.0250003 2.18109
-0.982585 -0.135672 0.0249316 0.0250005 2.18109
-0.976151 -0.128017 0.024929 0.0250007 2.18109
-0.970003 -0.120131 0.0249265 0.0250008 2.18109
-0.964154 -0.112021 0.0249241 0.025001 2.18109
-0.958609 -0.1037 0.0249218 0.0250012 2.18109
-0.953366 -0.0951862 0.0249197 0.0250013 2.18109
-0.948417 -0.0864978 0.0249177 0.0250015 2.18109
-0.943748 -0.0776564 0.024916 0.0250016 2.18109
-0.939336 -0.0686838 0.0249144 0.0250018 2.18109
-0.935154 -0.0596019 0.0249131 0.0250019 2.18109
-0.931169 -0.0504319 0.0249118 0.0250021 2.18109
-0.927343 -0.0411946 0.0249107 0.0250022 2.18109
-0.923634 -0.0319097 0.0249097 0.0250023 2.18109
-0.919997 -0.0225969 0.0249086 0.0250025 2.18109
-0.916381 -0.0132754 0.0249076 0.0250026 2.18109
-0.912738 -0.00396519 0.0249066 0.0250027 2.18109
-0.909013 0.00531296 0.0249055 0.0250028 2.18109
-0.905155 0.0145363 0.0249045 0.0250029 2.18109
-0.901112 0.0236798 0.0249034 0.025003 2.18109
-0.896831 0.0327147 0.0249025 0.025003 2.18109
-0.892266 0.0416089 0.0249017 0.025003 2.18109
-0.88737 0.0503256 0.0249012 0.0250029 2.18109
-0.882103 0.0588235 0.0249012 0.0250028 2.18109
-0.876431 0.0670566 0.0249017 0.0250027 2.18109
-0.870326 0.0749745 0.024903 0.0250025 2.18109
-0.86377 0.0825225 0.024905 0.0250023 2.18109
-0.856751 0.0896429 0.0249081 0.025002 2.18109
-0.849269 0.0962759 0.0249121 0.0250018 2.18109
-0.841336 0.102361 0.0249172 0.0250015 2.18109
-0.832971 0.10784 0.0249232 0.0250012 2.18109
-0.824209 0.112657 0.0249301 0.0250008 2.18109
-0.81509 0.11676 0.0249379 0.0250005 2.18109
-0.805667 0.120106 0.0249462 0.0250002 2.18109
-0.795998 0.12266 0.0249551 0.0249998 2.18109
-0.78615 0.124396 0.0249642 0.0249994 2.18109
-0.77619 0.125299 0.0249736 0.024999 2.18109
-0.766189 0.125368 0.024983 0.0249986 2.18109
-0.756217 0.124611 0.0249924 0.0249981 2.18109
-0.746338 0.123047 0.0250019 0.0249977 2.18109
-0.736614 0.120707 0.0250113 0.0249974 2.18109
-0.727097 0.117628 0.0250206 0.0249971 2.18109
-0.717833 0.113856 0.0250299 0.0249968 2.18109
-0.708858 0.109441 0.0250389 0.0249966 2.18109
-0.700197 0.104436 0.0250476 0.0249964 2.18109
-0.691866 0.0988989 0.0250559 0.0249963 2.18109
-0.683873 0.0928848 0.0250638 0.0249963 2.18109
-0.676215 0.0864497 0.0250711 0.0249962 2.18109
-0.668881 0.0796473 0.0250777 0.0249962 2.18109
-0.661853 0.0725289 0.0250835 0.0249963 2.18109
-0.655108 0.0651426 0.0250884 0.0249963 2.18109
-0.648615 0.0575331 0.0250922 0.0249964 2.18109
-0.642342 0.0497417 0.025095 0.0249965 2.18109
-0.636252 0.0418063 0.0250965 0.0249966 2.18109
-0.630308 0.033762 0.0250968 0.0249968 2.18109
-0.624468 0.0256411 0.0250956 0.0249969 2.18109
-0.618694 0.0174735 0.0250931 0.0249971 2.18109
-0.612946 0.00928756 0.0250891 0.0249972 2.18109
-0.607187 0.00111022 0.0250836 0.0249974 2.18109
-0.601378 -0.00703251 0.0250766 0.0249975 2.18109
-0.595487 -0.0151152 0.0250681 0.0249976 2.18109
-0.58948 -0.0231125 0.0250582 0.0249978 2.18109
-0.583329 -0.0309993 0.0250468 0.0249979 2.18109
-0.577008 -0.0387503 0.0250341 0.024998 2.18109
-0.570494 -0.0463398 0.0250201 0.0249981 2.18109
-0.563768 -0.0537419 0.0250048 0.0249982 2.18109
-0.556815 -0.0609304 0.0249884 0.0249983 2.18109
-0.549622 -0.0678791 0.024971 0.0249983 2.18109
-0.54218 -0.0745615 0.0249526 0.0249984 2.18109
-0.534487 -0.0809512 0.0249333 0.0249985 2.18109
-0.526539 -0.0870221 0.0249133 0.0249986 2.18109
-0.518339 -0.0927483 0.0248925 0.0249986 2.18109
-0.509894 -0.0981048 0.0248713 0.0249987 2.18109
-0.501211 -0.103068 0.0248497 0.0249987 2.18109
-0.492303 -0.107613 0.0248278 0.0249988 2.18109
-0.483184 -0.111721 0.0248058 0.0249988 2.18109
-0.473873 -0.115371 0.0247839 0.0249988 2.18109
-0.464389 -0.118545 0.0247624 0.0249988 2.18109
-0.454755 -0.121229 0.0247414 0.0249988 2.18109
-0.444995 -0.12341 0.0247211 0.0249987 2.18109
-0.435134 -0.125078 0.0247018 0.0249987 2.18109
-0.425199 -0.126226 0.0246836 0.0249986 2.18109
-0.415217 -0.126851 0.0246669 0.0249985 2.18109
-0.405217 -0.126952 0.0246516 0.0249984 2.18109
-0.395224 -0.126534 0.0246381 0.0249983 2.18109
-0.385266 -0.125602 0.0246265 0.0249982 2.18109
-0.375368 -0.124167 0.0246168 0.0249982 2.18109
-0.365554 -0.122242 0.0246089 0.0249981 2.18109
-0.355844 -0.119843 0.024603 0.0249981 2.18109
-0.346258 -0.116989 0.0245989 0.0249981 2.18109
-0.336812 -0.113704 0.0245965 0.0249982 2.18109
-0.327516 -0.110014 0.0245957 0.0249983 2.18109
-0.31838 -0.105945 0.0245961 0.0249984 2.18109
-0.309405 -0.101532 0.0245977 0.0249986 2.18109
-0.30059 -0.0968085 0.0246001 0.0249988 2.18109
-0.291925 -0.0918153 0.0246032 0.0249991 2.18109
-0.283392 -0.086599 0.0246067 0.0249993 2.18109
-0.274961 -0.0812203 0.0246105 0.0249997 2.18109
-0.266537 -0.0758321 0.0246142 0.0249998 2.18109
