-1.48859 0.0236868 0.0248346 0.025 2.92146
-1.48121 0.0304273 0.0248467 0.0250001 2.92146
-1.47369 0.0370264 0.0248587 0.0250002 2.92146
-1.46602 0.0434388 0.0248709 0.0250002 2.92146
-1.45816 0.0496182 0.0248831 0.0250003 2.92146
-1.45008 0.0555175 0.0248952 0.0250004 2.92146
-1.44178 0.0610875 0.0249073 0.0250004 2.92146
-1.43323 0.0662782 0.0249192 0.0250005 2.92146
-1.42444 0.0710384 0.0249309 0.0250005 2.92146
-1.4154 0.0753172 0.0249422 0.0250005 2.92146
-1.40613 0.0790645 0.0249532 0.0250005 2.92146
-1.39664 0.0822322 0.0249638 0.0250004 2.92146
-1.38697 0.0847756 0.0249738 0.0250003 2.92146
-1.37715 0.0866548 0.0249833 0.0250002 2.92146
-1.36722 0.0878357 0.0249922 0.0250001 2.92146
-1.35723 0.0882913 0.0250006 0.025 2.92146
-1.34724 0.0880032 0.0250086 0.0249998 2.92146
-1.33729 0.0869616 0.0250161 0.0249997 2.92146
-1.32745 0.0851661 0.0250232 0.0249995 2.92146
-1.31778 0.0826251 0.0250299 0.0249994 2.92146
-1.30833 0.0793565 0.0250363 0.0249993 2.92146
-1.29915 0.0753869 0.0250422 0.0249993 2.92146
-1.29029 0.0707504 0.0250477 0.0249992 2.92146
-1.28179 0.065488 0.0250527 0.0249992 2.92146
-1.27367 0.0596458 0.0250572 0.0249993 2.92146
-1.26596 0.0532741 0.025061 0.0249993 2.92146
-1.25867 0.0464252 0.025064 0.0249994 2.92146
-1.25181 0.0391526 0.0250663 0.0249995 2.92146
-1.24536 0.0315093 0.0250677 0.0249996 2.92146
-1.23931 0.0235467 0.0250681 0.0249997 2.92146
-1.23363 0.0153137 0.0250674 0.0249999 2.92146
-1.2283 0.0068561 0.0250656 0.025 2.92146
-1.22326 -0.00178377 0.0250627 0.0250002 2.92146
-1.21848 -0.0105672 0.0250585 0.0250003 2.92146
-1.21391 -0.0194589 0.0250531 0.0250005 2.92146
-1.20948 -0.0284265 0.0250464 0.0250006 2.92146
-1.20515 -0.03744 0.0250385 0.0250008 2.92146
-1.20086 -0.0464709 0.0250294 0.0250009 2.92146
-1.19655 -0.0554915 0.0250191 0.025001 2.92146
-1.19215 -0.0644737 0.0250077 0.0250012 2.92146
-1.18763 -0.0733887 0.0249954 0.0250013 2.92146
-1.18291 -0.0822054 0.024982 0.0250013 2.92146
-1.17796 -0.0908906 0.0249679 0.0250014 2.92146
-1.17272 -0.0994083 0.0249531 0.0250014 2.92146
-1.16716 -0.107719 0.0249378 0.0250014 2.92146
-1.16124 -0.115781 0.0249221 0.0250014 2.92146
-1.15495 -0.123549 0.0249062 0.0250014 2.92146
-1.14825 -0.130976 0.0248903 0.0250013 2.92146
-1.14115 -0.138014 0.0248745 0.0250012 2.92146
-1.13364 -0.144614 0.024859 0.025001 2.92146
-1.12573 -0.150728 0.0248441 0.0250009 2.92146
-1.11743 -0.15631 0.0248298 0.0250007 2.92146
-1.10878 -0.161316 0.0248164 0.0250005 2.92146
-1.09979 -0.16571 0.0248039 0.0250002 2.92146
-1.09052 -0.169457 0.0247926 0.0249999 2.92146
-1.081 -0.17253 0.0247826 0.0249996 2.92146
-1.07129 -0.17491 0.0247739 0.0249993 2.92146
-1.06143 -0.176583 0.0247667 0.024999 2.92146
-1.05148 -0.177543 0.024761 0.0249987 2.92146
-1.04148 -0.177793 0.0247569 0.0249983 2.92146
-1.03149 -0.17734 0.0247545 0.024998 2.92146
-1.02155 -0.176199 0.0247537 0.0249977 2.92146
-1.01171 -0.174391 0.0247545 0.0249973 2.92146
-1.00202 -0.171939 0.0247571 0.024997 2.92146
-0.992496 -0.168874 0.0247613 0.0249967 2.92146
-0.983182 -0.165227 0.0247671 0.0249964 2.92146
-0.974101 -0.161032 0.0247745 0.0249961 2.92146
-0.965275 -0.156323 0.0247834 0.0249959 2.92146
-0.956721 -0.151137 0.0247936 0.0249958 2.92146
-0.948451 -0.145509 0.0248051 0.0249956 2.92146
-0.940474 -0.139473 0.0248175 0.0249956 2.92146
-0.932795 -0.133062 0.0248307 0.0249955 2.92146
-0.925415 -0.126308 0.0248445 0.0249955 2.92146
-0.918334 -0.119243 0.0248585 0.0249955 2.92146
-0.911546 -0.111894 0.0248727 0.0249956 2.92146
-0.905045 -0.104291 0.0248866 0.0249956 2.92146
-0.898824 -0.0964573 0.0249002 0.0249958 2.92146
-0.89287 -0.0884187 0.024913 0.0249959 2.92146
-0.887172 -0.0801971 0.0249249 0.024996 2.92146
-0.881715 -0.0718134 0.0249357 0.0249962 2.92146
-0.876485 -0.0632866 0.0249452 0.0249964 2.92146
-0.871465 -0.0546346 0.0249533 0.0249966 2.92146
-0.866638 -0.0458736 0.0249596 0.0249968 2.92146
-0.861987 -0.0370186 0.0249643 0.024997 2.92146
-0.857492 -0.0280832 0.0249671 0.0249973 2.92146
-0.853135 -0.0190799 0.0249681 0.0249975 2.92146
-0.848896 -0.0100205 0.0249672 0.0249977 2.92146
-0.844757 -0.000915301 0.0249644 0.0249979 2.92146
-0.840699 0.00822587 0.0249598 0.0249981 2.92146
-0.836703 0.0173941 0.0249534 0.0249983 2.92146
-0.832749 0.0265807 0.0249454 0.0249985 2.92146
-0.82882 0.0357778 0.0249359 0.0249987 2.92146
-0.824898 0.0449775 0.0249251 0.0249989 2.92146
-0.820966 0.0541729 0.0249131 0.024999 2.92146
-0.817008 0.0633571 0.0249001 0.0249992 2.92146
-0.813011 0.0725243 0.0248863 0.0249993 2.92146
-0.808965 0.0816695 0.0248719 0.0249995 2.92146
-0.80486 0.0907887 0.024857 0.0249996 2.92146
-0.800696 0.0998806 0.0248417 0.0249997 2.92146
-0.796478 0.108948 0.0248263 0.0249999 2.92146
-0.792255 0.118012 0.0248108 0.0249999 2.92146
