-1.32565 0.0803099 0.024978 0.0250001 2.70135
-1.31717 0.0750103 0.0249789 0.0250001 2.70135
-1.30885 0.0694565 0.0249799 0.0250003 2.70135
-1.30074 0.0636132 0.0249809 0.0250004 2.70135
-1.29285 0.0574616 0.0249819 0.0250006 2.70135
-1.28523 0.0509946 0.024983 0.0250007 2.70135
-1.27788 0.0442142 0.0249842 0.0250009 2.70135
-1.27082 0.0371305 0.0249855 0.025001 2.70135
-1.26406 0.029759 0.0249869 0.0250012 2.70135
-1.25761 0.0221202 0.0249885 0.0250013 2.70135
-1.25146 0.0142378 0.0249901 0.0250015 2.70135
-1.2456 0.00613754 0.0249917 0.0250017 2.70135
-1.24001 -0.00215344 0.0249935 0.0250018 2.70135
-1.23467 -0.0106076 0.0249952 0.025002 2.70135
-1.22955 -0.0191974 0.0249968 0.0250022 2.70135
-1.22462 -0.0278959 0.0249984 0.0250023 2.70135
-1.21984 -0.0366768 0.0249998 0.0250025 2.70135
-1.21517 -0.0455141 0.0250011 0.0250026 2.70135
-1.21055 -0.0543823 0.0250022 0.0250027 2.70135
-1.20594 -0.0632558 0.0250029 0.0250029 2.70135
-1.2013 -0.0721082 0.0250034 0.025003 2.70135
-1.19656 -0.0809118 0.0250036 0.0250031 2.70135
-1.19168 -0.0896371 0.0250034 0.0250032 2.70135
-1.18661 -0.0982516 0.0250029 0.0250032 2.70135
-1.18129 -0.10672 0.0250021 0.0250033 2.70135
-1.17569 -0.115003 0.025001 0.0250032 2.70135
-1.16977 -0.123056 0.0249996 0.0250032 2.70135
-1.16349 -0.130833 0.0249982 0.0250031 2.70135
-1.15682 -0.138282 0.0249967 0.025003 2.70135
-1.14975 -0.145349 0.0249952 0.0250028 2.70135
-1.14226 -0.151975 0.0249938 0.0250025 2.70135
-1.13436 -0.158102 0.0249927 0.0250022 2.70135
-1.12606 -0.163672 0.024992 0.0250019 2.70135
-1.11737 -0.168626 0.0249917 0.0250016 2.70135
-1.10834 -0.172911 0.0249919 0.0250012 2.70135
-1.099 -0.176478 0.0249926 0.0250008 2.70135
-1.0894 -0.179286 0.0249938 0.0250003 2.70135
-1.0796 -0.181301 0.0249956 0.0249998 2.70135
-1.06968 -0.182499 0.024998 0.0249993 2.70135
-1.05968 -0.18287 0.0250009 0.0249988 2.70135
-1.04969 -0.182411 0.0250044 0.0249982 2.70135
-1.03977 -0.181133 0.0250085 0.0249977 2.70135
-1.02999 -0.179056 0.0250133 0.0249972 2.70135
-1.0204 -0.17621 0.0250186 0.0249968 2.70135
-1.01106 -0.172635 0.0250244 0.0249964 2.70135
-1.00201 -0.168375 0.0250307 0.0249961 2.70135
-0.993282 -0.163481 0.0250373 0.0249958 2.70135
-0.98491 -0.158006 0.0250441 0.0249956 2.70135
-0.976905 -0.152006 0.025051 0.0249955 2.70135
-0.969275 -0.145537 0.0250578 0.0249954 2.70135
-0.962017 -0.138653 0.0250644 0.0249954 2.70135
-0.95512 -0.131407 0.0250706 0.0249955 2.70135
-0.948567 -0.123848 0.0250764 0.0249955 2.70135
-0.942334 -0.116023 0.0250816 0.0249956 2.70135
-0.936393 -0.107976 0.025086 0.0249957 2.70135
-0.930709 -0.0997439 0.0250898 0.0249958 2.70135
-0.925248 -0.0913632 0.0250928 0.024996 2.70135
-0.91997 -0.0828656 0.0250949 0.0249961 2.70135
-0.914836 -0.0742801 0.0250961 0.0249962 2.70135
-0.909808 -0.0656331 0.0250964 0.0249963 2.70135
-0.904843 -0.0569491 0.0250957 0.0249964 2.70135
-0.899904 -0.0482508 0.0250938 0.0249965 2.70135
-0.894952 -0.0395598 0.0250908 0.0249967 2.70135
-0.889951 -0.0308971 0.0250866 0.0249968 2.70135
-0.884867 -0.022283 0.0250809 0.024997 2.70135
-0.879668 -0.0137379 0.0250739 0.0249971 2.70135
-0.874325 -0.00528241 0.0250653 0.0249973 2.70135
-0.868811 0.00306274 0.0250553 0.0249974 2.70135
-0.863103 0.0112763 0.0250438 0.0249975 2.70135
-0.857181 0.0193366 0.0250309 0.0249977 2.70135
-0.851028 0.0272214 0.0250165 0.0249978 2.70135
-0.844629 0.0349081 0.0250009 0.0249979 2.70135
-0.837973 0.0423735 0.0249841 0.0249979 2.70135
-0.831052 0.0495942 0.0249661 0.024998 2.70135
-0.823862 0.0565466 0.0249472 0.024998 2.70135
-0.816401 0.0632072 0.0249275 0.0249981 2.70135
-0.80867 0.0695524 0.024907 0.0249981 2.70135
-0.800674 0.0755593 0.0248859 0.0249981 2.70135
-0.792419 0.0812058 0.0248643 0.0249981 2.70135
-0.783915 0.0864704 0.0248423 0.0249981 2.70135
-0.775175 0.0913334 0.0248202 0.0249981 2.70135
-0.766215 0.0957762 0.0247979 0.0249981 2.70135
-0.757051 0.0997824 0.0247756 0.0249981 2.70135
-0.747702 0.103338 0.0247535 0.0249981 2.70135
-0.738191 0.106431 0.0247316 0.0249981 2.70135
-0.728539 0.109052 0.0247102 0.024998 2.70135
-0.71877 0.111195 0.0246893 0.024998 2.70135
-0.708908 0.112859 0.024669 0.024998 2.70135
-0.698977 0.114043 0.0246496 0.024998 2.70135
-0.689 0.114751 0.024631 0.0249981 2.70135
-0.679001 0.114991 0.0246133 0.0249981 2.70135
-0.669002 0.114772 0.0245966 0.0249982 2.70135
-0.659023 0.11411 0.0245807 0.0249983 2.70135
-0.649081 0.113024 0.0245657 0.0249985 2.70135
-0.639191 0.111535 0.0245515 0.0249986 2.70135
-0.629365 0.109671 0.024538 0.0249988 2.70135
-0.619611 0.107466 0.0245252 0.024999 2.70135
-0.60993 0.104957 0.0245128 0.0249993 2.70135
-0.600319 0.102193 0.0245009 0.0249995 2.70135
-0.590764 0.0992411 0.0244892 0.0249997 2.70135
-0.581213 0.0962777 0.0244776 0.0249999 2.70135
