-1.49755 0.00653826 0.0248341 0.025 2.94147
-1.49082 0.0139316 0.0248484 0.0250001 2.94147
-1.48397 0.0212203 0.0248627 0.0250002 2.94147
-1.47698 0.0283672 0.024877 0.0250002 2.94147
-1.46981 0.0353333 0.0248912 0.0250003 2.94147
-1.46242 0.0420771 0.0249053 0.0250004 2.94147
-1.4548 0.0485546 0.0249191 0.0250004 2.94147
-1.44693 0.0547194 0.0249326 0.0250005 2.94147
-1.43879 0.0605226 0.0249455 0.0250006 2.94147
-1.43037 0.0659139 0.0249578 0.0250006 2.94147
-1.42166 0.070842 0.0249693 0.0250006 2.94147
-1.41269 0.0752556 0.02498 0.0250006 2.94147
-1.40346 0.0791044 0.0249896 0.0250006 2.94147
-1.394 0.0823409 0.0249983 0.0250005 2.94147
-1.38434 0.084921 0.0250059 0.0250004 2.94147
-1.37452 0.0868061 0.0250125 0.0250003 2.94147
-1.36459 0.087964 0.0250181 0.0250001 2.94147
-1.3546 0.0883706 0.0250229 0.0249999 2.94147
-1.3446 0.0880103 0.025027 0.0249997 2.94147
-1.33467 0.0868765 0.0250304 0.0249996 2.94147
-1.32485 0.0849722 0.0250334 0.0249994 2.94147
-1.31521 0.0823098 0.025036 0.0249993 2.94147
-1.3058 0.0789113 0.0250381 0.0249992 2.94147
-1.29668 0.0748069 0.02504 0.0249992 2.94147
-1.2879 0.0700347 0.0250416 0.0249991 2.94147
-1.27948 0.064639 0.025043 0.0249991 2.94147
-1.27145 0.0586691 0.0250441 0.0249991 2.94147
-1.26384 0.0521776 0.0250449 0.0249991 2.94147
-1.25666 0.0452189 0.0250453 0.0249991 2.94147
-1.2499 0.037848 0.0250454 0.0249992 2.94147
-1.24356 0.0301187 0.025045 0.0249993 2.94147
-1.2376 0.0220829 0.0250441 0.0249994 2.94147
-1.23202 0.0137895 0.0250427 0.0249995 2.94147
-1.22676 0.00528416 0.0250406 0.0249996 2.94147
-1.22178 -0.00339143 0.0250378 0.0249997 2.94147
-1.21705 -0.0121992 0.0250341 0.0249998 2.94147
-1.2125 -0.0211044 0.0250297 0.025 2.94147
-1.20808 -0.0300753 0.0250243 0.0250001 2.94147
-1.20373 -0.0390822 0.025018 0.0250003 2.94147
-1.19941 -0.0480967 0.0250107 0.0250004 2.94147
-1.19504 -0.0570911 0.0250023 0.0250006 2.94147
-1.19057 -0.0660369 0.024993 0.0250007 2.94147
-1.18595 -0.0749048 0.0249826 0.0250008 2.94147
-1.18112 -0.0836632 0.0249713 0.0250009 2.94147
-1.17605 -0.0922782 0.0249591 0.025001 2.94147
-1.17068 -0.100713 0.024946 0.0250011 2.94147
-1.16498 -0.108929 0.0249322 0.0250011 2.94147
-1.15892 -0.116882 0.0249177 0.0250011 2.94147
-1.15247 -0.124529 0.0249028 0.0250011 2.94147
-1.14564 -0.131823 0.0248875 0.0250011 2.94147
-1.13839 -0.138717 0.0248721 0.025001 2.94147
-1.13075 -0.145164 0.0248567 0.0250009 2.94147
-1.12272 -0.151118 0.0248415 0.0250007 2.94147
-1.11431 -0.156535 0.0248267 0.0250006 2.94147
-1.10556 -0.161376 0.0248125 0.0250004 2.94147
-1.0965 -0.165604 0.024799 0.0250002 2.94147
-1.08716 -0.169189 0.0247864 0.0249999 2.94147
-1.0776 -0.172107 0.024775 0.0249996 2.94147
-1.06785 -0.174341 0.0247648 0.0249994 2.94147
-1.05797 -0.175878 0.0247559 0.0249991 2.94147
-1.048 -0.176716 0.0247486 0.0249988 2.94147
-1.038 -0.176857 0.0247428 0.0249984 2.94147
-1.02802 -0.176309 0.0247387 0.0249981 2.94147
-1.01809 -0.175087 0.0247363 0.0249978 2.94147
-1.00827 -0.173211 0.0247357 0.0249975 2.94147
-0.998583 -0.170703 0.0247368 0.0249972 2.94147
-0.989077 -0.167593 0.0247397 0.0249969 2.94147
-0.979777 -0.163909 0.0247444 0.0249966 2.94147
-0.970711 -0.159684 0.0247508 0.0249964 2.94147
-0.961899 -0.15495 0.0247589 0.0249962 2.94147
-0.953359 -0.149741 0.0247685 0.024996 2.94147
-0.945106 -0.144089 0.0247795 0.0249959 2.94147
-0.937148 -0.138027 0.0247918 0.0249959 2.94147
-0.929494 -0.131587 0.0248051 0.0249958 2.94147
-0.922145 -0.1248 0.0248192 0.0249958 2.94147
-0.915102 -0.117696 0.024834 0.0249958 2.94147
-0.908363 -0.110304 0.0248492 0.0249959 2.94147
-0.901923 -0.102649 0.0248645 0.024996 2.94147
-0.895774 -0.0947592 0.0248798 0.0249961 2.94147
-0.889907 -0.0866573 0.0248949 0.0249962 2.94147
-0.88431 -0.0783663 0.0249095 0.0249964 2.94147
-0.878972 -0.0699073 0.0249234 0.0249965 2.94147
-0.873876 -0.0612997 0.0249366 0.0249967 2.94147
-0.869008 -0.0525616 0.0249488 0.0249969 2.94147
-0.864351 -0.0437096 0.02496 0.0249971 2.94147
-0.859887 -0.0347589 0.0249699 0.0249973 2.94147
-0.855597 -0.0257236 0.0249786 0.0249975 2.94147
-0.851462 -0.0166163 0.024986 0.0249977 2.94147
-0.847464 -0.0074487 0.0249921 0.024998 2.94147
-0.843581 0.00176853 0.0249968 0.0249982 2.94147
-0.839796 0.0110258 0.0250003 0.0249984 2.94147
-0.836087 0.0203142 0.0250025 0.0249986 2.94147
-0.832437 0.0296254 0.0250035 0.0249988 2.94147
-0.828827 0.0389517 0.0250035 0.0249989 2.94147
-0.825237 0.0482861 0.0250026 0.0249991 2.94147
-0.821652 0.057622 0.0250009 0.0249993 2.94147
-0.818056 0.0669537 0.0249986 0.0249994 2.94147
-0.814437 0.0762764 0.0249957 0.0249996 2.94147
-0.810787 0.0855868 0.0249925 0.0249997 2.94147
-0.807105 0.0948844 0.0249891 0.0249999 2.94147
-0.803419 0.10418 0.0249856 0.0249999 2.94147
