-0.504741 -0.15315 0.0250838 0.0250001 1.30065
-0.494782 -0.152251 0.0250718 0.0250001 1.30065
-0.484857 -0.151028 0.0250598 0.0250002 1.30065
-0.474988 -0.149415 0.0250479 0.0250004 1.30065
-0.465202 -0.147361 0.0250361 0.0250004 1.30065
-0.455529 -0.144825 0.0250244 0.0250005 1.30065
-0.446005 -0.141778 0.025013 0.0250005 1.30065
-0.436667 -0.1382 0.0250021 0.0250005 1.30065
-0.427555 -0.134081 0.0249917 0.0250006 1.30065
-0.418709 -0.12942 0.0249819 0.0250006 1.30065
-0.410165 -0.124224 0.0249729 0.0250006 1.30065
-0.40196 -0.118508 0.0249648 0.0250006 1.30065
-0.394125 -0.112296 0.0249577 0.0250007 1.30065
-0.386685 -0.105614 0.0249515 0.0250007 1.30065
-0.37966 -0.0984983 0.0249462 0.0250008 1.30065
-0.373063 -0.0909845 0.024942 0.0250008 1.30065
-0.366897 -0.0831126 0.0249387 0.0250009 1.30065
-0.361159 -0.0749233 0.0249364 0.025001 1.30065
-0.355838 -0.0664573 0.0249348 0.0250011 1.30065
-0.350915 -0.0577541 0.024934 0.0250012 1.30065
-0.346363 -0.0488512 0.0249338 0.0250013 1.30065
-0.342149 -0.0397837 0.0249342 0.0250014 1.30065
-0.338233 -0.0305836 0.0249349 0.0250015 1.30065
-0.334571 -0.0212798 0.0249358 0.0250017 1.30065
-0.331112 -0.0118984 0.0249369 0.0250018 1.30065
-0.327804 -0.00246306 0.024938 0.025002 1.30065
-0.32459 0.00700477 0.0249389 0.0250021 1.30065
-0.321413 0.0164846 0.0249395 0.0250022 1.30065
-0.318212 0.0259565 0.0249397 0.0250024 1.30065
-0.314927 0.0353995 0.0249394 0.0250025 1.30065
-0.311499 0.0447914 0.0249385 0.0250026 1.30065
-0.30787 0.0541073 0.024937 0.0250027 1.30065
-0.303983 0.0633188 0.0249346 0.0250028 1.30065
-0.299788 0.0723936 0.0249315 0.0250028 1.30065
-0.295235 0.0812948 0.0249276 0.0250028 1.30065
-0.290285 0.0899808 0.0249228 0.0250028 1.30065
-0.284901 0.0984055 0.0249172 0.0250028 1.30065
-0.279059 0.106519 0.024911 0.0250026 1.30065
-0.27274 0.114266 0.024904 0.0250025 1.30065
-0.265937 0.121593 0.0248966 0.0250023 1.30065
-0.258652 0.128441 0.0248888 0.025002 1.30065
-0.250899 0.134755 0.0248808 0.0250017 1.30065
-0.242702 0.140481 0.0248727 0.0250013 1.30065
-0.234095 0.145569 0.0248648 0.0250009 1.30065
-0.225118 0.149975 0.0248573 0.0250004 1.30065
-0.215823 0.153662 0.0248503 0.0249999 1.30065
-0.206264 0.156602 0.0248442 0.0249994 1.30065
-0.196503 0.158774 0.0248391 0.0249988 1.30065
-0.186599 0.16017 0.0248351 0.0249983 1.30065
-0.176617 0.16079 0.0248326 0.0249977 1.30065
-0.166616 0.160642 0.0248317 0.0249972 1.30065
-0.156654 0.159747 0.0248324 0.0249967 1.30065
-0.146782 0.158129 0.0248351 0.0249963 1.30065
-0.137049 0.155822 0.0248395 0.0249959 1.30065
-0.127493 0.152863 0.0248459 0.0249955 1.30065
-0.118147 0.149295 0.024854 0.0249952 1.30065
-0.109037 0.145162 0.0248639 0.024995 1.30065
-0.10018 0.140511 0.0248752 0.0249948 1.30065
-0.0915876 0.135387 0.024888 0.0249946 1.30065
-0.0832636 0.129837 0.0249019 0.0249946 1.30065
-0.0752065 0.123907 0.0249168 0.0249945 1.30065
-0.0674097 0.117638 0.0249325 0.0249945 1.30065
-0.0598616 0.111072 0.0249486 0.0249945 1.30065
-0.0525474 0.104246 0.024965 0.0249946 1.30065
-0.0454489 0.0971967 0.0249814 0.0249947 1.30065
-0.0385459 0.0899556 0.0249975 0.0249947 1.30065
-0.0318164 0.0825531 0.0250132 0.0249948 1.30065
-0.0252372 0.0750168 0.0250282 0.024995 1.30065
-0.0187847 0.0673719 0.0250423 0.0249951 1.30065
-0.0124351 0.0596414 0.0250553 0.0249952 1.30065
-0.00616455 0.0518468 0.0250669 0.0249953 1.30065
5.02546e-05 0.0440078 0.025077 0.0249954 1.30065
0.00623215 0.0361429 0.0250852 0.0249956 1.30065
0.0124033 0.0282697 0.0250914 0.0249957 1.30065
0.018585 0.020405 0.0250952 0.0249958 1.30065
0.0247979 0.012565 0.0250965 0.024996 1.30065
0.0310613 0.00476549 0.025095 0.0249962 1.30065
0.0373936 -0.00297797 0.0250904 0.0249963 1.30065
0.0438122 -0.01065 0.0250825 0.0249965 1.30065
0.0503328 -0.0182353 0.0250711 0.0249967 1.30065
0.0569699 -0.0257186 0.025056 0.0249968 1.30065
0.0637366 -0.0330848 0.025037 0.024997 1.30065
0.0706444 -0.0403186 0.0250141 0.0249972 1.30065
0.0777029 -0.0474053 0.0249872 0.0249974 1.30065
0.0849201 -0.0543299 0.0249564 0.0249975 1.30065
0.092302 -0.0610786 0.0249217 0.0249977 1.30065
0.0998527 -0.0676376 0.0248832 0.0249979 1.30065
0.107575 -0.0739935 0.0248413 0.0249981 1.30065
0.11547 -0.0801334 0.0247961 0.0249983 1.30065
0.123537 -0.0860453 0.024748 0.0249985 1.30065
0.131773 -0.0917183 0.0246973 0.0249987 1.30065
0.140174 -0.0971432 0.0246443 0.0249988 1.30065
0.148735 -0.102313 0.0245894 0.024999 1.30065
0.157447 -0.107223 0.0245329 0.0249992 1.30065
0.166301 -0.111873 0.0244752 0.0249993 1.30065
0.175286 -0.116264 0.0244167 0.0249995 1.30065
0.184388 -0.120407 0.0243575 0.0249996 1.30065
0.193592 -0.124316 0.024298 0.0249997 1.30065
0.202882 -0.128018 0.0242383 0.0249998 1.30065
0.212233 -0.131559 0.0241786 0.0249999 1.30065
0.221589 -0.13509 0.024119 0.0249999 1.30065
