-1.45137 0.0664831 0.02487 0.0250001 2.86143
-1.44221 0.0704779 0.0248754 0.0250001 2.86143
-1.43293 0.0742173 0.0248807 0.0250003 2.86143
-1.42353 0.0776353 0.0248861 0.0250004 2.86143
-1.41401 0.0806717 0.0248915 0.0250005 2.86143
-1.40435 0.0832706 0.024897 0.0250006 2.86143
-1.39458 0.08538 0.0249026 0.0250007 2.86143
-1.3847 0.0869525 0.0249083 0.0250007 2.86143
-1.37475 0.0879459 0.0249142 0.0250008 2.86143
-1.36476 0.0883239 0.0249203 0.0250008 2.86143
-1.35476 0.0880573 0.0249269 0.0250007 2.86143
-1.34481 0.0871245 0.0249339 0.0250007 2.86143
-1.33494 0.0855123 0.0249414 0.0250007 2.86143
-1.32521 0.0832155 0.0249496 0.0250006 2.86143
-1.31566 0.0802383 0.0249583 0.0250006 2.86143
-1.30635 0.0765932 0.0249677 0.0250006 2.86143
-1.29732 0.0723012 0.0249777 0.0250006 2.86143
-1.28861 0.0673908 0.0249882 0.0250006 2.86143
-1.28025 0.0618972 0.0249991 0.0250006 2.86143
-1.27228 0.055861 0.0250103 0.0250006 2.86143
-1.26471 0.0493268 0.0250217 0.0250007 2.86143
-1.25755 0.042342 0.0250331 0.0250007 2.86143
-1.25081 0.0349553 0.0250444 0.0250008 2.86143
-1.24448 0.0272157 0.0250552 0.0250009 2.86143
-1.23854 0.0191708 0.0250654 0.025001 2.86143
-1.23298 0.0108664 0.0250748 0.0250011 2.86143
-1.22774 0.00234564 0.0250831 0.0250012 2.86143
-1.22281 -0.00635144 0.0250901 0.0250014 2.86143
-1.21813 -0.015188 0.0250956 0.0250016 2.86143
-1.21366 -0.0241301 0.0250994 0.0250018 2.86143
-1.20934 -0.0331467 0.0251013 0.025002 2.86143
-1.20511 -0.0422087 0.0251011 0.0250022 2.86143
-1.20093 -0.0512882 0.0250987 0.0250024 2.86143
-1.19672 -0.0603582 0.0250941 0.0250026 2.86143
-1.19243 -0.0693907 0.0250871 0.0250028 2.86143
-1.18801 -0.078357 0.0250779 0.0250029 2.86143
-1.18339 -0.0872258 0.0250663 0.0250031 2.86143
-1.17854 -0.0959631 0.0250526 0.0250032 2.86143
-1.17339 -0.104532 0.0250369 0.0250033 2.86143
-1.1679 -0.112891 0.0250194 0.0250033 2.86143
-1.16205 -0.120996 0.0250004 0.0250033 2.86143
-1.1558 -0.128799 0.0249801 0.0250032 2.86143
-1.14913 -0.136249 0.024959 0.0250031 2.86143
-1.14204 -0.143295 0.0249373 0.0250029 2.86143
-1.13452 -0.149883 0.0249156 0.0250027 2.86143
-1.12658 -0.15596 0.0248941 0.0250024 2.86143
-1.11824 -0.161476 0.0248733 0.0250021 2.86143
-1.10953 -0.166383 0.0248535 0.0250017 2.86143
-1.10048 -0.170639 0.0248352 0.0250013 2.86143
-1.09114 -0.174209 0.0248188 0.0250009 2.86143
-1.08156 -0.177062 0.0248044 0.0250004 2.86143
-1.07179 -0.179179 0.0247923 0.0249999 2.86143
-1.06188 -0.180546 0.0247829 0.0249994 2.86143
-1.0519 -0.18116 0.0247761 0.0249989 2.86143
-1.0419 -0.181025 0.0247721 0.0249985 2.86143
-1.03193 -0.180155 0.024771 0.024998 2.86143
-1.02206 -0.178569 0.0247726 0.0249975 2.86143
-1.01232 -0.176295 0.024777 0.0249971 2.86143
-1.00275 -0.173365 0.0247839 0.0249966 2.86143
-0.993403 -0.169814 0.0247934 0.0249962 2.86143
-0.984293 -0.165682 0.0248051 0.0249959 2.86143
-0.975447 -0.161012 0.0248188 0.0249956 2.86143
-0.966881 -0.155845 0.0248343 0.0249953 2.86143
-0.958605 -0.150225 0.0248512 0.0249951 2.86143
-0.950626 -0.144191 0.0248692 0.024995 2.86143
-0.942942 -0.137784 0.0248879 0.0249949 2.86143
-0.935551 -0.131043 0.0249069 0.0249949 2.86143
-0.928443 -0.124002 0.0249259 0.0249949 2.86143
-0.92161 -0.116696 0.0249444 0.0249949 2.86143
-0.915036 -0.109155 0.0249621 0.024995 2.86143
-0.908708 -0.101407 0.0249785 0.0249951 2.86143
-0.902608 -0.0934777 0.0249934 0.0249953 2.86143
-0.896719 -0.0853912 0.0250064 0.0249955 2.86143
-0.891022 -0.0771684 0.0250173 0.0249956 2.86143
-0.885497 -0.068829 0.0250258 0.0249958 2.86143
-0.880125 -0.0603906 0.0250316 0.024996 2.86143
-0.874886 -0.0518695 0.0250347 0.0249963 2.86143
-0.869758 -0.0432807 0.0250349 0.0249965 2.86143
-0.864723 -0.0346378 0.025032 0.0249967 2.86143
-0.859759 -0.0259539 0.0250261 0.0249969 2.86143
-0.854847 -0.0172408 0.0250171 0.0249971 2.86143
-0.849966 -0.00850993 0.0250051 0.0249973 2.86143
-0.845099 0.000227938 0.0249901 0.0249975 2.86143
-0.840226 0.00896242 0.0249723 0.0249977 2.86143
-0.835329 0.0176835 0.0249517 0.0249978 2.86143
-0.830392 0.0263814 0.0249285 0.024998 2.86143
-0.825397 0.0350467 0.0249029 0.0249981 2.86143
-0.820331 0.0436698 0.0248751 0.0249983 2.86143
-0.815177 0.0522411 0.0248453 0.0249984 2.86143
-0.809923 0.0607511 0.0248137 0.0249985 2.86143
-0.804557 0.0691905 0.0247805 0.0249986 2.86143
-0.799068 0.0775504 0.024746 0.0249988 2.86143
-0.793447 0.0858223 0.0247103 0.0249989 2.86143
-0.787688 0.0939987 0.0246737 0.024999 2.86143
-0.781788 0.102073 0.0246363 0.0249992 2.86143
-0.775744 0.110041 0.0245983 0.0249993 2.86143
-0.76956 0.1179 0.0245599 0.0249994 2.86143
-0.763243 0.125652 0.0245212 0.0249996 2.86143
-0.756805 0.133305 0.0244822 0.0249997 2.86143
-0.750274 0.140878 0.0244432 0.0249998 2.86143
-0.743735 0.148444 0.0244042 0.0249999 2.86143
