-0.438954 -0.141637 0.0250993 0.0250001 1.22061
-0.430584 -0.136165 0.0250927 0.0250001 1.22061
-0.422392 -0.130431 0.025086 0.0250002 1.22061
-0.414419 -0.124395 0.0250794 0.0250004 1.22061
-0.4067 -0.118038 0.0250726 0.0250005 1.22061
-0.399268 -0.111348 0.0250659 0.0250006 1.22061
-0.392147 -0.104328 0.0250591 0.0250007 1.22061
-0.385359 -0.0969855 0.0250523 0.0250008 1.22061
-0.378919 -0.0893364 0.0250455 0.0250009 1.22061
-0.372835 -0.0814008 0.0250387 0.025001 1.22061
-0.36711 -0.0732026 0.0250317 0.0250012 1.22061
-0.36174 -0.0647682 0.0250246 0.0250013 1.22061
-0.356712 -0.0561252 0.0250174 0.0250015 1.22061
-0.35201 -0.0473015 0.02501 0.0250017 1.22061
-0.347606 -0.0383247 0.0250024 0.0250019 1.22061
-0.343472 -0.029221 0.0249946 0.025002 1.22061
-0.339571 -0.0200154 0.0249864 0.0250022 1.22061
-0.33586 -0.0107311 0.024978 0.0250024 1.22061
-0.332296 -0.00139013 0.0249693 0.0250026 1.22061
-0.328828 0.00798706 0.0249604 0.0250027 1.22061
-0.325405 0.0173805 0.0249512 0.0250029 1.22061
-0.321973 0.0267705 0.0249418 0.025003 1.22061
-0.318476 0.0361365 0.0249323 0.0250032 1.22061
-0.314859 0.0454566 0.0249228 0.0250033 1.22061
-0.311066 0.0547064 0.0249133 0.0250033 1.22061
-0.307043 0.0638588 0.0249039 0.0250034 1.22061
-0.302739 0.0728822 0.0248949 0.0250034 1.22061
-0.298106 0.0817412 0.0248862 0.0250034 1.22061
-0.293101 0.0903953 0.0248781 0.0250033 1.22061
-0.287686 0.0987993 0.0248708 0.0250032 1.22061
-0.281831 0.106903 0.0248643 0.025003 1.22061
-0.275515 0.114653 0.0248589 0.0250027 1.22061
-0.268725 0.121991 0.0248547 0.0250025 1.22061
-0.261459 0.128859 0.0248519 0.0250021 1.22061
-0.253726 0.135197 0.0248504 0.0250018 1.22061
-0.245545 0.140946 0.0248504 0.0250014 1.22061
-0.236947 0.14605 0.0248518 0.0250009 1.22061
-0.227972 0.15046 0.0248547 0.0250004 1.22061
-0.21867 0.15413 0.024859 0.0249999 1.22061
-0.209099 0.157026 0.0248647 0.0249994 1.22061
-0.19932 0.159123 0.0248717 0.0249988 1.22061
-0.189402 0.160404 0.02488 0.0249983 1.22061
-0.179411 0.160866 0.0248895 0.0249977 1.22061
-0.169415 0.160515 0.0249001 0.0249972 1.22061
-0.159478 0.159369 0.0249117 0.0249967 1.22061
-0.14966 0.157455 0.0249242 0.0249963 1.22061
-0.140014 0.154807 0.0249374 0.024996 1.22061
-0.130585 0.151467 0.0249512 0.0249957 1.22061
-0.12141 0.147481 0.0249653 0.0249955 1.22061
-0.112516 0.142901 0.0249796 0.0249954 1.22061
-0.103923 0.137779 0.0249939 0.0249953 1.22061
-0.0956403 0.132169 0.0250078 0.0249952 1.22061
-0.0876699 0.126124 0.0250212 0.0249953 1.22061
-0.0800057 0.119694 0.025034 0.0249953 1.22061
-0.0726348 0.112931 0.025046 0.0249953 1.22061
-0.0655387 0.10588 0.0250569 0.0249954 1.22061
-0.0586937 0.0985846 0.0250668 0.0249956 1.22061
-0.0520724 0.091086 0.0250753 0.0249957 1.22061
-0.0456444 0.0834213 0.0250825 0.0249958 1.22061
-0.0393773 0.0756246 0.0250883 0.024996 1.22061
-0.0332373 0.0677275 0.0250926 0.0249961 1.22061
-0.0271903 0.0597592 0.0250953 0.0249962 1.22061
-0.0212019 0.0517468 0.0250966 0.0249964 1.22061
-0.0152389 0.0437156 0.0250962 0.0249965 1.22061
-0.00926853 0.03569 0.0250944 0.0249966 1.22061
-0.00326001 0.027693 0.0250908 0.0249967 1.22061
0.00281583 0.0197472 0.0250856 0.0249968 1.22061
0.00898606 0.0118746 0.0250786 0.024997 1.22061
0.0152754 0.00409696 0.0250699 0.0249971 1.22061
0.0217059 -0.00356414 0.0250593 0.0249973 1.22061
0.0282973 -0.0110872 0.0250471 0.0249974 1.22061
0.0350665 -0.0184504 0.0250332 0.0249976 1.22061
0.0420278 -0.0256322 0.0250177 0.0249977 1.22061
0.0491928 -0.0326106 0.0250008 0.0249977 1.22061
0.0565706 -0.0393637 0.0249825 0.0249978 1.22061
0.0641673 -0.0458693 0.024963 0.0249979 1.22061
0.0719865 -0.0521057 0.0249424 0.024998 1.22061
0.080029 -0.0580512 0.0249209 0.0249981 1.22061
0.0882931 -0.0636846 0.0248987 0.0249981 1.22061
0.0967744 -0.0689854 0.0248759 0.0249981 1.22061
0.105466 -0.0739339 0.0248527 0.0249981 1.22061
0.114358 -0.0785118 0.0248292 0.0249981 1.22061
0.12344 -0.0827018 0.0248056 0.0249981 1.22061
0.132697 -0.0864884 0.0247821 0.0249981 1.22061
0.142113 -0.0898582 0.0247587 0.024998 1.22061
0.151673 -0.0928 0.0247356 0.024998 1.22061
0.161355 -0.0953051 0.0247129 0.024998 1.22061
0.171142 -0.0973677 0.0246908 0.024998 1.22061
0.181012 -0.0989848 0.0246692 0.024998 1.22061
0.190945 -0.100156 0.0246484 0.0249981 1.22061
0.200919 -0.100885 0.0246282 0.0249981 1.22061
0.210917 -0.101178 0.0246088 0.0249982 1.22061
0.220917 -0.101045 0.0245902 0.0249983 1.22061
0.230904 -0.100501 0.0245722 0.0249985 1.22061
0.240861 -0.099565 0.0245548 0.0249986 1.22061
0.250776 -0.0982596 0.024538 0.0249988 1.22061
0.260641 -0.0966143 0.0245217 0.024999 1.22061
0.27045 -0.0946655 0.0245059 0.0249992 1.22061
0.280204 -0.0924597 0.0244903 0.0249995 1.22061
0.289913 -0.0900623 0.0244749 0.0249997 1.22061
0.299618 -0.0876532 0.0244595 0.0249999 1.22061
