-0.912019 0.040622 0.0250873 0.025 1.94097
-0.905302 0.0480306 0.0250889 0.0250001 1.94097
-0.898472 0.0553342 0.0250906 0.0250002 1.94097
-0.891492 0.0624954 0.0250923 0.0250003 1.94097
-0.884331 0.0694753 0.025094 0.0250004 1.94097
-0.87696 0.0762323 0.0250957 0.0250005 1.94097
-0.869353 0.0827224 0.0250972 0.0250005 1.94097
-0.861489 0.0888991 0.0250985 0.0250006 1.94097
-0.853354 0.0947137 0.0250996 0.0250006 1.94097
-0.844939 0.100116 0.0251003 0.0250007 1.94097
-0.836244 0.105054 0.0251006 0.0250007 1.94097
-0.827276 0.109477 0.0251004 0.0250006 1.94097
-0.818051 0.113335 0.0250997 0.0250006 1.94097
-0.808593 0.11658 0.0250984 0.0250005 1.94097
-0.798934 0.119168 0.0250965 0.0250004 1.94097
-0.789115 0.12106 0.0250941 0.0250003 1.94097
-0.779183 0.122225 0.0250911 0.0250001 1.94097
-0.769191 0.122638 0.0250878 0.0249999 1.94097
-0.759197 0.122283 0.0250841 0.0249998 1.94097
-0.749261 0.121155 0.0250802 0.0249996 1.94097
-0.739443 0.119256 0.0250762 0.0249995 1.94097
-0.729802 0.116599 0.0250721 0.0249994 1.94097
-0.720394 0.113206 0.0250679 0.0249993 1.94097
-0.711272 0.109107 0.0250636 0.0249992 1.94097
-0.702481 0.10434 0.0250593 0.0249992 1.94097
-0.694057 0.09895 0.0250548 0.0249992 1.94097
-0.686029 0.092986 0.0250503 0.0249992 1.94097
-0.678417 0.0865007 0.0250455 0.0249992 1.94097
-0.671228 0.0795486 0.0250406 0.0249993 1.94097
-0.664462 0.0721845 0.0250353 0.0249994 1.94097
-0.658107 0.0644623 0.0250297 0.0249995 1.94097
-0.652145 0.0564339 0.0250236 0.0249996 1.94097
-0.646546 0.0481481 0.0250171 0.0249997 1.94097
-0.641273 0.0396506 0.02501 0.0249998 1.94097
-0.636286 0.030983 0.0250023 0.025 1.94097
-0.631535 0.0221834 0.0249939 0.0250001 1.94097
-0.62697 0.0132866 0.0249848 0.0250002 1.94097
-0.622534 0.00432452 0.0249749 0.0250004 1.94097
-0.618171 -0.00467319 0.0249643 0.0250005 1.94097
-0.613824 -0.0136781 0.0249528 0.0250006 1.94097
-0.609433 -0.0226621 0.0249404 0.0250008 1.94097
-0.604943 -0.0315968 0.0249272 0.0250009 1.94097
-0.6003 -0.0404525 0.0249131 0.025001 1.94097
-0.595452 -0.0491977 0.0248982 0.0250011 1.94097
-0.590351 -0.0577981 0.0248826 0.0250012 1.94097
-0.584957 -0.066217 0.0248662 0.0250012 1.94097
-0.579231 -0.0744146 0.0248492 0.0250013 1.94097
-0.573146 -0.0823485 0.0248317 0.0250013 1.94097
-0.566678 -0.0899741 0.0248139 0.0250013 1.94097
-0.559814 -0.0972449 0.0247959 0.0250012 1.94097
-0.552548 -0.104114 0.0247779 0.0250012 1.94097
-0.544882 -0.110534 0.0247602 0.0250011 1.94097
-0.536828 -0.116459 0.024743 0.0250009 1.94097
-0.528404 -0.121846 0.0247265 0.0250007 1.94097
-0.519637 -0.126655 0.0247109 0.0250005 1.94097
-0.51056 -0.130851 0.0246966 0.0250003 1.94097
-0.501212 -0.134404 0.0246837 0.025 1.94097
-0.491638 -0.13729 0.0246725 0.0249997 1.94097
-0.481883 -0.139492 0.0246631 0.0249993 1.94097
-0.471996 -0.140999 0.0246556 0.024999 1.94097
-0.462028 -0.141807 0.0246503 0.0249987 1.94097
-0.452027 -0.14192 0.0246471 0.0249983 1.94097
-0.442042 -0.141346 0.0246461 0.024998 1.94097
-0.432119 -0.140101 0.0246474 0.0249977 1.94097
-0.422298 -0.138203 0.0246508 0.0249974 1.94097
-0.41262 -0.135677 0.0246564 0.024997 1.94097
-0.403119 -0.13255 0.0246641 0.0249968 1.94097
-0.393825 -0.128852 0.0246739 0.0249965 1.94097
-0.384764 -0.124615 0.0246857 0.0249963 1.94097
-0.375956 -0.119873 0.0246993 0.0249961 1.94097
-0.367421 -0.114657 0.0247146 0.0249959 1.94097
-0.35917 -0.109001 0.0247314 0.0249958 1.94097
-0.351214 -0.102937 0.0247495 0.0249957 1.94097
-0.343559 -0.0964966 0.0247686 0.0249957 1.94097
-0.336209 -0.0897115 0.0247884 0.0249957 1.94097
-0.329162 -0.0826109 0.0248088 0.0249957 1.94097
-0.322418 -0.0752231 0.0248293 0.0249958 1.94097
-0.31597 -0.0675752 0.0248498 0.0249958 1.94097
-0.309811 -0.0596927 0.02487 0.024996 1.94097
-0.303932 -0.0515997 0.0248896 0.0249961 1.94097
-0.298321 -0.0433185 0.0249083 0.0249963 1.94097
-0.292965 -0.0348701 0.024926 0.0249965 1.94097
-0.28785 -0.0262739 0.0249425 0.0249967 1.94097
-0.282961 -0.0175477 0.0249576 0.0249969 1.94097
-0.27828 -0.00870817 0.0249711 0.0249971 1.94097
-0.27379 0.000229665 0.0249831 0.0249973 1.94097
-0.269473 0.00925194 0.0249933 0.0249976 1.94097
-0.265309 0.018346 0.0250018 0.0249978 1.94097
-0.26128 0.0275002 0.0250086 0.024998 1.94097
-0.257366 0.0367041 0.0250138 0.0249982 1.94097
-0.253549 0.0459481 0.0250173 0.0249984 1.94097
-0.249807 0.0552231 0.0250193 0.0249986 1.94097
-0.246123 0.0645207 0.0250199 0.0249988 1.94097
-0.242477 0.0738333 0.0250193 0.024999 1.94097
-0.238851 0.0831535 0.0250176 0.0249992 1.94097
-0.235228 0.0924748 0.025015 0.0249993 1.94097
-0.231594 0.101792 0.0250116 0.0249995 1.94097
-0.227936 0.111099 0.0250077 0.0249996 1.94097
-0.224246 0.120393 0.0250035 0.0249997 1.94097
-0.220522 0.129675 0.024999 0.0249999 1.94097
-0.216796 0.138954 0.0249944 0.0249999 1.94097
