-2.42073 -0.0806259 0.0251029 0.025 4.56228
-2.41507 -0.0888688 0.0251001 0.025 4.56228
-2.40948 -0.0971624 0.0250975 0.0250001 4.56228
-2.40396 -0.105503 0.0250948 0.0250002 4.56228
-2.3985 -0.113883 0.0250919 0.0250003 4.56228
-2.39309 -0.122287 0.0250887 0.0250005 4.56228
-2.38768 -0.130699 0.025085 0.0250006 4.56228
-2.38226 -0.139101 0.0250805 0.0250008 4.56228
-2.37678 -0.147469 0.0250753 0.025001 4.56228
-2.37122 -0.15578 0.0250691 0.0250012 4.56228
-2.36554 -0.164007 0.0250621 0.0250014 4.56228
-2.3597 -0.17212 0.0250541 0.0250015 4.56228
-2.35365 -0.180086 0.0250454 0.0250017 4.56228
-2.34738 -0.187868 0.0250361 0.0250017 4.56228
-2.34083 -0.195427 0.0250265 0.0250017 4.56228
-2.33399 -0.202718 0.0250167 0.0250017 4.56228
-2.32683 -0.209696 0.0250072 0.0250016 4.56228
-2.31933 -0.216309 0.0249982 0.0250015 4.56228
-2.31148 -0.222505 0.0249901 0.0250013 4.56228
-2.30328 -0.228228 0.0249831 0.0250011 4.56228
-2.29474 -0.233423 0.0249775 0.0250009 4.56228
-2.28586 -0.238032 0.0249734 0.0250006 4.56228
-2.27669 -0.242003 0.0249709 0.0250003 4.56228
-2.26724 -0.245285 0.0249701 0.025 4.56228
-2.25757 -0.247831 0.024971 0.0249998 4.56228
-2.24773 -0.249604 0.0249735 0.0249995 4.56228
-2.23778 -0.250572 0.0249775 0.0249993 4.56228
-2.22778 -0.250714 0.0249828 0.0249991 4.56228
-2.2178 -0.25002 0.0249894 0.024999 4.56228
-2.20792 -0.248488 0.024997 0.0249989 4.56228
-2.1982 -0.246132 0.0250053 0.0249989 4.56228
-2.18871 -0.242973 0.0250142 0.0249988 4.56228
-2.17951 -0.239044 0.0250235 0.0249988 4.56228
-2.17066 -0.234386 0.0250329 0.0249989 4.56228
-2.1622 -0.229048 0.0250421 0.0249989 4.56228
-2.15418 -0.223084 0.0250508 0.024999 4.56228
-2.1466 -0.216554 0.0250588 0.0249991 4.56228
-2.1395 -0.209517 0.0250658 0.0249991 4.56228
-2.13286 -0.202035 0.0250715 0.0249992 4.56228
-2.12669 -0.194166 0.0250757 0.0249992 4.56228
-2.12096 -0.185967 0.0250783 0.0249993 4.56228
-2.11565 -0.177491 0.0250792 0.0249993 4.56228
-2.11073 -0.168787 0.0250784 0.0249994 4.56228
-2.10615 -0.159899 0.0250758 0.0249994 4.56228
-2.10186 -0.150864 0.0250715 0.0249995 4.56228
-2.09781 -0.141718 0.0250657 0.0249995 4.56228
-2.09396 -0.132491 0.0250586 0.0249996 4.56228
-2.09024 -0.123209 0.0250501 0.0249997 4.56228
-2.08659 -0.113898 0.0250405 0.0249998 4.56228
-2.08296 -0.104578 0.0250298 0.025 4.56228
-2.0793 -0.0952734 0.0250182 0.0250001 4.56228
-2.07555 -0.086004 0.0250058 0.0250003 4.56228
-2.07166 -0.0767928 0.0249926 0.0250004 4.56228
-2.06758 -0.0676636 0.0249788 0.0250006 4.56228
-2.06326 -0.0586422 0.0249644 0.0250008 4.56228
-2.05868 -0.0497564 0.0249495 0.025001 4.56228
-2.05378 -0.0410362 0.0249343 0.0250012 4.56228
-2.04855 -0.0325141 0.0249187 0.0250013 4.56228
-2.04296 -0.0242244 0.024903 0.0250015 4.56228
-2.03699 -0.0162034 0.0248871 0.0250017 4.56228
-2.03063 -0.0084882 0.0248711 0.0250018 4.56228
-2.02388 -0.00111693 0.0248552 0.025002 4.56228
-2.01673 0.00587247 0.0248393 0.0250021 4.56228
-2.00919 0.0124427 0.0248235 0.0250022 4.56228
-2.00128 0.0185578 0.024808 0.0250023 4.56228
-1.99302 0.0241837 0.0247927 0.0250024 4.56228
-1.98442 0.0292891 0.0247779 0.0250024 4.56228
-1.97552 0.0338455 0.0247636 0.0250024 4.56228
-1.96635 0.037828 0.0247499 0.0250024 4.56228
-1.95694 0.0412153 0.0247369 0.0250024 4.56228
-1.94734 0.0439902 0.0247247 0.0250023 4.56228
-1.93757 0.0461394 0.0247135 0.0250022 4.56228
-1.92769 0.047654 0.0247033 0.025002 4.56228
-1.91773 0.0485291 0.0246943 0.0250019 4.56228
-1.90774 0.0487644 0.0246867 0.0250017 4.56228
-1.89774 0.0483634 0.0246806 0.0250014 4.56228
-1.8878 0.0473338 0.0246761 0.0250012 4.56228
-1.87794 0.0456871 0.0246733 0.0250009 4.56228
-1.86819 0.0434385 0.0246724 0.0250006 4.56228
-1.8586 0.0406062 0.0246735 0.0250003 4.56228
-1.8492 0.0372117 0.0246767 0.025 4.56228
-1.84 0.0332791 0.0246821 0.0249997 4.56228
-1.83104 0.0288343 0.0246897 0.0249995 4.56228
-1.82234 0.0239046 0.0246997 0.0249992 4.56228
-1.81392 0.0185191 0.0247119 0.024999 4.56228
-1.80578 0.0127074 0.0247263 0.0249989 4.56228
-1.79794 0.00649985 0.0247428 0.0249987 4.56228
-1.7904 -7.28972e-05 0.0247614 0.0249986 4.56228
-1.78317 -0.00698038 0.0247818 0.0249985 4.56228
-1.77624 -0.0141925 0.0248039 0.0249984 4.56228
-1.76961 -0.0216798 0.0248275 0.0249984 4.56228
-1.76326 -0.0294137 0.0248525 0.0249984 4.56228
-1.7572 -0.0373666 0.0248786 0.0249985 4.56228
-1.7514 -0.045512 0.0249055 0.0249986 4.56228
-1.74584 -0.0538247 0.0249332 0.0249987 4.56228
-1.7405 -0.0622806 0.0249614 0.0249988 4.56228
-1.73535 -0.0708565 0.0249899 0.024999 4.56228
-1.73037 -0.0795301 0.0250185 0.0249992 4.56228
-1.72553 -0.0882789 0.0250472 0.0249995 4.56228
-1.72078 -0.0970786 0.0250758 0.0249997 4.56228
-1.71603 -0.10588 0.0251043 0.0249999 4.56228
