-0.990971 -0.14498 0.0249497 0.025 2.16108
-0.984479 -0.137374 0.0249498 0.0250001 2.16108
-0.978186 -0.129602 0.02495 0.0250002 2.16108
-0.972125 -0.121649 0.0249503 0.0250003 2.16108
-0.966318 -0.113508 0.0249505 0.0250004 2.16108
-0.960777 -0.105184 0.0249506 0.0250006 2.16108
-0.955508 -0.0966853 0.0249504 0.0250008 2.16108
-0.950508 -0.0880262 0.0249499 0.025001 2.16108
-0.945766 -0.0792229 0.0249489 0.0250012 2.16108
-0.941267 -0.0702934 0.0249474 0.0250015 2.16108
-0.936987 -0.0612568 0.0249452 0.0250017 2.16108
-0.932899 -0.0521324 0.0249423 0.025002 2.16108
-0.928968 -0.0429393 0.0249388 0.0250022 2.16108
-0.925156 -0.0336962 0.0249346 0.0250025 2.16108
-0.921422 -0.0244219 0.0249298 0.0250027 2.16108
-0.917719 -0.015135 0.0249247 0.0250028 2.16108
-0.914 -0.00585475 0.0249192 0.0250029 2.16108
-0.910215 0.00339871 0.0249136 0.025003 2.16108
-0.906314 0.0126035 0.0249081 0.0250031 2.16108
-0.902244 0.0217355 0.0249029 0.0250031 2.16108
-0.897958 0.0307674 0.0248981 0.025003 2.16108
-0.893405 0.0396685 0.024894 0.025003 2.16108
-0.888542 0.0484035 0.0248908 0.0250029 2.16108
-0.883326 0.0569329 0.0248885 0.0250027 2.16108
-0.877722 0.0652123 0.0248874 0.0250026 2.16108
-0.871699 0.0731925 0.0248876 0.0250024 2.16108
-0.865235 0.0808203 0.024889 0.0250023 2.16108
-0.858317 0.0880387 0.0248918 0.0250021 2.16108
-0.850941 0.0947885 0.0248959 0.0250019 2.16108
-0.843113 0.101009 0.0249013 0.0250017 2.16108
-0.834851 0.106641 0.024908 0.0250015 2.16108
-0.826184 0.111626 0.0249159 0.0250012 2.16108
-0.817149 0.115911 0.0249249 0.025001 2.16108
-0.807797 0.119448 0.0249347 0.0250008 2.16108
-0.798183 0.122199 0.0249454 0.0250006 2.16108
-0.788372 0.124133 0.0249565 0.0250004 2.16108
-0.778433 0.125231 0.024968 0.0250002 2.16108
-0.768436 0.125485 0.0249795 0.0249999 2.16108
-0.758453 0.124898 0.0249909 0.0249996 2.16108
-0.748553 0.123485 0.0250021 0.0249993 2.16108
-0.7388 0.121274 0.0250129 0.024999 2.16108
-0.729252 0.118299 0.0250232 0.0249987 2.16108
-0.719958 0.114604 0.0250331 0.0249985 2.16108
-0.710959 0.11024 0.0250425 0.0249982 2.16108
-0.702285 0.105261 0.0250514 0.0249981 2.16108
-0.693956 0.0997247 0.0250596 0.0249979 2.16108
-0.685981 0.0936881 0.0250672 0.0249978 2.16108
-0.678362 0.0872092 0.0250741 0.0249978 2.16108
-0.671088 0.0803441 0.0250803 0.0249978 2.16108
-0.664143 0.0731463 0.0250856 0.0249978 2.16108
-0.657504 0.0656661 0.0250901 0.0249978 2.16108
-0.65114 0.0579503 0.0250937 0.0249979 2.16108
-0.645017 0.050042 0.0250962 0.0249979 2.16108
-0.639096 0.0419809 0.0250978 0.024998 2.16108
-0.633338 0.0338034 0.0250983 0.0249981 2.16108
-0.627699 0.0255428 0.0250975 0.0249982 2.16108
-0.622138 0.0172303 0.0250955 0.0249983 2.16108
-0.616611 0.00889511 0.0250921 0.0249984 2.16108
-0.611076 0.000565057 0.0250873 0.0249986 2.16108
-0.605493 -0.00773292 0.0250808 0.0249987 2.16108
-0.599825 -0.0159724 0.0250728 0.0249989 2.16108
-0.594035 -0.0241269 0.025063 0.024999 2.16108
-0.588092 -0.0321699 0.0250515 0.0249992 2.16108
-0.581966 -0.0400746 0.0250383 0.0249993 2.16108
-0.575632 -0.0478136 0.0250233 0.0249995 2.16108
-0.569069 -0.0553589 0.0250066 0.0249996 2.16108
-0.562259 -0.0626824 0.0249883 0.0249998 2.16108
-0.55519 -0.0697555 0.0249685 0.0249999 2.16108
-0.547852 -0.0765494 0.0249473 0.025 2.16108
-0.540241 -0.0830355 0.0249249 0.0250001 2.16108
-0.532356 -0.0891854 0.0249014 0.0250002 2.16108
-0.5242 -0.0949714 0.0248772 0.0250002 2.16108
-0.51578 -0.100366 0.0248524 0.0250003 2.16108
-0.507108 -0.105345 0.0248274 0.0250003 2.16108
-0.498197 -0.109882 0.0248025 0.0250003 2.16108
-0.489064 -0.113955 0.024778 0.0250002 2.16108
-0.47973 -0.117543 0.0247542 0.0250001 2.16108
-0.470218 -0.120628 0.0247315 0.025 2.16108
-0.460553 -0.123194 0.0247102 0.0249999 2.16108
-0.450761 -0.125227 0.0246906 0.0249997 2.16108
-0.440873 -0.126719 0.0246729 0.0249995 2.16108
-0.430917 -0.127662 0.0246574 0.0249993 2.16108
-0.420924 -0.128052 0.0246442 0.0249991 2.16108
-0.410925 -0.127889 0.0246335 0.0249989 2.16108
-0.400949 -0.127178 0.0246253 0.0249987 2.16108
-0.391027 -0.125923 0.0246196 0.0249985 2.16108
-0.381187 -0.124137 0.0246163 0.0249984 2.16108
-0.371455 -0.121831 0.0246153 0.0249982 2.16108
-0.361855 -0.119025 0.0246165 0.0249982 2.16108
-0.35241 -0.115735 0.0246197 0.0249981 2.16108
-0.343138 -0.111986 0.0246248 0.0249981 2.16108
-0.334053 -0.107802 0.0246314 0.0249982 2.16108
-0.325169 -0.10321 0.0246394 0.0249983 2.16108
-0.31649 -0.0982393 0.0246485 0.0249984 2.16108
-0.30802 -0.0929209 0.0246586 0.0249986 2.16108
-0.299756 -0.0872883 0.0246693 0.0249988 2.16108
-0.291689 -0.0813773 0.0246807 0.024999 2.16108
-0.283803 -0.0752265 0.0246924 0.0249992 2.16108
-0.276075 -0.0688799 0.0247044 0.0249995 2.16108
-0.268465 -0.062392 0.0247165 0.0249997 2.16108
-0.260862 -0.0558961 0.0247287 0.0249999 2.16108
