-2.58148 0.0212307 0.0248674 0.0250001 4.8024
-2.57149 0.021677 0.0248721 0.0250001 4.8024
-2.56149 0.0217992 0.0248769 0.0250002 4.8024
-2.5515 0.0215285 0.0248817 0.0250003 4.8024
-2.54152 0.0208098 0.0248865 0.0250004 4.8024
-2.5316 0.0195985 0.0248914 0.0250005 4.8024
-2.52175 0.0178602 0.0248965 0.0250005 4.8024
-2.51202 0.0155699 0.0249017 0.0250005 4.8024
-2.50243 0.0127118 0.0249073 0.0250006 4.8024
-2.49304 0.00927903 0.0249131 0.0250006 4.8024
-2.48388 0.00527325 0.0249193 0.0250007 4.8024
-2.47499 0.000704528 0.0249259 0.0250007 4.8024
-2.46639 -0.00440941 0.0249328 0.0250008 4.8024
-2.45813 -0.010044 0.0249402 0.0250009 4.8024
-2.45023 -0.0161687 0.0249479 0.025001 4.8024
-2.4427 -0.0227485 0.0249559 0.0250011 4.8024
-2.43556 -0.0297448 0.0249641 0.0250012 4.8024
-2.4288 -0.0371166 0.0249726 0.0250013 4.8024
-2.42243 -0.0448222 0.0249811 0.0250014 4.8024
-2.41643 -0.0528196 0.0249897 0.0250015 4.8024
-2.41077 -0.0610679 0.0249981 0.0250016 4.8024
-2.40545 -0.0695279 0.0250063 0.0250017 4.8024
-2.4004 -0.0781624 0.0250142 0.0250019 4.8024
-2.39561 -0.0869367 0.0250216 0.025002 4.8024
-2.39102 -0.0958186 0.0250284 0.0250022 4.8024
-2.38658 -0.104778 0.0250344 0.0250023 4.8024
-2.38224 -0.113786 0.0250395 0.0250024 4.8024
-2.37795 -0.122816 0.0250436 0.0250026 4.8024
-2.37365 -0.13184 0.0250466 0.0250027 4.8024
-2.36927 -0.140831 0.0250483 0.0250029 4.8024
-2.36478 -0.14976 0.0250486 0.025003 4.8024
-2.3601 -0.158595 0.0250476 0.0250031 4.8024
-2.35519 -0.167304 0.025045 0.0250031 4.8024
-2.35 -0.175847 0.0250409 0.0250032 4.8024
-2.34448 -0.184184 0.0250354 0.0250032 4.8024
-2.3386 -0.19227 0.0250283 0.0250032 4.8024
-2.33233 -0.200055 0.0250199 0.0250031 4.8024
-2.32564 -0.207487 0.0250101 0.025003 4.8024
-2.31853 -0.214512 0.0249991 0.0250028 4.8024
-2.31098 -0.221073 0.0249871 0.0250026 4.8024
-2.30302 -0.227116 0.0249743 0.0250023 4.8024
-2.29465 -0.232585 0.0249608 0.025002 4.8024
-2.2859 -0.237429 0.024947 0.0250016 4.8024
-2.27681 -0.241603 0.024933 0.0250012 4.8024
-2.26743 -0.245068 0.0249192 0.0250007 4.8024
-2.25781 -0.24779 0.0249059 0.0250002 4.8024
-2.24801 -0.249748 0.0248933 0.0249997 4.8024
-2.23808 -0.250926 0.0248817 0.0249991 4.8024
-2.22808 -0.251323 0.0248714 0.0249986 4.8024
-2.21809 -0.250942 0.0248627 0.024998 4.8024
-2.20815 -0.2498 0.0248557 0.0249975 4.8024
-2.19833 -0.247919 0.0248508 0.024997 4.8024
-2.18867 -0.245331 0.024848 0.0249966 4.8024
-2.17921 -0.242071 0.0248474 0.0249962 4.8024
-2.16999 -0.23818 0.0248491 0.0249958 4.8024
-2.16105 -0.233704 0.0248531 0.0249955 4.8024
-2.15239 -0.228688 0.0248592 0.0249953 4.8024
-2.14404 -0.223181 0.0248674 0.0249951 4.8024
-2.136 -0.217228 0.0248775 0.0249949 4.8024
-2.12827 -0.210877 0.0248893 0.0249948 4.8024
-2.12085 -0.204171 0.0249027 0.0249947 4.8024
-2.11372 -0.197153 0.0249174 0.0249947 4.8024
-2.10687 -0.189861 0.0249332 0.0249947 4.8024
-2.10028 -0.182332 0.0249498 0.0249947 4.8024
-2.09393 -0.1746 0.0249668 0.0249947 4.8024
-2.0878 -0.166696 0.0249841 0.0249948 4.8024
-2.08186 -0.158646 0.0250012 0.0249949 4.8024
-2.07609 -0.150476 0.025018 0.024995 4.8024
-2.07045 -0.142209 0.0250339 0.0249951 4.8024
-2.06493 -0.133866 0.0250487 0.0249953 4.8024
-2.0595 -0.125465 0.0250621 0.0249954 4.8024
-2.05413 -0.117024 0.0250737 0.0249956 4.8024
-2.0488 -0.108559 0.0250833 0.0249958 4.8024
-2.04349 -0.100086 0.0250904 0.024996 4.8024
-2.03816 -0.0916181 0.0250949 0.0249962 4.8024
-2.0328 -0.0831701 0.0250964 0.0249964 4.8024
-2.0274 -0.0747554 0.0250948 0.0249966 4.8024
-2.02192 -0.0663874 0.0250899 0.0249968 4.8024
-2.01635 -0.0580795 0.0250814 0.024997 4.8024
-2.01067 -0.049845 0.0250694 0.0249971 4.8024
-2.00487 -0.0416974 0.0250536 0.0249973 4.8024
-1.99893 -0.0336501 0.0250341 0.0249975 4.8024
-1.99283 -0.0257168 0.025011 0.0249976 4.8024
-1.98658 -0.0179111 0.0249842 0.0249978 4.8024
-1.98016 -0.0102463 0.0249539 0.0249979 4.8024
-1.97355 -0.00273581 0.0249203 0.024998 4.8024
-1.96676 0.00460703 0.0248835 0.0249981 4.8024
-1.95978 0.011769 0.0248438 0.0249983 4.8024
-1.95261 0.0187375 0.0248014 0.0249984 4.8024
-1.94524 0.0255004 0.0247566 0.0249985 4.8024
-1.93768 0.0320467 0.0247095 0.0249986 4.8024
-1.92993 0.0383669 0.0246606 0.0249988 4.8024
-1.92199 0.0444532 0.0246101 0.0249989 4.8024
-1.91388 0.0503003 0.0245581 0.0249991 4.8024
-1.9056 0.0559061 0.0245051 0.0249992 4.8024
-1.89716 0.0612722 0.0244512 0.0249993 4.8024
-1.88857 0.0664057 0.0243967 0.0249995 4.8024
-1.87987 0.0713204 0.0243417 0.0249996 4.8024
-1.87105 0.0760406 0.0242865 0.0249997 4.8024
-1.86215 0.080609 0.0242311 0.0249999 4.8024
-1.85325 0.085167 0.0241758 0.0249999 4.8024
