-0.970565 -0.116319 0.0250362 0.0250001 2.12106
-0.965157 -0.107908 0.025029 0.0250002 2.12106
-0.959917 -0.0993913 0.0250218 0.0250003 2.12106
-0.954865 -0.0907615 0.0250146 0.0250005 2.12106
-0.95001 -0.0820199 0.0250075 0.0250007 2.12106
-0.945349 -0.0731732 0.0250004 0.0250008 2.12106
-0.940873 -0.0642318 0.0249935 0.025001 2.12106
-0.936564 -0.0552083 0.0249866 0.0250012 2.12106
-0.932401 -0.0461173 0.0249799 0.0250014 2.12106
-0.928354 -0.0369743 0.0249732 0.0250015 2.12106
-0.924388 -0.0277955 0.0249666 0.0250017 2.12106
-0.920467 -0.018598 0.0249602 0.0250018 2.12106
-0.916548 -0.00939947 0.0249538 0.025002 2.12106
-0.912588 -0.000218952 0.0249476 0.0250021 2.12106
-0.908539 0.00892308 0.0249416 0.0250022 2.12106
-0.904356 0.018004 0.0249357 0.0250023 2.12106
-0.89999 0.0269987 0.0249301 0.0250023 2.12106
-0.895396 0.0358786 0.0249247 0.0250024 2.12106
-0.890528 0.0446115 0.0249197 0.0250024 2.12106
-0.885344 0.0531612 0.0249152 0.0250023 2.12106
-0.879809 0.0614869 0.0249113 0.0250023 2.12106
-0.873888 0.0695433 0.024908 0.0250022 2.12106
-0.867555 0.0772806 0.0249056 0.0250022 2.12106
-0.860793 0.0846449 0.0249041 0.0250021 2.12106
-0.85359 0.0915792 0.0249035 0.025002 2.12106
-0.845946 0.0980242 0.0249041 0.0250019 2.12106
-0.83787 0.10392 0.0249058 0.0250018 2.12106
-0.829384 0.109207 0.0249086 0.0250016 2.12106
-0.820517 0.113828 0.0249127 0.0250015 2.12106
-0.811312 0.117732 0.0249179 0.0250014 2.12106
-0.801818 0.120871 0.0249242 0.0250012 2.12106
-0.792096 0.123209 0.0249316 0.0250011 2.12106
-0.782211 0.124716 0.0249399 0.0250009 2.12106
-0.772234 0.125375 0.024949 0.0250008 2.12106
-0.762236 0.125181 0.0249588 0.0250007 2.12106
-0.752291 0.12414 0.024969 0.0250006 2.12106
-0.742469 0.122267 0.0249795 0.0250005 2.12106
-0.732833 0.119592 0.02499 0.0250003 2.12106
-0.723444 0.116151 0.0250003 0.0250002 2.12106
-0.71435 0.111992 0.0250103 0.025 2.12106
-0.705592 0.107166 0.0250198 0.0249999 2.12106
-0.697198 0.10173 0.0250288 0.0249997 2.12106
-0.689188 0.0957436 0.0250372 0.0249995 2.12106
-0.681567 0.0892681 0.025045 0.0249993 2.12106
-0.674333 0.082363 0.0250521 0.0249992 2.12106
-0.667472 0.0750863 0.0250585 0.024999 2.12106
-0.660964 0.0674932 0.0250641 0.024999 2.12106
-0.654778 0.0596348 0.025069 0.0249989 2.12106
-0.64888 0.0515582 0.025073 0.0249989 2.12106
-0.64323 0.0433066 0.0250761 0.0249989 2.12106
-0.637783 0.0349192 0.0250781 0.024999 2.12106
-0.632493 0.0264319 0.025079 0.0249991 2.12106
-0.627313 0.0178775 0.0250786 0.0249992 2.12106
-0.622193 0.00928666 0.0250769 0.0249993 2.12106
-0.617087 0.000688226 0.0250736 0.0249995 2.12106
-0.611946 -0.00788988 0.0250687 0.0249997 2.12106
-0.606727 -0.0164202 0.0250621 0.0249999 2.12106
-0.601388 -0.0248752 0.0250536 0.0250001 2.12106
-0.595888 -0.0332268 0.0250433 0.0250003 2.12106
-0.590193 -0.0414463 0.0250311 0.0250005 2.12106
-0.584271 -0.0495039 0.025017 0.0250008 2.12106
-0.578096 -0.0573689 0.025001 0.025001 2.12106
-0.571646 -0.0650095 0.0249831 0.0250012 2.12106
-0.564904 -0.0723934 0.0249635 0.0250014 2.12106
-0.557858 -0.0794877 0.0249424 0.0250015 2.12106
-0.550502 -0.0862593 0.0249198 0.0250017 2.12106
-0.542833 -0.0926752 0.024896 0.0250018 2.12106
-0.534856 -0.0987033 0.0248713 0.0250019 2.12106
-0.526579 -0.104312 0.0248459 0.0250019 2.12106
-0.518015 -0.109472 0.0248201 0.0250019 2.12106
-0.509181 -0.114155 0.0247943 0.0250019 2.12106
-0.500098 -0.118334 0.0247687 0.0250019 2.12106
-0.49079 -0.121986 0.0247438 0.0250018 2.12106
-0.481286 -0.125091 0.0247198 0.0250017 2.12106
-0.471615 -0.12763 0.024697 0.0250016 2.12106
-0.46181 -0.129589 0.0246759 0.0250014 2.12106
-0.451905 -0.130957 0.0246567 0.0250012 2.12106
-0.441935 -0.131726 0.0246396 0.025001 2.12106
-0.431938 -0.131892 0.024625 0.0250008 2.12106
-0.421948 -0.131457 0.024613 0.0250005 2.12106
-0.412001 -0.130424 0.0246037 0.0250003 2.12106
-0.402134 -0.1288 0.0245974 0.025 2.12106
-0.39238 -0.126598 0.0245941 0.0249997 2.12106
-0.38277 -0.123831 0.024594 0.0249995 2.12106
-0.373334 -0.120518 0.024597 0.0249992 2.12106
-0.364099 -0.11668 0.0246031 0.024999 2.12106
-0.355089 -0.11234 0.0246122 0.0249988 2.12106
-0.346324 -0.107524 0.0246243 0.0249986 2.12106
-0.33782 -0.102259 0.0246391 0.0249985 2.12106
-0.329591 -0.0965751 0.0246564 0.0249984 2.12106
-0.321646 -0.0905011 0.0246762 0.0249984 2.12106
-0.313988 -0.0840683 0.024698 0.0249984 2.12106
-0.306617 -0.0773082 0.0247216 0.0249984 2.12106
-0.299529 -0.0702525 0.0247467 0.0249985 2.12106
-0.292714 -0.0629328 0.0247731 0.0249986 2.12106
-0.286157 -0.0553811 0.0248006 0.0249988 2.12106
-0.279839 -0.047629 0.0248287 0.024999 2.12106
-0.273732 -0.0397092 0.0248573 0.0249992 2.12106
-0.267803 -0.0316558 0.0248862 0.0249994 2.12106
-0.262004 -0.0235084 0.0249152 0.0249997 2.12106
-0.256213 -0.0153564 0.0249442 0.0249999 2.12106
