-0.43434 0.0960461 0.0250233 0.0250001 0.6003
-0.426536 0.0897932 0.0250239 0.0250001 0.6003
-0.418794 0.083464 0.0250245 0.0250002 0.6003
-0.41112 0.0770531 0.0250251 0.0250004 0.6003
-0.403514 0.0705615 0.0250257 0.0250005 0.6003
-0.395973 0.0639945 0.0250262 0.0250006 0.6003
-0.38849 0.057361 0.0250267 0.0250008 0.6003
-0.381057 0.0506727 0.0250271 0.0250009 0.6003
-0.373661 0.0439435 0.0250273 0.025001 0.6003
-0.366288 0.0371892 0.0250273 0.0250011 0.6003
-0.358922 0.0304273 0.025027 0.0250013 0.6003
-0.351546 0.0236769 0.0250264 0.0250014 0.6003
-0.344141 0.0169581 0.0250255 0.0250015 0.6003
-0.336688 0.0102924 0.0250242 0.0250016 0.6003
-0.329168 0.00370256 0.0250224 0.0250017 0.6003
-0.321562 -0.00278783 0.0250203 0.0250017 0.6003
-0.313852 -0.00915402 0.0250177 0.0250018 0.6003
-0.306021 -0.0153703 0.0250146 0.0250018 0.6003
-0.298053 -0.0214103 0.0250112 0.0250018 0.6003
-0.289935 -0.0272468 0.0250074 0.0250018 0.6003
-0.281655 -0.0328522 0.0250032 0.0250018 0.6003
-0.273206 -0.0381985 0.0249987 0.0250017 0.6003
-0.264582 -0.0432579 0.0249939 0.0250016 0.6003
-0.255781 -0.048003 0.024989 0.0250014 0.6003
-0.246804 -0.0524074 0.0249841 0.0250011 0.6003
-0.237657 -0.0564457 0.0249792 0.0250006 0.6003
-0.228346 -0.0600944 0.0249745 0.0250001 0.6003
-0.218885 -0.0633325 0.0249702 0.0249996 0.6003
-0.209287 -0.0661414 0.0249664 0.0249991 0.6003
-0.19957 -0.0685054 0.0249633 0.0249987 0.6003
-0.189752 -0.070412 0.024961 0.0249985 0.6003
-0.179855 -0.0718527 0.0249596 0.0249983 0.6003
-0.169901 -0.0728227 0.0249591 0.0249981 0.6003
-0.159911 -0.0733217 0.0249596 0.024998 0.6003
-0.14991 -0.0733533 0.0249612 0.0249979 0.6003
-0.139917 -0.0729254 0.0249638 0.0249977 0.6003
-0.129954 -0.0720496 0.0249674 0.0249977 0.6003
-0.120038 -0.0707414 0.024972 0.0249976 0.6003
-0.110185 -0.0690197 0.0249774 0.0249976 0.6003
-0.100409 -0.0669063 0.0249836 0.0249976 0.6003
-0.0907197 -0.0644256 0.0249905 0.0249976 0.6003
-0.0811241 -0.0616039 0.0249979 0.0249976 0.6003
-0.0716261 -0.0584695 0.0250058 0.0249977 0.6003
-0.0622264 -0.0550516 0.0250139 0.0249978 0.6003
-0.0529228 -0.0513805 0.0250222 0.0249979 0.6003
-0.0437101 -0.0474868 0.0250305 0.024998 0.6003
-0.034581 -0.0434015 0.0250387 0.0249981 0.6003
-0.0255256 -0.0391554 0.0250467 0.0249982 0.6003
-0.0165326 -0.0347789 0.0250543 0.0249984 0.6003
-0.00758922 -0.0303023 0.0250613 0.0249985 0.6003
0.00131831 -0.0257549 0.0250677 0.0249986 0.6003
0.0102042 -0.0211656 0.0250734 0.0249988 0.6003
0.0190829 -0.0165625 0.0250781 0.0249989 0.6003
0.0279683 -0.011973 0.0250818 0.0249991 0.6003
0.0368742 -0.0074234 0.0250844 0.0249992 0.6003
0.0458131 -0.00293923 0.0250858 0.0249994 0.6003
0.0547964 0.00145496 0.025086 0.0249995 0.6003
0.0638342 0.00573567 0.0250849 0.0249997 0.6003
0.072935 0.00988047 0.0250825 0.0249998 0.6003
0.0821057 0.0138681 0.0250788 0.0249999 0.6003
0.0913513 0.0176785 0.0250739 0.025 0.6003
0.100675 0.0212928 0.0250678 0.0250001 0.6003
0.110079 0.0246937 0.0250606 0.0250002 0.6003
0.119563 0.0278651 0.0250526 0.0250002 0.6003
0.129124 0.0307924 0.0250437 0.0250002 0.6003
0.138761 0.0334625 0.0250343 0.0250002 0.6003
0.148468 0.0358636 0.0250244 0.0250002 0.6003
0.158241 0.0379854 0.0250143 0.0250001 0.6003
0.168071 0.0398192 0.0250042 0.025 0.6003
0.177952 0.0413573 0.0249942 0.0249999 0.6003
0.187875 0.0425936 0.0249846 0.0249998 0.6003
0.197832 0.0435231 0.0249754 0.0249997 0.6003
0.207813 0.044142 0.024967 0.0249996 0.6003
0.217809 0.0444476 0.0249593 0.0249994 0.6003
0.22781 0.0444385 0.0249526 0.0249993 0.6003
0.237805 0.0441144 0.0249469 0.0249991 0.6003
0.247785 0.043476 0.0249423 0.024999 0.6003
0.257741 0.0425252 0.0249389 0.0249988 0.6003
0.267662 0.0412651 0.0249367 0.0249987 0.6003
0.27754 0.0396996 0.0249357 0.0249986 0.6003
0.287366 0.0378337 0.0249361 0.0249985 0.6003
0.297131 0.0356727 0.0249376 0.0249984 0.6003
0.306827 0.0332231 0.0249404 0.0249983 0.6003
0.316448 0.0304918 0.0249443 0.0249982 0.6003
0.325988 0.0274867 0.0249492 0.0249982 0.6003
0.335439 0.0242162 0.0249552 0.0249982 0.6003
0.344798 0.0206897 0.0249621 0.0249982 0.6003
0.354061 0.0169168 0.0249698 0.0249982 0.6003
0.363224 0.0129082 0.0249782 0.0249983 0.6003
0.372285 0.00867498 0.0249872 0.0249983 0.6003
0.381244 0.00422887 0.0249968 0.0249984 0.6003
0.3901 -0.000417718 0.0250069 0.0249985 0.6003
0.398855 -0.00525178 0.0250173 0.0249986 0.6003
0.407512 -0.0102597 0.025028 0.0249988 0.6003
0.416075 -0.0154269 0.0250389 0.0249989 0.6003
0.424549 -0.0207383 0.0250499 0.0249991 0.6003
0.432941 -0.0261774 0.025061 0.0249992 0.6003
0.441261 -0.0317264 0.0250721 0.0249994 0.6003
0.44952 -0.0373649 0.0250832 0.0249996 0.6003
0.457735 -0.0430673 0.0250943 0.0249998 0.6003
0.46595 -0.0487696 0.0251054 0.0249999 0.6003
