-0.416988 0.12046 0.0250431 0.0249999 0.74037
-0.407342 0.117823 0.0250421 0.0249998 0.74037
-0.397762 0.114954 0.0250412 0.0249996 0.74037
-0.388267 0.111813 0.0250403 0.0249994 0.74037
-0.378877 0.108373 0.0250395 0.0249992 0.74037
-0.36961 0.104615 0.0250387 0.024999 0.74037
-0.360482 0.100527 0.025038 0.0249988 0.74037
-0.351512 0.0961042 0.0250374 0.0249987 0.74037
-0.342714 0.0913484 0.025037 0.0249986 0.74037
-0.334101 0.0862655 0.0250366 0.0249987 0.74037
-0.325683 0.0808663 0.0250363 0.0249989 0.74037
-0.317466 0.0751654 0.025036 0.0249992 0.74037
-0.309454 0.0691804 0.0250358 0.0249994 0.74037
-0.301646 0.0629319 0.0250356 0.0249996 0.74037
-0.294038 0.0564425 0.0250353 0.0249999 0.74037
-0.28662 0.0497361 0.0250349 0.0250001 0.74037
-0.27938 0.0428382 0.0250345 0.0250003 0.74037
-0.272302 0.0357748 0.0250338 0.0250006 0.74037
-0.265365 0.0285725 0.025033 0.0250008 0.74037
-0.258547 0.0212582 0.025032 0.025001 0.74037
-0.251822 0.0138589 0.0250307 0.0250011 0.74037
-0.24516 0.00640182 0.0250291 0.0250013 0.74037
-0.238533 -0.00108546 0.0250273 0.0250014 0.74037
-0.231909 -0.00857515 0.0250251 0.0250015 0.74037
-0.225256 -0.0160389 0.0250226 0.0250016 0.74037
-0.218541 -0.0234478 0.0250198 0.0250016 0.74037
-0.211734 -0.030772 0.0250166 0.0250016 0.74037
-0.204806 -0.0379805 0.0250132 0.0250016 0.74037
-0.197726 -0.0450416 0.0250095 0.0250016 0.74037
-0.190472 -0.0519222 0.0250055 0.0250015 0.74037
-0.183019 -0.0585882 0.0250014 0.0250014 0.74037
-0.175351 -0.065005 0.024997 0.0250013 0.74037
-0.167453 -0.0711371 0.0249926 0.0250011 0.74037
-0.159316 -0.0769492 0.0249881 0.0250009 0.74037
-0.150937 -0.0824064 0.0249837 0.0250007 0.74037
-0.142318 -0.087475 0.0249794 0.0250004 0.74037
-0.133464 -0.0921227 0.0249753 0.0250001 0.74037
-0.124387 -0.09632 0.0249715 0.0249998 0.74037
-0.115105 -0.100041 0.0249682 0.0249994 0.74037
-0.105637 -0.103262 0.0249655 0.024999 0.74037
-0.0960085 -0.105966 0.0249635 0.0249986 0.74037
-0.0862463 -0.108139 0.0249623 0.0249982 0.74037
-0.0763792 -0.109774 0.0249621 0.0249978 0.74037
-0.0664372 -0.110868 0.0249629 0.0249974 0.74037
-0.0564504 -0.111421 0.0249648 0.0249971 0.74037
-0.0464479 -0.111443 0.0249677 0.0249968 0.74037
-0.0364577 -0.110944 0.0249716 0.0249965 0.74037
-0.0265051 -0.109942 0.0249766 0.0249963 0.74037
-0.0166129 -0.108458 0.0249824 0.0249961 0.74037
-0.0068003 -0.106514 0.0249891 0.024996 0.74037
0.00291692 -0.104139 0.0249965 0.0249958 0.74037
0.0125269 -0.101361 0.0250046 0.0249957 0.74037
0.0220215 -0.0982113 0.0250131 0.0249957 0.74037
0.0313964 -0.0947213 0.0250219 0.0249956 0.74037
0.040651 -0.0909236 0.0250309 0.0249956 0.74037
0.0497878 -0.0868507 0.0250398 0.0249957 0.74037
0.0588123 -0.0825349 0.0250486 0.0249957 0.74037
0.0677328 -0.078008 0.025057 0.0249958 0.74037
0.0765593 -0.0733008 0.0250649 0.0249959 0.74037
0.085304 -0.0684433 0.0250721 0.0249961 0.74037
0.0939799 -0.0634643 0.0250785 0.0249962 0.74037
0.102601 -0.0583915 0.0250841 0.0249964 0.74037
0.111182 -0.0532515 0.0250887 0.0249965 0.74037
0.119738 -0.0480694 0.0250924 0.0249966 0.74037
0.128283 -0.0428696 0.025095 0.0249968 0.74037
0.136831 -0.0376751 0.0250967 0.0249969 0.74037
0.145395 -0.0325079 0.0250972 0.024997 0.74037
0.153989 -0.0273892 0.0250967 0.0249971 0.74037
0.162622 -0.0223391 0.0250952 0.0249973 0.74037
0.171307 -0.0173769 0.0250927 0.0249974 0.74037
0.180051 -0.0125209 0.0250891 0.0249975 0.74037
0.188863 -0.00778901 0.0250845 0.0249976 0.74037
0.197749 -0.00319811 0.025079 0.0249977 0.74037
0.206714 0.0012354 0.0250726 0.0249978 0.74037
0.215763 0.00549576 0.0250654 0.0249979 0.74037
0.224898 0.00956786 0.0250574 0.024998 0.74037
0.234121 0.0134372 0.0250488 0.0249981 0.74037
0.243432 0.0170899 0.0250397 0.0249982 0.74037
0.252829 0.0205128 0.0250301 0.0249982 0.74037
0.262311 0.0236934 0.0250202 0.0249982 0.74037
0.271875 0.02662 0.0250101 0.0249982 0.74037
0.281516 0.0292818 0.0249999 0.0249983 0.74037
0.291228 0.031669 0.0249895 0.0249983 0.74037
0.301006 0.0337728 0.0249791 0.0249983 0.74037
0.310841 0.0355856 0.0249688 0.0249983 0.74037
0.320727 0.0371012 0.0249585 0.0249983 0.74037
0.330655 0.0383148 0.0249484 0.0249983 0.74037
0.340615 0.0392235 0.0249386 0.0249983 0.74037
0.350598 0.0398261 0.024929 0.0249984 0.74037
0.360595 0.0401227 0.0249198 0.0249984 0.74037
0.370596 0.0401152 0.0249109 0.0249985 0.74037
0.380592 0.0398076 0.0249024 0.0249985 0.74037
0.390575 0.039206 0.0248943 0.0249986 0.74037
0.400537 0.0383191 0.0248866 0.0249987 0.74037
0.41047 0.0371583 0.0248792 0.0249989 0.74037
0.42037 0.0357381 0.0248721 0.024999 0.74037
0.430232 0.0340774 0.0248653 0.0249992 0.74037
0.440055 0.0322 0.0248587 0.0249994 0.74037
0.44984 0.0301374 0.0248523 0.0249996 0.74037
0.459595 0.0279356 0.0248459 0.0249998 0.74037
0.469348 0.0257261 0.0248396 0.0249999 0.74037
