-1.20674 -0.0979339 0.0248291 0.025 2.46123
-1.19974 -0.105069 0.0248443 0.0250001 2.46123
-1.19265 -0.112122 0.0248595 0.0250002 2.46123
-1.18544 -0.119059 0.0248747 0.0250003 2.46123
-1.1781 -0.125846 0.0248897 0.0250003 2.46123
-1.17059 -0.132443 0.0249045 0.0250004 2.46123
-1.16287 -0.138809 0.0249188 0.0250005 2.46123
-1.15494 -0.1449 0.0249327 0.0250006 2.46123
-1.14678 -0.150669 0.0249458 0.0250007 2.46123
-1.13836 -0.156067 0.0249581 0.0250007 2.46123
-1.12969 -0.161043 0.0249694 0.0250008 2.46123
-1.12076 -0.165545 0.0249796 0.0250008 2.46123
-1.11158 -0.169522 0.0249887 0.0250008 2.46123
-1.10218 -0.172924 0.0249965 0.0250007 2.46123
-1.09257 -0.175703 0.025003 0.0250007 2.46123
-1.0828 -0.177815 0.0250083 0.0250006 2.46123
-1.0729 -0.179223 0.0250123 0.0250004 2.46123
-1.06292 -0.179893 0.0250153 0.0250002 2.46123
-1.05292 -0.179803 0.0250174 0.0250001 2.46123
-1.04296 -0.178937 0.0250187 0.0249999 2.46123
-1.0331 -0.177291 0.0250194 0.0249997 2.46123
-1.02339 -0.174869 0.0250197 0.0249995 2.46123
-1.01391 -0.171684 0.0250197 0.0249994 2.46123
-1.00472 -0.167761 0.0250194 0.0249993 2.46123
-0.995852 -0.163131 0.0250191 0.0249992 2.46123
-0.987369 -0.157835 0.0250187 0.0249991 2.46123
-0.979305 -0.151919 0.0250183 0.024999 2.46123
-0.971691 -0.145435 0.0250178 0.024999 2.46123
-0.964546 -0.138437 0.0250175 0.024999 2.46123
-0.957879 -0.130983 0.0250171 0.024999 2.46123
-0.951689 -0.123128 0.0250166 0.024999 2.46123
-0.945965 -0.114927 0.025016 0.024999 2.46123
-0.940686 -0.106434 0.0250152 0.0249991 2.46123
-0.935821 -0.0976955 0.0250142 0.0249992 2.46123
-0.931335 -0.0887576 0.0250127 0.0249993 2.46123
-0.927183 -0.0796598 0.0250107 0.0249994 2.46123
-0.923316 -0.0704376 0.0250081 0.0249996 2.46123
-0.919679 -0.0611219 0.0250048 0.0249997 2.46123
-0.916217 -0.0517402 0.0250007 0.0249998 2.46123
-0.912869 -0.042317 0.0249957 0.025 2.46123
-0.909577 -0.0328747 0.0249896 0.0250001 2.46123
-0.906279 -0.0234344 0.0249825 0.0250003 2.46123
-0.902915 -0.0140174 0.0249742 0.0250005 2.46123
-0.899428 -0.00464567 0.0249647 0.0250006 2.46123
-0.895761 0.00465722 0.0249539 0.0250008 2.46123
-0.891862 0.0138652 0.0249419 0.0250009 2.46123
-0.887683 0.0229493 0.0249287 0.025001 2.46123
-0.883181 0.0318774 0.0249144 0.0250011 2.46123
-0.878317 0.0406139 0.0248991 0.0250011 2.46123
-0.873061 0.0491201 0.024883 0.0250012 2.46123
-0.867389 0.0573545 0.0248662 0.0250012 2.46123
-0.861284 0.0652734 0.0248489 0.0250011 2.46123
-0.854737 0.0728316 0.0248313 0.0250011 2.46123
-0.84775 0.0799838 0.0248136 0.025001 2.46123
-0.840328 0.086685 0.024796 0.0250009 2.46123
-0.832489 0.0928922 0.0247787 0.0250007 2.46123
-0.824254 0.098565 0.024762 0.0250006 2.46123
-0.815654 0.103667 0.0247461 0.0250003 2.46123
-0.806724 0.108166 0.0247313 0.0250001 2.46123
-0.797503 0.112037 0.024718 0.0249997 2.46123
-0.788035 0.115258 0.0247063 0.0249994 2.46123
-0.778367 0.117814 0.0246964 0.0249991 2.46123
-0.768545 0.119698 0.0246886 0.0249988 2.46123
-0.758618 0.120907 0.0246828 0.0249985 2.46123
-0.748631 0.121445 0.0246792 0.0249982 2.46123
-0.73863 0.12132 0.0246776 0.024998 2.46123
-0.728658 0.120546 0.024678 0.0249978 2.46123
-0.718756 0.11914 0.0246805 0.0249976 2.46123
-0.708959 0.117125 0.0246849 0.0249974 2.46123
-0.699301 0.114525 0.0246914 0.0249973 2.46123
-0.68981 0.111365 0.0246999 0.0249971 2.46123
-0.680514 0.107674 0.0247104 0.024997 2.46123
-0.671433 0.10348 0.024723 0.0249969 2.46123
-0.662587 0.0988111 0.0247375 0.0249968 2.46123
-0.653991 0.0936973 0.0247539 0.0249967 2.46123
-0.645655 0.0881679 0.0247722 0.0249966 2.46123
-0.63759 0.0822521 0.0247922 0.0249964 2.46123
-0.629798 0.0759786 0.0248137 0.0249963 2.46123
-0.622284 0.0693758 0.0248364 0.0249963 2.46123
-0.615047 0.062471 0.0248601 0.0249962 2.46123
-0.608082 0.0552908 0.0248843 0.0249963 2.46123
-0.601385 0.0478607 0.0249086 0.0249963 2.46123
-0.594947 0.0402049 0.0249326 0.0249965 2.46123
-0.588758 0.0323465 0.0249559 0.0249967 2.46123
-0.582807 0.024307 0.0249781 0.0249969 2.46123
-0.57708 0.0161067 0.0249987 0.0249972 2.46123
-0.571562 0.00776464 0.0250176 0.0249976 2.46123
-0.566237 -0.000701745 0.0250344 0.0249979 2.46123
-0.561088 -0.00927615 0.0250491 0.0249983 2.46123
-0.556098 -0.0179437 0.0250615 0.0249986 2.46123
-0.551249 -0.0266906 0.0250717 0.0249989 2.46123
-0.546523 -0.0355042 0.0250798 0.0249992 2.46123
-0.541901 -0.0443724 0.0250862 0.0249994 2.46123
-0.537362 -0.0532835 0.025091 0.0249996 2.46123
-0.532888 -0.0622272 0.0250947 0.0249997 2.46123
-0.52846 -0.0711934 0.0250974 0.0249998 2.46123
-0.524059 -0.0801733 0.0250997 0.0249999 2.46123
-0.519671 -0.0891589 0.0251016 0.0249999 2.46123
-0.515281 -0.0981438 0.0251035 0.0249999 2.46123
-0.51088 -0.107124 0.0251055 0.025 2.46123
-0.506478 -0.116102 0.0251075 0.025 2.46123
