-1.1592 -0.158208 0.0247648 0.0250001 2.38119
-1.15002 -0.162186 0.0247747 0.0250001 2.38119
-1.14075 -0.165931 0.0247846 0.0250003 2.38119
-1.13136 -0.169381 0.0247945 0.0250004 2.38119
-1.12185 -0.172476 0.0248045 0.0250005 2.38119
-1.11222 -0.175162 0.0248146 0.0250005 2.38119
-1.10247 -0.177385 0.0248247 0.0250006 2.38119
-1.09262 -0.179095 0.024835 0.0250006 2.38119
-1.08269 -0.180248 0.0248454 0.0250006 2.38119
-1.0727 -0.180802 0.024856 0.0250005 2.38119
-1.0627 -0.180723 0.0248669 0.0250005 2.38119
-1.05273 -0.179984 0.0248781 0.0250004 2.38119
-1.04283 -0.178564 0.0248897 0.0250003 2.38119
-1.03306 -0.176453 0.0249016 0.0250002 2.38119
-1.02346 -0.173647 0.0249139 0.0250001 2.38119
-1.01409 -0.170153 0.0249266 0.025 2.38119
-1.005 -0.165987 0.0249396 0.0249999 2.38119
-0.996236 -0.161173 0.0249529 0.0249998 2.38119
-0.98784 -0.15574 0.0249662 0.0249998 2.38119
-0.979849 -0.149728 0.0249795 0.0249998 2.38119
-0.972292 -0.143178 0.0249926 0.0249998 2.38119
-0.965189 -0.13614 0.0250053 0.0249998 2.38119
-0.95855 -0.128661 0.0250173 0.0249999 2.38119
-0.952379 -0.120792 0.0250286 0.025 2.38119
-0.946667 -0.112584 0.0250388 0.0250001 2.38119
-0.941398 -0.104085 0.0250478 0.0250003 2.38119
-0.936548 -0.0953403 0.0250553 0.0250004 2.38119
-0.932084 -0.0863924 0.0250611 0.0250006 2.38119
-0.927967 -0.07728 0.0250651 0.0250008 2.38119
-0.924151 -0.0680376 0.0250671 0.025001 2.38119
-0.920585 -0.0586957 0.025067 0.0250012 2.38119
-0.917216 -0.0492815 0.0250647 0.0250014 2.38119
-0.913985 -0.0398191 0.0250601 0.0250016 2.38119
-0.910833 -0.0303303 0.0250533 0.0250018 2.38119
-0.907699 -0.0208359 0.0250442 0.025002 2.38119
-0.904521 -0.0113562 0.0250329 0.0250022 2.38119
-0.901237 -0.0019124 0.0250196 0.0250023 2.38119
-0.89779 0.00747265 0.0250043 0.0250024 2.38119
-0.894122 0.0167735 0.0249874 0.0250025 2.38119
-0.89018 0.0259615 0.0249689 0.0250025 2.38119
-0.885915 0.035004 0.0249492 0.0250025 2.38119
-0.881283 0.0438643 0.0249286 0.0250024 2.38119
-0.876247 0.0525016 0.0249074 0.0250024 2.38119
-0.870778 0.0608715 0.0248859 0.0250022 2.38119
-0.864855 0.0689259 0.0248645 0.025002 2.38119
-0.858463 0.0766149 0.0248436 0.0250018 2.38119
-0.851601 0.0838869 0.0248235 0.0250016 2.38119
-0.844274 0.0906904 0.0248045 0.0250013 2.38119
-0.836497 0.0969754 0.0247869 0.0250009 2.38119
-0.828295 0.102695 0.0247711 0.0250006 2.38119
-0.819699 0.107805 0.0247572 0.0250002 2.38119
-0.810751 0.112269 0.0247455 0.0249998 2.38119
-0.801495 0.116055 0.0247361 0.0249994 2.38119
-0.791982 0.119139 0.0247291 0.024999 2.38119
-0.782265 0.121506 0.0247247 0.0249986 2.38119
-0.772399 0.123147 0.0247228 0.0249982 2.38119
-0.76244 0.124063 0.0247233 0.0249978 2.38119
-0.75244 0.12426 0.0247264 0.0249974 2.38119
-0.74245 0.123755 0.0247317 0.024997 2.38119
-0.732518 0.122568 0.0247393 0.0249966 2.38119
-0.722687 0.120725 0.0247489 0.0249963 2.38119
-0.712993 0.118258 0.0247605 0.024996 2.38119
-0.703468 0.1152 0.0247737 0.0249957 2.38119
-0.694139 0.111589 0.0247885 0.0249955 2.38119
-0.685026 0.107462 0.0248046 0.0249953 2.38119
-0.676145 0.102859 0.0248217 0.0249951 2.38119
-0.667505 0.0978156 0.0248396 0.024995 2.38119
-0.659113 0.0923707 0.0248579 0.024995 2.38119
-0.650969 0.0865596 0.0248764 0.024995 2.38119
-0.643074 0.0804164 0.0248946 0.024995 2.38119
-0.635421 0.0739732 0.0249124 0.0249951 2.38119
-0.628004 0.0672603 0.0249294 0.0249952 2.38119
-0.620813 0.0603057 0.0249453 0.0249953 2.38119
-0.613837 0.0531356 0.0249598 0.0249954 2.38119
-0.607063 0.0457746 0.0249727 0.0249956 2.38119
-0.600477 0.0382451 0.0249837 0.0249958 2.38119
-0.594064 0.0305681 0.0249926 0.024996 2.38119
-0.587807 0.0227633 0.0249993 0.0249962 2.38119
-0.58169 0.0148486 0.0250035 0.0249964 2.38119
-0.575695 0.00684097 0.0250052 0.0249966 2.38119
-0.569806 -0.00124388 0.0250043 0.0249968 2.38119
-0.564003 -0.00939117 0.0250008 0.0249971 2.38119
-0.55827 -0.017587 0.0249945 0.0249973 2.38119
-0.552588 -0.0258183 0.0249856 0.0249975 2.38119
-0.546939 -0.0340726 0.0249741 0.0249977 2.38119
-0.541307 -0.0423379 0.0249601 0.0249979 2.38119
-0.535675 -0.0506029 0.0249436 0.0249981 2.38119
-0.530027 -0.0588569 0.0249249 0.0249982 2.38119
-0.524347 -0.0670889 0.0249041 0.0249984 2.38119
-0.51862 -0.0752884 0.0248815 0.0249986 2.38119
-0.512833 -0.0834451 0.0248571 0.0249987 2.38119
-0.506973 -0.0915492 0.0248312 0.0249989 2.38119
-0.501028 -0.0995913 0.0248041 0.024999 2.38119
-0.49499 -0.107563 0.0247758 0.0249991 2.38119
-0.488849 -0.115456 0.0247467 0.0249993 2.38119
-0.482602 -0.123266 0.024717 0.0249994 2.38119
-0.476248 -0.130988 0.0246867 0.0249995 2.38119
-0.469788 -0.138622 0.024656 0.0249996 2.38119
-0.463231 -0.146172 0.0246251 0.0249997 2.38119
-0.456595 -0.153653 0.0245941 0.0249999 2.38119
-0.449953 -0.161129 0.0245631 0.0249999 2.38119
