-0.737155 0.114063 0.0250359 0.0250001 1.70085
-0.728656 0.108794 0.0250369 0.0250001 1.70085
-0.72032 0.10327 0.0250379 0.0250002 1.70085
-0.712184 0.0974565 0.025039 0.0250004 1.70085
-0.704277 0.0913343 0.0250402 0.0250005 1.70085
-0.696626 0.0848962 0.0250414 0.0250006 1.70085
-0.68925 0.0781446 0.0250427 0.0250008 1.70085
-0.682164 0.0710892 0.0250439 0.0250009 1.70085
-0.675378 0.0637459 0.025045 0.0250011 1.70085
-0.668892 0.0561351 0.0250461 0.0250013 1.70085
-0.662705 0.0482805 0.0250469 0.0250014 1.70085
-0.656805 0.040208 0.0250474 0.0250016 1.70085
-0.651176 0.0319448 0.0250476 0.0250018 1.70085
-0.645794 0.0235185 0.0250473 0.025002 1.70085
-0.64063 0.0149567 0.0250465 0.0250022 1.70085
-0.635651 0.00628647 0.0250452 0.0250024 1.70085
-0.630818 -0.00246561 0.0250433 0.0250026 1.70085
-0.626087 -0.0112735 0.0250408 0.0250028 1.70085
-0.621414 -0.0201115 0.0250377 0.025003 1.70085
-0.616748 -0.0289536 0.0250339 0.0250031 1.70085
-0.61204 -0.0377732 0.0250295 0.0250033 1.70085
-0.607239 -0.0465424 0.0250246 0.0250034 1.70085
-0.602295 -0.0552313 0.0250193 0.0250034 1.70085
-0.597157 -0.0638071 0.0250135 0.0250035 1.70085
-0.591778 -0.072234 0.0250075 0.0250035 1.70085
-0.586115 -0.0804725 0.0250014 0.0250034 1.70085
-0.580128 -0.0884789 0.0249952 0.0250034 1.70085
-0.573784 -0.0962054 0.0249892 0.0250032 1.70085
-0.567056 -0.103601 0.0249835 0.025003 1.70085
-0.559927 -0.11061 0.0249782 0.0250028 1.70085
-0.552387 -0.117175 0.0249735 0.0250025 1.70085
-0.544438 -0.123239 0.0249696 0.0250022 1.70085
-0.53609 -0.128742 0.0249665 0.0250019 1.70085
-0.527366 -0.133628 0.0249643 0.0250015 1.70085
-0.518299 -0.137842 0.0249631 0.0250011 1.70085
-0.50893 -0.141337 0.0249629 0.0250006 1.70085
-0.499312 -0.144072 0.0249637 0.0250001 1.70085
-0.489502 -0.146014 0.0249654 0.0249996 1.70085
-0.479565 -0.147141 0.0249681 0.0249991 1.70085
-0.469569 -0.147442 0.0249718 0.0249985 1.70085
-0.459581 -0.146916 0.0249763 0.024998 1.70085
-0.44967 -0.145573 0.0249817 0.0249974 1.70085
-0.439898 -0.143436 0.0249879 0.0249969 1.70085
-0.430326 -0.140535 0.0249949 0.0249965 1.70085
-0.421003 -0.136909 0.0250026 0.0249961 1.70085
-0.411974 -0.132603 0.0250109 0.0249957 1.70085
-0.403273 -0.127668 0.0250195 0.0249955 1.70085
-0.394924 -0.122157 0.0250284 0.0249953 1.70085
-0.386942 -0.116126 0.0250373 0.0249952 1.70085
-0.379334 -0.109631 0.0250461 0.0249952 1.70085
-0.372096 -0.102725 0.0250545 0.0249952 1.70085
-0.365217 -0.0954611 0.0250625 0.0249952 1.70085
-0.35868 -0.087889 0.0250699 0.0249953 1.70085
-0.352459 -0.0800546 0.0250765 0.0249954 1.70085
-0.346526 -0.0720001 0.0250823 0.0249955 1.70085
-0.340848 -0.0637643 0.0250872 0.0249957 1.70085
-0.335389 -0.0553822 0.0250911 0.0249958 1.70085
-0.330109 -0.0468854 0.025094 0.0249959 1.70085
-0.324971 -0.0383029 0.0250958 0.0249961 1.70085
-0.319933 -0.0296609 0.0250965 0.0249962 1.70085
-0.314957 -0.0209836 0.0250961 0.0249963 1.70085
-0.310003 -0.0122935 0.0250946 0.0249964 1.70085
-0.305034 -0.00361242 0.0250918 0.0249966 1.70085
-0.300013 0.00503891 0.0250878 0.0249968 1.70085
-0.294907 0.0136401 0.0250825 0.0249969 1.70085
-0.289684 0.0221707 0.0250759 0.024997 1.70085
-0.284316 0.0306102 0.0250679 0.0249972 1.70085
-0.278776 0.0389379 0.0250586 0.0249973 1.70085
-0.27304 0.0471324 0.025048 0.0249974 1.70085
-0.26709 0.0551721 0.0250362 0.0249975 1.70085
-0.260908 0.0630346 0.0250231 0.0249977 1.70085
-0.25448 0.0706974 0.0250089 0.0249977 1.70085
-0.247796 0.0781373 0.0249936 0.0249978 1.70085
-0.240847 0.0853308 0.0249773 0.0249979 1.70085
-0.233629 0.0922543 0.0249601 0.0249979 1.70085
-0.22614 0.0988842 0.0249422 0.0249979 1.70085
-0.218383 0.105197 0.0249235 0.024998 1.70085
-0.210361 0.11117 0.0249042 0.024998 1.70085
-0.202081 0.116781 0.0248844 0.024998 1.70085
-0.193555 0.122009 0.0248641 0.024998 1.70085
-0.184793 0.126833 0.0248434 0.024998 1.70085
-0.175813 0.131235 0.0248226 0.024998 1.70085
-0.166631 0.1352 0.0248017 0.024998 1.70085
-0.157267 0.138713 0.0247808 0.024998 1.70085
-0.147741 0.141762 0.0247601 0.024998 1.70085
-0.138077 0.144338 0.0247397 0.024998 1.70085
-0.128298 0.146437 0.0247199 0.024998 1.70085
-0.118428 0.148054 0.0247007 0.0249979 1.70085
-0.108491 0.149192 0.0246822 0.024998 1.70085
-0.0985116 0.149853 0.0246646 0.024998 1.70085
-0.0885119 0.150045 0.0246479 0.0249981 1.70085
-0.078514 0.14978 0.0246321 0.0249982 1.70085
-0.0685377 0.14907 0.0246172 0.0249983 1.70085
-0.0586009 0.147937 0.0246032 0.0249984 1.70085
-0.0487182 0.146401 0.02459 0.0249986 1.70085
-0.0389012 0.144491 0.0245775 0.0249988 1.70085
-0.0291571 0.142239 0.0245656 0.024999 1.70085
-0.0194881 0.139685 0.0245542 0.0249992 1.70085
-0.00988999 0.136877 0.0245431 0.0249994 1.70085
-0.000349042 0.13388 0.0245323 0.0249997 1.70085
0.00918807 0.130873 0.0245215 0.0249999 1.70085
