-1.54853 -0.134356 0.0250615 0.0250001 3.10155
-1.54347 -0.125727 0.0250546 0.0250002 3.10155
-1.53856 -0.117016 0.0250478 0.0250003 3.10155
-1.53381 -0.108219 0.025041 0.0250005 3.10155
-1.52921 -0.0993398 0.0250342 0.0250007 3.10155
-1.52476 -0.0903859 0.0250275 0.0250008 3.10155
-1.52044 -0.0813682 0.0250208 0.025001 3.10155
-1.51623 -0.0722994 0.0250141 0.0250012 3.10155
-1.51209 -0.0631941 0.0250075 0.0250013 3.10155
-1.50801 -0.0540678 0.025001 0.0250015 3.10155
-1.50393 -0.0449374 0.0249945 0.0250016 3.10155
-1.49983 -0.0358211 0.024988 0.0250017 3.10155
-1.49564 -0.0267389 0.0249817 0.0250019 3.10155
-1.49134 -0.0177125 0.0249754 0.0250019 3.10155
-1.48688 -0.0087663 0.0249692 0.025002 3.10155
-1.48221 7.21442e-05 0.0249631 0.0250021 3.10155
-1.47728 0.00877188 0.0249572 0.0250021 3.10155
-1.47206 0.017298 0.0249516 0.0250021 3.10155
-1.4665 0.0256113 0.0249462 0.0250021 3.10155
-1.46058 0.0336683 0.0249413 0.025002 3.10155
-1.45427 0.0414215 0.024937 0.0250019 3.10155
-1.44754 0.0488191 0.0249333 0.0250018 3.10155
-1.44039 0.0558057 0.0249305 0.0250017 3.10155
-1.43281 0.0623238 0.0249285 0.0250016 3.10155
-1.4248 0.0683143 0.0249274 0.0250015 3.10155
-1.41639 0.0737184 0.0249275 0.0250014 3.10155
-1.40759 0.0784789 0.0249286 0.0250013 3.10155
-1.39846 0.0825423 0.024931 0.0250011 3.10155
-1.38903 0.0858607 0.0249344 0.025001 3.10155
-1.37935 0.0883931 0.0249391 0.0250008 3.10155
-1.3695 0.0901077 0.0249448 0.0250007 3.10155
-1.35954 0.0909827 0.0249514 0.0250006 3.10155
-1.34954 0.0910075 0.024959 0.0250005 3.10155
-1.33958 0.0901833 0.0249673 0.0250003 3.10155
-1.32971 0.0885226 0.0249761 0.0250002 3.10155
-1.32003 0.0860492 0.0249853 0.0250001 3.10155
-1.31057 0.0827968 0.0249945 0.025 3.10155
-1.3014 0.0788079 0.0250037 0.025 3.10155
-1.29256 0.0741318 0.0250124 0.0249999 3.10155
-1.28408 0.0688237 0.0250205 0.0249998 3.10155
-1.276 0.0629423 0.0250279 0.0249996 3.10155
-1.26831 0.0565479 0.0250345 0.0249995 3.10155
-1.26102 0.0497009 0.02504 0.0249994 3.10155
-1.25412 0.0424603 0.0250446 0.0249993 3.10155
-1.24759 0.0348824 0.0250481 0.0249993 3.10155
-1.24141 0.0270203 0.0250505 0.0249992 3.10155
-1.23554 0.0189233 0.025052 0.0249992 3.10155
-1.22995 0.0106361 0.0250524 0.0249992 3.10155
-1.22458 0.00219977 0.0250519 0.0249992 3.10155
-1.21939 -0.00634878 0.0250504 0.0249993 3.10155
-1.21433 -0.0149757 0.025048 0.0249994 3.10155
-1.20935 -0.0236497 0.0250446 0.0249995 3.10155
-1.20441 -0.0323414 0.0250404 0.0249997 3.10155
-1.19944 -0.0410228 0.0250352 0.0249998 3.10155
-1.19441 -0.0496662 0.0250292 0.025 3.10155
-1.18927 -0.058244 0.0250222 0.0250002 3.10155
-1.18398 -0.0667279 0.0250143 0.0250003 3.10155
-1.17849 -0.0750889 0.0250054 0.0250005 3.10155
-1.17278 -0.0832967 0.0249956 0.0250007 3.10155
-1.16681 -0.0913198 0.0249847 0.0250009 3.10155
-1.16056 -0.0991253 0.0249727 0.0250011 3.10155
-1.15401 -0.106679 0.0249596 0.0250013 3.10155
-1.14715 -0.113948 0.0249454 0.0250015 3.10155
-1.13996 -0.120895 0.0249301 0.0250016 3.10155
-1.13244 -0.127486 0.0249137 0.0250018 3.10155
-1.12459 -0.133686 0.0248963 0.025002 3.10155
-1.11643 -0.139462 0.024878 0.0250021 3.10155
-1.10797 -0.144782 0.0248589 0.0250022 3.10155
-1.09921 -0.149615 0.0248393 0.0250022 3.10155
-1.0902 -0.153933 0.0248194 0.0250023 3.10155
-1.08094 -0.157712 0.0247994 0.0250022 3.10155
-1.07147 -0.160928 0.0247796 0.0250022 3.10155
-1.06183 -0.163564 0.0247602 0.0250021 3.10155
-1.05204 -0.165603 0.0247417 0.025002 3.10155
-1.04214 -0.167034 0.0247243 0.0250018 3.10155
-1.03218 -0.167849 0.0247083 0.0250016 3.10155
-1.02218 -0.168043 0.0246939 0.0250014 3.10155
-1.01219 -0.167618 0.0246814 0.0250011 3.10155
-1.00225 -0.166577 0.024671 0.0250009 3.10155
-0.992385 -0.164927 0.0246629 0.0250006 3.10155
-0.982641 -0.162681 0.0246573 0.0250003 3.10155
-0.97305 -0.159854 0.0246543 0.025 3.10155
-0.963642 -0.156464 0.024654 0.0249997 3.10155
-0.954446 -0.152532 0.0246565 0.0249995 3.10155
-0.94549 -0.148083 0.0246618 0.0249992 3.10155
-0.936795 -0.143143 0.0246699 0.024999 3.10155
-0.928379 -0.13774 0.0246808 0.0249988 3.10155
-0.920259 -0.131902 0.0246943 0.0249987 3.10155
-0.912444 -0.12566 0.0247104 0.0249986 3.10155
-0.904943 -0.119046 0.0247287 0.0249985 3.10155
-0.897757 -0.11209 0.0247493 0.0249984 3.10155
-0.890884 -0.104824 0.0247717 0.0249984 3.10155
-0.88432 -0.0972789 0.0247959 0.0249985 3.10155
-0.878053 -0.0894847 0.0248215 0.0249985 3.10155
-0.872069 -0.0814715 0.0248482 0.0249986 3.10155
-0.866348 -0.0732681 0.0248759 0.0249988 3.10155
-0.860867 -0.064903 0.0249043 0.024999 3.10155
-0.855596 -0.0564041 0.0249331 0.0249992 3.10155
-0.850499 -0.0478003 0.0249621 0.0249994 3.10155
-0.845526 -0.0391237 0.0249912 0.0249997 3.10155
-0.840561 -0.0304436 0.0250202 0.0249999 3.10155
