-0.626856 -0.0470749 0.0248633 0.025 1.48074
-0.620282 -0.0546105 0.0248759 0.0250001 1.48074
-0.61365 -0.0620948 0.0248886 0.0250002 1.48074
-0.606932 -0.0695018 0.0249012 0.0250002 1.48074
-0.600099 -0.0768025 0.0249137 0.0250003 1.48074
-0.59312 -0.0839642 0.024926 0.0250004 1.48074
-0.585967 -0.0909513 0.024938 0.0250005 1.48074
-0.57861 -0.0977245 0.0249495 0.0250006 1.48074
-0.571026 -0.104242 0.0249604 0.0250006 1.48074
-0.563194 -0.110457 0.0249705 0.0250007 1.48074
-0.555096 -0.116324 0.0249796 0.0250007 1.48074
-0.546723 -0.121791 0.0249877 0.0250007 1.48074
-0.538072 -0.126806 0.0249946 0.0250007 1.48074
-0.529149 -0.131318 0.0250002 0.0250007 1.48074
-0.519965 -0.135274 0.0250045 0.0250006 1.48074
-0.510544 -0.138625 0.0250075 0.0250005 1.48074
-0.500915 -0.141323 0.0250091 0.0250004 1.48074
-0.491118 -0.143326 0.0250096 0.0250002 1.48074
-0.481199 -0.144597 0.0250089 0.025 1.48074
-0.471212 -0.145109 0.0250074 0.0249998 1.48074
-0.461216 -0.144841 0.0250052 0.0249996 1.48074
-0.451272 -0.14378 0.0250026 0.0249994 1.48074
-0.441444 -0.141927 0.0249997 0.0249992 1.48074
-0.431797 -0.13929 0.0249968 0.024999 1.48074
-0.422393 -0.135887 0.0249939 0.0249988 1.48074
-0.41329 -0.131746 0.0249912 0.0249987 1.48074
-0.404539 -0.126905 0.0249888 0.0249986 1.48074
-0.396185 -0.121406 0.0249868 0.0249985 1.48074
-0.388264 -0.1153 0.0249852 0.0249984 1.48074
-0.380802 -0.108641 0.024984 0.0249984 1.48074
-0.373814 -0.101486 0.0249832 0.0249984 1.48074
-0.367305 -0.0938922 0.0249828 0.0249984 1.48074
-0.361271 -0.0859167 0.0249828 0.0249984 1.48074
-0.355694 -0.0776143 0.0249829 0.0249985 1.48074
-0.350552 -0.0690366 0.0249832 0.0249985 1.48074
-0.34581 -0.0602312 0.0249834 0.0249986 1.48074
-0.341428 -0.0512409 0.0249835 0.0249987 1.48074
-0.337361 -0.0421042 0.0249833 0.0249988 1.48074
-0.333557 -0.0328553 0.0249828 0.0249989 1.48074
-0.329959 -0.0235239 0.0249817 0.024999 1.48074
-0.326511 -0.0141365 0.02498 0.0249992 1.48074
-0.323152 -0.00471691 0.0249776 0.0249993 1.48074
-0.319822 0.004713 0.0249744 0.0249995 1.48074
-0.316462 0.014132 0.0249703 0.0249996 1.48074
-0.313013 0.0235186 0.0249651 0.0249998 1.48074
-0.309419 0.0328504 0.0249589 0.0249999 1.48074
-0.305625 0.0421029 0.0249516 0.0250001 1.48074
-0.301582 0.0512492 0.0249431 0.0250002 1.48074
-0.297245 0.0602593 0.0249335 0.0250003 1.48074
-0.292573 0.0691005 0.0249227 0.0250004 1.48074
-0.287532 0.0777363 0.0249108 0.0250006 1.48074
-0.282094 0.086128 0.0248978 0.0250006 1.48074
-0.276239 0.0942341 0.0248838 0.0250007 1.48074
-0.269954 0.102011 0.024869 0.0250007 1.48074
-0.263234 0.109416 0.0248535 0.0250007 1.48074
-0.256082 0.116404 0.0248375 0.0250006 1.48074
-0.248507 0.122933 0.0248213 0.0250006 1.48074
-0.240529 0.128961 0.0248051 0.0250004 1.48074
-0.232171 0.13445 0.0247893 0.0250003 1.48074
-0.223464 0.139368 0.0247739 0.0250001 1.48074
-0.214443 0.143683 0.0247593 0.0249999 1.48074
-0.205148 0.147372 0.0247455 0.0249997 1.48074
-0.195622 0.150416 0.0247328 0.0249995 1.48074
-0.18591 0.152802 0.0247213 0.0249993 1.48074
-0.176059 0.154522 0.024711 0.0249991 1.48074
-0.166113 0.155574 0.024702 0.0249989 1.48074
-0.15612 0.155962 0.0246945 0.0249987 1.48074
-0.146123 0.155695 0.0246885 0.0249985 1.48074
-0.136163 0.154785 0.0246843 0.0249983 1.48074
-0.12628 0.153249 0.0246819 0.0249981 1.48074
-0.11651 0.151108 0.0246815 0.0249979 1.48074
-0.106886 0.148384 0.0246833 0.0249977 1.48074
-0.0974385 0.145102 0.0246874 0.0249975 1.48074
-0.0881926 0.141287 0.0246939 0.0249974 1.48074
-0.0791716 0.136967 0.0247028 0.0249972 1.48074
-0.0703948 0.132169 0.0247142 0.024997 1.48074
-0.0618782 0.126924 0.0247279 0.0249968 1.48074
-0.0536341 0.121259 0.024744 0.0249967 1.48074
-0.0456717 0.115205 0.0247623 0.0249965 1.48074
-0.0379968 0.10879 0.0247824 0.0249964 1.48074
-0.0306122 0.102043 0.0248041 0.0249964 1.48074
-0.0235175 0.094991 0.0248271 0.0249964 1.48074
-0.0167098 0.0876622 0.0248509 0.0249964 1.48074
-0.0101831 0.080082 0.0248752 0.0249965 1.48074
-0.0039295 0.0722752 0.0248994 0.0249967 1.48074
0.00206145 0.0642653 0.0249233 0.0249969 1.48074
0.007802 0.0560743 0.0249464 0.0249972 1.48074
0.0133062 0.0477229 0.0249685 0.0249975 1.48074
0.0185896 0.0392304 0.0249892 0.0249978 1.48074
0.0236689 0.0306146 0.0250085 0.0249982 1.48074
0.0285621 0.021892 0.0250261 0.0249985 1.48074
0.0332877 0.0130779 0.0250422 0.0249988 1.48074
0.0378647 0.00418588 0.0250566 0.0249991 1.48074
0.042313 -0.00477092 0.0250696 0.0249994 1.48074
0.0466533 -0.0137803 0.0250815 0.0249996 1.48074
0.0509066 -0.022831 0.0250924 0.0249998 1.48074
0.0550935 -0.0319124 0.0251026 0.0249998 1.48074
0.0592342 -0.041015 0.0251125 0.0249999 1.48074
0.063347 -0.0501301 0.0251223 0.0249999 1.48074
0.0674479 -0.0592506 0.0251322 0.025 1.48074
0.0715501 -0.0683705 0.0251421 0.025 1.48074
