-2.45893 -0.0204692 0.0250013 0.0250001 4.64232
-2.45207 -0.0277433 0.0250025 0.0250002 4.64232
-2.44538 -0.0351749 0.0250038 0.0250003 4.64232
-2.43888 -0.042779 0.0250051 0.0250005 4.64232
-2.4326 -0.0505592 0.0250064 0.0250006 4.64232
-2.42654 -0.0585111 0.0250079 0.0250008 4.64232
-2.42069 -0.0666244 0.0250093 0.0250009 4.64232
-2.41506 -0.0748849 0.0250107 0.0250011 4.64232
-2.40962 -0.0832754 0.0250121 0.0250012 4.64232
-2.40436 -0.0917766 0.0250134 0.0250014 4.64232
-2.39924 -0.100368 0.0250144 0.0250015 4.64232
-2.39424 -0.109028 0.0250151 0.0250017 4.64232
-2.38933 -0.117734 0.0250154 0.0250019 4.64232
-2.38445 -0.126464 0.0250152 0.0250021 4.64232
-2.37958 -0.135193 0.0250144 0.0250022 4.64232
-2.37466 -0.143897 0.025013 0.0250024 4.64232
-2.36965 -0.152549 0.0250109 0.0250026 4.64232
-2.3645 -0.16112 0.0250081 0.0250027 4.64232
-2.35917 -0.169578 0.0250048 0.0250028 4.64232
-2.35361 -0.177889 0.0250011 0.0250028 4.64232
-2.34779 -0.186014 0.0249971 0.0250028 4.64232
-2.34166 -0.193912 0.024993 0.0250028 4.64232
-2.33519 -0.201536 0.0249891 0.0250027 4.64232
-2.32836 -0.208836 0.0249855 0.0250026 4.64232
-2.32114 -0.215758 0.0249825 0.0250025 4.64232
-2.31353 -0.222244 0.0249803 0.0250024 4.64232
-2.30553 -0.228236 0.0249789 0.0250022 4.64232
-2.29714 -0.233675 0.0249785 0.025002 4.64232
-2.28838 -0.238502 0.0249792 0.0250018 4.64232
-2.27929 -0.242661 0.0249811 0.0250016 4.64232
-2.2699 -0.246101 0.024984 0.0250013 4.64232
-2.26027 -0.248776 0.0249881 0.0250011 4.64232
-2.25045 -0.25065 0.0249931 0.0250009 4.64232
-2.2405 -0.251695 0.024999 0.0250007 4.64232
-2.2305 -0.251895 0.0250056 0.0250005 4.64232
-2.22053 -0.251245 0.0250128 0.0250003 4.64232
-2.21064 -0.24975 0.0250203 0.0250001 4.64232
-2.20091 -0.247428 0.0250279 0.025 4.64232
-2.19141 -0.244309 0.0250354 0.0249998 4.64232
-2.18219 -0.240429 0.0250426 0.0249996 4.64232
-2.17331 -0.235836 0.0250495 0.0249994 4.64232
-2.1648 -0.230583 0.0250559 0.0249992 4.64232
-2.15669 -0.224727 0.0250619 0.0249989 4.64232
-2.14901 -0.218328 0.0250674 0.0249988 4.64232
-2.14175 -0.211447 0.0250726 0.0249986 4.64232
-2.13492 -0.204144 0.0250774 0.0249985 4.64232
-2.1285 -0.196475 0.0250818 0.0249984 4.64232
-2.12247 -0.188494 0.0250857 0.0249984 4.64232
-2.11681 -0.180251 0.0250893 0.0249984 4.64232
-2.11147 -0.171791 0.0250924 0.0249984 4.64232
-2.10643 -0.163155 0.025095 0.0249984 4.64232
-2.10163 -0.15438 0.025097 0.0249984 4.64232
-2.09703 -0.145499 0.0250982 0.0249985 4.64232
-2.09258 -0.136542 0.0250987 0.0249985 4.64232
-2.08824 -0.127534 0.0250983 0.0249986 4.64232
-2.08395 -0.1185 0.0250967 0.0249987 4.64232
-2.07966 -0.109464 0.0250938 0.0249989 4.64232
-2.07533 -0.100447 0.0250895 0.024999 4.64232
-2.07092 -0.0914721 0.0250836 0.0249992 4.64232
-2.06638 -0.082561 0.0250759 0.0249994 4.64232
-2.06168 -0.0737368 0.0250663 0.0249996 4.64232
-2.05677 -0.0650233 0.0250547 0.0249999 4.64232
-2.05163 -0.0564458 0.025041 0.0250001 4.64232
-2.04623 -0.0480302 0.0250252 0.0250003 4.64232
-2.04054 -0.0398041 0.0250075 0.0250005 4.64232
-2.03455 -0.0317959 0.0249878 0.0250007 4.64232
-2.02825 -0.0240347 0.0249664 0.0250009 4.64232
-2.02162 -0.0165503 0.0249435 0.025001 4.64232
-2.01466 -0.00937272 0.0249194 0.0250011 4.64232
-2.00736 -0.00253184 0.0248946 0.0250012 4.64232
-1.99975 0.00394278 0.0248692 0.0250012 4.64232
-1.99181 0.0100224 0.0248438 0.0250011 4.64232
-1.98356 0.0156791 0.0248188 0.0250011 4.64232
-1.97503 0.0208867 0.0247946 0.025001 4.64232
-1.96622 0.0256205 0.0247715 0.0250008 4.64232
-1.95716 0.0298581 0.0247499 0.0250007 4.64232
-1.94788 0.0335792 0.0247301 0.0250005 4.64232
-1.9384 0.0367663 0.0247123 0.0250003 4.64232
-1.92876 0.0394048 0.0246967 0.0250001 4.64232
-1.91897 0.0414834 0.0246834 0.0249998 4.64232
-1.90909 0.0429939 0.0246725 0.0249996 4.64232
-1.89913 0.0439317 0.024664 0.0249994 4.64232
-1.88914 0.0442957 0.0246579 0.0249992 4.64232
-1.87914 0.0440887 0.024654 0.024999 4.64232
-1.86917 0.0433171 0.0246523 0.0249988 4.64232
-1.85926 0.041991 0.0246527 0.0249987 4.64232
-1.84943 0.0401244 0.0246551 0.0249986 4.64232
-1.83972 0.0377338 0.0246595 0.0249985 4.64232
-1.83015 0.0348388 0.0246656 0.0249985 4.64232
-1.82073 0.0314616 0.0246735 0.0249985 4.64232
-1.8115 0.0276268 0.0246829 0.0249985 4.64232
-1.80245 0.0233613 0.0246938 0.0249985 4.64232
-1.7936 0.018694 0.024706 0.0249986 4.64232
-1.78497 0.0136556 0.0247193 0.0249987 4.64232
-1.77653 0.00827846 0.0247336 0.0249988 4.64232
-1.7683 0.00259673 0.0247488 0.0249989 4.64232
-1.76026 -0.0033535 0.0247646 0.0249991 4.64232
-1.7524 -0.00953349 0.0247808 0.0249993 4.64232
-1.74469 -0.0159 0.0247974 0.0249995 4.64232
-1.73709 -0.0224002 0.024814 0.0249997 4.64232
-1.7295 -0.0289077 0.0248307 0.0249999 4.64232
