-0.369918 0.00266706 0.025038 0.0250001 1.0005
-0.364892 0.011312 0.0250374 0.0250001 1.0005
-0.359835 0.0199386 0.0250369 0.0250003 1.0005
-0.354721 0.0285318 0.0250363 0.0250004 1.0005
-0.349521 0.037073 0.0250357 0.0250005 1.0005
-0.344202 0.0455408 0.0250349 0.0250006 1.0005
-0.33873 0.0539105 0.025034 0.0250007 1.0005
-0.333071 0.0621542 0.0250329 0.0250008 1.0005
-0.327189 0.0702406 0.0250316 0.0250009 1.0005
-0.321052 0.0781349 0.0250301 0.025001 1.0005
-0.314629 0.0857985 0.0250283 0.0250011 1.0005
-0.307895 0.0931895 0.0250262 0.0250011 1.0005
-0.300826 0.100262 0.0250238 0.0250011 1.0005
-0.293409 0.106968 0.0250212 0.0250011 1.0005
-0.285635 0.113256 0.0250184 0.025001 1.0005
-0.277502 0.119074 0.0250155 0.0250009 1.0005
-0.26902 0.124369 0.0250126 0.0250008 1.0005
-0.260204 0.129088 0.0250098 0.0250006 1.0005
-0.251081 0.133182 0.0250073 0.0250004 1.0005
-0.241685 0.136604 0.0250052 0.0250002 1.0005
-0.232059 0.139313 0.0250037 0.025 1.0005
-0.222253 0.141273 0.0250029 0.0249999 1.0005
-0.212323 0.142457 0.0250028 0.0249997 1.0005
-0.20233 0.142846 0.0250036 0.0249995 1.0005
-0.192338 0.14243 0.0250052 0.0249994 1.0005
-0.182412 0.141212 0.0250076 0.0249992 1.0005
-0.172616 0.139201 0.0250109 0.0249991 1.0005
-0.16301 0.136419 0.025015 0.024999 1.0005
-0.15365 0.132897 0.0250198 0.024999 1.0005
-0.144586 0.128671 0.0250251 0.024999 1.0005
-0.135858 0.123788 0.0250308 0.024999 1.0005
-0.127499 0.118298 0.0250368 0.024999 1.0005
-0.11953 0.112255 0.025043 0.024999 1.0005
-0.111963 0.105717 0.0250491 0.0249991 1.0005
-0.104799 0.0987383 0.0250549 0.0249992 1.0005
-0.0980304 0.0913768 0.0250604 0.0249993 1.0005
-0.0916382 0.0836859 0.0250653 0.0249994 1.0005
-0.0855968 0.0757166 0.0250694 0.0249996 1.0005
-0.0798728 0.0675165 0.0250727 0.0249997 1.0005
-0.0744266 0.0591296 0.0250748 0.0249999 1.0005
-0.0692137 0.0505957 0.0250758 0.0250001 1.0005
-0.0641858 0.0419518 0.0250756 0.0250002 1.0005
-0.059292 0.0332314 0.0250739 0.0250004 1.0005
-0.0544799 0.0244658 0.0250708 0.0250006 1.0005
-0.0496963 0.0156848 0.0250663 0.0250008 1.0005
-0.0448889 0.00691692 0.0250603 0.0250009 1.0005
-0.0400064 -0.0018092 0.0250529 0.0250011 1.0005
-0.0349999 -0.0104647 0.0250441 0.0250012 1.0005
-0.0298237 -0.0190196 0.025034 0.0250013 1.0005
-0.0244357 -0.0274426 0.0250227 0.0250014 1.0005
-0.0187985 -0.0357009 0.0250103 0.0250015 1.0005
-0.0128799 -0.0437598 0.0249969 0.0250015 1.0005
-0.00665333 -0.0515832 0.0249828 0.0250015 1.0005
-9.84659e-05 -0.0591336 0.024968 0.0250015 1.0005
0.00679856 -0.0663728 0.0249528 0.0250015 1.0005
0.014045 -0.0732623 0.0249374 0.0250015 1.0005
0.0216413 -0.079764 0.0249218 0.0250014 1.0005
0.0295816 -0.0858409 0.0249064 0.0250013 1.0005
0.0378538 -0.091458 0.0248912 0.0250012 1.0005
0.0464397 -0.0965827 0.0248765 0.0250011 1.0005
0.0553164 -0.101186 0.0248624 0.0250009 1.0005
0.0644562 -0.105242 0.024849 0.0250007 1.0005
0.0738277 -0.108729 0.0248365 0.0250006 1.0005
0.0833969 -0.111632 0.0248249 0.0250003 1.0005
0.0931275 -0.113936 0.0248144 0.0250001 1.0005
0.102982 -0.115636 0.024805 0.0249999 1.0005
0.112922 -0.116728 0.0247968 0.0249997 1.0005
0.122911 -0.117214 0.0247899 0.0249994 1.0005
0.132911 -0.117098 0.0247842 0.0249992 1.0005
0.142886 -0.116391 0.0247798 0.0249989 1.0005
0.152804 -0.115104 0.0247768 0.0249987 1.0005
0.162633 -0.113252 0.0247752 0.0249984 1.0005
0.172342 -0.110853 0.0247749 0.0249982 1.0005
0.181906 -0.107928 0.0247761 0.0249979 1.0005
0.191301 -0.104497 0.0247787 0.0249977 1.0005
0.200506 -0.100584 0.0247828 0.0249975 1.0005
0.209502 -0.0962134 0.0247883 0.0249974 1.0005
0.218275 -0.0914088 0.0247952 0.0249972 1.0005
0.226811 -0.0861958 0.0248035 0.0249972 1.0005
0.235102 -0.0805997 0.024813 0.0249971 1.0005
0.243139 -0.0746458 0.0248236 0.0249971 1.0005
0.250919 -0.0683593 0.0248353 0.0249971 1.0005
0.25844 -0.0617651 0.0248479 0.0249971 1.0005
0.265702 -0.0548874 0.0248613 0.0249972 1.0005
0.272709 -0.04775 0.0248754 0.0249973 1.0005
0.279467 -0.0403758 0.0248902 0.0249973 1.0005
0.285982 -0.032787 0.0249053 0.0249975 1.0005
0.292265 -0.0250045 0.0249208 0.0249976 1.0005
0.298327 -0.0170486 0.0249365 0.0249977 1.0005
0.30418 -0.00893834 0.0249525 0.0249978 1.0005
0.309839 -0.000691786 0.0249686 0.0249979 1.0005
0.315321 0.00767387 0.0249847 0.0249981 1.0005
0.320642 0.0161424 0.0250007 0.0249983 1.0005
0.32582 0.0246987 0.0250164 0.0249985 1.0005
0.330875 0.0333282 0.0250318 0.0249988 1.0005
0.335825 0.0420178 0.0250467 0.0249991 1.0005
0.340691 0.0507548 0.0250611 0.0249993 1.0005
0.345492 0.0595275 0.025075 0.0249996 1.0005
0.350247 0.0683252 0.0250887 0.0249998 1.0005
0.354974 0.0771374 0.0251021 0.0249999 1.0005
0.359704 0.0859482 0.0251156 0.025 1.0005
