-1.47786 0.0397664 0.0248477 0.0250001 2.90145
-1.46982 0.0457159 0.0248564 0.0250001 2.90145
-1.46165 0.0514851 0.0248651 0.0250002 2.90145
-1.45333 0.0570206 0.024874 0.0250003 2.90145
-1.44482 0.0622699 0.0248828 0.0250004 2.90145
-1.4361 0.0671809 0.0248918 0.0250005 2.90145
-1.42719 0.0717015 0.0249008 0.0250005 2.90145
-1.41806 0.0757797 0.0249099 0.0250005 2.90145
-1.40872 0.0793649 0.0249191 0.0250005 2.90145
-1.3992 0.0824083 0.0249283 0.0250005 2.90145
-1.3895 0.084864 0.0249375 0.0250004 2.90145
-1.37967 0.0866905 0.0249469 0.0250003 2.90145
-1.36974 0.0878518 0.0249563 0.0250002 2.90145
-1.35975 0.0883183 0.0249658 0.0250001 2.90145
-1.34975 0.0880682 0.0249754 0.0249999 2.90145
-1.3398 0.0870884 0.0249851 0.0249998 2.90145
-1.32995 0.0853744 0.0249949 0.0249997 2.90145
-1.32025 0.0829308 0.0250049 0.0249996 2.90145
-1.31076 0.0797713 0.0250148 0.0249995 2.90145
-1.30153 0.0759182 0.0250247 0.0249994 2.90145
-1.29261 0.0714018 0.0250343 0.0249994 2.90145
-1.28403 0.0662593 0.0250437 0.0249994 2.90145
-1.27584 0.0605338 0.0250526 0.0249994 2.90145
-1.26804 0.0542727 0.0250608 0.0249995 2.90145
-1.26066 0.0475264 0.0250683 0.0249996 2.90145
-1.25369 0.0403465 0.0250748 0.0249997 2.90145
-1.24715 0.0327849 0.0250801 0.0249998 2.90145
-1.24101 0.0248925 0.0250842 0.025 2.90145
-1.23525 0.0167181 0.0250869 0.0250002 2.90145
-1.22984 0.00830739 0.0250881 0.0250003 2.90145
-1.22475 -0.000296826 0.0250876 0.0250005 2.90145
-1.21992 -0.00905539 0.0250854 0.0250007 2.90145
-1.21532 -0.0179324 0.0250814 0.0250009 2.90145
-1.21088 -0.0268952 0.0250757 0.0250011 2.90145
-1.20657 -0.0359132 0.0250682 0.0250013 2.90145
-1.2023 -0.0449579 0.0250591 0.0250014 2.90145
-1.19804 -0.0540017 0.0250483 0.0250015 2.90145
-1.19371 -0.0630168 0.0250359 0.0250017 2.90145
-1.18927 -0.0719748 0.0250222 0.0250017 2.90145
-1.18466 -0.0808453 0.0250073 0.0250018 2.90145
-1.17982 -0.089596 0.0249913 0.0250018 2.90145
-1.17471 -0.0981913 0.0249744 0.0250019 2.90145
-1.16929 -0.106592 0.0249569 0.0250018 2.90145
-1.16352 -0.114758 0.0249391 0.0250018 2.90145
-1.15737 -0.122642 0.024921 0.0250017 2.90145
-1.15082 -0.130198 0.024903 0.0250016 2.90145
-1.14386 -0.137377 0.0248853 0.0250014 2.90145
-1.13649 -0.144127 0.0248681 0.0250012 2.90145
-1.1287 -0.1504 0.0248516 0.025001 2.90145
-1.12052 -0.156147 0.0248361 0.0250008 2.90145
-1.11196 -0.161322 0.0248217 0.0250005 2.90145
-1.10306 -0.165884 0.0248086 0.0250003 2.90145
-1.09386 -0.169797 0.024797 0.0249999 2.90145
-1.0844 -0.173031 0.0247869 0.0249996 2.90145
-1.07472 -0.175563 0.0247786 0.0249993 2.90145
-1.06489 -0.177378 0.024772 0.0249989 2.90145
-1.05495 -0.178468 0.0247672 0.0249986 2.90145
-1.04495 -0.178833 0.0247643 0.0249982 2.90145
-1.03496 -0.178481 0.0247632 0.0249979 2.90145
-1.02501 -0.177425 0.024764 0.0249975 2.90145
-1.01516 -0.175688 0.0247666 0.0249972 2.90145
-1.00545 -0.173294 0.0247709 0.0249969 2.90145
-0.995915 -0.170273 0.024777 0.0249966 2.90145
-0.986588 -0.166659 0.0247846 0.0249963 2.90145
-0.977496 -0.162488 0.0247937 0.024996 2.90145
-0.96866 -0.157797 0.0248043 0.0249958 2.90145
-0.960098 -0.152625 0.024816 0.0249956 2.90145
-0.95182 -0.147008 0.0248288 0.0249955 2.90145
-0.943834 -0.140984 0.0248424 0.0249954 2.90145
-0.936142 -0.134587 0.0248566 0.0249953 2.90145
-0.928745 -0.127852 0.0248711 0.0249953 2.90145
-0.921639 -0.120811 0.0248856 0.0249953 2.90145
-0.914818 -0.113493 0.0249 0.0249954 2.90145
-0.908274 -0.105927 0.0249138 0.0249955 2.90145
-0.901996 -0.0981392 0.0249268 0.0249956 2.90145
-0.895971 -0.0901533 0.0249388 0.0249957 2.90145
-0.890186 -0.0819921 0.0249494 0.0249959 2.90145
-0.884626 -0.0736764 0.0249586 0.024996 2.90145
-0.879275 -0.0652251 0.0249661 0.0249962 2.90145
-0.874115 -0.0566557 0.0249716 0.0249964 2.90145
-0.869129 -0.0479845 0.0249752 0.0249967 2.90145
-0.864297 -0.039226 0.0249765 0.0249969 2.90145
-0.859602 -0.030394 0.0249756 0.0249971 2.90145
-0.855025 -0.0215007 0.0249725 0.0249973 2.90145
-0.850545 -0.0125579 0.024967 0.0249975 2.90145
-0.846144 -0.00357616 0.0249592 0.0249978 2.90145
-0.841804 0.00543452 0.0249492 0.024998 2.90145
-0.837505 0.0144649 0.024937 0.0249982 2.90145
-0.833229 0.0235063 0.0249228 0.0249983 2.90145
-0.828959 0.0325502 0.0249066 0.0249985 2.90145
-0.824677 0.0415883 0.0248888 0.0249987 2.90145
-0.820367 0.0506129 0.0248693 0.0249988 2.90145
-0.816013 0.0596163 0.0248485 0.024999 2.90145
-0.811602 0.0685915 0.0248265 0.0249991 2.90145
-0.807121 0.0775319 0.0248035 0.0249993 2.90145
-0.80256 0.0864319 0.0247797 0.0249994 2.90145
-0.797913 0.0952869 0.0247553 0.0249995 2.90145
-0.793177 0.104095 0.0247304 0.0249996 2.90145
-0.788355 0.112856 0.0247053 0.0249998 2.90145
-0.783462 0.121577 0.02468 0.0249999 2.90145
-0.778563 0.130295 0.0246547 0.0249999 2.90145
