-1.19699 -0.114628 0.0247883 0.025 2.44122
-1.18944 -0.121182 0.0248047 0.0250001 2.44122
-1.18179 -0.127618 0.0248212 0.0250001 2.44122
-1.174 -0.133895 0.0248377 0.0250002 2.44122
-1.16606 -0.139971 0.0248542 0.0250003 2.44122
-1.15794 -0.145802 0.0248704 0.0250004 2.44122
-1.14961 -0.15134 0.0248863 0.0250004 2.44122
-1.14107 -0.156536 0.0249018 0.0250005 2.44122
-1.1323 -0.161342 0.0249168 0.0250005 2.44122
-1.1233 -0.165705 0.024931 0.0250006 2.44122
-1.11408 -0.169574 0.0249443 0.0250006 2.44122
-1.10465 -0.1729 0.0249567 0.0250006 2.44122
-1.09503 -0.175635 0.024968 0.0250006 2.44122
-1.08526 -0.177733 0.0249781 0.0250005 2.44122
-1.07536 -0.179156 0.0249871 0.0250004 2.44122
-1.06538 -0.179869 0.0249949 0.0250003 2.44122
-1.05538 -0.179847 0.0250016 0.0250001 2.44122
-1.04541 -0.179071 0.0250074 0.0249999 2.44122
-1.03553 -0.177534 0.0250122 0.0249998 2.44122
-1.0258 -0.175235 0.0250163 0.0249996 2.44122
-1.01628 -0.172184 0.0250198 0.0249995 2.44122
-1.00702 -0.168402 0.0250227 0.0249994 2.44122
-0.998081 -0.163917 0.0250252 0.0249993 2.44122
-0.989509 -0.158765 0.0250272 0.0249992 2.44122
-0.981345 -0.152989 0.0250288 0.0249992 2.44122
-0.973621 -0.146637 0.02503 0.0249992 2.44122
-0.966357 -0.139763 0.0250309 0.0249991 2.44122
-0.959568 -0.13242 0.0250314 0.0249992 2.44122
-0.953256 -0.124663 0.0250314 0.0249992 2.44122
-0.947412 -0.116548 0.025031 0.0249993 2.44122
-0.94202 -0.108125 0.02503 0.0249993 2.44122
-0.937054 -0.0994448 0.0250285 0.0249994 2.44122
-0.932479 -0.0905521 0.0250263 0.0249995 2.44122
-0.928254 -0.0814879 0.0250233 0.0249996 2.44122
-0.924333 -0.0722886 0.0250196 0.0249998 2.44122
-0.920663 -0.0629863 0.0250149 0.0249999 2.44122
-0.917188 -0.0536095 0.0250094 0.025 2.44122
-0.91385 -0.0441831 0.0250029 0.0250002 2.44122
-0.910589 -0.03473 0.0249953 0.0250003 2.44122
-0.907344 -0.0252715 0.0249867 0.0250005 2.44122
-0.904054 -0.0158285 0.0249769 0.0250006 2.44122
-0.900661 -0.00642262 0.0249661 0.0250007 2.44122
-0.897105 0.00292331 0.0249543 0.0250009 2.44122
-0.893334 0.012184 0.0249414 0.025001 2.44122
-0.889295 0.0213312 0.0249276 0.0250011 2.44122
-0.884943 0.0303334 0.0249129 0.0250011 2.44122
-0.880236 0.0391556 0.0248974 0.0250012 2.44122
-0.875141 0.0477593 0.0248813 0.0250012 2.44122
-0.869631 0.0561027 0.0248648 0.0250012 2.44122
-0.863684 0.0641415 0.024848 0.0250011 2.44122
-0.857291 0.0718296 0.0248311 0.025001 2.44122
-0.850447 0.07912 0.0248143 0.0250009 2.44122
-0.843159 0.085966 0.0247979 0.0250008 2.44122
-0.83544 0.0923222 0.0247821 0.0250006 2.44122
-0.827311 0.0981458 0.024767 0.0250004 2.44122
-0.818801 0.103398 0.0247529 0.0250001 2.44122
-0.809946 0.108043 0.02474 0.0249999 2.44122
-0.800785 0.112054 0.0247284 0.0249996 2.44122
-0.791363 0.115406 0.0247184 0.0249993 2.44122
-0.781728 0.118084 0.02471 0.024999 2.44122
-0.771927 0.120077 0.0247035 0.0249986 2.44122
-0.762012 0.121383 0.0246988 0.0249983 2.44122
-0.75203 0.122005 0.0246961 0.024998 2.44122
-0.742028 0.121952 0.0246954 0.0249977 2.44122
-0.732052 0.121239 0.0246967 0.0249973 2.44122
-0.722142 0.119883 0.0247001 0.024997 2.44122
-0.712336 0.117909 0.0247055 0.0249967 2.44122
-0.702668 0.115343 0.0247129 0.0249965 2.44122
-0.693167 0.112213 0.0247222 0.0249962 2.44122
-0.683859 0.10855 0.0247333 0.024996 2.44122
-0.674765 0.104383 0.0247461 0.0249959 2.44122
-0.665902 0.0997451 0.0247604 0.0249958 2.44122
-0.657284 0.094666 0.024776 0.0249957 2.44122
-0.648921 0.089177 0.0247927 0.0249957 2.44122
-0.64082 0.0833085 0.0248103 0.0249957 2.44122
-0.632984 0.0770898 0.0248284 0.0249957 2.44122
-0.625415 0.0705495 0.0248469 0.0249958 2.44122
-0.61811 0.0637151 0.0248655 0.0249958 2.44122
-0.611066 0.0566129 0.024884 0.024996 2.44122
-0.604275 0.0492678 0.0249022 0.0249961 2.44122
-0.59773 0.0417035 0.0249198 0.0249963 2.44122
-0.591419 0.0339424 0.0249367 0.0249964 2.44122
-0.585331 0.0260054 0.0249527 0.0249966 2.44122
-0.579453 0.0179122 0.0249675 0.0249968 2.44122
-0.57377 0.00968135 0.0249812 0.0249971 2.44122
-0.568265 0.00132991 0.0249936 0.0249973 2.44122
-0.562923 -0.0071261 0.0250047 0.0249975 2.44122
-0.557726 -0.0156718 0.0250143 0.0249977 2.44122
-0.552656 -0.0242933 0.0250225 0.024998 2.44122
-0.547696 -0.0329778 0.0250292 0.0249982 2.44122
-0.542826 -0.0417135 0.0250346 0.0249984 2.44122
-0.538029 -0.0504892 0.0250387 0.0249986 2.44122
-0.533286 -0.0592942 0.0250416 0.0249988 2.44122
-0.52858 -0.0681188 0.0250434 0.0249989 2.44122
-0.523894 -0.0769537 0.0250442 0.0249991 2.44122
-0.519211 -0.0857904 0.0250442 0.0249993 2.44122
-0.514518 -0.0946214 0.0250436 0.0249994 2.44122
-0.509803 -0.10344 0.0250425 0.0249996 2.44122
-0.505059 -0.112243 0.025041 0.0249997 2.44122
-0.500283 -0.12103 0.0250392 0.0249999 2.44122
-0.495504 -0.129814 0.0250374 0.0249999 2.44122
