-0.650394 0.00535656 0.0249471 0.0250001 1.54077
-0.644681 -0.00285038 0.0249522 0.0250001 1.54077
-0.639005 -0.0110837 0.0249575 0.0250002 1.54077
-0.633357 -0.0193355 0.0249626 0.0250003 1.54077
-0.627717 -0.0275929 0.0249677 0.0250004 1.54077
-0.622061 -0.0358389 0.0249727 0.0250005 1.54077
-0.616359 -0.0440536 0.0249774 0.0250006 1.54077
-0.61058 -0.0522139 0.0249818 0.0250007 1.54077
-0.604689 -0.0602938 0.0249857 0.0250008 1.54077
-0.598651 -0.0682642 0.0249891 0.0250009 1.54077
-0.59243 -0.076093 0.0249919 0.025001 1.54077
-0.585993 -0.0837444 0.0249938 0.0250011 1.54077
-0.579307 -0.0911794 0.024995 0.0250011 1.54077
-0.572343 -0.0983553 0.0249953 0.0250012 1.54077
-0.565079 -0.105226 0.0249947 0.0250012 1.54077
-0.557495 -0.111742 0.0249933 0.0250011 1.54077
-0.549579 -0.117852 0.0249911 0.0250011 1.54077
-0.54133 -0.123502 0.0249883 0.025001 1.54077
-0.53275 -0.128638 0.0249851 0.0250009 1.54077
-0.523855 -0.133205 0.0249815 0.0250008 1.54077
-0.514666 -0.13715 0.0249779 0.0250007 1.54077
-0.505217 -0.140421 0.0249744 0.0250006 1.54077
-0.495549 -0.142975 0.0249712 0.0250005 1.54077
-0.485711 -0.144769 0.0249686 0.0250004 1.54077
-0.475762 -0.145773 0.0249666 0.0250002 1.54077
-0.465764 -0.145962 0.0249654 0.0250001 1.54077
-0.455785 -0.145324 0.0249653 0.025 1.54077
-0.445893 -0.143856 0.0249662 0.0249999 1.54077
-0.436158 -0.141567 0.0249682 0.0249998 1.54077
-0.426648 -0.138475 0.0249713 0.0249997 1.54077
-0.417425 -0.134611 0.0249755 0.0249996 1.54077
-0.408544 -0.130013 0.0249808 0.0249996 1.54077
-0.400054 -0.124729 0.0249869 0.0249995 1.54077
-0.391992 -0.118811 0.0249938 0.0249995 1.54077
-0.384387 -0.112317 0.0250012 0.0249995 1.54077
-0.377254 -0.105308 0.0250089 0.0249995 1.54077
-0.370599 -0.0978438 0.0250166 0.0249995 1.54077
-0.364416 -0.0899836 0.0250241 0.0249995 1.54077
-0.35869 -0.0817848 0.025031 0.0249995 1.54077
-0.353395 -0.073301 0.0250371 0.0249996 1.54077
-0.348498 -0.0645818 0.0250422 0.0249996 1.54077
-0.343958 -0.0556714 0.0250461 0.0249997 1.54077
-0.339728 -0.0466098 0.0250486 0.0249997 1.54077
-0.335758 -0.0374317 0.0250497 0.0249998 1.54077
-0.331991 -0.0281681 0.025049 0.0249999 1.54077
-0.328371 -0.0188462 0.0250467 0.0250001 1.54077
-0.32484 -0.00949073 0.0250426 0.0250002 1.54077
-0.321338 -0.000124268 0.0250366 0.0250004 1.54077
-0.317808 0.00923154 0.0250288 0.0250006 1.54077
-0.314194 0.0185551 0.0250191 0.0250009 1.54077
-0.310443 0.027824 0.0250076 0.0250011 1.54077
-0.306504 0.0370145 0.0249944 0.0250013 1.54077
-0.30233 0.0461006 0.0249795 0.0250015 1.54077
-0.297879 0.0550542 0.0249632 0.0250017 1.54077
-0.293115 0.0638445 0.0249455 0.0250019 1.54077
-0.288005 0.0724383 0.0249268 0.0250021 1.54077
-0.282523 0.0808 0.0249072 0.0250023 1.54077
-0.276651 0.0888922 0.024887 0.0250024 1.54077
-0.270376 0.0966759 0.0248665 0.0250025 1.54077
-0.263693 0.104111 0.0248459 0.0250026 1.54077
-0.256601 0.111159 0.0248255 0.0250026 1.54077
-0.24911 0.11778 0.0248057 0.0250027 1.54077
-0.241232 0.123936 0.0247866 0.0250027 1.54077
-0.232989 0.129593 0.0247684 0.0250027 1.54077
-0.224404 0.134717 0.0247514 0.0250026 1.54077
-0.215508 0.13928 0.0247359 0.0250026 1.54077
-0.206334 0.143255 0.0247218 0.0250025 1.54077
-0.19692 0.146623 0.0247094 0.0250024 1.54077
-0.187306 0.149367 0.0246987 0.0250022 1.54077
-0.177532 0.151473 0.0246898 0.0250021 1.54077
-0.167641 0.152934 0.0246828 0.0250019 1.54077
-0.157676 0.153748 0.0246776 0.0250017 1.54077
-0.147678 0.153914 0.0246742 0.0250015 1.54077
-0.137691 0.153438 0.0246726 0.0250013 1.54077
-0.127753 0.152329 0.0246728 0.025001 1.54077
-0.117905 0.1506 0.0246748 0.0250008 1.54077
-0.108181 0.148267 0.0246784 0.0250005 1.54077
-0.0986165 0.14535 0.0246837 0.0250003 1.54077
-0.0892415 0.14187 0.0246907 0.025 1.54077
-0.0800836 0.137854 0.0246992 0.0249997 1.54077
-0.0711668 0.133326 0.0247094 0.0249994 1.54077
-0.0625115 0.128317 0.0247211 0.0249992 1.54077
-0.0541345 0.122854 0.0247344 0.024999 1.54077
-0.0460491 0.116968 0.0247491 0.0249988 1.54077
-0.0382647 0.110689 0.0247652 0.0249987 1.54077
-0.0307874 0.104047 0.0247825 0.0249985 1.54077
-0.0236195 0.0970729 0.024801 0.0249985 1.54077
-0.0167599 0.0897948 0.0248205 0.0249984 1.54077
-0.0102042 0.0822416 0.0248409 0.0249983 1.54077
-0.00394492 0.0744412 0.0248621 0.0249983 1.54077
0.00202874 0.0664199 0.024884 0.0249984 1.54077
0.00773027 0.0582029 0.0249063 0.0249984 1.54077
0.0131759 0.0498143 0.024929 0.0249985 1.54077
0.0183844 0.0412765 0.0249518 0.0249987 1.54077
0.0233769 0.0326108 0.0249748 0.0249988 1.54077
0.0281765 0.0238369 0.0249978 0.024999 1.54077
0.0328086 0.0149736 0.0250207 0.0249992 1.54077
0.0373008 0.00603879 0.0250435 0.0249994 1.54077
0.0416834 -0.00295011 0.0250661 0.0249996 1.54077
0.0459916 -0.0119747 0.0250887 0.0249998 1.54077
0.0502979 -0.0210001 0.0251111 0.0249999 1.54077
