-2.48521 0.00258073 0.0249548 0.0250001 4.68234
-2.47725 -0.00347715 0.0249583 0.0250001 4.68234
-2.46947 -0.00975849 0.0249619 0.0250003 4.68234
-2.4619 -0.0162912 0.0249654 0.0250004 4.68234
-2.45457 -0.0230886 0.024969 0.0250006 4.68234
-2.44749 -0.0301529 0.0249725 0.0250008 4.68234
-2.44069 -0.0374785 0.0249761 0.0250009 4.68234
-2.43416 -0.0450529 0.0249797 0.0250011 4.68234
-2.42791 -0.0528592 0.0249833 0.0250012 4.68234
-2.42194 -0.0608769 0.0249868 0.0250014 4.68234
-2.41622 -0.0690831 0.0249901 0.0250016 4.68234
-2.41075 -0.0774534 0.0249933 0.0250017 4.68234
-2.4055 -0.0859627 0.0249962 0.0250019 4.68234
-2.40044 -0.0945858 0.0249989 0.0250021 4.68234
-2.39554 -0.103298 0.0250011 0.0250022 4.68234
-2.39075 -0.112073 0.025003 0.0250024 4.68234
-2.38603 -0.120887 0.0250044 0.0250026 4.68234
-2.38133 -0.129716 0.0250052 0.0250027 4.68234
-2.37662 -0.138532 0.0250055 0.0250028 4.68234
-2.37183 -0.14731 0.0250052 0.0250029 4.68234
-2.36693 -0.156021 0.0250043 0.025003 4.68234
-2.36185 -0.164633 0.025003 0.0250031 4.68234
-2.35656 -0.173113 0.0250011 0.0250031 4.68234
-2.351 -0.181424 0.0249989 0.0250031 4.68234
-2.34514 -0.189524 0.0249964 0.0250031 4.68234
-2.33894 -0.197366 0.0249937 0.025003 4.68234
-2.33237 -0.204903 0.0249911 0.0250028 4.68234
-2.32541 -0.212081 0.0249887 0.0250027 4.68234
-2.31804 -0.218843 0.0249867 0.0250024 4.68234
-2.31027 -0.225132 0.0249851 0.0250022 4.68234
-2.3021 -0.230888 0.0249843 0.0250019 4.68234
-2.29354 -0.236052 0.0249841 0.0250016 4.68234
-2.28461 -0.240569 0.0249848 0.0250013 4.68234
-2.27537 -0.244386 0.0249862 0.025001 4.68234
-2.26586 -0.247457 0.0249884 0.0250007 4.68234
-2.25612 -0.249744 0.0249913 0.0250003 4.68234
-2.24623 -0.251218 0.0249948 0.0249999 4.68234
-2.23625 -0.251861 0.024999 0.0249995 4.68234
-2.22625 -0.251665 0.0250036 0.024999 4.68234
-2.21631 -0.250636 0.0250086 0.0249986 4.68234
-2.20648 -0.248789 0.0250141 0.0249981 4.68234
-2.19683 -0.246149 0.0250199 0.0249977 4.68234
-2.18742 -0.242755 0.025026 0.0249973 4.68234
-2.1783 -0.238647 0.0250325 0.024997 4.68234
-2.16951 -0.233877 0.0250392 0.0249967 4.68234
-2.16108 -0.228497 0.0250461 0.0249965 4.68234
-2.15302 -0.222565 0.025053 0.0249963 4.68234
-2.14536 -0.216137 0.0250598 0.0249962 4.68234
-2.13808 -0.20927 0.0250664 0.0249961 4.68234
-2.13119 -0.20202 0.0250727 0.0249961 4.68234
-2.12467 -0.194439 0.0250784 0.0249961 4.68234
-2.11848 -0.186575 0.0250836 0.0249962 4.68234
-2.11262 -0.178474 0.025088 0.0249963 4.68234
-2.10703 -0.170178 0.0250916 0.0249964 4.68234
-2.10168 -0.161723 0.0250943 0.0249965 4.68234
-2.09654 -0.153143 0.0250959 0.0249966 4.68234
-2.09156 -0.144469 0.0250964 0.0249967 4.68234
-2.0867 -0.135729 0.0250958 0.0249969 4.68234
-2.08191 -0.126946 0.0250939 0.024997 4.68234
-2.07715 -0.118146 0.0250908 0.0249971 4.68234
-2.07239 -0.10935 0.0250865 0.0249973 4.68234
-2.06758 -0.10058 0.0250809 0.0249974 4.68234
-2.06269 -0.0918574 0.025074 0.0249975 4.68234
-2.05767 -0.0832026 0.0250659 0.0249976 4.68234
-2.05251 -0.0746373 0.0250565 0.0249978 4.68234
-2.04716 -0.0661836 0.0250459 0.0249979 4.68234
-2.04161 -0.0578641 0.025034 0.024998 4.68234
-2.03583 -0.0497019 0.025021 0.0249981 4.68234
-2.02981 -0.041721 0.0250068 0.0249982 4.68234
-2.02351 -0.0339459 0.0249914 0.0249983 4.68234
-2.01695 -0.0264017 0.0249751 0.0249984 4.68234
-2.0101 -0.0191139 0.0249577 0.0249985 4.68234
-2.00296 -0.0121082 0.0249393 0.0249986 4.68234
-1.99553 -0.00541014 0.0249202 0.0249986 4.68234
-1.98782 0.000954685 0.0249003 0.0249987 4.68234
-1.97982 0.00696135 0.0248798 0.0249988 4.68234
-1.97155 0.0125857 0.0248589 0.0249988 4.68234
-1.96302 0.0178047 0.0248377 0.0249988 4.68234
-1.95425 0.0225966 0.0248164 0.0249988 4.68234
-1.94524 0.0269415 0.0247953 0.0249988 4.68234
-1.93602 0.0308215 0.0247746 0.0249988 4.68234
-1.92661 0.034221 0.0247545 0.0249987 4.68234
-1.91705 0.037127 0.0247351 0.0249987 4.68234
-1.90734 0.0395292 0.0247168 0.0249986 4.68234
-1.89752 0.0414205 0.0246998 0.0249985 4.68234
-1.88761 0.0427972 0.0246842 0.0249984 4.68234
-1.87765 0.0436587 0.0246702 0.0249983 4.68234
-1.86765 0.0440083 0.0246579 0.0249982 4.68234
-1.85765 0.0438524 0.0246475 0.0249982 4.68234
-1.84767 0.0432006 0.0246388 0.0249981 4.68234
-1.83773 0.0420664 0.024632 0.0249981 4.68234
-1.82786 0.0404666 0.0246269 0.0249981 4.68234
-1.81807 0.0384213 0.0246233 0.0249982 4.68234
-1.80838 0.0359543 0.0246213 0.0249983 4.68234
-1.79879 0.033093 0.0246204 0.0249984 4.68234
-1.78933 0.0298683 0.0246207 0.0249986 4.68234
-1.77998 0.0263158 0.0246217 0.0249988 4.68234
-1.77074 0.0224761 0.0246234 0.0249991 4.68234
-1.76161 0.0183979 0.0246254 0.0249994 4.68234
-1.75256 0.0141451 0.0246276 0.0249997 4.68234
-1.74352 0.00988219 0.0246299 0.0249998 4.68234
