-0.943797 -0.0494295 0.0250993 0.0250001 2.04102
-0.939141 -0.0405795 0.0250963 0.0250001 2.04102
-0.934527 -0.0317078 0.0250933 0.0250002 2.04102
-0.929942 -0.022821 0.0250901 0.0250003 2.04102
-0.925366 -0.0139296 0.0250869 0.0250004 2.04102
-0.920773 -0.00504732 0.0250833 0.0250006 2.04102
-0.916132 0.00380956 0.0250794 0.0250007 2.04102
-0.911406 0.0126221 0.025075 0.0250008 2.04102
-0.90656 0.0213686 0.02507 0.025001 2.04102
-0.901555 0.0300246 0.0250643 0.0250011 2.04102
-0.89635 0.0385626 0.0250579 0.0250012 2.04102
-0.890909 0.0469514 0.0250507 0.0250013 2.04102
-0.885194 0.0551561 0.0250428 0.0250013 2.04102
-0.879172 0.0631379 0.0250341 0.0250014 2.04102
-0.872813 0.0708542 0.0250249 0.0250014 2.04102
-0.866093 0.0782583 0.0250152 0.0250013 2.04102
-0.858994 0.0853005 0.0250052 0.0250012 2.04102
-0.851507 0.0919279 0.0249953 0.0250011 2.04102
-0.843629 0.0980856 0.0249857 0.025001 2.04102
-0.835367 0.103718 0.0249765 0.0250009 2.04102
-0.826736 0.108768 0.024968 0.0250007 2.04102
-0.817764 0.113182 0.0249605 0.0250005 2.04102
-0.808485 0.11691 0.0249541 0.0250003 2.04102
-0.798944 0.119905 0.024949 0.0250001 2.04102
-0.789195 0.122129 0.0249453 0.025 2.04102
-0.779296 0.12355 0.0249431 0.0249998 2.04102
-0.769314 0.124148 0.0249423 0.0249996 2.04102
-0.759316 0.123912 0.0249431 0.0249994 2.04102
-0.749373 0.122841 0.0249453 0.0249993 2.04102
-0.739554 0.120946 0.0249488 0.0249992 2.04102
-0.729923 0.11825 0.0249535 0.0249991 2.04102
-0.720542 0.114784 0.0249592 0.024999 2.04102
-0.711464 0.110589 0.0249656 0.0249989 2.04102
-0.702732 0.105713 0.0249725 0.0249989 2.04102
-0.694381 0.10021 0.0249796 0.024999 2.04102
-0.686436 0.094137 0.0249866 0.024999 2.04102
-0.678908 0.0875534 0.0249932 0.0249991 2.04102
-0.6718 0.0805186 0.0249991 0.0249992 2.04102
-0.665103 0.0730909 0.025004 0.0249992 2.04102
-0.6588 0.0653268 0.0250078 0.0249993 2.04102
-0.652863 0.0572792 0.0250103 0.0249994 2.04102
-0.647258 0.0489972 0.0250113 0.0249994 2.04102
-0.641943 0.040526 0.0250108 0.0249995 2.04102
-0.636872 0.0319065 0.0250087 0.0249996 2.04102
-0.631996 0.023176 0.0250049 0.0249997 2.04102
-0.627259 0.0143686 0.0249996 0.0249998 2.04102
-0.622608 0.00551573 0.0249926 0.025 2.04102
-0.617989 -0.00335314 0.0249841 0.0250001 2.04102
-0.613346 -0.0122097 0.024974 0.0250003 2.04102
-0.608626 -0.0210258 0.0249624 0.0250005 2.04102
-0.603781 -0.029773 0.0249494 0.0250007 2.04102
-0.598763 -0.0384217 0.024935 0.0250009 2.04102
-0.593528 -0.046941 0.0249195 0.0250011 2.04102
-0.588037 -0.055298 0.024903 0.0250013 2.04102
-0.582259 -0.0634581 0.0248856 0.0250015 2.04102
-0.576165 -0.0713848 0.0248675 0.0250016 2.04102
-0.569733 -0.0790401 0.024849 0.0250018 2.04102
-0.562949 -0.0863849 0.0248303 0.0250019 2.04102
-0.555804 -0.0933794 0.0248115 0.025002 2.04102
-0.548298 -0.0999839 0.024793 0.0250021 2.04102
-0.540434 -0.106159 0.0247749 0.0250022 2.04102
-0.532226 -0.111868 0.0247575 0.0250023 2.04102
-0.523691 -0.117074 0.0247408 0.0250023 2.04102
-0.514851 -0.121746 0.0247252 0.0250023 2.04102
-0.505736 -0.125854 0.0247107 0.0250023 2.04102
-0.496377 -0.129371 0.0246974 0.0250022 2.04102
-0.48681 -0.132278 0.0246855 0.0250022 2.04102
-0.477075 -0.134557 0.0246751 0.0250021 2.04102
-0.467212 -0.136197 0.0246662 0.025002 2.04102
-0.457263 -0.137188 0.0246588 0.0250018 2.04102
-0.44727 -0.137529 0.024653 0.0250017 2.04102
-0.437276 -0.137221 0.0246489 0.0250015 2.04102
-0.427323 -0.136269 0.0246464 0.0250013 2.04102
-0.41745 -0.134683 0.0246455 0.0250011 2.04102
-0.407698 -0.132475 0.0246463 0.0250009 2.04102
-0.398102 -0.129664 0.0246488 0.0250006 2.04102
-0.388697 -0.126268 0.0246529 0.0250004 2.04102
-0.379513 -0.12231 0.0246587 0.0250001 2.04102
-0.37058 -0.117817 0.0246661 0.0249999 2.04102
-0.36192 -0.112815 0.0246752 0.0249996 2.04102
-0.353556 -0.107333 0.0246859 0.0249993 2.04102
-0.345505 -0.101401 0.0246983 0.0249991 2.04102
-0.337779 -0.0950505 0.0247122 0.0249989 2.04102
-0.330389 -0.088312 0.0247277 0.0249987 2.04102
-0.323341 -0.0812165 0.0247446 0.0249985 2.04102
-0.316637 -0.0737945 0.0247628 0.0249984 2.04102
-0.310277 -0.0660759 0.0247823 0.0249983 2.04102
-0.304257 -0.0580896 0.0248028 0.0249983 2.04102
-0.298568 -0.0498636 0.0248243 0.0249983 2.04102
-0.293201 -0.0414244 0.0248466 0.0249983 2.04102
-0.288142 -0.0327971 0.0248696 0.0249983 2.04102
-0.283374 -0.0240052 0.0248931 0.0249984 2.04102
-0.27888 -0.0150706 0.024917 0.0249985 2.04102
-0.274638 -0.00601371 0.0249412 0.0249986 2.04102
-0.270625 0.00314687 0.0249656 0.0249988 2.04102
-0.266816 0.0123939 0.0249901 0.0249989 2.04102
-0.263183 0.0217115 0.0250146 0.0249991 2.04102
-0.259698 0.031085 0.025039 0.0249993 2.04102
-0.256327 0.0405004 0.0250633 0.0249995 2.04102
-0.253035 0.0499431 0.0250875 0.0249998 2.04102
-0.249744 0.0593863 0.0251116 0.0249999 2.04102
