-1.03125 -0.176726 0.0248789 0.0250001 2.22111
-1.02283 -0.17132 0.0248787 0.0250001 2.22111
-1.0146 -0.16565 0.0248785 0.0250003 2.22111
-1.00658 -0.159678 0.0248784 0.0250004 2.22111
-0.99881 -0.15338 0.0248784 0.0250005 2.22111
-0.991327 -0.146748 0.0248786 0.0250006 2.22111
-0.984153 -0.139781 0.024879 0.0250007 2.22111
-0.977311 -0.132489 0.0248797 0.0250008 2.22111
-0.970817 -0.124886 0.0248808 0.025001 2.22111
-0.964679 -0.116992 0.0248822 0.0250011 2.22111
-0.9589 -0.108832 0.0248839 0.0250013 2.22111
-0.953477 -0.100432 0.024886 0.0250014 2.22111
-0.948398 -0.0918187 0.0248884 0.0250016 2.22111
-0.943646 -0.0830216 0.024891 0.0250017 2.22111
-0.939196 -0.074068 0.0248939 0.0250019 2.22111
-0.935017 -0.0649844 0.024897 0.0250021 2.22111
-0.931075 -0.0557963 0.0249002 0.0250022 2.22111
-0.927327 -0.0465271 0.0249035 0.0250024 2.22111
-0.923729 -0.0371991 0.0249068 0.0250026 2.22111
-0.920231 -0.0278331 0.0249101 0.0250027 2.22111
-0.916782 -0.0184492 0.0249134 0.0250029 2.22111
-0.913327 -0.0090674 0.0249166 0.025003 2.22111
-0.909812 0.000291723 0.0249196 0.0250031 2.22111
-0.90618 0.00960619 0.0249225 0.0250032 2.22111
-0.902376 0.0188518 0.0249252 0.0250033 2.22111
-0.898347 0.0280011 0.0249277 0.0250033 2.22111
-0.89404 0.037023 0.02493 0.0250033 2.22111
-0.889407 0.0458821 0.0249321 0.0250033 2.22111
-0.884405 0.0545381 0.0249341 0.0250032 2.22111
-0.878996 0.062946 0.0249358 0.0250031 2.22111
-0.87315 0.071056 0.0249374 0.0250029 2.22111
-0.866844 0.0788146 0.0249389 0.0250027 2.22111
-0.860067 0.0861647 0.0249403 0.0250024 2.22111
-0.852815 0.0930475 0.0249417 0.0250021 2.22111
-0.845097 0.0994037 0.0249431 0.0250017 2.22111
-0.836932 0.105175 0.0249445 0.0250013 2.22111
-0.82835 0.110307 0.0249462 0.0250008 2.22111
-0.819391 0.114749 0.024948 0.0250003 2.22111
-0.810104 0.118458 0.0249502 0.0249998 2.22111
-0.800546 0.121398 0.0249527 0.0249992 2.22111
-0.790778 0.123545 0.0249557 0.0249986 2.22111
-0.780867 0.124884 0.0249593 0.024998 2.22111
-0.770879 0.12541 0.0249637 0.0249974 2.22111
-0.76088 0.12513 0.0249688 0.0249969 2.22111
-0.750935 0.124061 0.0249746 0.0249964 2.22111
-0.741101 0.122228 0.0249813 0.024996 2.22111
-0.731432 0.119666 0.0249887 0.0249956 2.22111
-0.721971 0.116416 0.0249967 0.0249953 2.22111
-0.712755 0.112524 0.0250052 0.0249951 2.22111
-0.703812 0.108039 0.0250141 0.0249949 2.22111
-0.695162 0.103015 0.0250232 0.0249948 2.22111
-0.686813 0.0975029 0.0250324 0.0249947 2.22111
-0.678767 0.0915565 0.0250414 0.0249947 2.22111
-0.67102 0.0852269 0.0250502 0.0249947 2.22111
-0.663558 0.0785633 0.0250585 0.0249948 2.22111
-0.656363 0.0716123 0.0250663 0.0249949 2.22111
-0.649413 0.0644173 0.0250733 0.0249951 2.22111
-0.642679 0.057019 0.0250795 0.0249952 2.22111
-0.636132 0.0494548 0.0250848 0.0249954 2.22111
-0.629741 0.0417592 0.0250891 0.0249955 2.22111
-0.623472 0.0339639 0.0250924 0.0249956 2.22111
-0.617291 0.0260986 0.0250946 0.0249958 2.22111
-0.611164 0.0181907 0.0250958 0.0249959 2.22111
-0.60506 0.010266 0.025096 0.024996 2.22111
-0.598945 0.00234916 0.025095 0.0249961 2.22111
-0.59279 -0.00553613 0.0250929 0.0249962 2.22111
-0.586566 -0.0133669 0.0250895 0.0249963 2.22111
-0.580247 -0.0211207 0.0250847 0.0249964 2.22111
-0.573807 -0.0287753 0.0250785 0.0249966 2.22111
-0.567227 -0.0363087 0.0250709 0.0249967 2.22111
-0.560486 -0.0436988 0.0250617 0.0249968 2.22111
-0.553569 -0.0509237 0.0250509 0.0249969 2.22111
-0.546461 -0.0579612 0.0250386 0.0249971 2.22111
-0.539152 -0.0647893 0.0250248 0.0249972 2.22111
-0.531633 -0.0713855 0.0250095 0.0249973 2.22111
-0.523899 -0.0777278 0.0249927 0.0249973 2.22111
-0.515946 -0.0837941 0.0249745 0.0249974 2.22111
-0.507775 -0.0895627 0.0249549 0.0249975 2.22111
-0.499388 -0.0950123 0.0249339 0.0249975 2.22111
-0.49079 -0.100123 0.0249117 0.0249976 2.22111
-0.481989 -0.104874 0.0248883 0.0249976 2.22111
-0.472994 -0.109248 0.0248637 0.0249977 2.22111
-0.463818 -0.113227 0.0248382 0.0249977 2.22111
-0.454475 -0.116798 0.0248117 0.0249977 2.22111
-0.444982 -0.119946 0.0247845 0.0249977 2.22111
-0.435356 -0.122661 0.0247566 0.0249977 2.22111
-0.425616 -0.124936 0.0247281 0.0249978 2.22111
-0.415783 -0.126764 0.0246993 0.0249978 2.22111
-0.405877 -0.128144 0.0246703 0.0249979 2.22111
-0.395919 -0.129075 0.0246411 0.024998 2.22111
-0.385929 -0.129562 0.024612 0.0249981 2.22111
-0.375928 -0.129612 0.024583 0.0249982 2.22111
-0.365934 -0.129235 0.0245541 0.0249984 2.22111
-0.355964 -0.128446 0.0245255 0.0249985 2.22111
-0.346033 -0.127264 0.0244972 0.0249987 2.22111
-0.336153 -0.125714 0.0244691 0.0249989 2.22111
-0.326332 -0.123824 0.0244414 0.0249991 2.22111
-0.316575 -0.121631 0.024414 0.0249993 2.22111
-0.306879 -0.119181 0.0243868 0.0249995 2.22111
-0.297234 -0.116541 0.0243598 0.0249998 2.22111
-0.287592 -0.113889 0.024333 0.0249999 2.22111
