-1.6495 -0.221482 0.0248638 0.0250001 3.26163
-1.64004 -0.218238 0.024866 0.0250001 3.26163
-1.63069 -0.214683 0.0248682 0.0250003 3.26163
-1.6215 -0.210761 0.0248705 0.0250004 3.26163
-1.61248 -0.206435 0.0248728 0.0250004 3.26163
-1.60368 -0.201678 0.0248754 0.0250005 3.26163
-1.59514 -0.196479 0.0248782 0.0250006 3.26163
-1.58689 -0.190834 0.0248813 0.0250007 3.26163
-1.57895 -0.184748 0.0248848 0.0250007 3.26163
-1.57137 -0.178235 0.0248888 0.0250008 3.26163
-1.56415 -0.171315 0.0248932 0.0250009 3.26163
-1.55732 -0.164012 0.0248981 0.025001 3.26163
-1.55089 -0.156357 0.0249035 0.0250011 3.26163
-1.54485 -0.148382 0.0249094 0.0250012 3.26163
-1.53922 -0.140122 0.0249157 0.0250013 3.26163
-1.53397 -0.131612 0.0249223 0.0250014 3.26163
-1.52909 -0.122885 0.0249292 0.0250016 3.26163
-1.52455 -0.113976 0.0249364 0.0250017 3.26163
-1.52032 -0.104915 0.0249436 0.0250018 3.26163
-1.51637 -0.0957316 0.0249508 0.025002 3.26163
-1.51265 -0.0864529 0.0249579 0.0250021 3.26163
-1.5091 -0.0771031 0.0249647 0.0250023 3.26163
-1.50569 -0.0677046 0.0249712 0.0250024 3.26163
-1.50236 -0.0582786 0.0249771 0.0250026 3.26163
-1.49905 -0.0488453 0.0249825 0.0250027 3.26163
-1.4957 -0.039425 0.0249872 0.0250029 3.26163
-1.49226 -0.0300391 0.0249912 0.025003 3.26163
-1.48866 -0.0207106 0.0249942 0.0250031 3.26163
-1.48485 -0.0114656 0.0249964 0.0250032 3.26163
-1.48079 -0.00233331 0.0249976 0.0250032 3.26163
-1.4764 0.00665248 0.0249977 0.0250032 3.26163
-1.47166 0.0154536 0.0249969 0.0250032 3.26163
-1.46652 0.024027 0.0249951 0.0250031 3.26163
-1.46094 0.0323252 0.0249924 0.025003 3.26163
-1.45491 0.0402963 0.0249888 0.0250029 3.26163
-1.4484 0.0478853 0.0249844 0.0250026 3.26163
-1.44141 0.055035 0.0249793 0.0250024 3.26163
-1.43395 0.0616871 0.0249736 0.025002 3.26163
-1.42602 0.0677846 0.0249676 0.0250017 3.26163
-1.41767 0.0732728 0.0249614 0.0250012 3.26163
-1.40891 0.0781014 0.0249551 0.0250007 3.26163
-1.3998 0.0822264 0.024949 0.0250002 3.26163
-1.39039 0.0856113 0.0249432 0.0249997 3.26163
-1.38074 0.0882284 0.024938 0.0249991 3.26163
-1.37091 0.09006 0.0249334 0.0249985 3.26163
-1.36096 0.0910985 0.0249299 0.0249979 3.26163
-1.35096 0.0913469 0.0249274 0.0249973 3.26163
-1.34097 0.0908181 0.0249262 0.0249967 3.26163
-1.33105 0.0895337 0.0249264 0.0249963 3.26163
-1.32125 0.0875235 0.024928 0.0249958 3.26163
-1.31162 0.0848237 0.024931 0.0249954 3.26163
-1.30219 0.0814763 0.0249354 0.0249951 3.26163
-1.293 0.077527 0.0249412 0.0249949 3.26163
-1.28407 0.0730241 0.0249481 0.0249947 3.26163
-1.27541 0.0680172 0.0249561 0.0249945 3.26163
-1.26702 0.062556 0.024965 0.0249944 3.26163
-1.25892 0.0566893 0.0249746 0.0249944 3.26163
-1.25109 0.0504644 0.0249847 0.0249944 3.26163
-1.24352 0.0439262 0.0249951 0.0249945 3.26163
-1.23619 0.0371172 0.0250057 0.0249945 3.26163
-1.22908 0.0300768 0.0250163 0.0249946 3.26163
-1.22217 0.0228418 0.0250268 0.0249948 3.26163
-1.21543 0.0154461 0.0250369 0.0249949 3.26163
-1.20884 0.00792089 0.0250465 0.024995 3.26163
-1.20237 0.000294879 0.0250557 0.0249952 3.26163
-1.19598 -0.00740536 0.0250641 0.0249953 3.26163
-1.18965 -0.0151552 0.0250718 0.0249954 3.26163
-1.18336 -0.0229316 0.0250786 0.0249956 3.26163
-1.17707 -0.0307129 0.0250845 0.0249957 3.26163
-1.17077 -0.0384786 0.0250894 0.0249958 3.26163
-1.16442 -0.0462089 0.025093 0.0249959 3.26163
-1.15801 -0.0538847 0.0250954 0.024996 3.26163
-1.1515 -0.0614873 0.0250964 0.024996 3.26163
-1.1449 -0.0689981 0.0250957 0.0249961 3.26163
-1.13817 -0.0763986 0.0250933 0.0249961 3.26163
-1.1313 -0.0836701 0.0250888 0.0249962 3.26163
-1.12428 -0.0907938 0.0250819 0.0249964 3.26163
-1.11709 -0.097751 0.0250723 0.0249965 3.26163
-1.10973 -0.104523 0.0250599 0.0249967 3.26163
-1.10218 -0.111091 0.0250443 0.0249969 3.26163
-1.09445 -0.117436 0.0250256 0.024997 3.26163
-1.08653 -0.123541 0.0250035 0.0249972 3.26163
-1.07841 -0.129387 0.0249781 0.0249973 3.26163
-1.07011 -0.134958 0.0249494 0.0249975 3.26163
-1.06161 -0.140238 0.0249174 0.0249976 3.26163
-1.05293 -0.145212 0.0248825 0.0249977 3.26163
-1.04408 -0.149866 0.0248449 0.0249979 3.26163
-1.03506 -0.154189 0.0248047 0.0249981 3.26163
-1.02589 -0.15817 0.0247624 0.0249982 3.26163
-1.01657 -0.1618 0.0247183 0.0249984 3.26163
-1.00712 -0.165073 0.0246726 0.0249986 3.26163
-0.997549 -0.167985 0.0246257 0.0249988 3.26163
-0.987879 -0.170536 0.0245779 0.0249989 3.26163
-0.978122 -0.17273 0.0245295 0.0249991 3.26163
-0.968293 -0.174574 0.0244807 0.0249992 3.26163
-0.958407 -0.176082 0.0244318 0.0249993 3.26163
-0.948477 -0.177272 0.024383 0.0249995 3.26163
-0.938518 -0.178172 0.0243343 0.0249996 3.26163
-0.928539 -0.178821 0.0242858 0.0249997 3.26163
-0.918549 -0.179279 0.0242376 0.0249999 3.26163
-0.908559 -0.179725 0.0241895 0.0249999 3.26163
