-0.962522 -0.100474 0.0250748 0.0250001 2.10105
-0.957504 -0.0918247 0.025065 0.0250002 2.10105
-0.952628 -0.0830943 0.0250552 0.0250003 2.10105
-0.947907 -0.0742793 0.0250455 0.0250005 2.10105
-0.943341 -0.0653831 0.0250358 0.0250007 2.10105
-0.938921 -0.0564133 0.0250262 0.0250009 2.10105
-0.934632 -0.0473808 0.0250166 0.0250011 2.10105
-0.93045 -0.0382982 0.0250073 0.0250012 2.10105
-0.926347 -0.02918 0.0249981 0.0250014 2.10105
-0.922289 -0.0200416 0.0249892 0.0250015 2.10105
-0.918239 -0.0108998 0.0249805 0.0250016 2.10105
-0.914156 -0.00177269 0.0249721 0.0250017 2.10105
-0.909997 0.00731996 0.0249641 0.0250018 2.10105
-0.905718 0.0163564 0.0249565 0.0250019 2.10105
-0.901273 0.0253122 0.0249493 0.025002 2.10105
-0.896616 0.03416 0.0249426 0.025002 2.10105
-0.891704 0.0428688 0.0249364 0.025002 2.10105
-0.886496 0.0514037 0.0249309 0.025002 2.10105
-0.880954 0.0597255 0.024926 0.0250019 2.10105
-0.875044 0.0677906 0.0249218 0.0250018 2.10105
-0.86874 0.0755512 0.0249185 0.0250017 2.10105
-0.862021 0.0829555 0.0249161 0.0250016 2.10105
-0.854874 0.089948 0.0249146 0.0250015 2.10105
-0.847296 0.0964711 0.0249142 0.0250014 2.10105
-0.839293 0.102465 0.0249149 0.0250013 2.10105
-0.830882 0.107872 0.0249166 0.0250011 2.10105
-0.822089 0.112634 0.0249194 0.025001 2.10105
-0.812953 0.116698 0.0249232 0.0250009 2.10105
-0.80352 0.120016 0.024928 0.0250008 2.10105
-0.793846 0.122546 0.0249337 0.0250007 2.10105
-0.783994 0.124257 0.0249403 0.0250006 2.10105
-0.774032 0.125127 0.0249475 0.0250005 2.10105
-0.764033 0.125146 0.0249554 0.0250005 2.10105
-0.754068 0.124315 0.0249636 0.0250004 2.10105
-0.744208 0.122646 0.024972 0.0250004 2.10105
-0.734522 0.120163 0.0249804 0.0250004 2.10105
-0.72507 0.116899 0.0249886 0.0250003 2.10105
-0.715905 0.112898 0.0249965 0.0250003 2.10105
-0.707073 0.108209 0.0250038 0.0250002 2.10105
-0.698607 0.102887 0.0250105 0.0250001 2.10105
-0.690529 0.0969923 0.0250165 0.0249999 2.10105
-0.682851 0.0905848 0.0250218 0.0249998 2.10105
-0.675575 0.0837251 0.0250264 0.0249997 2.10105
-0.66869 0.0764723 0.0250302 0.0249996 2.10105
-0.662177 0.068883 0.0250334 0.0249994 2.10105
-0.656011 0.0610101 0.0250359 0.0249994 2.10105
-0.650156 0.0529029 0.0250377 0.0249993 2.10105
-0.644572 0.0446063 0.0250388 0.0249993 2.10105
-0.639215 0.0361613 0.0250393 0.0249993 2.10105
-0.634039 0.0276048 0.025039 0.0249993 2.10105
-0.628992 0.0189708 0.0250379 0.0249994 2.10105
-0.624026 0.0102906 0.0250359 0.0249995 2.10105
-0.619089 0.00159367 0.0250329 0.0249996 2.10105
-0.614133 -0.00709178 0.0250288 0.0249998 2.10105
-0.609108 -0.015738 0.0250235 0.025 2.10105
-0.603971 -0.0243173 0.0250168 0.0250002 2.10105
-0.598677 -0.0328011 0.0250088 0.0250004 2.10105
-0.59319 -0.0411603 0.0249992 0.0250006 2.10105
-0.587473 -0.0493645 0.0249881 0.0250009 2.10105
-0.581498 -0.0573817 0.0249755 0.0250011 2.10105
-0.575238 -0.0651793 0.0249612 0.0250013 2.10105
-0.568676 -0.0727232 0.0249453 0.0250016 2.10105
-0.561796 -0.0799786 0.024928 0.0250018 2.10105
-0.554591 -0.0869105 0.0249092 0.025002 2.10105
-0.547057 -0.0934838 0.0248892 0.0250021 2.10105
-0.539197 -0.099664 0.024868 0.0250023 2.10105
-0.531021 -0.105418 0.0248459 0.0250024 2.10105
-0.52254 -0.110712 0.0248231 0.0250024 2.10105
-0.513773 -0.115518 0.0247999 0.0250025 2.10105
-0.504741 -0.119808 0.0247765 0.0250025 2.10105
-0.495472 -0.123555 0.0247533 0.0250024 2.10105
-0.485995 -0.126739 0.0247305 0.0250024 2.10105
-0.476341 -0.12934 0.0247085 0.0250023 2.10105
-0.466546 -0.131344 0.0246876 0.0250021 2.10105
-0.456645 -0.132738 0.0246681 0.0250019 2.10105
-0.446677 -0.133515 0.0246503 0.0250017 2.10105
-0.436679 -0.133672 0.0246345 0.0250015 2.10105
-0.426691 -0.133208 0.024621 0.0250013 2.10105
-0.41675 -0.132128 0.02461 0.025001 2.10105
-0.406895 -0.130441 0.0246017 0.0250007 2.10105
-0.397159 -0.128157 0.0245963 0.0250004 2.10105
-0.387578 -0.125293 0.024594 0.0250001 2.10105
-0.378183 -0.121867 0.0245948 0.0249998 2.10105
-0.369003 -0.117901 0.0245989 0.0249995 2.10105
-0.360063 -0.11342 0.0246062 0.0249993 2.10105
-0.351386 -0.108448 0.0246167 0.024999 2.10105
-0.34299 -0.103014 0.0246304 0.0249988 2.10105
-0.33489 -0.0971483 0.024647 0.0249986 2.10105
-0.327096 -0.0908804 0.0246664 0.0249985 2.10105
-0.319617 -0.0842414 0.0246884 0.0249984 2.10105
-0.312452 -0.0772628 0.0247127 0.0249983 2.10105
-0.305602 -0.0699758 0.0247391 0.0249983 2.10105
-0.29906 -0.0624113 0.0247672 0.0249984 2.10105
-0.292814 -0.0545997 0.0247968 0.0249984 2.10105
-0.286851 -0.0465705 0.0248276 0.0249985 2.10105
-0.281152 -0.0383527 0.0248593 0.0249987 2.10105
-0.275691 -0.0299744 0.0248917 0.0249989 2.10105
-0.270439 -0.0214635 0.0249245 0.0249991 2.10105
-0.265361 -0.0128484 0.0249574 0.0249994 2.10105
-0.260407 -0.0041612 0.0249904 0.0249997 2.10105
-0.25546 0.00452928 0.0250233 0.0249998 2.10105
