-1.51824 -0.0474831 0.0249399 0.0250001 3.0015
-1.51307 -0.0389239 0.0249469 0.0250001 3.0015
-1.50787 -0.0303829 0.0249539 0.0250002 3.0015
-1.50261 -0.0218762 0.0249608 0.0250003 3.0015
-1.49727 -0.013423 0.0249676 0.0250004 3.0015
-1.49181 -0.00504587 0.0249741 0.0250006 3.0015
-1.4862 0.00322938 0.0249803 0.0250007 3.0015
-1.4804 0.0113737 0.0249859 0.0250008 3.0015
-1.47437 0.0193544 0.0249909 0.0250009 3.0015
-1.46809 0.0271354 0.0249953 0.025001 3.0015
-1.46152 0.0346768 0.0249989 0.0250011 3.0015
-1.45465 0.041935 0.0250016 0.0250011 3.0015
-1.44744 0.048863 0.0250036 0.0250011 3.0015
-1.43988 0.0554111 0.0250047 0.0250011 3.0015
-1.43197 0.061527 0.025005 0.025001 3.0015
-1.42371 0.067157 0.0250046 0.0250009 3.0015
-1.4151 0.0722473 0.0250035 0.0250007 3.0015
-1.40617 0.0767447 0.025002 0.0250005 3.0015
-1.39694 0.0805991 0.0250002 0.0250003 3.0015
-1.38746 0.083764 0.0249981 0.0250001 3.0015
-1.37776 0.0861983 0.0249961 0.0249999 3.0015
-1.3679 0.0878675 0.0249942 0.0249997 3.0015
-1.35793 0.0887457 0.0249925 0.0249996 3.0015
-1.34793 0.0888158 0.0249912 0.0249994 3.0015
-1.33796 0.088071 0.0249902 0.0249993 3.0015
-1.32808 0.0865148 0.0249897 0.0249992 3.0015
-1.31836 0.0841612 0.0249897 0.0249991 3.0015
-1.30886 0.0810341 0.0249902 0.0249991 3.0015
-1.29964 0.0771668 0.0249912 0.0249991 3.0015
-1.29074 0.0726004 0.0249926 0.0249991 3.0015
-1.28221 0.0673829 0.0249944 0.0249992 3.0015
-1.27408 0.0615672 0.0249966 0.0249992 3.0015
-1.26636 0.0552097 0.0249991 0.0249993 3.0015
-1.25906 0.0483684 0.0250018 0.0249994 3.0015
-1.25219 0.0411012 0.0250046 0.0249995 3.0015
-1.24574 0.0334647 0.0250074 0.0249996 3.0015
-1.23967 0.025513 0.0250101 0.0249996 3.0015
-1.23397 0.0172969 0.0250125 0.0249997 3.0015
-1.2286 0.00886359 0.0250147 0.0249998 3.0015
-1.2235 0.000256211 0.0250165 0.0249998 3.0015
-1.21865 -0.00848607 0.0250177 0.0249999 3.0015
-1.21398 -0.0173277 0.0250183 0.025 3.0015
-1.20943 -0.026236 0.0250182 0.0250001 3.0015
-1.20496 -0.0351808 0.0250171 0.0250002 3.0015
-1.20051 -0.0441331 0.0250149 0.0250004 3.0015
-1.19601 -0.0530645 0.0250115 0.0250006 3.0015
-1.19142 -0.0619466 0.0250067 0.0250008 3.0015
-1.18668 -0.0707502 0.0250003 0.025001 3.0015
-1.18174 -0.0794444 0.0249921 0.0250013 3.0015
-1.17656 -0.0879963 0.0249821 0.0250015 3.0015
-1.17109 -0.0963707 0.0249702 0.0250017 3.0015
-1.16531 -0.10453 0.0249563 0.025002 3.0015
-1.15919 -0.112435 0.0249405 0.0250022 3.0015
-1.15271 -0.120045 0.0249229 0.0250023 3.0015
-1.14585 -0.127316 0.0249036 0.0250025 3.0015
-1.1386 -0.134206 0.0248831 0.0250026 3.0015
-1.13098 -0.140672 0.0248614 0.0250026 3.0015
-1.12298 -0.146672 0.0248391 0.0250026 3.0015
-1.11463 -0.152168 0.0248165 0.0250025 3.0015
-1.10594 -0.157121 0.0247941 0.0250024 3.0015
-1.09695 -0.161501 0.0247723 0.0250022 3.0015
-1.0877 -0.165278 0.0247516 0.025002 3.0015
-1.07821 -0.168428 0.0247325 0.0250017 3.0015
-1.06853 -0.170935 0.0247152 0.0250014 3.0015
-1.0587 -0.172784 0.0247003 0.0250011 3.0015
-1.04877 -0.173969 0.024688 0.0250008 3.0015
-1.03879 -0.174488 0.0246785 0.0250005 3.0015
-1.02879 -0.174344 0.024672 0.0250001 3.0015
-1.01882 -0.173544 0.0246686 0.0249998 3.0015
-1.00892 -0.1721 0.0246683 0.0249994 3.0015
-0.99914 -0.170029 0.024671 0.0249991 3.0015
-0.989505 -0.16735 0.0246766 0.0249988 3.0015
-0.980052 -0.164084 0.024685 0.0249985 3.0015
-0.970813 -0.160255 0.0246958 0.0249982 3.0015
-0.961814 -0.155891 0.0247089 0.0249979 3.0015
-0.953079 -0.151019 0.0247241 0.0249977 3.0015
-0.944628 -0.145669 0.0247409 0.0249975 3.0015
-0.936477 -0.139872 0.0247592 0.0249973 3.0015
-0.928639 -0.133658 0.0247787 0.0249972 3.0015
-0.921124 -0.127057 0.024799 0.0249972 3.0015
-0.913938 -0.1201 0.0248198 0.0249972 3.0015
-0.907083 -0.112816 0.0248408 0.0249972 3.0015
-0.900559 -0.105234 0.0248617 0.0249973 3.0015
-0.894364 -0.0973819 0.0248824 0.0249974 3.0015
-0.888491 -0.0892855 0.0249026 0.0249975 3.0015
-0.882932 -0.0809704 0.0249221 0.0249976 3.0015
-0.877677 -0.0724603 0.0249408 0.0249978 3.0015
-0.872713 -0.0637775 0.0249585 0.0249979 3.0015
-0.868025 -0.0549428 0.0249753 0.0249981 3.0015
-0.863596 -0.0459755 0.0249909 0.0249983 3.0015
-0.859408 -0.0368933 0.0250054 0.0249985 3.0015
-0.855441 -0.0277125 0.0250188 0.0249987 3.0015
-0.851675 -0.0184478 0.0250312 0.0249989 3.0015
-0.848087 -0.00911269 0.0250424 0.0249991 3.0015
-0.844656 0.000280843 0.0250528 0.0249993 3.0015
-0.841358 0.00972186 0.0250623 0.0249995 3.0015
-0.83817 0.0192003 0.0250712 0.0249997 3.0015
-0.835066 0.0287068 0.0250797 0.0249998 3.0015
-0.832024 0.038233 0.0250878 0.0249999 3.0015
-0.829019 0.0477707 0.0250959 0.0249999 3.0015
-0.826013 0.0573084 0.025104 0.025 3.0015
