-1.12796 -0.177395 0.0247592 0.0250001 2.34117
-1.11811 -0.179098 0.024768 0.0250001 2.34117
-1.10821 -0.180507 0.0247768 0.0250003 2.34117
-1.09827 -0.181552 0.0247857 0.0250004 2.34117
-1.08828 -0.182173 0.0247947 0.0250005 2.34117
-1.07829 -0.182317 0.0248036 0.0250006 2.34117
-1.06829 -0.181939 0.0248127 0.0250006 2.34117
-1.05834 -0.181001 0.0248219 0.0250007 2.34117
-1.04846 -0.179472 0.0248313 0.0250007 2.34117
-1.03869 -0.177331 0.0248408 0.0250007 2.34117
-1.02908 -0.174564 0.0248507 0.0250007 2.34117
-1.01968 -0.171167 0.0248609 0.0250006 2.34117
-1.01052 -0.167143 0.0248716 0.0250006 2.34117
-1.00166 -0.162505 0.0248826 0.0250006 2.34117
-0.99314 -0.157274 0.024894 0.0250006 2.34117
-0.984992 -0.151478 0.0249059 0.0250007 2.34117
-0.977249 -0.145151 0.024918 0.0250007 2.34117
-0.969935 -0.138332 0.0249304 0.0250007 2.34117
-0.963068 -0.131064 0.0249429 0.0250008 2.34117
-0.956654 -0.123392 0.0249555 0.0250009 2.34117
-0.950694 -0.115364 0.0249679 0.025001 2.34117
-0.945178 -0.107023 0.02498 0.0250011 2.34117
-0.940088 -0.0984165 0.0249917 0.0250012 2.34117
-0.9354 -0.089585 0.0250027 0.0250013 2.34117
-0.931078 -0.080568 0.0250129 0.0250014 2.34117
-0.927085 -0.0714012 0.0250222 0.0250016 2.34117
-0.923375 -0.0621165 0.0250302 0.0250018 2.34117
-0.919897 -0.0527424 0.0250369 0.0250019 2.34117
-0.916597 -0.0433042 0.0250421 0.0250021 2.34117
-0.913418 -0.0338248 0.0250456 0.0250023 2.34117
-0.9103 -0.0243252 0.0250472 0.0250025 2.34117
-0.907183 -0.0148257 0.0250469 0.0250027 2.34117
-0.904005 -0.00534657 0.0250446 0.0250029 2.34117
-0.900704 0.00409067 0.0250402 0.025003 2.34117
-0.897223 0.0134624 0.0250336 0.0250032 2.34117
-0.893503 0.022742 0.0250249 0.0250033 2.34117
-0.889492 0.0318991 0.0250141 0.0250034 2.34117
-0.885139 0.0408992 0.0250013 0.0250035 2.34117
-0.880403 0.0497033 0.0249867 0.0250035 2.34117
-0.875246 0.0582678 0.0249704 0.0250035 2.34117
-0.86964 0.0665453 0.0249527 0.0250035 2.34117
-0.863565 0.0744848 0.0249338 0.0250033 2.34117
-0.85701 0.0820331 0.0249141 0.0250032 2.34117
-0.849974 0.0891356 0.0248939 0.0250029 2.34117
-0.842466 0.0957382 0.0248736 0.0250027 2.34117
-0.834507 0.101788 0.0248535 0.0250023 2.34117
-0.826124 0.107237 0.0248342 0.0250019 2.34117
-0.817354 0.11204 0.0248159 0.0250015 2.34117
-0.808244 0.11616 0.0247991 0.025001 2.34117
-0.798842 0.119567 0.0247842 0.0250005 2.34117
-0.789206 0.122238 0.0247715 0.025 2.34117
-0.779392 0.12416 0.0247614 0.0249994 2.34117
-0.76946 0.125329 0.024754 0.0249988 2.34117
-0.759468 0.12575 0.0247496 0.0249983 2.34117
-0.749471 0.125435 0.0247483 0.0249977 2.34117
-0.739522 0.124406 0.0247501 0.0249972 2.34117
-0.729668 0.122689 0.0247552 0.0249967 2.34117
-0.719951 0.120316 0.0247634 0.0249962 2.34117
-0.710405 0.117325 0.0247745 0.0249958 2.34117
-0.70106 0.113756 0.0247884 0.0249955 2.34117
-0.691938 0.10965 0.0248048 0.0249952 2.34117
-0.683054 0.105049 0.0248233 0.0249949 2.34117
-0.67442 0.0999976 0.0248435 0.0249947 2.34117
-0.666038 0.0945362 0.0248651 0.0249946 2.34117
-0.657908 0.0887058 0.0248876 0.0249946 2.34117
-0.650025 0.082545 0.0249105 0.0249945 2.34117
-0.642382 0.0760905 0.0249333 0.0249946 2.34117
-0.634965 0.0693764 0.0249556 0.0249947 2.34117
-0.627761 0.0624345 0.0249769 0.0249948 2.34117
-0.620755 0.0552938 0.0249968 0.0249949 2.34117
-0.613928 0.0479814 0.0250148 0.0249951 2.34117
-0.607262 0.0405217 0.0250306 0.0249953 2.34117
-0.600739 0.0329375 0.0250439 0.0249955 2.34117
-0.594339 0.0252494 0.0250544 0.0249958 2.34117
-0.588042 0.0174767 0.0250617 0.024996 2.34117
-0.581828 0.00963733 0.0250658 0.0249963 2.34117
-0.575679 0.00174796 0.0250665 0.0249965 2.34117
-0.569574 -0.00617569 0.0250637 0.0249967 2.34117
-0.563495 -0.0141187 0.0250574 0.024997 2.34117
-0.557422 -0.0220668 0.0250476 0.0249972 2.34117
-0.551339 -0.0300062 0.0250344 0.0249974 2.34117
-0.545227 -0.0379237 0.0250178 0.0249975 2.34117
-0.53907 -0.0458062 0.0249981 0.0249977 2.34117
-0.532853 -0.053641 0.0249753 0.0249979 2.34117
-0.526562 -0.0614158 0.0249498 0.024998 2.34117
-0.520182 -0.0691184 0.0249217 0.0249981 2.34117
-0.513702 -0.0767363 0.0248912 0.0249982 2.34117
-0.507109 -0.0842574 0.0248587 0.0249983 2.34117
-0.500395 -0.0916696 0.0248243 0.0249984 2.34117
-0.49355 -0.0989612 0.0247882 0.0249985 2.34117
-0.486567 -0.106121 0.0247508 0.0249986 2.34117
-0.479442 -0.113139 0.0247123 0.0249987 2.34117
-0.472171 -0.120006 0.0246727 0.0249989 2.34117
-0.464753 -0.126713 0.0246323 0.024999 2.34117
-0.45719 -0.133256 0.0245913 0.0249991 2.34117
-0.449485 -0.139632 0.0245498 0.0249992 2.34117
-0.441646 -0.145841 0.0245079 0.0249994 2.34117
-0.433682 -0.15189 0.0244657 0.0249995 2.34117
-0.425611 -0.157794 0.0244234 0.0249997 2.34117
-0.417456 -0.163582 0.024381 0.0249998 2.34117
-0.409295 -0.169362 0.0243385 0.0249999 2.34117
