-2.612 0.00702865 0.0248547 0.0250001 4.84242
-2.60244 0.00995486 0.0248596 0.0250001 4.84242
-2.5928 0.0125962 0.0248646 0.0250003 4.84242
-2.58306 0.0148832 0.0248696 0.0250004 4.84242
-2.57324 0.0167552 0.0248747 0.0250005 4.84242
-2.56334 0.0181577 0.0248798 0.0250006 4.84242
-2.55338 0.0190425 0.024885 0.0250006 4.84242
-2.54338 0.0193677 0.0248903 0.0250007 4.84242
-2.53339 0.0190984 0.0248959 0.0250007 4.84242
-2.52343 0.0182069 0.0249017 0.0250007 4.84242
-2.51355 0.0166744 0.0249078 0.0250007 4.84242
-2.50379 0.0144901 0.0249144 0.0250007 4.84242
-2.4942 0.0116519 0.0249215 0.0250007 4.84242
-2.48483 0.00816624 0.0249292 0.0250007 4.84242
-2.47572 0.00404804 0.0249374 0.0250007 4.84242
-2.4669 -0.000679998 0.0249461 0.0250007 4.84242
-2.45843 -0.00598819 0.0249553 0.0250008 4.84242
-2.45032 -0.0118408 0.024965 0.0250008 4.84242
-2.4426 -0.0181974 0.024975 0.0250009 4.84242
-2.43529 -0.0250141 0.0249852 0.0250009 4.84242
-2.42838 -0.0322448 0.0249955 0.025001 4.84242
-2.42188 -0.0398425 0.0250058 0.0250011 4.84242
-2.41578 -0.0477608 0.0250159 0.0250012 4.84242
-2.41004 -0.0559544 0.0250256 0.0250013 4.84242
-2.40466 -0.0643802 0.0250347 0.0250015 4.84242
-2.39959 -0.0729978 0.0250431 0.0250016 4.84242
-2.39479 -0.0817697 0.0250506 0.0250018 4.84242
-2.39022 -0.0906613 0.0250569 0.0250019 4.84242
-2.38582 -0.0996408 0.0250619 0.0250021 4.84242
-2.38154 -0.108679 0.0250654 0.0250023 4.84242
-2.37733 -0.117746 0.0250672 0.0250024 4.84242
-2.37313 -0.126817 0.0250672 0.0250026 4.84242
-2.36887 -0.135864 0.0250653 0.0250028 4.84242
-2.36451 -0.144857 0.0250614 0.025003 4.84242
-2.35997 -0.153768 0.0250555 0.0250031 4.84242
-2.35522 -0.162563 0.0250474 0.0250033 4.84242
-2.35019 -0.171206 0.0250372 0.0250034 4.84242
-2.34485 -0.179657 0.0250251 0.0250035 4.84242
-2.33916 -0.187874 0.0250111 0.0250035 4.84242
-2.33308 -0.195808 0.0249953 0.0250035 4.84242
-2.32658 -0.20341 0.024978 0.0250035 4.84242
-2.31967 -0.210628 0.0249594 0.0250034 4.84242
-2.31232 -0.217406 0.0249398 0.0250032 4.84242
-2.30454 -0.22369 0.0249196 0.025003 4.84242
-2.29636 -0.229429 0.024899 0.0250028 4.84242
-2.28778 -0.234571 0.0248786 0.0250024 4.84242
-2.27885 -0.23907 0.0248587 0.0250021 4.84242
-2.26961 -0.242887 0.0248397 0.0250016 4.84242
-2.26011 -0.245989 0.024822 0.0250012 4.84242
-2.25039 -0.248351 0.024806 0.0250007 4.84242
-2.24052 -0.249956 0.0247921 0.0250001 4.84242
-2.23056 -0.250797 0.0247806 0.0249996 4.84242
-2.22056 -0.250876 0.0247718 0.024999 4.84242
-2.21058 -0.250203 0.0247658 0.0249985 4.84242
-2.20067 -0.248797 0.0247629 0.0249979 4.84242
-2.1909 -0.246684 0.0247631 0.0249974 4.84242
-2.18129 -0.243896 0.0247665 0.0249969 4.84242
-2.1719 -0.240469 0.0247729 0.0249964 4.84242
-2.16274 -0.236443 0.0247824 0.024996 4.84242
-2.15385 -0.231862 0.0247947 0.0249956 4.84242
-2.14524 -0.226769 0.0248096 0.0249953 4.84242
-2.13692 -0.221208 0.0248267 0.024995 4.84242
-2.1289 -0.215223 0.0248456 0.0249949 4.84242
-2.12119 -0.208856 0.024866 0.0249947 4.84242
-2.11376 -0.202148 0.0248874 0.0249946 4.84242
-2.10663 -0.195136 0.0249094 0.0249946 4.84242
-2.09977 -0.187856 0.0249314 0.0249946 4.84242
-2.09316 -0.180341 0.0249531 0.0249947 4.84242
-2.0868 -0.172621 0.0249739 0.0249948 4.84242
-2.08066 -0.164723 0.0249935 0.0249949 4.84242
-2.07472 -0.156673 0.0250113 0.0249951 4.84242
-2.06896 -0.148492 0.0250271 0.0249953 4.84242
-2.06337 -0.140201 0.0250404 0.0249955 4.84242
-2.05791 -0.131818 0.0250509 0.0249957 4.84242
-2.05256 -0.123362 0.0250585 0.024996 4.84242
-2.04732 -0.114846 0.0250629 0.0249962 4.84242
-2.04214 -0.106286 0.025064 0.0249965 4.84242
-2.03702 -0.0976946 0.0250616 0.0249967 4.84242
-2.03193 -0.0890848 0.0250557 0.0249969 4.84242
-2.02685 -0.0804685 0.0250463 0.0249971 4.84242
-2.02176 -0.0718573 0.0250335 0.0249973 4.84242
-2.01664 -0.0632623 0.0250174 0.0249975 4.84242
-2.01148 -0.0546944 0.0249981 0.0249977 4.84242
-2.00626 -0.0461643 0.0249758 0.0249979 4.84242
-2.00096 -0.0376826 0.0249507 0.024998 4.84242
-1.99557 -0.0292597 0.024923 0.0249981 4.84242
-1.99007 -0.0209064 0.0248929 0.0249982 4.84242
-1.98445 -0.0126333 0.0248607 0.0249984 4.84242
-1.97869 -0.0044512 0.0248267 0.0249985 4.84242
-1.9728 0.00362945 0.024791 0.0249986 4.84242
-1.96676 0.0115984 0.0247539 0.0249987 4.84242
-1.96056 0.0194461 0.0247157 0.0249988 4.84242
-1.9542 0.0271637 0.0246764 0.0249989 4.84242
-1.94768 0.0347436 0.0246364 0.024999 4.84242
-1.94099 0.0421801 0.0245957 0.0249991 4.84242
-1.93414 0.0494697 0.0245545 0.0249992 4.84242
-1.92714 0.0566125 0.024513 0.0249994 4.84242
-1.92 0.0636134 0.0244713 0.0249995 4.84242
-1.91274 0.0704848 0.0244294 0.0249997 4.84242
-1.90537 0.0772524 0.0243874 0.0249998 4.84242
-1.89801 0.0840126 0.0243453 0.0249999 4.84242
