-1.84169 -0.0303175 0.0250979 0.0250001 3.58179
-1.83591 -0.0384767 0.0250928 0.0250002 3.58179
-1.83023 -0.0467093 0.0250877 0.0250003 3.58179
-1.82466 -0.0550161 0.0250826 0.0250005 3.58179
-1.8192 -0.0633909 0.0250774 0.0250006 3.58179
-1.81383 -0.0718231 0.025072 0.0250008 3.58179
-1.80852 -0.0802985 0.0250666 0.025001 3.58179
-1.80326 -0.0888002 0.025061 0.0250011 3.58179
-1.798 -0.0973091 0.0250552 0.0250012 3.58179
-1.79273 -0.105804 0.0250493 0.0250014 3.58179
-1.7874 -0.114261 0.0250431 0.0250015 3.58179
-1.78196 -0.122655 0.0250367 0.0250016 3.58179
-1.77639 -0.130958 0.0250301 0.0250017 3.58179
-1.77064 -0.139138 0.0250234 0.0250017 3.58179
-1.76467 -0.14716 0.0250165 0.0250018 3.58179
-1.75845 -0.154987 0.0250095 0.0250018 3.58179
-1.75194 -0.162576 0.0250025 0.0250018 3.58179
-1.74512 -0.169883 0.0249956 0.0250018 3.58179
-1.73795 -0.176858 0.024989 0.0250017 3.58179
-1.73044 -0.183449 0.0249828 0.0250016 3.58179
-1.72255 -0.189603 0.0249773 0.0250015 3.58179
-1.71431 -0.195261 0.0249725 0.0250014 3.58179
-1.70571 -0.200366 0.0249687 0.0250013 3.58179
-1.69678 -0.204863 0.024966 0.0250011 3.58179
-1.68755 -0.208698 0.0249646 0.025001 3.58179
-1.67805 -0.211819 0.0249644 0.0250008 3.58179
-1.66833 -0.214184 0.0249657 0.0250007 3.58179
-1.65846 -0.215755 0.0249684 0.0250005 3.58179
-1.64849 -0.216504 0.0249724 0.0250003 3.58179
-1.63849 -0.216415 0.0249778 0.0250002 3.58179
-1.62853 -0.215479 0.0249844 0.025 3.58179
-1.61869 -0.213703 0.0249921 0.0249998 3.58179
-1.60903 -0.211102 0.0250007 0.0249997 3.58179
-1.59963 -0.207705 0.0250099 0.0249996 3.58179
-1.59053 -0.203548 0.0250195 0.0249995 3.58179
-1.5818 -0.198677 0.0250291 0.0249994 3.58179
-1.57347 -0.193144 0.0250385 0.0249993 3.58179
-1.56557 -0.187007 0.0250473 0.0249993 3.58179
-1.55813 -0.180324 0.0250551 0.0249994 3.58179
-1.55116 -0.173158 0.0250618 0.0249994 3.58179
-1.54464 -0.165569 0.025067 0.0249994 3.58179
-1.53858 -0.157614 0.0250706 0.0249994 3.58179
-1.53295 -0.14935 0.0250725 0.0249994 3.58179
-1.52772 -0.140828 0.0250728 0.0249994 3.58179
-1.52285 -0.132094 0.0250714 0.0249994 3.58179
-1.51829 -0.123191 0.0250686 0.0249994 3.58179
-1.51401 -0.114155 0.0250643 0.0249995 3.58179
-1.50994 -0.105019 0.0250589 0.0249995 3.58179
-1.50604 -0.0958113 0.0250523 0.0249996 3.58179
-1.50224 -0.0865587 0.0250449 0.0249997 3.58179
-1.4985 -0.0772841 0.0250365 0.0249998 3.58179
-1.49476 -0.0680098 0.0250275 0.0249999 3.58179
-1.49097 -0.0587573 0.0250178 0.025 3.58179
-1.48707 -0.0495486 0.0250076 0.0250002 3.58179
-1.48302 -0.0404063 0.0249968 0.0250003 3.58179
-1.47877 -0.0313546 0.0249856 0.0250005 3.58179
-1.47428 -0.0224192 0.0249737 0.0250007 3.58179
-1.46952 -0.0136282 0.0249614 0.0250008 3.58179
-1.46444 -0.00501157 0.0249484 0.025001 3.58179
-1.45904 0.00339879 0.0249349 0.0250012 3.58179
-1.45327 0.0115691 0.0249207 0.0250014 3.58179
-1.44714 0.0194643 0.0249058 0.0250017 3.58179
-1.44062 0.0270483 0.0248903 0.0250018 3.58179
-1.43372 0.0342846 0.0248741 0.025002 3.58179
-1.42644 0.0411371 0.0248574 0.0250022 3.58179
-1.41879 0.0475702 0.0248402 0.0250023 3.58179
-1.41077 0.0535499 0.0248227 0.0250024 3.58179
-1.40242 0.0590439 0.0248049 0.0250025 3.58179
-1.39375 0.0640225 0.0247871 0.0250025 3.58179
-1.38479 0.0684587 0.0247694 0.0250025 3.58179
-1.37557 0.0723285 0.0247521 0.0250024 3.58179
-1.36613 0.0756115 0.0247352 0.0250023 3.58179
-1.3565 0.078291 0.0247192 0.0250022 3.58179
-1.34671 0.080354 0.0247041 0.0250021 3.58179
-1.33682 0.0817916 0.0246902 0.0250019 3.58179
-1.32685 0.0825992 0.0246777 0.0250017 3.58179
-1.31686 0.082776 0.024667 0.0250015 3.58179
-1.30687 0.0823256 0.0246581 0.0250012 3.58179
-1.29692 0.0812553 0.0246513 0.0250009 3.58179
-1.28707 0.0795764 0.0246469 0.0250006 3.58179
-1.27733 0.0773037 0.0246449 0.0250003 3.58179
-1.26774 0.0744554 0.0246456 0.025 3.58179
-1.25834 0.0710527 0.0246491 0.0249997 3.58179
-1.24915 0.0671191 0.0246555 0.0249995 3.58179
-1.24018 0.0626802 0.0246648 0.0249992 3.58179
-1.23148 0.0577636 0.0246769 0.024999 3.58179
-1.22304 0.0523982 0.0246917 0.0249988 3.58179
-1.21488 0.0466138 0.0247093 0.0249986 3.58179
-1.20701 0.0404413 0.0247293 0.0249985 3.58179
-1.19943 0.0339114 0.0247516 0.0249984 3.58179
-1.19215 0.0270552 0.0247759 0.0249983 3.58179
-1.18516 0.0199034 0.024802 0.0249983 3.58179
-1.17845 0.0124861 0.0248296 0.0249984 3.58179
-1.17201 0.00483281 0.0248584 0.0249985 3.58179
-1.16583 -0.00302784 0.0248883 0.0249986 3.58179
-1.15988 -0.011068 0.0249188 0.0249988 3.58179
-1.15415 -0.0192606 0.0249499 0.024999 3.58179
-1.14859 -0.0275786 0.0249813 0.0249992 3.58179
-1.14319 -0.0359948 0.0250127 0.0249994 3.58179
-1.1379 -0.0444785 0.0250442 0.0249997 3.58179
-1.13261 -0.052965 0.0250756 0.0249999 3.58179
