-2.27022 -0.256692 0.0248487 0.0250001 4.30215
-2.26025 -0.255936 0.0248532 0.0250001 4.30215
-2.25031 -0.254858 0.0248576 0.0250002 4.30215
-2.24042 -0.25339 0.0248621 0.0250003 4.30215
-2.2306 -0.251479 0.0248667 0.0250004 4.30215
-2.2209 -0.249085 0.0248713 0.0250005 4.30215
-2.21133 -0.246177 0.0248762 0.0250005 4.30215
-2.20194 -0.242735 0.0248813 0.0250006 4.30215
-2.19277 -0.238748 0.0248866 0.0250006 4.30215
-2.18386 -0.234213 0.0248924 0.0250007 4.30215
-2.17524 -0.229137 0.0248985 0.0250007 4.30215
-2.16696 -0.223534 0.0249051 0.0250008 4.30215
-2.15904 -0.217427 0.0249122 0.0250009 4.30215
-2.15152 -0.210843 0.0249197 0.0250009 4.30215
-2.1444 -0.203815 0.0249276 0.025001 4.30215
-2.13772 -0.196381 0.0249359 0.0250011 4.30215
-2.13146 -0.18858 0.0249445 0.0250012 4.30215
-2.12564 -0.180453 0.0249534 0.0250013 4.30215
-2.12023 -0.172041 0.0249624 0.0250015 4.30215
-2.11523 -0.163384 0.0249715 0.0250016 4.30215
-2.1106 -0.15452 0.0249805 0.0250017 4.30215
-2.10632 -0.145485 0.0249894 0.0250018 4.30215
-2.10234 -0.136312 0.0249979 0.025002 4.30215
-2.09863 -0.12703 0.0250061 0.0250021 4.30215
-2.09512 -0.117665 0.0250137 0.0250023 4.30215
-2.09178 -0.108242 0.0250206 0.0250024 4.30215
-2.08854 -0.0987833 0.0250267 0.0250025 4.30215
-2.08535 -0.0893088 0.0250318 0.0250027 4.30215
-2.08214 -0.0798389 0.0250358 0.0250028 4.30215
-2.07886 -0.0703943 0.0250386 0.0250029 4.30215
-2.07545 -0.060997 0.0250401 0.025003 4.30215
-2.07185 -0.0516715 0.0250402 0.0250031 4.30215
-2.068 -0.0424455 0.0250388 0.0250032 4.30215
-2.06385 -0.0333507 0.025036 0.0250033 4.30215
-2.05935 -0.0244231 0.0250315 0.0250033 4.30215
-2.05446 -0.0157033 0.0250256 0.0250032 4.30215
-2.04914 -0.0072366 0.0250183 0.0250031 4.30215
-2.04337 0.000927552 0.0250096 0.025003 4.30215
-2.03713 0.00873634 0.0249996 0.0250028 4.30215
-2.0304 0.0161345 0.0249885 0.0250026 4.30215
-2.0232 0.0230655 0.0249765 0.0250023 4.30215
-2.01552 0.0294737 0.0249638 0.025002 4.30215
-2.0074 0.0353049 0.0249506 0.0250016 4.30215
-1.99886 0.0405093 0.0249372 0.0250012 4.30215
-1.98995 0.0450422 0.0249237 0.0250007 4.30215
-1.98071 0.0488659 0.0249106 0.0250002 4.30215
-1.9712 0.0519506 0.024898 0.0249997 4.30215
-1.96147 0.054276 0.0248864 0.0249992 4.30215
-1.95159 0.055831 0.0248758 0.0249986 4.30215
-1.94162 0.0566144 0.0248668 0.0249981 4.30215
-1.93162 0.0566344 0.0248594 0.0249975 4.30215
-1.92164 0.055908 0.024854 0.0249971 4.30215
-1.91175 0.0544597 0.0248506 0.0249966 4.30215
-1.90197 0.0523207 0.0248494 0.0249962 4.30215
-1.89237 0.0495276 0.0248504 0.0249959 4.30215
-1.88296 0.0461215 0.0248537 0.0249956 4.30215
-1.87378 0.042146 0.0248591 0.0249953 4.30215
-1.86485 0.0376466 0.0248666 0.0249952 4.30215
-1.85617 0.0326695 0.024876 0.024995 4.30215
-1.84776 0.0272603 0.0248873 0.0249949 4.30215
-1.8396 0.0214638 0.0249001 0.0249948 4.30215
-1.8317 0.0153227 0.0249143 0.0249948 4.30215
-1.82405 0.00887803 0.0249297 0.0249948 4.30215
-1.81663 0.00216791 0.024946 0.0249948 4.30215
-1.80943 -0.00477189 0.0249629 0.0249948 4.30215
-1.80242 -0.0119083 0.0249801 0.0249949 4.30215
-1.79558 -0.0192109 0.0249973 0.0249949 4.30215
-1.78889 -0.0266516 0.0250141 0.024995 4.30215
-1.78233 -0.0342047 0.0250303 0.0249952 4.30215
-1.77588 -0.0418466 0.0250455 0.0249953 4.30215
-1.7695 -0.0495554 0.0250593 0.0249955 4.30215
-1.76318 -0.0573108 0.0250714 0.0249956 4.30215
-1.7569 -0.0650941 0.0250815 0.0249958 4.30215
-1.75063 -0.0728872 0.0250892 0.024996 4.30215
-1.74435 -0.080673 0.0250943 0.0249962 4.30215
-1.73804 -0.0884351 0.0250964 0.0249964 4.30215
-1.73168 -0.0961575 0.0250953 0.0249966 4.30215
-1.72525 -0.103824 0.0250908 0.0249968 4.30215
-1.71875 -0.11142 0.0250827 0.024997 4.30215
-1.71214 -0.11893 0.0250708 0.0249972 4.30215
-1.70542 -0.126338 0.0250551 0.0249974 4.30215
-1.69857 -0.13363 0.0250355 0.0249975 4.30215
-1.69159 -0.14079 0.0250121 0.0249977 4.30215
-1.68446 -0.147803 0.0249848 0.0249978 4.30215
-1.67717 -0.154655 0.0249538 0.024998 4.30215
-1.66973 -0.161332 0.0249193 0.0249981 4.30215
-1.66211 -0.16782 0.0248815 0.0249982 4.30215
-1.65433 -0.174105 0.0248405 0.0249984 4.30215
-1.64639 -0.180174 0.0247967 0.0249985 4.30215
-1.63827 -0.186015 0.0247503 0.0249986 4.30215
-1.62998 -0.191618 0.0247016 0.0249987 4.30215
-1.62154 -0.196974 0.0246509 0.0249989 4.30215
-1.61293 -0.202074 0.0245985 0.024999 4.30215
-1.60418 -0.206916 0.0245446 0.0249991 4.30215
-1.59529 -0.211497 0.0244896 0.0249993 4.30215
-1.58628 -0.215821 0.0244337 0.0249994 4.30215
-1.57715 -0.219896 0.0243772 0.0249995 4.30215
-1.56791 -0.223739 0.0243203 0.0249996 4.30215
-1.5586 -0.227376 0.0242631 0.0249998 4.30215
-1.54922 -0.230852 0.0242058 0.0249999 4.30215
-1.53984 -0.234318 0.0241485 0.0249999 4.30215
