-1.99401 0.0557437 0.0248577 0.0250001 3.8019
-1.98402 0.0561659 0.0248635 0.0250001 3.8019
-1.97402 0.0562637 0.0248692 0.0250002 3.8019
-1.96403 0.0559685 0.024875 0.0250003 3.8019
-1.95406 0.0552251 0.0248809 0.0250004 3.8019
-1.94413 0.0539894 0.0248869 0.0250005 3.8019
-1.93429 0.0522268 0.0248929 0.0250005 3.8019
-1.92456 0.0499127 0.0248992 0.0250005 3.8019
-1.91499 0.0470314 0.0249057 0.0250006 3.8019
-1.9056 0.0435764 0.0249126 0.0250006 3.8019
-1.89645 0.0395494 0.0249198 0.0250007 3.8019
-1.88756 0.0349608 0.0249273 0.0250007 3.8019
-1.87898 0.0298285 0.0249352 0.0250008 3.8019
-1.87073 0.0241771 0.0249435 0.0250009 3.8019
-1.86284 0.0180374 0.0249521 0.025001 3.8019
-1.85532 0.0114443 0.0249609 0.0250011 3.8019
-1.84819 0.0044366 0.0249699 0.0250012 3.8019
-1.84145 -0.00294488 0.0249791 0.0250013 3.8019
-1.83508 -0.0106583 0.0249883 0.0250014 3.8019
-1.82909 -0.0186619 0.0249975 0.0250016 3.8019
-1.82345 -0.0269147 0.0250065 0.0250017 3.8019
-1.81812 -0.0353778 0.0250152 0.0250018 3.8019
-1.81308 -0.044014 0.0250235 0.025002 3.8019
-1.80829 -0.0527888 0.0250313 0.0250021 3.8019
-1.8037 -0.0616699 0.0250384 0.0250022 3.8019
-1.79926 -0.0706272 0.0250447 0.0250024 3.8019
-1.79491 -0.0796323 0.0250501 0.0250025 3.8019
-1.79061 -0.0886577 0.0250543 0.0250027 3.8019
-1.7863 -0.0976764 0.0250574 0.0250028 3.8019
-1.78191 -0.106661 0.0250592 0.0250029 3.8019
-1.7774 -0.115581 0.0250595 0.0250031 3.8019
-1.7727 -0.124407 0.0250584 0.0250032 3.8019
-1.76777 -0.133104 0.0250557 0.0250032 3.8019
-1.76256 -0.141634 0.0250515 0.0250033 3.8019
-1.75702 -0.149956 0.0250457 0.0250033 3.8019
-1.75111 -0.158023 0.0250384 0.0250032 3.8019
-1.74481 -0.165788 0.0250297 0.0250032 3.8019
-1.7381 -0.173197 0.0250196 0.025003 3.8019
-1.73096 -0.180195 0.0250083 0.0250029 3.8019
-1.72339 -0.186728 0.0249959 0.0250026 3.8019
-1.7154 -0.192738 0.0249827 0.0250024 3.8019
-1.70701 -0.198172 0.0249689 0.025002 3.8019
-1.69824 -0.202979 0.0249547 0.0250017 3.8019
-1.68914 -0.207114 0.0249403 0.0250012 3.8019
-1.67974 -0.210537 0.0249261 0.0250008 3.8019
-1.67011 -0.213216 0.0249123 0.0250003 3.8019
-1.66029 -0.215129 0.0248992 0.0249997 3.8019
-1.65036 -0.216262 0.0248871 0.0249992 3.8019
-1.64036 -0.216613 0.0248763 0.0249986 3.8019
-1.63037 -0.216187 0.0248671 0.0249981 3.8019
-1.62044 -0.215 0.0248597 0.0249975 3.8019
-1.61063 -0.213075 0.0248543 0.0249971 3.8019
-1.60097 -0.210445 0.0248511 0.0249966 3.8019
-1.59153 -0.207144 0.0248501 0.0249962 3.8019
-1.58233 -0.203215 0.0248513 0.0249959 3.8019
-1.57341 -0.198702 0.0248549 0.0249956 3.8019
-1.56477 -0.193652 0.0248606 0.0249954 3.8019
-1.55644 -0.188112 0.0248684 0.0249952 3.8019
-1.54842 -0.182129 0.0248781 0.024995 3.8019
-1.54072 -0.17575 0.0248897 0.0249949 3.8019
-1.53332 -0.169018 0.0249028 0.0249948 3.8019
-1.52621 -0.161976 0.0249173 0.0249948 3.8019
-1.51938 -0.154662 0.0249329 0.0249948 3.8019
-1.51282 -0.147114 0.0249493 0.0249948 3.8019
-1.50649 -0.139364 0.0249663 0.0249948 3.8019
-1.50038 -0.131443 0.0249835 0.0249949 3.8019
-1.49446 -0.123378 0.0250006 0.024995 3.8019
-1.48871 -0.115194 0.0250173 0.0249951 3.8019
-1.48309 -0.106915 0.0250333 0.0249952 3.8019
-1.47759 -0.0985611 0.0250481 0.0249953 3.8019
-1.47217 -0.0901507 0.0250616 0.0249955 3.8019
-1.46682 -0.0817012 0.0250732 0.0249957 3.8019
-1.4615 -0.0732289 0.0250828 0.0249958 3.8019
-1.45619 -0.0647488 0.0250901 0.024996 3.8019
-1.45088 -0.0562754 0.0250947 0.0249962 3.8019
-1.44553 -0.0478227 0.0250963 0.0249964 3.8019
-1.44013 -0.0394043 0.0250948 0.0249966 3.8019
-1.43465 -0.0310335 0.02509 0.0249968 3.8019
-1.42908 -0.0227238 0.0250817 0.024997 3.8019
-1.42341 -0.0144886 0.0250697 0.0249972 3.8019
-1.4176 -0.00634117 0.0250541 0.0249974 3.8019
-1.41166 0.0017048 0.0250348 0.0249975 3.8019
-1.40557 0.00963573 0.0250118 0.0249977 3.8019
-1.39931 0.017438 0.0249851 0.0249978 3.8019
-1.39288 0.025098 0.024955 0.0249979 3.8019
-1.38627 0.0326027 0.0249216 0.024998 3.8019
-1.37947 0.0399384 0.0248851 0.0249982 3.8019
-1.37248 0.047092 0.0248456 0.0249983 3.8019
-1.3653 0.0540508 0.0248035 0.0249984 3.8019
-1.35792 0.0608028 0.024759 0.0249985 3.8019
-1.35035 0.067337 0.0247123 0.0249987 3.8019
-1.34259 0.0736438 0.0246638 0.0249988 3.8019
-1.33464 0.0797156 0.0246136 0.0249989 3.8019
-1.32652 0.0855471 0.0245621 0.0249991 3.8019
-1.31822 0.0911361 0.0245096 0.0249992 3.8019
-1.30977 0.0964844 0.0244561 0.0249993 3.8019
-1.30118 0.101599 0.0244021 0.0249995 3.8019
-1.29246 0.106495 0.0243476 0.0249996 3.8019
-1.28363 0.111195 0.0242929 0.0249997 3.8019
-1.27473 0.115743 0.024238 0.0249999 3.8019
-1.26581 0.12028 0.0241831 0.0249999 3.8019
