-2.1909 -0.2372 0.0249317 0.0250001 4.2021
-2.18307 -0.230978 0.0249326 0.0250001 4.2021
-2.17544 -0.224522 0.0249334 0.0250003 4.2021
-2.16803 -0.217801 0.0249343 0.0250004 4.2021
-2.16089 -0.210798 0.0249352 0.0250005 4.2021
-2.15405 -0.20351 0.0249362 0.0250007 4.2021
-2.14751 -0.195941 0.0249373 0.0250008 4.2021
-2.1413 -0.188103 0.0249385 0.025001 4.2021
-2.13543 -0.180011 0.0249398 0.0250011 4.2021
-2.12989 -0.171688 0.0249413 0.0250013 4.2021
-2.12468 -0.163155 0.0249428 0.0250015 4.2021
-2.11978 -0.154438 0.0249444 0.0250016 4.2021
-2.11518 -0.145561 0.0249461 0.0250018 4.2021
-2.11085 -0.136549 0.0249478 0.025002 4.2021
-2.10675 -0.127427 0.0249494 0.0250021 4.2021
-2.10286 -0.118217 0.0249509 0.0250023 4.2021
-2.09913 -0.108941 0.0249523 0.0250024 4.2021
-2.09551 -0.0996202 0.0249535 0.0250026 4.2021
-2.09196 -0.0902742 0.0249545 0.0250027 4.2021
-2.08843 -0.0809228 0.0249552 0.0250029 4.2021
-2.08485 -0.0715863 0.0249556 0.025003 4.2021
-2.08118 -0.0622861 0.0249557 0.0250031 4.2021
-2.07737 -0.0530455 0.0249554 0.0250032 4.2021
-2.07335 -0.0438905 0.0249549 0.0250033 4.2021
-2.06908 -0.0348506 0.024954 0.0250033 4.2021
-2.06451 -0.0259595 0.0249529 0.0250033 4.2021
-2.05959 -0.0172552 0.0249516 0.0250032 4.2021
-2.05429 -0.00878067 0.0249502 0.0250031 4.2021
-2.04857 -0.000583449 0.0249489 0.025003 4.2021
-2.0424 0.00728447 0.0249478 0.0250028 4.2021
-2.03577 0.0147675 0.0249469 0.0250025 4.2021
-2.02867 0.0218075 0.0249465 0.0250022 4.2021
-2.0211 0.028345 0.0249465 0.0250019 4.2021
-2.01309 0.0343204 0.0249472 0.0250016 4.2021
-2.00464 0.0396762 0.0249485 0.0250012 4.2021
-1.99581 0.0443587 0.0249504 0.0250008 4.2021
-1.98663 0.0483202 0.024953 0.0250003 4.2021
-1.97715 0.0515207 0.0249563 0.0249998 4.2021
-1.96745 0.0539291 0.0249603 0.0249993 4.2021
-1.95757 0.0555246 0.024965 0.0249987 4.2021
-1.9476 0.0562973 0.0249704 0.0249982 4.2021
-1.9376 0.0562486 0.0249765 0.0249977 4.2021
-1.92764 0.0553909 0.0249833 0.0249972 4.2021
-1.91777 0.0537468 0.0249907 0.0249967 4.2021
-1.90806 0.0513476 0.0249986 0.0249963 4.2021
-1.89855 0.0482326 0.025007 0.024996 4.2021
-1.88929 0.0444471 0.0250158 0.0249958 4.2021
-1.88031 0.040041 0.0250247 0.0249956 4.2021
-1.87163 0.0350673 0.0250337 0.0249955 4.2021
-1.86327 0.0295805 0.0250426 0.0249954 4.2021
-1.85522 0.0236351 0.0250511 0.0249954 4.2021
-1.84749 0.0172845 0.0250592 0.0249954 4.2021
-1.84007 0.0105804 0.0250668 0.0249955 4.2021
-1.83293 0.00357174 0.0250737 0.0249956 4.2021
-1.82606 -0.00369553 0.0250797 0.0249957 4.2021
-1.81942 -0.0111787 0.0250849 0.0249958 4.2021
-1.81298 -0.0188383 0.0250892 0.024996 4.2021
-1.80672 -0.0266379 0.0250926 0.0249961 4.2021
-1.80059 -0.0345439 0.0250949 0.0249962 4.2021
-1.79456 -0.0425254 0.0250962 0.0249963 4.2021
-1.7886 -0.0505533 0.0250965 0.0249964 4.2021
-1.78265 -0.0586004 0.0250956 0.0249965 4.2021
-1.7767 -0.0666408 0.0250936 0.0249966 4.2021
-1.77071 -0.0746493 0.0250903 0.0249968 4.2021
-1.76464 -0.0826017 0.0250856 0.0249969 4.2021
-1.75847 -0.0904741 0.0250794 0.024997 4.2021
-1.75217 -0.0982425 0.0250718 0.0249972 4.2021
-1.74572 -0.105883 0.0250626 0.0249974 4.2021
-1.73909 -0.113373 0.0250519 0.0249975 4.2021
-1.73227 -0.120687 0.0250396 0.0249976 4.2021
-1.72524 -0.127803 0.0250259 0.0249978 4.2021
-1.71799 -0.134695 0.0250107 0.0249979 4.2021
-1.71051 -0.141339 0.0249943 0.0249979 4.2021
-1.70281 -0.147713 0.0249767 0.024998 4.2021
-1.69486 -0.153791 0.0249581 0.0249981 4.2021
-1.68669 -0.15955 0.0249385 0.0249981 4.2021
-1.67828 -0.164967 0.0249181 0.0249981 4.2021
-1.66965 -0.170019 0.024897 0.0249981 4.2021
-1.6608 -0.174686 0.0248754 0.0249981 4.2021
-1.65175 -0.178948 0.0248534 0.0249981 4.2021
-1.64252 -0.182786 0.0248311 0.0249981 4.2021
-1.63311 -0.186183 0.0248086 0.0249981 4.2021
-1.62355 -0.189126 0.0247861 0.0249981 4.2021
-1.61386 -0.191601 0.0247637 0.0249981 4.2021
-1.60406 -0.1936 0.0247415 0.0249981 4.2021
-1.59418 -0.195117 0.0247198 0.024998 4.2021
-1.58423 -0.196147 0.0246986 0.024998 4.2021
-1.57424 -0.196691 0.0246781 0.024998 4.2021
-1.56424 -0.196752 0.0246584 0.024998 4.2021
-1.55425 -0.196337 0.0246396 0.024998 4.2021
-1.54428 -0.195453 0.0246218 0.0249981 4.2021
-1.53437 -0.194116 0.0246049 0.0249982 4.2021
-1.52453 -0.192341 0.0245889 0.0249983 4.2021
-1.51477 -0.190148 0.0245738 0.0249984 4.2021
-1.50511 -0.187563 0.0245596 0.0249986 4.2021
-1.49555 -0.184612 0.024546 0.0249988 4.2021
-1.48611 -0.181329 0.0245331 0.024999 4.2021
-1.47677 -0.177753 0.0245207 0.0249992 4.2021
-1.46753 -0.173933 0.0245087 0.0249995 4.2021
-1.45836 -0.169931 0.0244969 0.0249997 4.2021
-1.4492 -0.165919 0.0244852 0.0249999 4.2021
