-0.769494 0.125596 0.0250329 0.0250001 1.74087
-0.760044 0.122327 0.0250351 0.0250001 1.74087
-0.750705 0.118751 0.0250374 0.0250002 1.74087
-0.741512 0.114816 0.0250396 0.0250003 1.74087
-0.732497 0.110489 0.0250419 0.0250004 1.74087
-0.723693 0.105748 0.0250441 0.0250005 1.74087
-0.715129 0.100586 0.0250464 0.0250006 1.74087
-0.706834 0.0950009 0.0250487 0.0250007 1.74087
-0.698834 0.0890023 0.025051 0.0250008 1.74087
-0.691149 0.0826055 0.0250532 0.0250009 1.74087
-0.683793 0.0758319 0.0250553 0.0250011 1.74087
-0.676777 0.0687076 0.0250574 0.0250012 1.74087
-0.670103 0.0612621 0.0250592 0.0250014 1.74087
-0.663767 0.0535271 0.0250607 0.0250016 1.74087
-0.657758 0.0455357 0.0250619 0.0250017 1.74087
-0.652057 0.0373212 0.0250628 0.0250019 1.74087
-0.646642 0.0289167 0.0250631 0.0250021 1.74087
-0.641479 0.020354 0.0250629 0.0250023 1.74087
-0.636535 0.0116641 0.0250621 0.0250024 1.74087
-0.631767 0.0028761 0.0250607 0.0250026 1.74087
-0.627131 -0.00598174 0.0250586 0.0250028 1.74087
-0.622578 -0.0148823 0.0250558 0.0250029 1.74087
-0.618056 -0.0237988 0.0250522 0.0250031 1.74087
-0.613513 -0.0327044 0.0250479 0.0250032 1.74087
-0.608894 -0.0415712 0.0250429 0.0250033 1.74087
-0.604148 -0.0503698 0.0250372 0.0250034 1.74087
-0.599221 -0.0590684 0.0250307 0.0250035 1.74087
-0.594062 -0.0676321 0.0250237 0.0250035 1.74087
-0.588627 -0.0760224 0.0250161 0.0250035 1.74087
-0.582872 -0.0841969 0.0250081 0.0250035 1.74087
-0.576761 -0.092109 0.0249997 0.0250034 1.74087
-0.570265 -0.0997083 0.0249911 0.0250032 1.74087
-0.563363 -0.106941 0.0249824 0.025003 1.74087
-0.556043 -0.113751 0.0249738 0.0250028 1.74087
-0.548304 -0.120081 0.0249653 0.0250025 1.74087
-0.540154 -0.125873 0.0249572 0.0250021 1.74087
-0.531613 -0.13107 0.0249497 0.0250017 1.74087
-0.522709 -0.135619 0.0249427 0.0250012 1.74087
-0.513482 -0.139474 0.0249366 0.0250007 1.74087
-0.503981 -0.142592 0.0249315 0.0250001 1.74087
-0.494261 -0.14494 0.0249274 0.0249996 1.74087
-0.484382 -0.146496 0.0249245 0.024999 1.74087
-0.474409 -0.147245 0.0249228 0.0249983 1.74087
-0.464408 -0.147185 0.0249225 0.0249977 1.74087
-0.454443 -0.146324 0.0249236 0.0249971 1.74087
-0.444576 -0.144678 0.0249261 0.0249966 1.74087
-0.434866 -0.142276 0.02493 0.0249961 1.74087
-0.425363 -0.139153 0.0249353 0.0249956 1.74087
-0.416111 -0.135349 0.0249419 0.0249953 1.74087
-0.407145 -0.130911 0.0249496 0.024995 1.74087
-0.398493 -0.125889 0.0249583 0.0249947 1.74087
-0.390172 -0.120334 0.0249679 0.0249945 1.74087
-0.382192 -0.1143 0.024978 0.0249944 1.74087
-0.374555 -0.107838 0.0249886 0.0249944 1.74087
-0.367254 -0.100997 0.0249995 0.0249944 1.74087
-0.360277 -0.0938273 0.0250103 0.0249944 1.74087
-0.353606 -0.0863722 0.025021 0.0249945 1.74087
-0.347217 -0.0786739 0.0250313 0.0249946 1.74087
-0.341082 -0.0707709 0.0250411 0.0249948 1.74087
-0.335174 -0.0626981 0.0250504 0.0249949 1.74087
-0.329458 -0.0544875 0.0250589 0.0249951 1.74087
-0.323903 -0.0461681 0.0250666 0.0249953 1.74087
-0.318473 -0.037766 0.0250735 0.0249954 1.74087
-0.313136 -0.0293053 0.0250795 0.0249956 1.74087
-0.307857 -0.0208082 0.0250847 0.0249957 1.74087
-0.302603 -0.0122952 0.025089 0.0249959 1.74087
-0.297345 -0.00378589 0.0250924 0.0249959 1.74087
-0.29205 0.00470128 0.025095 0.024996 1.74087
-0.286692 0.0131482 0.0250969 0.024996 1.74087
-0.281243 0.0215373 0.0250978 0.0249961 1.74087
-0.27568 0.0298506 0.0250977 0.0249961 1.74087
-0.269979 0.0380706 0.0250965 0.0249961 1.74087
-0.264121 0.0461789 0.0250938 0.0249962 1.74087
-0.258087 0.0541571 0.0250894 0.0249963 1.74087
-0.251861 0.0619864 0.0250829 0.0249965 1.74087
-0.24543 0.0696474 0.0250742 0.0249967 1.74087
-0.238781 0.0771206 0.0250628 0.0249969 1.74087
-0.231907 0.0843862 0.0250487 0.0249971 1.74087
-0.2248 0.0914244 0.0250317 0.0249973 1.74087
-0.217457 0.0982153 0.0250118 0.0249975 1.74087
-0.209876 0.10474 0.0249891 0.0249976 1.74087
-0.202058 0.110978 0.0249636 0.0249978 1.74087
-0.194007 0.116913 0.0249356 0.0249979 1.74087
-0.185729 0.122526 0.0249054 0.024998 1.74087
-0.177232 0.127801 0.0248733 0.024998 1.74087
-0.168527 0.132726 0.0248395 0.0249981 1.74087
-0.159625 0.137285 0.0248045 0.0249981 1.74087
-0.15054 0.141468 0.0247686 0.0249982 1.74087
-0.141288 0.145266 0.0247321 0.0249982 1.74087
-0.131885 0.148672 0.0246952 0.0249983 1.74087
-0.122347 0.151682 0.0246583 0.0249984 1.74087
-0.112694 0.154296 0.0246214 0.0249984 1.74087
-0.102942 0.156516 0.0245848 0.0249985 1.74087
-0.0931107 0.158351 0.0245484 0.0249986 1.74087
-0.0832169 0.159812 0.0245125 0.0249988 1.74087
-0.0732771 0.160915 0.024477 0.0249989 1.74087
-0.063306 0.161684 0.0244419 0.0249991 1.74087
-0.0533163 0.162152 0.0244071 0.0249993 1.74087
-0.043318 0.16236 0.0243726 0.0249995 1.74087
-0.0333178 0.162372 0.0243384 0.0249997 1.74087
-0.0233177 0.162372 0.0243041 0.0249999 1.74087
