-2.3021 -0.246129 0.0248278 0.0250001 4.34217
-2.29225 -0.247888 0.0248343 0.0250001 4.34217
-2.28236 -0.249354 0.0248408 0.0250003 4.34217
-2.27242 -0.250458 0.0248474 0.0250004 4.34217
-2.26245 -0.251138 0.024854 0.0250005 4.34217
-2.25245 -0.251342 0.0248607 0.0250006 4.34217
-2.24246 -0.251026 0.0248675 0.0250006 4.34217
-2.23249 -0.250149 0.0248744 0.0250007 4.34217
-2.2226 -0.248681 0.0248815 0.0250007 4.34217
-2.21282 -0.246601 0.0248889 0.0250007 4.34217
-2.2032 -0.243893 0.0248965 0.0250007 4.34217
-2.19377 -0.240553 0.0249046 0.0250007 4.34217
-2.18459 -0.236584 0.0249132 0.0250006 4.34217
-2.17571 -0.231999 0.0249222 0.0250006 4.34217
-2.16716 -0.226817 0.0249317 0.0250006 4.34217
-2.15897 -0.221066 0.0249418 0.0250007 4.34217
-2.1512 -0.21478 0.0249522 0.0250007 4.34217
-2.14385 -0.207999 0.024963 0.0250007 4.34217
-2.13695 -0.200764 0.0249741 0.0250008 4.34217
-2.1305 -0.193121 0.0249854 0.0250008 4.34217
-2.12451 -0.185117 0.0249967 0.0250009 4.34217
-2.11896 -0.176797 0.0250078 0.025001 4.34217
-2.11384 -0.168207 0.0250187 0.0250011 4.34217
-2.10913 -0.159389 0.0250292 0.0250012 4.34217
-2.10478 -0.150383 0.025039 0.0250014 4.34217
-2.10077 -0.141224 0.025048 0.0250015 4.34217
-2.09705 -0.131944 0.025056 0.0250017 4.34217
-2.09356 -0.122573 0.0250628 0.0250018 4.34217
-2.09026 -0.113136 0.0250682 0.025002 4.34217
-2.08708 -0.103657 0.0250722 0.0250022 4.34217
-2.08397 -0.0941548 0.0250744 0.0250024 4.34217
-2.08086 -0.0846513 0.0250748 0.0250025 4.34217
-2.0777 -0.0751666 0.0250732 0.0250027 4.34217
-2.07442 -0.0657217 0.0250696 0.0250029 4.34217
-2.07097 -0.0563402 0.0250639 0.0250031 4.34217
-2.06728 -0.0470483 0.025056 0.0250032 4.34217
-2.0633 -0.037876 0.0250461 0.0250033 4.34217
-2.05899 -0.0288575 0.0250341 0.0250034 4.34217
-2.05429 -0.0200314 0.0250202 0.0250035 4.34217
-2.04918 -0.0114408 0.0250045 0.0250035 4.34217
-2.04362 -0.00313295 0.0249872 0.0250034 4.34217
-2.03759 0.00484152 0.0249686 0.0250033 4.34217
-2.03108 0.0124294 0.0249489 0.0250031 4.34217
-2.02409 0.0195763 0.0249286 0.0250029 4.34217
-2.01662 0.0262278 0.0249079 0.0250026 4.34217
-2.00871 0.0323313 0.0248872 0.0250023 4.34217
-2.00036 0.0378374 0.024867 0.0250019 4.34217
-1.99162 0.0427015 0.0248476 0.0250015 4.34217
-1.98254 0.0468852 0.0248295 0.025001 4.34217
-1.97317 0.0503576 0.024813 0.0250005 4.34217
-1.96355 0.053096 0.0247986 0.025 4.34217
-1.95375 0.0550863 0.0247864 0.0249994 4.34217
-1.94382 0.0563237 0.024777 0.0249989 4.34217
-1.93383 0.0568119 0.0247703 0.0249983 4.34217
-1.92384 0.0565631 0.0247668 0.0249978 4.34217
-1.91388 0.0555973 0.0247663 0.0249973 4.34217
-1.90402 0.0539409 0.024769 0.0249968 4.34217
-1.89429 0.0516262 0.0247749 0.0249963 4.34217
-1.88472 0.0486894 0.0247838 0.0249959 4.34217
-1.87536 0.0451701 0.0247956 0.0249955 4.34217
-1.86622 0.0411099 0.0248099 0.0249952 4.34217
-1.85731 0.0365512 0.0248265 0.024995 4.34217
-1.84865 0.0315368 0.0248451 0.0249948 4.34217
-1.84025 0.0261086 0.0248652 0.0249946 4.34217
-1.8321 0.0203072 0.0248863 0.0249946 4.34217
-1.8242 0.0141714 0.0249081 0.0249945 4.34217
-1.81654 0.00773798 0.02493 0.0249946 4.34217
-1.80911 0.0010412 0.0249517 0.0249946 4.34217
-1.80189 -0.00588701 0.0249725 0.0249947 4.34217
-1.79487 -0.0130172 0.0249922 0.0249949 4.34217
-1.78804 -0.0203224 0.0250101 0.0249951 4.34217
-1.78137 -0.0277778 0.0250261 0.0249953 4.34217
-1.77484 -0.0353607 0.0250396 0.0249955 4.34217
-1.76844 -0.0430501 0.0250504 0.0249957 4.34217
-1.76215 -0.0508267 0.0250583 0.0249959 4.34217
-1.75594 -0.0586724 0.0250629 0.0249962 4.34217
-1.74981 -0.0665706 0.0250642 0.0249964 4.34217
-1.74372 -0.0745054 0.0250619 0.0249966 4.34217
-1.73765 -0.0824618 0.0250562 0.0249969 4.34217
-1.7316 -0.0904256 0.0250468 0.0249971 4.34217
-1.72554 -0.0983831 0.0250339 0.0249973 4.34217
-1.71946 -0.106321 0.0250176 0.0249975 4.34217
-1.71333 -0.114226 0.024998 0.0249977 4.34217
-1.70714 -0.122086 0.0249752 0.0249978 4.34217
-1.70089 -0.129889 0.0249494 0.024998 4.34217
-1.69454 -0.137621 0.0249209 0.0249981 4.34217
-1.6881 -0.145272 0.0248899 0.0249982 4.34217
-1.68155 -0.152829 0.0248566 0.0249983 4.34217
-1.67488 -0.16028 0.0248213 0.0249984 4.34217
-1.66808 -0.167612 0.0247842 0.0249985 4.34217
-1.66114 -0.174816 0.0247456 0.0249987 4.34217
-1.65406 -0.181881 0.0247057 0.0249988 4.34217
-1.64684 -0.188798 0.0246646 0.0249989 4.34217
-1.63947 -0.195558 0.0246227 0.024999 4.34217
-1.63195 -0.202156 0.02458 0.0249991 4.34217
-1.6243 -0.208589 0.0245368 0.0249992 4.34217
-1.6165 -0.214858 0.0244932 0.0249994 4.34217
-1.60859 -0.220969 0.0244493 0.0249995 4.34217
-1.60056 -0.226936 0.0244053 0.0249997 4.34217
-1.59246 -0.232789 0.0243611 0.0249998 4.34217
-1.58434 -0.238634 0.0243169 0.0249999 4.34217
