-0.4225 0.113833 0.0250361 0.0250001 0.66033
-0.414094 0.108416 0.0250367 0.0250001 0.66033
-0.405783 0.102856 0.0250373 0.0250003 0.66033
-0.397581 0.0971356 0.0250378 0.0250004 0.66033
-0.389499 0.0912464 0.0250384 0.0250005 0.66033
-0.381545 0.0851859 0.0250388 0.0250007 0.66033
-0.373723 0.0789574 0.0250391 0.0250008 0.66033
-0.366031 0.0725679 0.0250392 0.025001 0.66033
-0.358467 0.0660281 0.0250391 0.0250012 0.66033
-0.351024 0.0593514 0.0250387 0.0250014 0.66033
-0.343692 0.0525532 0.0250379 0.0250015 0.66033
-0.336458 0.045651 0.0250367 0.0250017 0.66033
-0.329306 0.0386637 0.0250352 0.0250019 0.66033
-0.322218 0.0316115 0.0250331 0.0250021 0.66033
-0.315174 0.0245156 0.0250306 0.0250022 0.66033
-0.308153 0.0173981 0.0250277 0.0250024 0.66033
-0.30113 0.0102822 0.0250242 0.0250025 0.66033
-0.294081 0.00319193 0.0250204 0.0250026 0.66033
-0.286981 -0.00384782 0.0250161 0.0250027 0.66033
-0.279807 -0.0108111 0.0250115 0.0250027 0.66033
-0.272534 -0.017671 0.0250067 0.0250027 0.66033
-0.265139 -0.0243994 0.0250016 0.0250027 0.66033
-0.257602 -0.0309676 0.0249964 0.0250027 0.66033
-0.249902 -0.0373455 0.0249911 0.0250027 0.66033
-0.242025 -0.0435024 0.0249859 0.0250026 0.66033
-0.233957 -0.049407 0.0249807 0.0250025 0.66033
-0.225688 -0.0550277 0.0249758 0.0250023 0.66033
-0.217214 -0.060333 0.0249712 0.0250021 0.66033
-0.208532 -0.065292 0.024967 0.0250019 0.66033
-0.199645 -0.0698747 0.0249632 0.0250016 0.66033
-0.190561 -0.074053 0.02496 0.0250011 0.66033
-0.181291 -0.077801 0.0249574 0.0250006 0.66033
-0.17185 -0.0810959 0.0249557 0.025 0.66033
-0.162256 -0.0839183 0.0249548 0.0249995 0.66033
-0.152532 -0.0862524 0.0249548 0.0249991 0.66033
-0.1427 -0.0880865 0.0249558 0.0249988 0.66033
-0.132788 -0.0894137 0.0249579 0.0249985 0.66033
-0.12282 -0.0902315 0.024961 0.0249983 0.66033
-0.112823 -0.0905423 0.024965 0.0249981 0.66033
-0.102823 -0.0903532 0.0249701 0.0249979 0.66033
-0.0928447 -0.0896757 0.0249761 0.0249977 0.66033
-0.0829091 -0.0885255 0.0249829 0.0249976 0.66033
-0.0730364 -0.0869222 0.0249904 0.0249974 0.66033
-0.0632433 -0.0848887 0.0249985 0.0249974 0.66033
-0.0535428 -0.0824507 0.0250072 0.0249973 0.66033
-0.0439448 -0.0796363 0.0250161 0.0249973 0.66033
-0.0344553 -0.0764751 0.0250253 0.0249973 0.66033
-0.0250768 -0.0729984 0.0250345 0.0249973 0.66033
-0.0158085 -0.0692379 0.0250437 0.0249974 0.66033
-0.00664628 -0.0652261 0.0250525 0.0249974 0.66033
0.00241679 -0.0609952 0.025061 0.0249975 0.66033
0.0113901 -0.0565772 0.0250689 0.0249976 0.66033
0.0202851 -0.0520039 0.0250761 0.0249978 0.66033
0.029115 -0.0473061 0.0250825 0.0249979 0.66033
0.0378939 -0.0425141 0.025088 0.024998 0.66033
0.0466368 -0.0376571 0.0250924 0.0249982 0.66033
0.0553593 -0.0327635 0.0250957 0.0249983 0.66033
0.0640764 -0.0278607 0.0250979 0.0249985 0.66033
0.0728031 -0.0229752 0.0250988 0.0249986 0.66033
0.0815535 -0.0181325 0.0250984 0.0249988 0.66033
0.0903406 -0.013357 0.0250968 0.0249989 0.66033
0.0991764 -0.00867235 0.0250939 0.024999 0.66033
0.108071 -0.00410092 0.0250897 0.0249991 0.66033
0.117034 0.000335727 0.0250844 0.0249992 0.66033
0.126071 0.00461714 0.025078 0.0249994 0.66033
0.13519 0.00872392 0.0250705 0.0249994 0.66033
0.144393 0.0126377 0.0250621 0.0249995 0.66033
0.153682 0.0163412 0.025053 0.0249996 0.66033
0.163058 0.0198184 0.0250431 0.0249996 0.66033
0.172521 0.023054 0.0250327 0.0249996 0.66033
0.182067 0.0260342 0.0250219 0.0249997 0.66033
0.191692 0.028746 0.0250109 0.0249997 0.66033
0.201392 0.0311776 0.0249998 0.0249996 0.66033
0.211161 0.0333183 0.0249889 0.0249996 0.66033
0.22099 0.0351586 0.0249782 0.0249996 0.66033
0.230873 0.03669 0.0249679 0.0249995 0.66033
0.240799 0.0379051 0.0249582 0.0249995 0.66033
0.25076 0.0387981 0.0249493 0.0249994 0.66033
0.260744 0.039364 0.0249412 0.0249993 0.66033
0.270742 0.0395994 0.0249342 0.0249992 0.66033
0.280742 0.0395021 0.0249283 0.0249991 0.66033
0.290734 0.0390711 0.0249237 0.024999 0.66033
0.300705 0.0383072 0.0249204 0.0249989 0.66033
0.310646 0.0372125 0.0249186 0.0249988 0.66033
0.320545 0.0357898 0.0249183 0.0249987 0.66033
0.330393 0.0340436 0.0249195 0.0249986 0.66033
0.340179 0.0319795 0.0249222 0.0249986 0.66033
0.349894 0.0296041 0.0249264 0.0249985 0.66033
0.359529 0.0269258 0.024932 0.0249985 0.66033
0.369079 0.0239538 0.024939 0.0249985 0.66033
0.378536 0.020699 0.0249471 0.0249985 0.66033
0.387895 0.0171734 0.0249564 0.0249985 0.66033
0.397153 0.0133904 0.0249667 0.0249986 0.66033
0.406308 0.00936505 0.0249778 0.0249987 0.66033
0.41536 0.00511367 0.0249895 0.0249988 0.66033
0.424312 0.000654541 0.0250018 0.024999 0.66033
0.433168 -0.00399194 0.0250144 0.0249991 0.66033
0.441936 -0.00880247 0.0250273 0.0249993 0.66033
0.450627 -0.0137493 0.0250403 0.0249995 0.66033
0.459261 -0.0187957 0.0250533 0.0249998 0.66033
0.467892 -0.0238452 0.0250663 0.0249999 0.66033
