-0.752905 0.120957 0.0250297 0.0250001 1.72086
-0.743893 0.116624 0.025032 0.0250001 1.72086
-0.735022 0.112008 0.0250343 0.0250002 1.72086
-0.726329 0.107065 0.0250366 0.0250003 1.72086
-0.717847 0.101769 0.0250389 0.0250004 1.72086
-0.709606 0.0961059 0.0250413 0.0250006 1.72086
-0.70163 0.0900739 0.0250437 0.0250007 1.72086
-0.693944 0.0836785 0.0250461 0.0250008 1.72086
-0.686563 0.0769326 0.0250484 0.0250009 1.72086
-0.679499 0.0698551 0.0250507 0.0250011 1.72086
-0.672759 0.0624696 0.0250528 0.0250012 1.72086
-0.66634 0.0548027 0.0250546 0.0250014 1.72086
-0.660236 0.0468834 0.0250561 0.0250016 1.72086
-0.654432 0.0387417 0.0250572 0.0250018 1.72086
-0.648907 0.0304082 0.0250578 0.025002 1.72086
-0.643635 0.0219131 0.0250578 0.0250022 1.72086
-0.638582 0.0132858 0.0250571 0.0250024 1.72086
-0.63371 0.00455469 0.0250557 0.0250026 1.72086
-0.628979 -0.00425264 0.0250536 0.0250028 1.72086
-0.624341 -0.0131095 0.0250507 0.025003 1.72086
-0.619748 -0.0219895 0.025047 0.0250031 1.72086
-0.615149 -0.0308663 0.0250426 0.0250033 1.72086
-0.610491 -0.0397125 0.0250375 0.0250034 1.72086
-0.605724 -0.0484995 0.0250317 0.0250035 1.72086
-0.600793 -0.0571964 0.0250254 0.0250036 1.72086
-0.595651 -0.0657695 0.0250186 0.0250036 1.72086
-0.590249 -0.0741815 0.0250115 0.0250036 1.72086
-0.584545 -0.0823914 0.0250041 0.0250035 1.72086
-0.5785 -0.090354 0.0249968 0.0250034 1.72086
-0.572083 -0.0980201 0.0249895 0.0250033 1.72086
-0.56527 -0.105337 0.0249824 0.0250031 1.72086
-0.558047 -0.112249 0.0249757 0.0250028 1.72086
-0.550407 -0.118698 0.0249695 0.0250025 1.72086
-0.542355 -0.124625 0.0249639 0.0250021 1.72086
-0.533907 -0.129974 0.0249591 0.0250017 1.72086
-0.52509 -0.134688 0.024955 0.0250013 1.72086
-0.515939 -0.138718 0.0249518 0.0250008 1.72086
-0.506499 -0.142018 0.0249496 0.0250002 1.72086
-0.496826 -0.144553 0.0249484 0.0249997 1.72086
-0.486978 -0.146293 0.0249482 0.0249991 1.72086
-0.47702 -0.147222 0.0249491 0.0249985 1.72086
-0.467019 -0.147332 0.0249511 0.0249979 1.72086
-0.457042 -0.146629 0.0249542 0.0249973 1.72086
-0.447154 -0.145125 0.0249583 0.0249968 1.72086
-0.437414 -0.142847 0.0249635 0.0249963 1.72086
-0.427877 -0.139826 0.0249697 0.0249959 1.72086
-0.418592 -0.136104 0.0249768 0.0249955 1.72086
-0.409597 -0.131726 0.0249848 0.0249952 1.72086
-0.400923 -0.126743 0.0249933 0.024995 1.72086
-0.392591 -0.121207 0.0250024 0.0249948 1.72086
-0.384612 -0.115171 0.0250118 0.0249947 1.72086
-0.37699 -0.108691 0.0250213 0.0249947 1.72086
-0.369721 -0.101818 0.0250308 0.0249947 1.72086
-0.362792 -0.0946019 0.02504 0.0249948 1.72086
-0.356184 -0.0870901 0.0250489 0.0249949 1.72086
-0.349875 -0.0793266 0.0250573 0.024995 1.72086
-0.343835 -0.0713517 0.025065 0.0249951 1.72086
-0.338033 -0.0632021 0.025072 0.0249953 1.72086
-0.332435 -0.0549113 0.0250782 0.0249955 1.72086
-0.327006 -0.0465096 0.0250835 0.0249956 1.72086
-0.321707 -0.0380246 0.025088 0.0249958 1.72086
-0.316503 -0.0294816 0.0250915 0.0249959 1.72086
-0.311356 -0.0209038 0.0250941 0.024996 1.72086
-0.306232 -0.012313 0.0250958 0.0249961 1.72086
-0.301095 -0.00372976 0.0250964 0.0249962 1.72086
-0.295912 0.00482612 0.0250961 0.0249963 1.72086
-0.290654 0.0133352 0.0250946 0.0249963 1.72086
-0.285289 0.0217782 0.0250919 0.0249965 1.72086
-0.279793 0.0301357 0.0250877 0.0249966 1.72086
-0.274141 0.0383885 0.0250821 0.0249967 1.72086
-0.268312 0.0465167 0.0250749 0.0249969 1.72086
-0.262286 0.0545005 0.025066 0.024997 1.72086
-0.256048 0.0623192 0.0250554 0.0249971 1.72086
-0.249584 0.069952 0.0250431 0.0249973 1.72086
-0.242883 0.0773778 0.025029 0.0249974 1.72086
-0.235938 0.0845751 0.0250131 0.0249975 1.72086
-0.228742 0.0915224 0.0249956 0.0249976 1.72086
-0.221294 0.0981981 0.0249766 0.0249977 1.72086
-0.213594 0.104581 0.0249562 0.0249977 1.72086
-0.205644 0.11065 0.0249345 0.0249978 1.72086
-0.19745 0.116386 0.0249117 0.0249978 1.72086
-0.18902 0.121768 0.0248879 0.0249978 1.72086
-0.180365 0.126779 0.0248633 0.0249978 1.72086
-0.171496 0.131403 0.024838 0.0249978 1.72086
-0.162428 0.135624 0.0248121 0.0249978 1.72086
-0.153179 0.13943 0.0247858 0.0249978 1.72086
-0.143766 0.14281 0.0247592 0.0249978 1.72086
-0.134208 0.145759 0.0247325 0.0249978 1.72086
-0.124527 0.148269 0.0247058 0.0249978 1.72086
-0.114742 0.15034 0.0246792 0.0249979 1.72086
-0.104875 0.151973 0.0246527 0.024998 1.72086
-0.0949454 0.153173 0.0246265 0.0249981 1.72086
-0.084974 0.153949 0.0246004 0.0249983 1.72086
-0.0749794 0.154312 0.0245746 0.0249985 1.72086
-0.0649783 0.154281 0.0245491 0.0249987 1.72086
-0.0549855 0.153878 0.0245239 0.0249989 1.72086
-0.0450126 0.153131 0.0244989 0.0249991 1.72086
-0.0350678 0.152076 0.0244742 0.0249993 1.72086
-0.0251545 0.150759 0.0244498 0.0249995 1.72086
-0.0152692 0.149246 0.0244255 0.0249998 1.72086
-0.00538603 0.147722 0.0244012 0.0249999 1.72086
