-1.01671 -0.167953 0.0249132 0.0250001 2.2011
-1.00891 -0.161684 0.0249109 0.0250002 2.2011
-1.00132 -0.155182 0.0249087 0.0250003 2.2011
-0.993954 -0.148416 0.0249065 0.0250004 2.2011
-0.986856 -0.141372 0.0249045 0.0250006 2.2011
-0.980051 -0.134046 0.0249026 0.0250007 2.2011
-0.973558 -0.126441 0.024901 0.0250009 2.2011
-0.967391 -0.11857 0.0248996 0.025001 2.2011
-0.961556 -0.11045 0.0248985 0.0250012 2.2011
-0.956055 -0.1021 0.0248977 0.0250014 2.2011
-0.95088 -0.0935445 0.0248972 0.0250015 2.2011
-0.946019 -0.0848072 0.0248971 0.0250017 2.2011
-0.941451 -0.075913 0.0248973 0.0250018 2.2011
-0.937151 -0.0668867 0.0248978 0.025002 2.2011
-0.933085 -0.0577522 0.0248986 0.0250022 2.2011
-0.929218 -0.048532 0.0248996 0.0250023 2.2011
-0.925508 -0.039248 0.0249009 0.0250025 2.2011
-0.921908 -0.0299206 0.0249024 0.0250026 2.2011
-0.91837 -0.0205697 0.0249041 0.0250027 2.2011
-0.914842 -0.0112152 0.0249058 0.0250029 2.2011
-0.91127 -0.00187716 0.0249076 0.025003 2.2011
-0.907601 0.00742292 0.0249094 0.0250031 2.2011
-0.903781 0.0166616 0.0249112 0.0250031 2.2011
-0.899755 0.0258125 0.024913 0.0250032 2.2011
-0.895472 0.034846 0.0249147 0.0250032 2.2011
-0.890883 0.043728 0.0249164 0.0250032 2.2011
-0.885943 0.0524201 0.0249179 0.0250032 2.2011
-0.880614 0.0608789 0.0249195 0.0250031 2.2011
-0.874863 0.0690565 0.0249211 0.025003 2.2011
-0.868664 0.0769003 0.0249228 0.0250028 2.2011
-0.862001 0.0843544 0.0249247 0.0250025 2.2011
-0.854868 0.0913605 0.0249269 0.0250022 2.2011
-0.84727 0.097859 0.0249296 0.0250019 2.2011
-0.83922 0.10379 0.0249326 0.0250016 2.2011
-0.830746 0.109097 0.0249362 0.0250012 2.2011
-0.821883 0.113726 0.0249403 0.0250007 2.2011
-0.812677 0.11763 0.024945 0.0250003 2.2011
-0.803182 0.120769 0.0249502 0.0249997 2.2011
-0.793461 0.123114 0.024956 0.0249992 2.2011
-0.783577 0.124644 0.0249624 0.0249987 2.2011
-0.773601 0.12535 0.0249693 0.0249981 2.2011
-0.7636 0.125235 0.0249769 0.0249975 2.2011
-0.75364 0.124313 0.0249851 0.024997 2.2011
-0.743785 0.122605 0.0249939 0.0249966 2.2011
-0.734089 0.120145 0.0250031 0.0249962 2.2011
-0.724603 0.116972 0.0250126 0.0249959 2.2011
-0.715366 0.113131 0.0250223 0.0249956 2.2011
-0.70641 0.108674 0.025032 0.0249954 2.2011
-0.697757 0.103654 0.0250415 0.0249953 2.2011
-0.68942 0.0981249 0.0250507 0.0249953 2.2011
-0.681403 0.0921415 0.0250594 0.0249953 2.2011
-0.673701 0.0857572 0.0250674 0.0249953 2.2011
-0.666303 0.0790235 0.0250746 0.0249954 2.2011
-0.659191 0.0719893 0.025081 0.0249955 2.2011
-0.652339 0.0647002 0.0250863 0.0249957 2.2011
-0.645721 0.0571988 0.0250905 0.0249958 2.2011
-0.639305 0.0495244 0.0250936 0.0249959 2.2011
-0.633056 0.0417131 0.0250956 0.0249961 2.2011
-0.626939 0.0337983 0.0250964 0.0249962 2.2011
-0.620917 0.0258109 0.025096 0.0249963 2.2011
-0.614954 0.0177798 0.0250945 0.0249964 2.2011
-0.609013 0.00973221 0.0250918 0.0249965 2.2011
-0.60306 0.00169408 0.0250877 0.0249967 2.2011
-0.59706 -0.0063096 0.0250823 0.0249968 2.2011
-0.590983 -0.0142545 0.0250755 0.024997 2.2011
-0.5848 -0.0221167 0.0250673 0.0249971 2.2011
-0.578484 -0.0298724 0.0250578 0.0249972 2.2011
-0.572011 -0.0374979 0.025047 0.0249974 2.2011
-0.565362 -0.0449694 0.0250348 0.0249975 2.2011
-0.558517 -0.0522628 0.0250214 0.0249976 2.2011
-0.551464 -0.059354 0.0250068 0.0249977 2.2011
-0.54419 -0.066219 0.0249911 0.0249977 2.2011
-0.536687 -0.0728333 0.0249743 0.0249978 2.2011
-0.528951 -0.0791727 0.0249565 0.0249979 2.2011
-0.52098 -0.0852132 0.0249378 0.0249979 2.2011
-0.512774 -0.090931 0.0249183 0.024998 2.2011
-0.504337 -0.0963031 0.024898 0.024998 2.2011
-0.495678 -0.101307 0.0248772 0.0249981 2.2011
-0.486804 -0.105922 0.0248558 0.0249981 2.2011
-0.47773 -0.110127 0.0248339 0.0249981 2.2011
-0.468469 -0.113905 0.0248118 0.0249981 2.2011
-0.45904 -0.117238 0.0247896 0.0249981 2.2011
-0.449461 -0.120114 0.0247673 0.0249981 2.2011
-0.439753 -0.122519 0.0247452 0.0249981 2.2011
-0.429938 -0.124446 0.0247233 0.024998 2.2011
-0.420041 -0.125887 0.0247018 0.024998 2.2011
-0.410085 -0.126839 0.0246809 0.024998 2.2011
-0.400094 -0.127304 0.0246606 0.024998 2.2011
-0.390093 -0.127284 0.0246411 0.024998 2.2011
-0.380103 -0.126786 0.0246224 0.024998 2.2011
-0.370149 -0.12582 0.0246047 0.0249981 2.2011
-0.360249 -0.124399 0.0245879 0.0249982 2.2011
-0.350422 -0.12254 0.024572 0.0249983 2.2011
-0.340683 -0.120264 0.024557 0.0249985 2.2011
-0.331044 -0.117595 0.0245427 0.0249986 2.2011
-0.321514 -0.114562 0.0245293 0.0249988 2.2011
-0.312096 -0.111197 0.0245165 0.024999 2.2011
-0.302788 -0.107541 0.0245042 0.0249992 2.2011
-0.29358 -0.10364 0.0244923 0.0249995 2.2011
-0.28445 -0.0995587 0.0244806 0.0249997 2.2011
-0.275326 -0.0954667 0.0244691 0.0249999 2.2011
