-0.666232 0.0382055 0.0250506 0.0250001 1.58079
-0.660448 0.0300478 0.0250452 0.0250002 1.58079
-0.654768 0.021818 0.0250397 0.0250004 1.58079
-0.649195 0.0135154 0.025034 0.0250006 1.58079
-0.643722 0.0051462 0.0250282 0.0250008 1.58079
-0.638337 -0.00327871 0.0250222 0.0250009 1.58079
-0.633016 -0.0117451 0.025016 0.0250011 1.58079
-0.627736 -0.020236 0.0250097 0.0250013 1.58079
-0.622464 -0.0287321 0.0250032 0.0250014 1.58079
-0.617166 -0.0372122 0.0249966 0.0250016 1.58079
-0.611806 -0.0456527 0.0249901 0.0250017 1.58079
-0.606344 -0.0540276 0.0249835 0.0250018 1.58079
-0.600741 -0.0623084 0.0249771 0.0250018 1.58079
-0.594956 -0.0704636 0.0249709 0.0250019 1.58079
-0.588951 -0.0784584 0.024965 0.0250019 1.58079
-0.582691 -0.0862545 0.0249595 0.0250018 1.58079
-0.576142 -0.0938097 0.0249547 0.0250018 1.58079
-0.569276 -0.101078 0.0249505 0.0250017 1.58079
-0.562071 -0.108011 0.0249471 0.0250015 1.58079
-0.554512 -0.114556 0.0249447 0.0250014 1.58079
-0.54659 -0.120657 0.0249434 0.0250012 1.58079
-0.538308 -0.126259 0.0249433 0.0250011 1.58079
-0.529674 -0.131304 0.0249444 0.0250009 1.58079
-0.520711 -0.135735 0.0249468 0.0250007 1.58079
-0.511447 -0.1395 0.0249505 0.0250005 1.58079
-0.501923 -0.142549 0.0249556 0.0250003 1.58079
-0.492189 -0.144838 0.0249618 0.0250001 1.58079
-0.482301 -0.146332 0.0249693 0.025 1.58079
-0.472324 -0.147004 0.0249777 0.0249998 1.58079
-0.462325 -0.146836 0.024987 0.0249997 1.58079
-0.452376 -0.145824 0.024997 0.0249996 1.58079
-0.442549 -0.143973 0.0250075 0.0249995 1.58079
-0.432912 -0.1413 0.0250182 0.0249995 1.58079
-0.423532 -0.137834 0.0250289 0.0249995 1.58079
-0.414466 -0.133612 0.0250392 0.0249995 1.58079
-0.405766 -0.12868 0.025049 0.0249995 1.58079
-0.397474 -0.123091 0.0250578 0.0249996 1.58079
-0.38962 -0.116901 0.0250654 0.0249996 1.58079
-0.382223 -0.11017 0.0250717 0.0249996 1.58079
-0.375293 -0.102961 0.0250764 0.0249996 1.58079
-0.368826 -0.0953329 0.0250795 0.0249996 1.58079
-0.362809 -0.0873451 0.0250809 0.0249995 1.58079
-0.357219 -0.0790527 0.0250808 0.0249995 1.58079
-0.352026 -0.0705064 0.0250792 0.0249995 1.58079
-0.347191 -0.0617526 0.0250761 0.0249995 1.58079
-0.342669 -0.0528328 0.0250717 0.0249995 1.58079
-0.338412 -0.0437837 0.0250662 0.0249995 1.58079
-0.334368 -0.0346376 0.0250597 0.0249995 1.58079
-0.330483 -0.0254229 0.0250523 0.0249996 1.58079
-0.326701 -0.0161653 0.025044 0.0249997 1.58079
-0.322967 -0.00688813 0.0250351 0.0249998 1.58079
-0.319228 0.00238642 0.0250255 0.0249999 1.58079
-0.315429 0.0116367 0.0250153 0.0250001 1.58079
-0.311519 0.0208408 0.0250046 0.0250002 1.58079
-0.307451 0.0299757 0.0249934 0.0250004 1.58079
-0.30318 0.0390171 0.0249817 0.0250005 1.58079
-0.298664 0.0479388 0.0249696 0.0250007 1.58079
-0.293867 0.0567126 0.0249571 0.0250009 1.58079
-0.288758 0.065308 0.024944 0.0250011 1.58079
-0.283311 0.0736929 0.0249305 0.0250013 1.58079
-0.277504 0.081833 0.0249165 0.0250015 1.58079
-0.271324 0.089693 0.024902 0.0250016 1.58079
-0.264761 0.0972365 0.0248869 0.0250018 1.58079
-0.257814 0.104427 0.0248714 0.025002 1.58079
-0.250484 0.111227 0.0248553 0.0250021 1.58079
-0.242782 0.117603 0.0248389 0.0250023 1.58079
-0.234722 0.123519 0.024822 0.0250023 1.58079
-0.226324 0.128943 0.0248049 0.0250024 1.58079
-0.21761 0.133846 0.0247877 0.0250025 1.58079
-0.208611 0.1382 0.0247705 0.0250025 1.58079
-0.199356 0.141984 0.0247535 0.0250024 1.58079
-0.189881 0.145175 0.024737 0.0250024 1.58079
-0.180222 0.147758 0.0247211 0.0250022 1.58079
-0.170418 0.14972 0.0247061 0.0250021 1.58079
-0.160509 0.151054 0.0246923 0.0250019 1.58079
-0.150535 0.151755 0.0246799 0.0250017 1.58079
-0.140537 0.151823 0.0246692 0.0250015 1.58079
-0.130554 0.151263 0.0246604 0.0250012 1.58079
-0.120625 0.150082 0.0246537 0.0250009 1.58079
-0.110787 0.148292 0.0246494 0.0250006 1.58079
-0.101075 0.145909 0.0246476 0.0250003 1.58079
-0.0915225 0.142951 0.0246485 0.025 1.58079
-0.0821587 0.139441 0.0246522 0.0249997 1.58079
-0.0730102 0.135403 0.0246588 0.0249994 1.58079
-0.0641002 0.130861 0.0246682 0.0249992 1.58079
-0.0554484 0.125845 0.0246806 0.024999 1.58079
-0.0470704 0.120384 0.0246957 0.0249988 1.58079
-0.0389782 0.114507 0.0247134 0.0249986 1.58079
-0.0311794 0.108246 0.0247336 0.0249985 1.58079
-0.023678 0.101631 0.0247561 0.0249984 1.58079
-0.0164736 0.0946941 0.0247806 0.0249983 1.58079
-0.00956188 0.0874653 0.0248069 0.0249983 1.58079
-0.00293466 0.079975 0.0248348 0.0249984 1.58079
0.00342022 0.0722523 0.024864 0.0249985 1.58079
0.00951878 0.0643257 0.0248941 0.0249986 1.58079
0.0153809 0.0562228 0.024925 0.0249987 1.58079
0.0210305 0.0479706 0.0249565 0.0249989 1.58079
0.0264958 0.0395953 0.0249882 0.0249992 1.58079
0.0318108 0.0311242 0.0250201 0.0249994 1.58079
0.0370189 0.022587 0.0250519 0.0249997 1.58079
0.042222 0.0140472 0.0250837 0.0249999 1.58079
