-1.82582 -0.0628952 0.0250721 0.025 3.54177
-1.82013 -0.0711146 0.0250715 0.0250001 3.54177
-1.81447 -0.0793614 0.0250709 0.0250002 3.54177
-1.80885 -0.087628 0.0250702 0.0250003 3.54177
-1.80323 -0.0959015 0.0250693 0.0250004 3.54177
-1.7976 -0.104165 0.0250682 0.0250005 3.54177
-1.79193 -0.1124 0.0250667 0.0250007 3.54177
-1.78618 -0.120582 0.0250647 0.0250008 3.54177
-1.78032 -0.128685 0.0250621 0.0250009 3.54177
-1.77432 -0.136682 0.0250588 0.025001 3.54177
-1.76813 -0.14454 0.0250547 0.0250012 3.54177
-1.76174 -0.152224 0.0250498 0.0250012 3.54177
-1.75509 -0.159695 0.0250442 0.0250013 3.54177
-1.74817 -0.166911 0.0250378 0.0250013 3.54177
-1.74095 -0.173826 0.0250307 0.0250013 3.54177
-1.7334 -0.180391 0.0250231 0.0250013 3.54177
-1.72553 -0.186555 0.0250153 0.0250012 3.54177
-1.71732 -0.192264 0.0250073 0.0250011 3.54177
-1.70878 -0.197463 0.0249995 0.025001 3.54177
-1.69992 -0.202099 0.0249921 0.0250008 3.54177
-1.69076 -0.206116 0.0249854 0.0250007 3.54177
-1.68134 -0.209464 0.0249795 0.0250005 3.54177
-1.67169 -0.212096 0.0249747 0.0250004 3.54177
-1.66187 -0.213972 0.0249711 0.0250002 3.54177
-1.65193 -0.215059 0.0249688 0.025 3.54177
-1.64194 -0.215333 0.024968 0.0249998 3.54177
-1.63195 -0.214779 0.0249687 0.0249997 3.54177
-1.62205 -0.213394 0.0249709 0.0249995 3.54177
-1.61229 -0.211187 0.0249746 0.0249993 3.54177
-1.60276 -0.208174 0.0249797 0.0249992 3.54177
-1.5935 -0.204387 0.024986 0.0249991 3.54177
-1.58458 -0.199861 0.0249933 0.024999 3.54177
-1.57605 -0.194646 0.0250014 0.024999 3.54177
-1.56794 -0.188792 0.0250101 0.024999 3.54177
-1.56029 -0.182357 0.025019 0.024999 3.54177
-1.5531 -0.175402 0.0250279 0.0249991 3.54177
-1.54639 -0.167986 0.0250363 0.0249991 3.54177
-1.54015 -0.160168 0.025044 0.0249992 3.54177
-1.53437 -0.152007 0.0250507 0.0249993 3.54177
-1.52903 -0.143556 0.0250561 0.0249994 3.54177
-1.52408 -0.134865 0.0250601 0.0249994 3.54177
-1.51949 -0.125979 0.0250624 0.0249995 3.54177
-1.51522 -0.116937 0.0250631 0.0249996 3.54177
-1.51121 -0.107775 0.025062 0.0249997 3.54177
-1.50741 -0.0985252 0.0250592 0.0249998 3.54177
-1.50376 -0.0892143 0.0250545 0.025 3.54177
-1.50021 -0.0798673 0.025048 0.0250001 3.54177
-1.49669 -0.0705069 0.0250398 0.0250003 3.54177
-1.49315 -0.0611548 0.0250299 0.0250005 3.54177
-1.48953 -0.0518325 0.0250183 0.0250007 3.54177
-1.48578 -0.0425622 0.0250051 0.0250009 3.54177
-1.48185 -0.0333675 0.0249905 0.0250011 3.54177
-1.4777 -0.0242739 0.0249745 0.0250013 3.54177
-1.47327 -0.0153091 0.0249574 0.0250014 3.54177
-1.46853 -0.00650352 0.0249394 0.0250016 3.54177
-1.46345 0.00211017 0.0249206 0.0250018 3.54177
-1.45801 0.0104969 0.0249012 0.025002 3.54177
-1.45218 0.0186196 0.0248815 0.0250021 3.54177
-1.44595 0.0264397 0.0248616 0.0250022 3.54177
-1.43931 0.0339181 0.0248419 0.0250023 3.54177
-1.43227 0.0410151 0.0248225 0.0250024 3.54177
-1.42483 0.047692 0.0248036 0.0250024 3.54177
-1.417 0.0539111 0.0247854 0.0250025 3.54177
-1.40881 0.0596371 0.0247681 0.0250025 3.54177
-1.40027 0.0648372 0.0247519 0.0250025 3.54177
-1.39141 0.0694819 0.024737 0.0250025 3.54177
-1.38228 0.0735457 0.0247233 0.0250024 3.54177
-1.3729 0.0770069 0.0247112 0.0250023 3.54177
-1.36331 0.0798483 0.0247006 0.0250022 3.54177
-1.35356 0.0820571 0.0246917 0.025002 3.54177
-1.34369 0.0836248 0.0246844 0.0250019 3.54177
-1.33373 0.0845473 0.024679 0.0250017 3.54177
-1.32374 0.0848249 0.0246753 0.0250015 3.54177
-1.31374 0.084462 0.0246733 0.0250013 3.54177
-1.30379 0.0834669 0.0246732 0.025001 3.54177
-1.29393 0.0818517 0.0246748 0.0250008 3.54177
-1.28418 0.0796321 0.0246782 0.0250005 3.54177
-1.27458 0.0768268 0.0246832 0.0250003 3.54177
-1.26516 0.0734575 0.02469 0.025 3.54177
-1.25596 0.0695482 0.0246984 0.0249997 3.54177
-1.24699 0.0651254 0.0247085 0.0249994 3.54177
-1.23828 0.0602171 0.0247202 0.0249992 3.54177
-1.22984 0.054852 0.0247334 0.024999 3.54177
-1.22168 0.0490598 0.0247481 0.0249988 3.54177
-1.21383 0.0428706 0.0247642 0.0249987 3.54177
-1.20628 0.0363143 0.0247815 0.0249985 3.54177
-1.19903 0.0294209 0.0248 0.0249985 3.54177
-1.19209 0.0222197 0.0248196 0.0249984 3.54177
-1.18545 0.0147394 0.0248399 0.0249984 3.54177
-1.17911 0.00700774 0.0248611 0.0249984 3.54177
-1.17305 -0.000948743 0.0248829 0.0249984 3.54177
-1.16726 -0.00910461 0.0249051 0.0249985 3.54177
-1.16173 -0.0174358 0.0249277 0.0249986 3.54177
-1.15643 -0.0259195 0.0249506 0.0249987 3.54177
-1.15135 -0.0345342 0.0249736 0.0249988 3.54177
-1.14646 -0.04326 0.0249967 0.024999 3.54177
-1.14174 -0.0520775 0.0250197 0.0249992 3.54177
-1.13717 -0.0609687 0.0250427 0.0249994 3.54177
-1.1327 -0.0699156 0.0250656 0.0249996 3.54177
-1.12831 -0.0788994 0.0250884 0.0249998 3.54177
-1.12392 -0.087884 0.025111 0.0249999 3.54177
