-1.85063 -0.0147303 0.0250851 0.0250001 3.6018
-1.8446 -0.0227048 0.0250788 0.0250002 3.6018
-1.8387 -0.030778 0.0250725 0.0250003 3.6018
-1.83294 -0.0389548 0.0250662 0.0250005 3.6018
-1.82733 -0.0472321 0.02506 0.0250007 3.6018
-1.82186 -0.0556014 0.0250538 0.0250009 3.6018
-1.81651 -0.06405 0.0250476 0.025001 3.6018
-1.81127 -0.0725625 0.0250416 0.0250012 3.6018
-1.8061 -0.0811214 0.0250358 0.0250013 3.6018
-1.80097 -0.0897071 0.02503 0.0250015 3.6018
-1.79586 -0.0982986 0.0250245 0.0250016 3.6018
-1.79071 -0.106873 0.0250192 0.0250017 3.6018
-1.7855 -0.115406 0.025014 0.0250018 3.6018
-1.78018 -0.12387 0.0250091 0.0250018 3.6018
-1.7747 -0.132236 0.0250044 0.0250019 3.6018
-1.76903 -0.140471 0.0249999 0.0250019 3.6018
-1.76313 -0.14854 0.0249957 0.0250019 3.6018
-1.75695 -0.156403 0.0249917 0.0250019 3.6018
-1.75047 -0.164016 0.024988 0.0250019 3.6018
-1.74366 -0.171333 0.0249846 0.0250018 3.6018
-1.73649 -0.178302 0.0249817 0.0250017 3.6018
-1.72895 -0.184871 0.0249792 0.0250016 3.6018
-1.72104 -0.190982 0.0249773 0.0250015 3.6018
-1.71275 -0.196579 0.024976 0.0250014 3.6018
-1.70411 -0.201604 0.0249755 0.0250013 3.6018
-1.69512 -0.205999 0.0249757 0.0250012 3.6018
-1.68584 -0.209711 0.0249768 0.0250011 3.6018
-1.6763 -0.212692 0.0249786 0.025001 3.6018
-1.66654 -0.214898 0.0249814 0.0250008 3.6018
-1.65664 -0.216296 0.0249849 0.0250008 3.6018
-1.64666 -0.216861 0.0249893 0.0250007 3.6018
-1.63666 -0.216578 0.0249944 0.0250006 3.6018
-1.62673 -0.215446 0.0250001 0.0250005 3.6018
-1.61692 -0.213473 0.0250063 0.0250004 3.6018
-1.60732 -0.21068 0.0250129 0.0250004 3.6018
-1.59799 -0.207098 0.0250197 0.0250003 3.6018
-1.58897 -0.202768 0.0250265 0.0250003 3.6018
-1.58033 -0.197738 0.0250332 0.0250001 3.6018
-1.5721 -0.192061 0.0250396 0.025 3.6018
-1.5643 -0.185799 0.0250456 0.0249999 3.6018
-1.55696 -0.17901 0.0250511 0.0249997 3.6018
-1.55007 -0.171758 0.0250561 0.0249996 3.6018
-1.54364 -0.164102 0.0250604 0.0249994 3.6018
-1.53764 -0.156101 0.025064 0.0249993 3.6018
-1.53205 -0.147806 0.0250669 0.0249992 3.6018
-1.52684 -0.13927 0.0250689 0.0249991 3.6018
-1.52197 -0.130536 0.0250702 0.024999 3.6018
-1.51739 -0.121644 0.0250706 0.024999 3.6018
-1.51306 -0.11263 0.0250701 0.0249991 3.6018
-1.50892 -0.103526 0.0250685 0.0249991 3.6018
-1.50493 -0.0943589 0.025066 0.0249992 3.6018
-1.50102 -0.0851544 0.0250623 0.0249994 3.6018
-1.49714 -0.0759355 0.0250574 0.0249995 3.6018
-1.49325 -0.0667244 0.0250514 0.0249997 3.6018
-1.48928 -0.057543 0.025044 0.0249999 3.6018
-1.4852 -0.0484133 0.0250354 0.0250001 3.6018
-1.48096 -0.0393583 0.0250256 0.0250003 3.6018
-1.47651 -0.0304021 0.0250144 0.0250005 3.6018
-1.47182 -0.0215706 0.025002 0.0250007 3.6018
-1.46686 -0.0128916 0.0249884 0.025001 3.6018
-1.46159 -0.00439442 0.0249736 0.0250011 3.6018
-1.45599 0.00388987 0.0249578 0.0250013 3.6018
-1.45004 0.0119287 0.024941 0.0250015 3.6018
-1.44374 0.0196885 0.0249233 0.0250016 3.6018
-1.43706 0.027135 0.0249049 0.0250018 3.6018
-1.43002 0.0342336 0.0248857 0.0250019 3.6018
-1.42262 0.0409501 0.0248661 0.025002 3.6018
-1.41485 0.0472511 0.024846 0.025002 3.6018
-1.40675 0.0531046 0.0248256 0.0250021 3.6018
-1.39832 0.05848 0.0248052 0.0250021 3.6018
-1.38958 0.063349 0.0247848 0.0250021 3.6018
-1.38058 0.0676861 0.0247648 0.025002 3.6018
-1.37132 0.0714681 0.0247452 0.025002 3.6018
-1.36185 0.0746756 0.0247264 0.0250019 3.6018
-1.3522 0.0772923 0.0247086 0.0250017 3.6018
-1.34241 0.0793058 0.0246921 0.0250016 3.6018
-1.33251 0.0807075 0.0246771 0.0250014 3.6018
-1.32254 0.0814927 0.024664 0.0250012 3.6018
-1.31254 0.0816608 0.0246529 0.0250009 3.6018
-1.30255 0.0812151 0.0246442 0.0250007 3.6018
-1.29261 0.0801629 0.024638 0.0250004 3.6018
-1.28274 0.0785151 0.0246346 0.0250001 3.6018
-1.27299 0.0762862 0.024634 0.0249998 3.6018
-1.26339 0.0734942 0.0246365 0.0249995 3.6018
-1.25396 0.0701595 0.0246421 0.0249992 3.6018
-1.24474 0.0663054 0.0246507 0.024999 3.6018
-1.23573 0.0619572 0.0246623 0.0249988 3.6018
-1.22696 0.0571423 0.0246767 0.0249986 3.6018
-1.21845 0.0518896 0.0246939 0.0249984 3.6018
-1.21021 0.0462289 0.0247135 0.0249984 3.6018
-1.20223 0.0401911 0.0247353 0.0249983 3.6018
-1.19454 0.0338076 0.0247591 0.0249983 3.6018
-1.18711 0.0271097 0.0247846 0.0249983 3.6018
-1.17995 0.020129 0.0248116 0.0249984 3.6018
-1.17304 0.0128968 0.0248396 0.0249986 3.6018
-1.16637 0.00544406 0.0248686 0.0249987 3.6018
-1.15992 -0.00219814 0.0248981 0.0249989 3.6018
-1.15366 -0.00999842 0.0249281 0.0249992 3.6018
-1.14756 -0.0179239 0.0249582 0.0249994 3.6018
-1.14158 -0.0259368 0.0249885 0.0249997 3.6018
-1.1356 -0.0339539 0.0250186 0.0249999 3.6018
