-0.552552 -0.134685 0.0250125 0.0250001 1.36068
-0.542955 -0.137495 0.0250055 0.0250001 1.36068
-0.533284 -0.140038 0.0249986 0.0250003 1.36068
-0.523531 -0.142246 0.0249918 0.0250004 1.36068
-0.513697 -0.144058 0.024985 0.0250005 1.36068
-0.50379 -0.145419 0.0249784 0.0250006 1.36068
-0.493828 -0.146278 0.0249719 0.0250007 1.36068
-0.483833 -0.146592 0.0249656 0.0250008 1.36068
-0.473838 -0.146321 0.0249596 0.0250008 1.36068
-0.463878 -0.145433 0.024954 0.0250008 1.36068
-0.453996 -0.143905 0.0249489 0.0250008 1.36068
-0.444238 -0.141721 0.0249444 0.0250007 1.36068
-0.434652 -0.138874 0.0249407 0.0250007 1.36068
-0.425289 -0.135365 0.0249379 0.0250006 1.36068
-0.416195 -0.131207 0.024936 0.0250006 1.36068
-0.407418 -0.126416 0.0249351 0.0250006 1.36068
-0.398999 -0.12102 0.0249353 0.0250005 1.36068
-0.390975 -0.115053 0.0249364 0.0250005 1.36068
-0.383375 -0.108554 0.0249386 0.0250005 1.36068
-0.376222 -0.101567 0.0249417 0.0250005 1.36068
-0.369529 -0.0941374 0.0249456 0.0250006 1.36068
-0.3633 -0.0863148 0.0249502 0.0250006 1.36068
-0.357531 -0.0781474 0.0249554 0.0250007 1.36068
-0.352208 -0.0696825 0.0249609 0.0250007 1.36068
-0.347309 -0.0609652 0.0249667 0.0250008 1.36068
-0.342805 -0.0520379 0.0249725 0.0250009 1.36068
-0.338658 -0.0429392 0.024978 0.025001 1.36068
-0.334825 -0.0337038 0.0249831 0.0250012 1.36068
-0.331257 -0.0243629 0.0249875 0.0250013 1.36068
-0.327902 -0.0149439 0.0249911 0.0250015 1.36068
-0.324702 -0.00547103 0.0249935 0.0250017 1.36068
-0.321598 0.0040336 0.0249947 0.0250019 1.36068
-0.31853 0.0135494 0.0249944 0.0250021 1.36068
-0.315434 0.0230564 0.0249925 0.0250023 1.36068
-0.31225 0.0325339 0.0249888 0.0250025 1.36068
-0.308916 0.0419598 0.0249833 0.0250027 1.36068
-0.305375 0.0513094 0.0249759 0.0250028 1.36068
-0.30157 0.0605547 0.0249666 0.025003 1.36068
-0.297451 0.069664 0.0249555 0.0250031 1.36068
-0.292969 0.0786009 0.0249426 0.0250032 1.36068
-0.288087 0.0873249 0.0249281 0.0250032 1.36068
-0.28277 0.0957912 0.0249122 0.0250032 1.36068
-0.276994 0.103951 0.0248951 0.0250032 1.36068
-0.270743 0.111753 0.0248772 0.025003 1.36068
-0.26401 0.119144 0.0248588 0.0250029 1.36068
-0.2568 0.126071 0.0248402 0.0250026 1.36068
-0.249127 0.132479 0.0248218 0.0250024 1.36068
-0.241012 0.13832 0.0248041 0.025002 1.36068
-0.232488 0.143546 0.0247874 0.0250016 1.36068
-0.223595 0.148118 0.0247721 0.0250012 1.36068
-0.21438 0.151999 0.0247587 0.0250007 1.36068
-0.204895 0.155164 0.0247473 0.0250002 1.36068
-0.195194 0.157595 0.0247384 0.0249997 1.36068
-0.185337 0.159282 0.0247322 0.0249992 1.36068
-0.175381 0.160223 0.0247288 0.0249986 1.36068
-0.165381 0.160425 0.0247284 0.0249981 1.36068
-0.155393 0.159904 0.024731 0.0249976 1.36068
-0.145466 0.158682 0.0247366 0.0249971 1.36068
-0.135645 0.156786 0.0247452 0.0249967 1.36068
-0.125969 0.154248 0.0247566 0.0249962 1.36068
-0.116473 0.151106 0.0247706 0.0249959 1.36068
-0.107181 0.147399 0.0247871 0.0249955 1.36068
-0.0981173 0.143166 0.0248056 0.0249953 1.36068
-0.0892949 0.13845 0.0248259 0.024995 1.36068
-0.0807239 0.133291 0.0248474 0.0249949 1.36068
-0.0724087 0.127728 0.0248699 0.0249948 1.36068
-0.0643493 0.121801 0.0248928 0.0249947 1.36068
-0.0565417 0.115546 0.0249157 0.0249947 1.36068
-0.0489787 0.108998 0.0249381 0.0249948 1.36068
-0.0416502 0.102188 0.0249596 0.0249949 1.36068
-0.0345441 0.0951462 0.0249797 0.024995 1.36068
-0.0276464 0.0879005 0.0249979 0.0249952 1.36068
-0.0209417 0.0804761 0.025014 0.0249953 1.36068
-0.0144135 0.0728961 0.0250276 0.0249955 1.36068
-0.00804438 0.0651822 0.0250383 0.0249957 1.36068
-0.00181644 0.0573541 0.0250459 0.024996 1.36068
0.0042888 0.0494302 0.0250502 0.0249962 1.36068
0.01029 0.0414274 0.025051 0.0249964 1.36068
0.016206 0.0333617 0.0250482 0.0249967 1.36068
0.0220555 0.0252478 0.0250418 0.0249969 1.36068
0.0278572 0.0170999 0.0250317 0.0249971 1.36068
0.0336292 0.00893125 0.025018 0.0249973 1.36068
0.0393896 0.000754539 0.0250008 0.0249975 1.36068
0.0451557 -0.00741797 0.0249803 0.0249977 1.36068
0.050944 -0.0155745 0.0249564 0.0249979 1.36068
0.0567704 -0.0237037 0.0249296 0.0249981 1.36068
0.0626502 -0.0317943 0.0249 0.0249982 1.36068
0.0685978 -0.039835 0.0248678 0.0249984 1.36068
0.0746269 -0.0478145 0.0248333 0.0249985 1.36068
0.0807499 -0.0557222 0.0247968 0.0249986 1.36068
0.0869779 -0.0635472 0.0247585 0.0249987 1.36068
0.0933204 -0.0712797 0.0247186 0.0249989 1.36068
0.099785 -0.0789102 0.0246775 0.024999 1.36068
0.106377 -0.0864304 0.0246353 0.0249991 1.36068
0.113101 -0.0938334 0.0245923 0.0249992 1.36068
0.119956 -0.101115 0.0245487 0.0249993 1.36068
0.12694 -0.108272 0.0245046 0.0249995 1.36068
0.134046 -0.115309 0.0244601 0.0249996 1.36068
0.141261 -0.122233 0.0244155 0.0249997 1.36068
0.148562 -0.129067 0.0243708 0.0249999 1.36068
0.155869 -0.135894 0.024326 0.0249999 1.36068
