-1.3574 0.0919462 0.0249552 0.0250001 2.74137
-1.34797 0.0886436 0.0249557 0.0250001 2.74137
-1.33864 0.0850343 0.0249563 0.0250003 2.74137
-1.32946 0.0810668 0.0249569 0.0250004 2.74137
-1.32046 0.0767072 0.0249575 0.0250005 2.74137
-1.31167 0.0719351 0.0249583 0.0250006 2.74137
-1.30313 0.0667411 0.0249593 0.0250007 2.74137
-1.29486 0.0611252 0.0249606 0.0250009 2.74137
-1.28688 0.0550958 0.0249621 0.025001 2.74137
-1.27922 0.0486684 0.024964 0.0250011 2.74137
-1.27189 0.0418643 0.0249662 0.0250012 2.74137
-1.26491 0.0347096 0.0249687 0.0250014 2.74137
-1.25827 0.0272337 0.0249717 0.0250015 2.74137
-1.25197 0.0194684 0.0249749 0.0250017 2.74137
-1.246 0.0114468 0.0249785 0.0250018 2.74137
-1.24034 0.00320222 0.0249823 0.025002 2.74137
-1.23497 -0.00523248 0.0249863 0.0250022 2.74137
-1.22986 -0.0138253 0.0249905 0.0250023 2.74137
-1.22497 -0.0225456 0.0249948 0.0250025 2.74137
-1.22026 -0.0313642 0.0249992 0.0250026 2.74137
-1.21568 -0.0402531 0.0250034 0.0250028 2.74137
-1.21119 -0.0491854 0.0250075 0.0250029 2.74137
-1.20674 -0.0581345 0.0250114 0.025003 2.74137
-1.20226 -0.0670739 0.025015 0.0250031 2.74137
-1.19771 -0.0759761 0.0250182 0.0250033 2.74137
-1.19303 -0.0848119 0.0250209 0.0250033 2.74137
-1.18818 -0.09355 0.025023 0.0250034 2.74137
-1.18309 -0.102156 0.0250245 0.0250035 2.74137
-1.17772 -0.110591 0.0250253 0.0250035 2.74137
-1.17204 -0.118813 0.0250253 0.0250035 2.74137
-1.16599 -0.126776 0.0250247 0.0250034 2.74137
-1.15956 -0.134429 0.0250234 0.0250033 2.74137
-1.15272 -0.14172 0.0250213 0.0250031 2.74137
-1.14546 -0.14859 0.0250187 0.0250029 2.74137
-1.13777 -0.154983 0.0250155 0.0250026 2.74137
-1.12967 -0.160841 0.0250118 0.0250023 2.74137
-1.12117 -0.166105 0.0250078 0.0250019 2.74137
-1.1123 -0.170724 0.0250036 0.0250015 2.74137
-1.1031 -0.174649 0.0249992 0.025001 2.74137
-1.09362 -0.177838 0.024995 0.0250005 2.74137
-1.08392 -0.180256 0.0249911 0.0249999 2.74137
-1.07405 -0.181881 0.0249876 0.0249993 2.74137
-1.06409 -0.182698 0.0249848 0.0249987 2.74137
-1.05409 -0.182704 0.0249828 0.024998 2.74137
-1.04412 -0.181906 0.0249817 0.0249975 2.74137
-1.03424 -0.180322 0.0249816 0.0249969 2.74137
-1.02452 -0.177977 0.0249827 0.0249964 2.74137
-1.015 -0.174907 0.024985 0.024996 2.74137
-1.00572 -0.171152 0.0249883 0.0249956 2.74137
-0.996736 -0.166758 0.0249927 0.0249953 2.74137
-0.988061 -0.161776 0.024998 0.0249951 2.74137
-0.979717 -0.156257 0.0250042 0.0249949 2.74137
-0.971714 -0.150254 0.0250109 0.0249948 2.74137
-0.964055 -0.143818 0.0250182 0.0249947 2.74137
-0.956733 -0.137001 0.0250258 0.0249947 2.74137
-0.949737 -0.12985 0.0250336 0.0249947 2.74137
-0.943049 -0.12241 0.0250414 0.0249948 2.74137
-0.936645 -0.114724 0.025049 0.0249949 2.74137
-0.930499 -0.106831 0.0250564 0.024995 2.74137
-0.924581 -0.0987648 0.0250633 0.0249951 2.74137
-0.918859 -0.0905587 0.0250697 0.0249953 2.74137
-0.913301 -0.0822415 0.0250755 0.0249954 2.74137
-0.907871 -0.0738397 0.0250807 0.0249956 2.74137
-0.902536 -0.0653773 0.0250852 0.0249957 2.74137
-0.897263 -0.0568767 0.0250891 0.0249958 2.74137
-0.892018 -0.0483586 0.0250923 0.0249959 2.74137
-0.88677 -0.0398425 0.0250948 0.024996 2.74137
-0.881489 -0.031347 0.0250964 0.024996 2.74137
-0.876146 -0.0228901 0.0250973 0.0249961 2.74137
-0.870715 -0.0144897 0.0250972 0.0249961 2.74137
-0.865171 -0.00616346 0.0250961 0.0249961 2.74137
-0.859492 0.00207081 0.0250935 0.0249962 2.74137
-0.853656 0.010195 0.0250893 0.0249963 2.74137
-0.847645 0.0181906 0.0250831 0.0249965 2.74137
-0.841444 0.0260388 0.0250747 0.0249967 2.74137
-0.835037 0.0337206 0.0250638 0.0249969 2.74137
-0.828414 0.0412165 0.0250502 0.0249971 2.74137
-0.821567 0.0485071 0.0250339 0.0249972 2.74137
-0.814487 0.0555726 0.0250148 0.0249974 2.74137
-0.807172 0.0623934 0.0249929 0.0249976 2.74137
-0.799619 0.0689502 0.0249684 0.0249977 2.74137
-0.791829 0.075224 0.0249413 0.0249978 2.74137
-0.783807 0.0811965 0.0249119 0.0249979 2.74137
-0.775556 0.0868503 0.0248804 0.0249979 2.74137
-0.767086 0.0921692 0.0248471 0.024998 2.74137
-0.758407 0.0971386 0.0248122 0.024998 2.74137
-0.74953 0.101746 0.024776 0.024998 2.74137
-0.740468 0.105979 0.0247388 0.0249981 2.74137
-0.731238 0.109829 0.0247008 0.0249981 2.74137
-0.721854 0.11329 0.0246622 0.0249982 2.74137
-0.712335 0.116357 0.0246232 0.0249983 2.74137
-0.702697 0.11903 0.0245841 0.0249984 2.74137
-0.69296 0.121311 0.0245449 0.0249985 2.74137
-0.68314 0.123208 0.0245057 0.0249987 2.74137
-0.673256 0.124732 0.0244666 0.0249988 2.74137
-0.663324 0.1259 0.0244277 0.024999 2.74137
-0.653358 0.126734 0.024389 0.0249992 2.74137
-0.643371 0.127267 0.0243506 0.0249994 2.74137
-0.633375 0.127541 0.0243123 0.0249996 2.74137
-0.623375 0.127619 0.0242743 0.0249998 2.74137
-0.613375 0.127684 0.0242363 0.0249999 2.74137
