-1.69873 -0.217918 0.0248185 0.0250001 3.32166
-1.68874 -0.218408 0.0248242 0.0250001 3.32166
-1.67875 -0.218584 0.02483 0.0250002 3.32166
-1.66875 -0.218378 0.0248358 0.0250003 3.32166
-1.65877 -0.217732 0.0248416 0.0250004 3.32166
-1.64883 -0.216598 0.0248476 0.0250005 3.32166
-1.63897 -0.214938 0.0248536 0.0250005 3.32166
-1.62922 -0.212722 0.0248599 0.0250005 3.32166
-1.61962 -0.209929 0.0248664 0.0250005 3.32166
-1.61021 -0.206547 0.0248733 0.0250005 3.32166
-1.60103 -0.202575 0.0248807 0.0250005 3.32166
-1.59213 -0.198016 0.0248885 0.0250006 3.32166
-1.58355 -0.192886 0.0248968 0.0250006 3.32166
-1.57532 -0.187206 0.0249056 0.0250006 3.32166
-1.56748 -0.181004 0.0249149 0.0250006 3.32166
-1.56004 -0.174315 0.0249247 0.0250007 3.32166
-1.55304 -0.167176 0.0249348 0.0250008 3.32166
-1.54648 -0.15963 0.0249452 0.0250008 3.32166
-1.54037 -0.15172 0.0249558 0.0250009 3.32166
-1.53469 -0.14349 0.0249664 0.025001 3.32166
-1.52943 -0.134982 0.024977 0.0250011 3.32166
-1.52458 -0.126238 0.0249874 0.0250013 3.32166
-1.52011 -0.117297 0.0249974 0.0250014 3.32166
-1.51597 -0.108195 0.0250069 0.0250015 3.32166
-1.51213 -0.0989642 0.0250158 0.0250017 3.32166
-1.50853 -0.0896341 0.0250238 0.0250018 3.32166
-1.50513 -0.0802306 0.0250308 0.025002 3.32166
-1.50188 -0.0707772 0.0250367 0.0250021 3.32166
-1.49871 -0.0612955 0.0250414 0.0250023 3.32166
-1.49556 -0.0518057 0.0250446 0.0250025 3.32166
-1.49237 -0.042328 0.0250464 0.0250026 3.32166
-1.48909 -0.0328835 0.0250467 0.0250027 3.32166
-1.48566 -0.0234949 0.0250453 0.0250028 3.32166
-1.48201 -0.0141876 0.0250422 0.0250029 3.32166
-1.47809 -0.00499056 0.0250374 0.025003 3.32166
-1.47385 0.00406326 0.0250309 0.0250031 3.32166
-1.46924 0.0129363 0.0250227 0.0250031 3.32166
-1.46423 0.0215866 0.0250129 0.0250031 3.32166
-1.45878 0.0299676 0.0250016 0.025003 3.32166
-1.45286 0.0380291 0.0249889 0.0250029 3.32166
-1.44647 0.045718 0.0249749 0.0250027 3.32166
-1.4396 0.052979 0.0249599 0.0250025 3.32166
-1.43225 0.0597567 0.024944 0.0250023 3.32166
-1.42444 0.0659968 0.0249275 0.025002 3.32166
-1.41619 0.0716476 0.0249108 0.0250016 3.32166
-1.40754 0.0766619 0.024894 0.0250012 3.32166
-1.39853 0.0809983 0.0248776 0.0250008 3.32166
-1.38921 0.0846228 0.0248618 0.0250003 3.32166
-1.37964 0.0875096 0.0248471 0.0249998 3.32166
-1.36987 0.0896419 0.0248338 0.0249993 3.32166
-1.35996 0.0910122 0.0248222 0.0249988 3.32166
-1.34998 0.0916224 0.0248126 0.0249982 3.32166
-1.33998 0.0914834 0.0248054 0.0249977 3.32166
-1.33001 0.0906138 0.0248008 0.0249972 3.32166
-1.32013 0.0890396 0.0247989 0.0249967 3.32166
-1.31039 0.0867925 0.0247998 0.0249963 3.32166
-1.30081 0.0839093 0.0248036 0.024996 3.32166
-1.29143 0.0804302 0.0248102 0.0249956 3.32166
-1.28227 0.0763981 0.0248195 0.0249953 3.32166
-1.27336 0.071857 0.0248314 0.0249951 3.32166
-1.2647 0.0668513 0.0248456 0.0249949 3.32166
-1.25629 0.0614249 0.0248619 0.0249947 3.32166
-1.24815 0.0556203 0.0248799 0.0249946 3.32166
-1.24025 0.0494786 0.0248993 0.0249945 3.32166
-1.23259 0.0430384 0.0249198 0.0249945 3.32166
-1.22517 0.036336 0.0249408 0.0249945 3.32166
-1.21795 0.0294053 0.024962 0.0249945 3.32166
-1.21093 0.0222775 0.024983 0.0249946 3.32166
-1.20409 0.0149813 0.0250031 0.0249947 3.32166
-1.1974 0.00754319 0.0250221 0.0249949 3.32166
-1.19084 -1.27993e-05 0.0250395 0.0249951 3.32166
-1.1844 -0.00766445 0.0250549 0.0249953 3.32166
-1.17804 -0.0153913 0.0250679 0.0249955 3.32166
-1.17176 -0.0231743 0.0250781 0.0249957 3.32166
-1.16552 -0.0309958 0.0250852 0.0249959 3.32166
-1.15931 -0.0388389 0.025089 0.0249962 3.32166
-1.15311 -0.0466877 0.0250892 0.0249964 3.32166
-1.1469 -0.0545269 0.0250857 0.0249966 3.32166
-1.14065 -0.0623417 0.0250783 0.0249969 3.32166
-1.13436 -0.0701176 0.0250671 0.0249971 3.32166
-1.12801 -0.0778406 0.025052 0.0249973 3.32166
-1.12157 -0.0854966 0.025033 0.0249975 3.32166
-1.11504 -0.0930721 0.0250103 0.0249977 3.32166
-1.1084 -0.100553 0.0249841 0.0249978 3.32166
-1.10164 -0.107927 0.0249545 0.0249979 3.32166
-1.09476 -0.11518 0.0249218 0.0249981 3.32166
-1.08773 -0.122299 0.0248863 0.0249982 3.32166
-1.08056 -0.129271 0.0248482 0.0249983 3.32166
-1.07324 -0.136083 0.0248077 0.0249984 3.32166
-1.06576 -0.142724 0.0247652 0.0249985 3.32166
-1.05812 -0.149181 0.024721 0.0249986 3.32166
-1.05033 -0.155445 0.0246752 0.0249987 3.32166
-1.04237 -0.161507 0.0246282 0.0249988 3.32166
-1.03427 -0.167361 0.0245801 0.024999 3.32166
-1.02601 -0.173002 0.0245312 0.0249991 3.32166
-1.01761 -0.178431 0.0244817 0.0249992 3.32166
-1.00908 -0.183653 0.0244317 0.0249994 3.32166
-1.00043 -0.188677 0.0243814 0.0249995 3.32166
-0.991686 -0.193524 0.0243309 0.0249997 3.32166
-0.982864 -0.198232 0.0242803 0.0249998 3.32166
-0.974036 -0.202931 0.0242296 0.0249999 3.32166
