-2.17742 -0.226624 0.0249376 0.0250001 4.18209
-2.17024 -0.219661 0.0249403 0.0250001 4.18209
-2.16326 -0.212498 0.024943 0.0250003 4.18209
-2.15652 -0.20511 0.0249457 0.0250004 4.18209
-2.15005 -0.197488 0.0249483 0.0250006 4.18209
-2.14386 -0.189632 0.0249509 0.0250007 4.18209
-2.13798 -0.181549 0.0249533 0.0250009 4.18209
-2.13239 -0.173253 0.0249557 0.025001 4.18209
-2.12711 -0.164761 0.0249578 0.0250012 4.18209
-2.12213 -0.156092 0.0249598 0.0250014 4.18209
-2.11743 -0.147267 0.0249614 0.0250016 4.18209
-2.11299 -0.138309 0.0249627 0.0250017 4.18209
-2.10878 -0.12924 0.0249636 0.0250019 4.18209
-2.10477 -0.12008 0.0249641 0.0250021 4.18209
-2.10092 -0.110851 0.0249642 0.0250022 4.18209
-2.0972 -0.101573 0.0249637 0.0250024 4.18209
-2.09355 -0.0922658 0.0249627 0.0250026 4.18209
-2.08992 -0.082948 0.0249611 0.0250027 4.18209
-2.08628 -0.0736398 0.0249591 0.0250028 4.18209
-2.08255 -0.064362 0.0249566 0.0250029 4.18209
-2.0787 -0.0551371 0.0249536 0.025003 4.18209
-2.07466 -0.0459902 0.0249504 0.0250031 4.18209
-2.07039 -0.0369494 0.0249469 0.0250031 4.18209
-2.06584 -0.0280468 0.0249434 0.0250031 4.18209
-2.06097 -0.0193187 0.0249399 0.025003 4.18209
-2.05573 -0.010806 0.0249367 0.0250029 4.18209
-2.05008 -0.00255437 0.0249339 0.0250027 4.18209
-2.04401 0.00538608 0.0249317 0.0250025 4.18209
-2.03748 0.012961 0.0249303 0.0250023 4.18209
-2.03049 0.0201128 0.0249299 0.0250021 4.18209
-2.02304 0.0267819 0.0249304 0.0250018 4.18209
-2.01514 0.032908 0.0249319 0.0250015 4.18209
-2.00681 0.0384321 0.0249346 0.0250012 4.18209
-1.99807 0.0432982 0.0249382 0.0250009 4.18209
-1.98898 0.0474551 0.0249428 0.0250006 4.18209
-1.97957 0.0508581 0.0249483 0.0250002 4.18209
-1.96992 0.0534713 0.0249544 0.0249999 4.18209
-1.96008 0.0552688 0.0249611 0.0249995 4.18209
-1.95013 0.0562355 0.0249684 0.024999 4.18209
-1.94013 0.0563678 0.024976 0.0249986 4.18209
-1.93015 0.0556735 0.024984 0.0249982 4.18209
-1.92027 0.0541717 0.0249923 0.0249978 4.18209
-1.91053 0.0518914 0.0250009 0.0249974 4.18209
-1.90099 0.0488702 0.0250097 0.024997 4.18209
-1.89171 0.0451526 0.0250187 0.0249968 4.18209
-1.88271 0.0407885 0.0250278 0.0249965 4.18209
-1.87402 0.0358317 0.0250369 0.0249964 4.18209
-1.86566 0.0303379 0.0250458 0.0249962 4.18209
-1.85763 0.0243635 0.0250544 0.0249962 4.18209
-1.84995 0.0179641 0.0250626 0.0249961 4.18209
-1.84258 0.0111938 0.0250702 0.0249961 4.18209
-1.83553 0.00410385 0.0250772 0.0249962 4.18209
-1.82875 -0.00325746 0.0250832 0.0249963 4.18209
-1.82224 -0.0108452 0.0250883 0.0249964 4.18209
-1.81594 -0.0186179 0.0250923 0.0249965 4.18209
-1.80983 -0.0265374 0.0250951 0.0249966 4.18209
-1.80387 -0.0345686 0.0250966 0.0249967 4.18209
-1.79801 -0.0426791 0.0250968 0.0249969 4.18209
-1.79223 -0.0508388 0.0250955 0.024997 4.18209
-1.78647 -0.0590194 0.0250928 0.0249972 4.18209
-1.78071 -0.0671938 0.0250887 0.0249973 4.18209
-1.7749 -0.0753363 0.0250831 0.0249975 4.18209
-1.76901 -0.0834213 0.0250761 0.0249976 4.18209
-1.76301 -0.0914237 0.0250676 0.0249977 4.18209
-1.75687 -0.0993185 0.0250578 0.0249978 4.18209
-1.75056 -0.10708 0.0250466 0.0249979 4.18209
-1.74406 -0.114684 0.0250342 0.024998 4.18209
-1.73736 -0.122103 0.0250205 0.0249981 4.18209
-1.73043 -0.129313 0.0250056 0.0249982 4.18209
-1.72326 -0.136286 0.0249896 0.0249983 4.18209
-1.71584 -0.142997 0.0249726 0.0249984 4.18209
-1.70817 -0.149418 0.0249546 0.0249985 4.18209
-1.70025 -0.155525 0.0249356 0.0249985 4.18209
-1.69208 -0.161291 0.024916 0.0249986 4.18209
-1.68366 -0.166692 0.0248956 0.0249987 4.18209
-1.67501 -0.171703 0.0248748 0.0249987 4.18209
-1.66613 -0.176301 0.0248535 0.0249988 4.18209
-1.65704 -0.180466 0.0248321 0.0249988 4.18209
-1.64775 -0.184176 0.0248107 0.0249988 4.18209
-1.63829 -0.187415 0.0247894 0.0249988 4.18209
-1.62867 -0.190167 0.0247686 0.0249987 4.18209
-1.61893 -0.19242 0.0247484 0.0249987 4.18209
-1.60908 -0.194162 0.024729 0.0249986 4.18209
-1.59915 -0.195388 0.0247106 0.0249985 4.18209
-1.58918 -0.196093 0.0246935 0.0249985 4.18209
-1.57918 -0.196276 0.0246778 0.0249984 4.18209
-1.56918 -0.195941 0.0246636 0.0249983 4.18209
-1.55922 -0.195094 0.0246512 0.0249982 4.18209
-1.54931 -0.193745 0.0246405 0.0249981 4.18209
-1.53948 -0.191906 0.0246315 0.0249981 4.18209
-1.52974 -0.189593 0.0246243 0.0249981 4.18209
-1.52013 -0.186825 0.0246188 0.0249981 4.18209
-1.51066 -0.183625 0.0246148 0.0249982 4.18209
-1.50133 -0.180019 0.0246122 0.0249983 4.18209
-1.49216 -0.176033 0.0246108 0.0249984 4.18209
-1.48314 -0.171701 0.0246105 0.0249986 4.18209
-1.47428 -0.167058 0.0246109 0.0249988 4.18209
-1.46557 -0.162144 0.0246119 0.0249991 4.18209
-1.457 -0.157005 0.0246133 0.0249993 4.18209
-1.44852 -0.151702 0.0246148 0.0249997 4.18209
-1.44004 -0.14639 0.0246164 0.0249998 4.18209
