-0.385329 0.0289323 0.0250156 0.0250001 0.96048
-0.37914 0.0367865 0.0250167 0.0250001 0.96048
-0.372862 0.0445705 0.0250178 0.0250002 0.96048
-0.366465 0.0522565 0.0250189 0.0250003 0.96048
-0.359918 0.0598143 0.02502 0.0250004 0.96048
-0.353188 0.0672109 0.025021 0.0250005 0.96048
-0.346249 0.0744105 0.025022 0.0250006 0.96048
-0.339073 0.0813746 0.0250228 0.0250006 0.96048
-0.331638 0.0880617 0.0250235 0.0250007 0.96048
-0.323927 0.094428 0.025024 0.0250007 0.96048
-0.315928 0.100427 0.0250244 0.0250007 0.96048
-0.307633 0.106012 0.0250245 0.0250007 0.96048
-0.299045 0.111135 0.0250246 0.0250007 0.96048
-0.290173 0.115746 0.0250245 0.0250006 0.96048
-0.281032 0.1198 0.0250245 0.0250005 0.96048
-0.271647 0.123253 0.0250245 0.0250004 0.96048
-0.262051 0.126063 0.0250248 0.0250003 0.96048
-0.252281 0.128196 0.0250254 0.0250002 0.96048
-0.242383 0.129621 0.0250263 0.0250001 0.96048
-0.232407 0.130315 0.0250277 0.025 0.96048
-0.222407 0.130264 0.0250296 0.025 0.96048
-0.21244 0.129462 0.025032 0.0249999 0.96048
-0.202561 0.127911 0.0250349 0.0249999 0.96048
-0.192826 0.125622 0.0250382 0.0249999 0.96048
-0.183288 0.122615 0.025042 0.0249999 0.96048
-0.173996 0.11892 0.0250461 0.0249999 0.96048
-0.164992 0.11457 0.0250503 0.025 0.96048
-0.15631 0.109608 0.0250547 0.025 0.96048
-0.147977 0.104079 0.0250591 0.0250001 0.96048
-0.140013 0.0980322 0.0250633 0.0250002 0.96048
-0.132425 0.0915195 0.0250671 0.0250004 0.96048
-0.125213 0.0845924 0.0250706 0.0250005 0.96048
-0.118368 0.0773027 0.0250734 0.0250007 0.96048
-0.111873 0.0697001 0.0250755 0.0250008 0.96048
-0.105702 0.0618325 0.0250768 0.025001 0.96048
-0.0998221 0.0537446 0.0250771 0.0250012 0.96048
-0.0941966 0.0454783 0.0250764 0.0250014 0.96048
-0.0887822 0.0370723 0.0250745 0.0250016 0.96048
-0.0835326 0.0285626 0.0250714 0.0250018 0.96048
-0.078399 0.0199826 0.0250672 0.0250019 0.96048
-0.0733307 0.011364 0.0250616 0.0250021 0.96048
-0.0682767 0.00273724 0.0250549 0.0250023 0.96048
-0.0631863 -0.00586799 0.0250469 0.0250024 0.96048
-0.0580102 -0.0144218 0.0250378 0.0250026 0.96048
-0.0527013 -0.0228938 0.0250277 0.0250027 0.96048
-0.0472156 -0.0312522 0.0250165 0.0250028 0.96048
-0.0415131 -0.0394642 0.0250045 0.0250028 0.96048
-0.0355582 -0.047495 0.0249918 0.0250029 0.96048
-0.0293209 -0.0553084 0.0249784 0.0250029 0.96048
-0.0227768 -0.0628667 0.0249646 0.0250029 0.96048
-0.015908 -0.0701313 0.0249506 0.0250028 0.96048
-0.00870322 -0.0770628 0.0249365 0.0250028 0.96048
-0.00115796 -0.0836222 0.0249224 0.0250027 0.96048
0.00672546 -0.0897712 0.0249087 0.0250025 0.96048
0.0149381 -0.0954732 0.0248954 0.0250023 0.96048
0.0234649 -0.100694 0.0248826 0.0250021 0.96048
0.0322851 -0.105403 0.0248707 0.0250019 0.96048
0.0413728 -0.109572 0.0248597 0.0250016 0.96048
0.050698 -0.11318 0.0248497 0.0250014 0.96048
0.0602276 -0.116208 0.0248409 0.0250011 0.96048
0.0699258 -0.118643 0.0248334 0.0250007 0.96048
0.0797555 -0.120478 0.0248272 0.0250004 0.96048
0.089679 -0.121711 0.0248224 0.0250001 0.96048
0.0996591 -0.122343 0.0248191 0.0249997 0.96048
0.109659 -0.122381 0.0248172 0.0249994 0.96048
0.119645 -0.121838 0.0248169 0.024999 0.96048
0.129584 -0.120727 0.024818 0.0249987 0.96048
0.139447 -0.119065 0.0248205 0.0249983 0.96048
0.149205 -0.116875 0.0248245 0.024998 0.96048
0.158836 -0.114177 0.0248298 0.0249977 0.96048
0.168319 -0.110995 0.0248364 0.0249974 0.96048
0.177635 -0.107355 0.0248442 0.0249972 0.96048
0.186769 -0.103279 0.0248529 0.024997 0.96048
0.19571 -0.0987946 0.0248624 0.0249969 0.96048
0.204447 -0.0939253 0.0248725 0.0249968 0.96048
0.212974 -0.0886964 0.024883 0.0249967 0.96048
0.221287 -0.0831324 0.0248936 0.0249966 0.96048
0.229382 -0.0772572 0.0249042 0.0249966 0.96048
0.237261 -0.0710945 0.0249145 0.0249967 0.96048
0.244925 -0.0646667 0.0249243 0.0249967 0.96048
0.252378 -0.0579959 0.0249334 0.0249968 0.96048
0.259627 -0.0511032 0.0249417 0.0249969 0.96048
0.266678 -0.0440088 0.0249489 0.024997 0.96048
0.27354 -0.036732 0.0249548 0.0249972 0.96048
0.280224 -0.0292911 0.0249595 0.0249973 0.96048
0.286742 -0.0217039 0.0249629 0.0249975 0.96048
0.293104 -0.0139868 0.0249647 0.0249977 0.96048
0.299326 -0.00615563 0.0249651 0.0249979 0.96048
0.305421 0.00177459 0.0249641 0.0249981 0.96048
0.311403 0.00978972 0.0249616 0.0249983 0.96048
0.317288 0.0178764 0.0249577 0.0249984 0.96048
0.323091 0.0260219 0.0249525 0.0249986 0.96048
0.328827 0.0342143 0.0249462 0.0249988 0.96048
0.334512 0.0424424 0.0249388 0.024999 0.96048
0.34016 0.0506956 0.0249305 0.0249992 0.96048
0.345784 0.0589645 0.0249214 0.0249993 0.96048
0.351399 0.0672403 0.0249117 0.0249995 0.96048
0.357014 0.0755155 0.0249016 0.0249996 0.96048
0.362638 0.083784 0.0248911 0.0249997 0.96048
0.368277 0.0920426 0.0248805 0.0249999 0.96048
0.373921 0.100298 0.0248698 0.0249999 0.96048
