-2.25383 -0.258025 0.024868 0.0250001 4.28214
-2.24404 -0.256009 0.0248705 0.0250001 4.28214
-2.23431 -0.253671 0.0248731 0.0250002 4.28214
-2.22469 -0.250948 0.0248758 0.0250003 4.28214
-2.2152 -0.247795 0.0248786 0.0250004 4.28214
-2.20588 -0.244178 0.0248815 0.0250004 4.28214
-2.19676 -0.240076 0.0248846 0.0250005 4.28214
-2.18788 -0.235477 0.0248881 0.0250005 4.28214
-2.17928 -0.230379 0.024892 0.0250006 4.28214
-2.17099 -0.224788 0.0248964 0.0250006 4.28214
-2.16304 -0.218719 0.0249013 0.0250007 4.28214
-2.15546 -0.212194 0.0249067 0.0250008 4.28214
-2.14828 -0.205238 0.0249126 0.0250008 4.28214
-2.1415 -0.197884 0.0249191 0.0250009 4.28214
-2.13515 -0.190167 0.024926 0.025001 4.28214
-2.1292 -0.182125 0.0249334 0.0250011 4.28214
-2.12367 -0.173795 0.0249411 0.0250012 4.28214
-2.11854 -0.165215 0.024949 0.0250013 4.28214
-2.11378 -0.156421 0.0249571 0.0250015 4.28214
-2.10936 -0.14745 0.0249653 0.0250016 4.28214
-2.10526 -0.138332 0.0249734 0.0250017 4.28214
-2.10142 -0.129098 0.0249812 0.0250019 4.28214
-2.09781 -0.119775 0.0249887 0.025002 4.28214
-2.09438 -0.110386 0.0249957 0.0250022 4.28214
-2.09106 -0.100955 0.0250022 0.0250023 4.28214
-2.0878 -0.0915013 0.0250079 0.0250024 4.28214
-2.08455 -0.082046 0.0250128 0.0250026 4.28214
-2.08125 -0.0726093 0.0250168 0.0250027 4.28214
-2.07784 -0.0632128 0.0250198 0.0250028 4.28214
-2.07425 -0.0538803 0.0250217 0.0250029 4.28214
-2.07044 -0.0446383 0.0250224 0.0250029 4.28214
-2.06634 -0.0355173 0.025022 0.0250029 4.28214
-2.06192 -0.026552 0.0250204 0.0250029 4.28214
-2.05712 -0.0177819 0.0250177 0.0250029 4.28214
-2.05191 -0.00925085 0.0250137 0.0250028 4.28214
-2.04625 -0.0010075 0.0250087 0.0250027 4.28214
-2.04013 0.00689583 0.0250026 0.0250025 4.28214
-2.03352 0.0144039 0.0249956 0.0250023 4.28214
-2.02644 0.0214597 0.0249877 0.025002 4.28214
-2.01888 0.028006 0.0249792 0.0250016 4.28214
-2.01087 0.0339872 0.02497 0.0250013 4.28214
-2.00243 0.0393506 0.0249606 0.0250009 4.28214
-1.9936 0.0440486 0.0249509 0.0250004 4.28214
-1.98443 0.04804 0.0249413 0.0249999 4.28214
-1.97498 0.0512917 0.024932 0.0249994 4.28214
-1.96529 0.0537795 0.0249231 0.0249988 4.28214
-1.95544 0.0554887 0.0249151 0.0249982 4.28214
-1.94548 0.0564151 0.0249081 0.0249977 4.28214
-1.93548 0.056564 0.0249023 0.0249971 4.28214
-1.92549 0.0559507 0.024898 0.0249966 4.28214
-1.91558 0.0545982 0.0248953 0.0249961 4.28214
-1.90579 0.052537 0.0248944 0.0249957 4.28214
-1.89617 0.0498039 0.0248952 0.0249954 4.28214
-1.88675 0.0464402 0.0248978 0.024995 4.28214
-1.87756 0.0424908 0.0249022 0.0249948 4.28214
-1.86862 0.0380026 0.0249083 0.0249946 4.28214
-1.85994 0.0330236 0.024916 0.0249944 4.28214
-1.85153 0.0276015 0.024925 0.0249943 4.28214
-1.84339 0.0217832 0.0249353 0.0249943 4.28214
-1.83552 0.0156138 0.0249466 0.0249943 4.28214
-1.82789 0.0091361 0.0249587 0.0249943 4.28214
-1.8205 0.0023906 0.0249715 0.0249943 4.28214
-1.81333 -0.00458506 0.0249846 0.0249944 4.28214
-1.80636 -0.011756 0.024998 0.0249945 4.28214
-1.79955 -0.0190899 0.0250113 0.0249946 4.28214
-1.79289 -0.0265573 0.0250243 0.0249947 4.28214
-1.78636 -0.0341308 0.0250368 0.0249949 4.28214
-1.77992 -0.0417854 0.0250487 0.024995 4.28214
-1.77355 -0.0494979 0.0250596 0.0249952 4.28214
-1.76722 -0.0572467 0.0250694 0.0249953 4.28214
-1.76091 -0.0650117 0.025078 0.0249954 4.28214
-1.7546 -0.0727739 0.0250851 0.0249956 4.28214
-1.74826 -0.0805151 0.0250906 0.0249957 4.28214
-1.74188 -0.0882176 0.0250944 0.0249958 4.28214
-1.73543 -0.0958644 0.0250961 0.0249959 4.28214
-1.7289 -0.103438 0.0250956 0.0249959 4.28214
-1.72226 -0.110922 0.0250927 0.024996 4.28214
-1.71551 -0.1183 0.0250871 0.0249962 4.28214
-1.70862 -0.125554 0.0250784 0.0249963 4.28214
-1.70159 -0.132667 0.0250664 0.0249965 4.28214
-1.6944 -0.139623 0.0250508 0.0249967 4.28214
-1.68704 -0.146405 0.0250314 0.0249969 4.28214
-1.67952 -0.152996 0.0250081 0.0249971 4.28214
-1.67182 -0.159379 0.0249809 0.0249972 4.28214
-1.66394 -0.16554 0.0249497 0.0249974 4.28214
-1.65588 -0.171464 0.0249146 0.0249976 4.28214
-1.64764 -0.177136 0.0248759 0.0249978 4.28214
-1.63923 -0.182543 0.0248338 0.0249979 4.28214
-1.63064 -0.187673 0.0247885 0.0249981 4.28214
-1.62189 -0.192515 0.0247403 0.0249983 4.28214
-1.61298 -0.19706 0.0246895 0.0249985 4.28214
-1.60393 -0.201301 0.0246364 0.0249987 4.28214
-1.59473 -0.205233 0.0245814 0.0249989 4.28214
-1.58541 -0.208855 0.0245248 0.0249991 4.28214
-1.57597 -0.21217 0.024467 0.0249992 4.28214
-1.56644 -0.215185 0.0244081 0.0249994 4.28214
-1.55682 -0.217914 0.0243487 0.0249995 4.28214
-1.54713 -0.220379 0.0242889 0.0249997 4.28214
-1.53738 -0.222611 0.0242289 0.0249998 4.28214
-1.52759 -0.224665 0.024169 0.0249999 4.28214
-1.5178 -0.226707 0.0241091 0.0249999 4.28214
