-0.499496 -0.00995273 0.0249979 0.0249999 0.14007
-0.4895 -0.00967135 0.0249982 0.0249998 0.14007
-0.479505 -0.0093574 0.0249985 0.0249996 0.14007
-0.469511 -0.00900608 0.0249988 0.0249994 0.14007
-0.459518 -0.00861458 0.0249991 0.0249992 0.14007
-0.449526 -0.00818154 0.0249993 0.0249991 0.14007
-0.439537 -0.00770672 0.0249996 0.0249989 0.14007
-0.429549 -0.00719083 0.0249999 0.0249987 0.14007
-0.419564 -0.00663538 0.0250002 0.0249985 0.14007
-0.40958 -0.00604258 0.0250005 0.0249984 0.14007
-0.399598 -0.00541523 0.0250007 0.0249982 0.14007
-0.389618 -0.00475665 0.0250009 0.024998 0.14007
-0.37964 -0.00407059 0.0250011 0.0249978 0.14007
-0.369664 -0.0033612 0.0250013 0.0249976 0.14007
-0.359688 -0.00263288 0.0250014 0.0249975 0.14007
-0.349714 -0.0018903 0.0250015 0.0249973 0.14007
-0.33974 -0.0011383 0.0250015 0.0249971 0.14007
-0.329766 -0.00038182 0.0250015 0.0249969 0.14007
-0.319792 0.000374149 0.0250014 0.0249967 0.14007
-0.309818 0.00112463 0.0250013 0.0249966 0.14007
-0.299842 0.0018647 0.0250011 0.0249964 0.14007
-0.289866 0.00258962 0.025001 0.0249962 0.14007
-0.279887 0.00329499 0.0250007 0.024996 0.14007
-0.269907 0.00397648 0.0250005 0.0249958 0.14007
-0.259925 0.00462964 0.0250002 0.0249956 0.14007
-0.249941 0.0052501 0.025 0.0249954 0.14007
-0.239954 0.00583369 0.0249997 0.0249952 0.14007
-0.229965 0.00637645 0.0249994 0.024995 0.14007
-0.219973 0.00687471 0.0249992 0.0249948 0.14007
-0.209979 0.00732513 0.024999 0.0249946 0.14007
-0.199983 0.00772475 0.0249988 0.0249944 0.14007
-0.189984 0.00807104 0.0249987 0.0249942 0.14007
-0.179984 0.00836195 0.0249986 0.024994 0.14007
-0.169982 0.0085959 0.0249985 0.0249938 0.14007
-0.159978 0.00877184 0.0249985 0.0249936 0.14007
-0.149974 0.00888924 0.0249986 0.0249934 0.14007
-0.139969 0.00894812 0.0249986 0.0249932 0.14007
-0.129963 0.00894898 0.0249987 0.024993 0.14007
-0.119958 0.0088929 0.0249989 0.0249928 0.14007
-0.109952 0.00878142 0.0249991 0.0249928 0.14007
-0.099948 0.00861657 0.0249993 0.0249929 0.14007
-0.0899447 0.00840085 0.0249995 0.024993 0.14007
-0.0799426 0.00813714 0.0249997 0.0249932 0.14007
-0.069942 0.00782872 0.025 0.0249933 0.14007
-0.0599427 0.00747919 0.0250002 0.0249934 0.14007
-0.049945 0.00709244 0.0250004 0.0249935 0.14007
-0.0399487 0.00667258 0.0250006 0.0249937 0.14007
-0.0299537 0.00622393 0.0250008 0.0249938 0.14007
-0.01996 0.00575089 0.025001 0.0249939 0.14007
-0.00996738 0.00525797 0.0250011 0.0249941 0.14007
2.43901e-05 0.00474968 0.0250013 0.0249942 0.14007
0.0100155 0.0042305 0.0250013 0.0249943 0.14007
0.0200062 0.00370482 0.0250014 0.0249945 0.14007
0.0299966 0.00317691 0.0250014 0.0249946 0.14007
0.039987 0.00265084 0.0250013 0.0249947 0.14007
0.0499777 0.00213049 0.0250013 0.0249948 0.14007
0.0599687 0.00161945 0.0250012 0.024995 0.14007
0.0699602 0.00112104 0.025001 0.0249951 0.14007
0.0799525 0.000638274 0.0250009 0.0249952 0.14007
0.0899454 0.000173815 0.0250007 0.0249953 0.14007
0.0999393 -0.000270017 0.0250005 0.0249954 0.14007
0.109934 -0.000691264 0.0250003 0.0249956 0.14007
0.11993 -0.00108833 0.0250001 0.0249957 0.14007
0.129926 -0.00145999 0.0249999 0.0249958 0.14007
0.139924 -0.00180536 0.0249997 0.0249959 0.14007
0.149922 -0.00212412 0.0249996 0.024996 0.14007
0.159921 -0.00241619 0.0249994 0.0249961 0.14007
0.16992 -0.00268131 0.0249993 0.0249962 0.14007
0.17992 -0.00291929 0.0249992 0.0249963 0.14007
0.189921 -0.00312997 0.0249991 0.0249964 0.14007
0.199922 -0.00331324 0.024999 0.0249965 0.14007
0.209924 -0.00346895 0.024999 0.0249966 0.14007
0.219926 -0.00359698 0.024999 0.0249967 0.14007
0.229928 -0.00369718 0.024999 0.0249968 0.14007
0.23993 -0.00376935 0.024999 0.0249969 0.14007
0.249933 -0.00381328 0.0249991 0.024997 0.14007
0.259935 -0.00382873 0.0249991 0.0249971 0.14007
0.269937 -0.00381539 0.0249992 0.0249972 0.14007
0.279939 -0.00377295 0.0249992 0.0249973 0.14007
0.289941 -0.00370103 0.0249993 0.0249975 0.14007
0.299943 -0.00359925 0.0249994 0.0249976 0.14007
0.309944 -0.00346718 0.0249994 0.0249977 0.14007
0.319944 -0.00330439 0.0249995 0.0249978 0.14007
0.329944 -0.00311043 0.0249996 0.0249979 0.14007
0.339943 -0.00288485 0.0249997 0.024998 0.14007
0.349941 -0.00262722 0.0249997 0.0249981 0.14007
0.359938 -0.00233713 0.0249998 0.0249983 0.14007
0.369935 -0.00201423 0.0249999 0.0249984 0.14007
0.37993 -0.00165821 0.025 0.0249985 0.14007
0.389923 -0.00126885 0.0250001 0.0249986 0.14007
0.399915 -0.00084603 0.0250002 0.0249987 0.14007
0.409906 -0.000389752 0.0250003 0.0249989 0.14007
0.419895 9.9818e-05 0.0250004 0.024999 0.14007
0.429882 0.00062232 0.0250005 0.0249991 0.14007
0.439867 0.00117715 0.0250006 0.0249993 0.14007
0.44985 0.00176359 0.0250008 0.0249994 0.14007
0.459832 0.00238039 0.0250009 0.0249995 0.14007
0.469811 0.00302519 0.025001 0.0249996 0.14007
0.479789 0.00369439 0.0250011 0.0249998 0.14007
0.489765 0.00438211 0.0250013 0.0249999 0.14007
0.499742 0.00506855 0.0250014 0.0249999 0.14007
