-0.445154 0.0799746 0.0250193 0.0250001 0.56028
-0.437406 0.073652 0.0250194 0.0250001 0.56028
-0.42969 0.0672917 0.0250194 0.0250003 0.56028
-0.422003 0.0608956 0.0250194 0.0250004 0.56028
-0.414341 0.0544701 0.0250195 0.0250005 0.56028
-0.406696 0.0480248 0.0250195 0.0250007 0.56028
-0.399057 0.0415723 0.0250194 0.0250008 0.56028
-0.391412 0.0351269 0.0250193 0.0250009 0.56028
-0.383748 0.0287052 0.025019 0.0250011 0.56028
-0.376049 0.0223249 0.0250186 0.0250012 0.56028
-0.3683 0.0160055 0.025018 0.0250013 0.56028
-0.360485 0.00976761 0.0250171 0.0250014 0.56028
-0.35259 0.00363287 0.025016 0.0250014 0.56028
-0.344598 -0.00237599 0.0250147 0.0250015 0.56028
-0.336496 -0.00823538 0.025013 0.0250015 0.56028
-0.328271 -0.013921 0.0250111 0.0250015 0.56028
-0.319912 -0.019408 0.0250088 0.0250015 0.56028
-0.311411 -0.0246713 0.0250063 0.0250015 0.56028
-0.30276 -0.0296855 0.0250035 0.0250013 0.56028
-0.293956 -0.0344256 0.0250004 0.025001 0.56028
-0.284997 -0.0388671 0.0249972 0.0250006 0.56028
-0.275885 -0.0429862 0.0249939 0.0250003 0.56028
-0.266625 -0.0467605 0.0249906 0.0249998 0.56028
-0.257223 -0.0501691 0.0249873 0.0249994 0.56028
-0.247691 -0.0531934 0.0249841 0.024999 0.56028
-0.23804 -0.0558173 0.0249813 0.0249986 0.56028
-0.228286 -0.0580268 0.0249789 0.0249982 0.56028
-0.218445 -0.059811 0.0249769 0.0249978 0.56028
-0.208535 -0.0611621 0.0249755 0.0249974 0.56028
-0.198574 -0.0620759 0.0249747 0.0249971 0.56028
-0.188583 -0.0625515 0.0249746 0.024997 0.56028
-0.178581 -0.0625919 0.0249751 0.0249969 0.56028
-0.168586 -0.0622037 0.0249764 0.0249969 0.56028
-0.158616 -0.0613973 0.0249783 0.024997 0.56028
-0.148687 -0.0601861 0.0249809 0.024997 0.56028
-0.138814 -0.058587 0.0249841 0.024997 0.56028
-0.129007 -0.0566194 0.0249879 0.0249971 0.56028
-0.119276 -0.0543054 0.0249921 0.0249972 0.56028
-0.109627 -0.051669 0.0249968 0.0249973 0.56028
-0.100065 -0.048736 0.0250018 0.0249974 0.56028
-0.0905893 -0.0455337 0.0250071 0.0249975 0.56028
-0.0811988 -0.0420901 0.0250124 0.0249977 0.56028
-0.0718892 -0.0384341 0.0250179 0.0249978 0.56028
-0.0626538 -0.0345948 0.0250232 0.024998 0.56028
-0.053484 -0.0306015 0.0250284 0.0249981 0.56028
-0.0443697 -0.0264835 0.0250333 0.0249983 0.56028
-0.0352994 -0.0222696 0.0250379 0.0249984 0.56028
-0.0262609 -0.0179884 0.025042 0.0249986 0.56028
-0.0172412 -0.0136678 0.0250456 0.0249987 0.56028
-0.00822747 -0.00933519 0.0250486 0.0249989 0.56028
0.000793172 -0.0050172 0.025051 0.024999 0.56028
0.00983294 -0.000739626 0.0250528 0.0249991 0.56028
0.0189032 0.00347259 0.0250538 0.0249992 0.56028
0.0280144 0.00759546 0.0250541 0.0249993 0.56028
0.0371755 0.011606 0.0250536 0.0249994 0.56028
0.046394 0.0154824 0.0250525 0.0249995 0.56028
0.0556761 0.0192039 0.0250506 0.0249996 0.56028
0.0650261 0.0227511 0.0250481 0.0249997 0.56028
0.0744468 0.0261061 0.0250449 0.0249997 0.56028
0.0839392 0.0292521 0.0250411 0.0249998 0.56028
0.093503 0.0321741 0.0250369 0.0249998 0.56028
0.103136 0.0348584 0.0250321 0.0249998 0.56028
0.112835 0.0372932 0.025027 0.0249998 0.56028
0.122596 0.0394679 0.0250216 0.0249998 0.56028
0.132413 0.0413737 0.025016 0.0249997 0.56028
0.14228 0.0430035 0.0250102 0.0249997 0.56028
0.152189 0.0443514 0.0250045 0.0249996 0.56028
0.162133 0.0454132 0.0249988 0.0249995 0.56028
0.172103 0.0461859 0.0249932 0.0249995 0.56028
0.182092 0.0466678 0.024988 0.0249993 0.56028
0.192091 0.0468585 0.024983 0.0249992 0.56028
0.202091 0.0467583 0.0249784 0.0249991 0.56028
0.212084 0.046369 0.0249744 0.024999 0.56028
0.222062 0.0456931 0.0249709 0.0249989 0.56028
0.232017 0.0447343 0.0249681 0.0249988 0.56028
0.241941 0.0434963 0.024966 0.0249987 0.56028
0.251827 0.0419839 0.0249646 0.0249986 0.56028
0.261668 0.0402021 0.024964 0.0249985 0.56028
0.271458 0.0381567 0.0249642 0.0249984 0.56028
0.281191 0.0358537 0.0249651 0.0249984 0.56028
0.29086 0.0333 0.0249668 0.0249983 0.56028
0.300463 0.0305027 0.0249692 0.0249983 0.56028
0.309993 0.0274695 0.0249723 0.0249983 0.56028
0.319448 0.0242083 0.024976 0.0249982 0.56028
0.328824 0.0207276 0.0249802 0.0249982 0.56028
0.338119 0.0170364 0.024985 0.0249983 0.56028
0.347332 0.013144 0.0249902 0.0249983 0.56028
0.356462 0.00905986 0.0249959 0.0249983 0.56028
0.365508 0.0047941 0.0250018 0.0249984 0.56028
0.374471 0.000357053 0.025008 0.0249985 0.56028
0.383352 -0.00424062 0.0250144 0.0249986 0.56028
0.392155 -0.00898789 0.0250209 0.0249987 0.56028
0.400881 -0.0138734 0.0250276 0.0249988 0.56028
0.409536 -0.0188855 0.0250342 0.0249989 0.56028
0.418123 -0.0240121 0.0250409 0.0249991 0.56028
0.426648 -0.0292406 0.0250475 0.0249992 0.56028
0.435117 -0.0345581 0.0250541 0.0249994 0.56028
0.443539 -0.0399505 0.0250606 0.0249995 0.56028
0.451923 -0.0454026 0.025067 0.0249997 0.56028
0.460279 -0.0508962 0.0250733 0.0249998 0.56028
0.468636 -0.0563877 0.0250796 0.0249999 0.56028
