-2.28632 -0.252641 0.0248369 0.0250001 4.32216
-2.27633 -0.253159 0.0248423 0.0250001 4.32216
-2.26633 -0.253364 0.0248477 0.0250002 4.32216
-2.25633 -0.253186 0.0248531 0.0250003 4.32216
-2.24635 -0.252568 0.0248586 0.0250004 4.32216
-2.23642 -0.251463 0.0248642 0.0250005 4.32216
-2.22655 -0.249832 0.0248699 0.0250005 4.32216
-2.21679 -0.247644 0.0248759 0.0250006 4.32216
-2.20718 -0.244879 0.0248821 0.0250006 4.32216
-2.19776 -0.241525 0.0248887 0.0250006 4.32216
-2.18858 -0.237578 0.0248957 0.0250006 4.32216
-2.17966 -0.233044 0.0249032 0.0250006 4.32216
-2.17107 -0.227937 0.0249112 0.0250006 4.32216
-2.16282 -0.222279 0.0249198 0.0250006 4.32216
-2.15496 -0.216097 0.0249288 0.0250006 4.32216
-2.14751 -0.209426 0.0249383 0.0250007 4.32216
-2.14049 -0.202303 0.0249481 0.0250008 4.32216
-2.13392 -0.194772 0.0249582 0.0250008 4.32216
-2.12778 -0.186874 0.0249686 0.0250009 4.32216
-2.12209 -0.178653 0.024979 0.025001 4.32216
-2.11682 -0.170154 0.0249893 0.0250012 4.32216
-2.11196 -0.161417 0.0249994 0.0250013 4.32216
-2.10747 -0.152482 0.0250092 0.0250014 4.32216
-2.10332 -0.143384 0.0250185 0.0250016 4.32216
-2.09947 -0.134157 0.0250271 0.0250017 4.32216
-2.09587 -0.124828 0.0250349 0.0250019 4.32216
-2.09247 -0.115426 0.0250417 0.025002 4.32216
-2.08922 -0.105973 0.0250474 0.0250022 4.32216
-2.08605 -0.0964904 0.025052 0.0250024 4.32216
-2.08291 -0.0869992 0.0250551 0.0250025 4.32216
-2.07973 -0.0775193 0.0250568 0.0250027 4.32216
-2.07646 -0.0680717 0.0250569 0.0250028 4.32216
-2.07303 -0.0586789 0.0250554 0.0250029 4.32216
-2.0694 -0.0493664 0.0250522 0.025003 4.32216
-2.06549 -0.0401628 0.0250473 0.0250031 4.32216
-2.06127 -0.0311011 0.0250407 0.0250031 4.32216
-2.05668 -0.0222184 0.0250323 0.0250032 4.32216
-2.05169 -0.0135569 0.0250224 0.0250031 4.32216
-2.04626 -0.00516263 0.0250108 0.0250031 4.32216
-2.04037 0.00291414 0.0249978 0.025003 4.32216
-2.034 0.0106203 0.0249835 0.0250028 4.32216
-2.02714 0.0179007 0.0249682 0.0250026 4.32216
-2.01981 0.0246999 0.0249519 0.0250024 4.32216
-2.01202 0.0309634 0.024935 0.0250021 4.32216
-2.00379 0.0366393 0.0249178 0.0250017 4.32216
-1.99515 0.0416802 0.0249005 0.0250014 4.32216
-1.98616 0.0460444 0.0248836 0.0250009 4.32216
-1.97685 0.0496976 0.0248674 0.0250004 4.32216
-1.96728 0.0526136 0.0248521 0.0249999 4.32216
-1.95752 0.0547752 0.0248383 0.0249994 4.32216
-1.94762 0.0561745 0.0248263 0.0249989 4.32216
-1.93764 0.0568129 0.0248163 0.0249983 4.32216
-1.92764 0.056701 0.0248087 0.0249978 4.32216
-1.91767 0.0558572 0.0248037 0.0249973 4.32216
-1.90779 0.054307 0.0248015 0.0249968 4.32216
-1.89804 0.0520822 0.0248022 0.0249964 4.32216
-1.88845 0.0492193 0.0248058 0.024996 4.32216
-1.87907 0.0457585 0.0248122 0.0249957 4.32216
-1.8699 0.0417426 0.0248214 0.0249953 4.32216
-1.86098 0.0372156 0.0248332 0.0249951 4.32216
-1.85232 0.0322219 0.0248474 0.0249949 4.32216
-1.8439 0.0268055 0.0248636 0.0249947 4.32216
-1.83575 0.0210091 0.0248817 0.0249946 4.32216
-1.82785 0.0148736 0.0249011 0.0249945 4.32216
-1.82019 0.00843788 0.0249215 0.0249945 4.32216
-1.81276 0.00173841 0.0249425 0.0249945 4.32216
-1.80554 -0.00519092 0.0249637 0.0249945 4.32216
-1.79852 -0.0123188 0.0249845 0.0249946 4.32216
-1.79168 -0.0196164 0.0250045 0.0249948 4.32216
-1.78499 -0.0270572 0.0250233 0.0249949 4.32216
-1.77844 -0.034617 0.0250405 0.0249951 4.32216
-1.772 -0.0422737 0.0250556 0.0249953 4.32216
-1.76566 -0.0500067 0.0250682 0.0249955 4.32216
-1.75938 -0.057797 0.025078 0.0249957 4.32216
-1.75315 -0.0656268 0.0250847 0.024996 4.32216
-1.74696 -0.0734794 0.025088 0.0249962 4.32216
-1.74077 -0.0813387 0.0250877 0.0249965 4.32216
-1.73457 -0.0891896 0.0250837 0.0249967 4.32216
-1.72834 -0.0970172 0.0250758 0.0249969 4.32216
-1.72207 -0.104807 0.0250641 0.0249971 4.32216
-1.71573 -0.112545 0.0250485 0.0249973 4.32216
-1.70932 -0.120218 0.0250291 0.0249975 4.32216
-1.70281 -0.127811 0.025006 0.0249977 4.32216
-1.69619 -0.135312 0.0249795 0.0249978 4.32216
-1.68945 -0.142706 0.0249497 0.024998 4.32216
-1.68259 -0.149981 0.0249168 0.0249981 4.32216
-1.67559 -0.157123 0.0248811 0.0249982 4.32216
-1.66844 -0.16412 0.0248429 0.0249983 4.32216
-1.66115 -0.170958 0.0248025 0.0249984 4.32216
-1.65369 -0.177626 0.0247601 0.0249985 4.32216
-1.64608 -0.184113 0.024716 0.0249986 4.32216
-1.63831 -0.190407 0.0246704 0.0249987 4.32216
-1.63038 -0.196501 0.0246236 0.0249988 4.32216
-1.62229 -0.202388 0.0245758 0.024999 4.32216
-1.61406 -0.208065 0.0245272 0.0249991 4.32216
-1.60568 -0.21353 0.024478 0.0249992 4.32216
-1.59718 -0.218788 0.0244284 0.0249993 4.32216
-1.58855 -0.22385 0.0243784 0.0249995 4.32216
-1.57983 -0.228737 0.0243282 0.0249997 4.32216
-1.57103 -0.233485 0.0242779 0.0249998 4.32216
-1.56222 -0.238223 0.0242275 0.0249999 4.32216
