-0.879693 0.0879655 0.0250935 0.0250001 1.88094
-0.871069 0.0930274 0.0250918 0.0250001 1.88094
-0.862319 0.0978701 0.0250901 0.0250002 1.88094
-0.853421 0.102433 0.0250884 0.0250003 1.88094
-0.844358 0.106658 0.0250868 0.0250004 1.88094
-0.835123 0.110492 0.0250851 0.0250005 1.88094
-0.825714 0.113879 0.0250835 0.0250005 1.88094
-0.816142 0.11677 0.0250819 0.0250006 1.88094
-0.806422 0.119117 0.0250804 0.0250006 1.88094
-0.796578 0.120875 0.0250791 0.0250005 1.88094
-0.786642 0.122007 0.0250779 0.0250005 1.88094
-0.776654 0.122479 0.0250771 0.0250004 1.88094
-0.766656 0.122267 0.0250768 0.0250003 1.88094
-0.756699 0.121353 0.0250768 0.0250002 1.88094
-0.746832 0.119728 0.0250774 0.0250001 1.88094
-0.737108 0.117393 0.0250786 0.025 1.88094
-0.72758 0.114356 0.0250802 0.0249999 1.88094
-0.718298 0.110635 0.0250823 0.0249999 1.88094
-0.709308 0.106256 0.0250847 0.0249999 1.88094
-0.700649 0.101253 0.0250874 0.0249998 1.88094
-0.692357 0.0956637 0.0250903 0.0249999 1.88094
-0.684456 0.0895335 0.025093 0.0249999 1.88094
-0.676964 0.0829098 0.0250956 0.0249999 1.88094
-0.669889 0.0758427 0.0250977 0.025 1.88094
-0.66323 0.0683826 0.0250991 0.0250001 1.88094
-0.656976 0.0605798 0.0250998 0.0250003 1.88094
-0.651108 0.0524826 0.0250993 0.0250004 1.88094
-0.6456 0.0441371 0.0250977 0.0250006 1.88094
-0.640416 0.0355863 0.0250945 0.0250008 1.88094
-0.635515 0.02687 0.0250898 0.025001 1.88094
-0.630852 0.0180247 0.0250834 0.0250012 1.88094
-0.626376 0.00908388 0.0250751 0.0250014 1.88094
-0.622031 7.84294e-05 0.0250649 0.0250016 1.88094
-0.617761 -0.00896265 0.0250528 0.0250018 1.88094
-0.613508 -0.0180115 0.0250388 0.0250019 1.88094
-0.609213 -0.0270404 0.0250228 0.0250021 1.88094
-0.604818 -0.0360212 0.0250051 0.0250022 1.88094
-0.600268 -0.0449239 0.0249858 0.0250023 1.88094
-0.595509 -0.0537166 0.0249649 0.0250024 1.88094
-0.590491 -0.0623642 0.0249428 0.0250024 1.88094
-0.58517 -0.0708285 0.0249196 0.0250024 1.88094
-0.579506 -0.0790679 0.0248958 0.0250024 1.88094
-0.573469 -0.0870376 0.0248714 0.0250023 1.88094
-0.567034 -0.0946896 0.024847 0.0250022 1.88094
-0.560186 -0.101974 0.0248228 0.0250021 1.88094
-0.552917 -0.108839 0.0247992 0.0250019 1.88094
-0.545231 -0.115234 0.0247765 0.0250016 1.88094
-0.53714 -0.121109 0.0247552 0.0250013 1.88094
-0.528665 -0.126415 0.0247355 0.025001 1.88094
-0.519836 -0.131109 0.0247177 0.0250007 1.88094
-0.51069 -0.135152 0.0247022 0.0250003 1.88094
-0.501271 -0.138512 0.0246892 0.0249999 1.88094
-0.491629 -0.141162 0.0246788 0.0249995 1.88094
-0.481815 -0.143087 0.0246711 0.0249991 1.88094
-0.471885 -0.144276 0.0246664 0.0249987 1.88094
-0.461894 -0.144728 0.0246645 0.0249982 1.88094
-0.451896 -0.14445 0.0246655 0.0249978 1.88094
-0.441944 -0.143456 0.0246693 0.0249974 1.88094
-0.432085 -0.141766 0.0246757 0.024997 1.88094
-0.422365 -0.139408 0.0246847 0.0249967 1.88094
-0.412821 -0.136412 0.024696 0.0249963 1.88094
-0.403488 -0.132814 0.0247096 0.024996 1.88094
-0.394392 -0.128652 0.024725 0.0249957 1.88094
-0.385555 -0.123964 0.0247423 0.0249955 1.88094
-0.376992 -0.118791 0.024761 0.0249953 1.88094
-0.368715 -0.113173 0.024781 0.0249952 1.88094
-0.360728 -0.107149 0.0248019 0.0249951 1.88094
-0.353033 -0.100756 0.0248234 0.024995 1.88094
-0.345628 -0.0940294 0.0248451 0.024995 1.88094
-0.338507 -0.0870032 0.0248668 0.024995 1.88094
-0.331661 -0.0797086 0.024888 0.0249951 1.88094
-0.32508 -0.0721745 0.0249085 0.0249952 1.88094
-0.31875 -0.0644278 0.0249278 0.0249953 1.88094
-0.312658 -0.0564931 0.0249458 0.0249954 1.88094
-0.306788 -0.0483931 0.024962 0.0249956 1.88094
-0.301122 -0.0401485 0.0249762 0.0249958 1.88094
-0.295644 -0.0317784 0.0249882 0.024996 1.88094
-0.290336 -0.0233002 0.0249977 0.0249962 1.88094
-0.285177 -0.0147299 0.0250045 0.0249964 1.88094
-0.28015 -0.00608226 0.0250085 0.0249966 1.88094
-0.275235 0.00262928 0.0250096 0.0249969 1.88094
-0.270412 0.0113922 0.0250076 0.0249971 1.88094
-0.265662 0.0201948 0.0250026 0.0249973 1.88094
-0.260967 0.0290261 0.0249946 0.0249976 1.88094
-0.256307 0.037876 0.0249836 0.0249978 1.88094
-0.251664 0.0467348 0.0249697 0.024998 1.88094
-0.247021 0.0555934 0.024953 0.0249982 1.88094
-0.24236 0.0644424 0.0249338 0.0249983 1.88094
-0.237665 0.0732731 0.0249122 0.0249985 1.88094
-0.23292 0.0820765 0.0248884 0.0249987 1.88094
-0.228108 0.0908441 0.0248627 0.0249988 1.88094
-0.223217 0.0995675 0.0248352 0.024999 1.88094
-0.218235 0.108239 0.0248063 0.0249991 1.88094
-0.21315 0.11685 0.0247762 0.0249992 1.88094
-0.207955 0.125396 0.0247451 0.0249994 1.88094
-0.202645 0.133869 0.0247133 0.0249995 1.88094
-0.197216 0.142268 0.0246809 0.0249996 1.88094
-0.191672 0.150591 0.0246481 0.0249997 1.88094
-0.186022 0.158842 0.0246151 0.0249998 1.88094
-0.180285 0.167033 0.0245819 0.0249999 1.88094
-0.174542 0.175219 0.0245488 0.0249999 1.88094
