-0.471313 -0.152328 0.0251039 0.0250001 1.26063
-0.461894 -0.148969 0.0250933 0.0250001 1.26063
-0.452592 -0.145301 0.0250828 0.0250002 1.26063
-0.443441 -0.141267 0.0250723 0.0250003 1.26063
-0.434479 -0.136832 0.0250617 0.0250004 1.26063
-0.425741 -0.13197 0.0250513 0.0250005 1.26063
-0.417262 -0.12667 0.025041 0.0250006 1.26063
-0.409075 -0.120928 0.0250309 0.0250006 1.26063
-0.401211 -0.114751 0.0250211 0.0250007 1.26063
-0.393697 -0.108154 0.0250117 0.0250008 1.26063
-0.386555 -0.101155 0.0250027 0.0250009 1.26063
-0.379802 -0.0937817 0.0249941 0.025001 1.26063
-0.373445 -0.0860628 0.024986 0.0250011 1.26063
-0.36749 -0.078031 0.0249784 0.0250012 1.26063
-0.361929 -0.0697205 0.0249714 0.0250014 1.26063
-0.356753 -0.0611659 0.0249648 0.0250015 1.26063
-0.351941 -0.0524013 0.0249587 0.0250016 1.26063
-0.347467 -0.0434594 0.0249531 0.0250018 1.26063
-0.343299 -0.034371 0.0249479 0.0250019 1.26063
-0.339398 -0.0251649 0.0249431 0.0250021 1.26063
-0.335722 -0.0158671 0.0249386 0.0250022 1.26063
-0.332221 -0.00650181 0.0249343 0.0250024 1.26063
-0.328845 0.00290902 0.0249302 0.0250025 1.26063
-0.325539 0.0123446 0.0249262 0.0250027 1.26063
-0.322247 0.0217848 0.0249222 0.0250028 1.26063
-0.318911 0.0312095 0.0249183 0.025003 1.26063
-0.315473 0.0405971 0.0249143 0.0250031 1.26063
-0.311874 0.0499246 0.0249104 0.0250032 1.26063
-0.308059 0.0591655 0.0249064 0.0250033 1.26063
-0.303974 0.0682902 0.0249023 0.0250033 1.26063
-0.299569 0.0772645 0.0248983 0.0250033 1.26063
-0.294797 0.0860495 0.0248943 0.0250033 1.26063
-0.289619 0.0946016 0.0248904 0.0250032 1.26063
-0.284003 0.102873 0.0248865 0.0250031 1.26063
-0.277924 0.11081 0.0248828 0.0250029 1.26063
-0.271368 0.118358 0.0248793 0.0250027 1.26063
-0.26433 0.125459 0.0248761 0.0250024 1.26063
-0.256815 0.132054 0.0248733 0.0250021 1.26063
-0.248841 0.138085 0.024871 0.0250017 1.26063
-0.240435 0.143499 0.0248692 0.0250013 1.26063
-0.231633 0.148245 0.024868 0.0250008 1.26063
-0.222483 0.152278 0.0248676 0.0250003 1.26063
-0.213038 0.155563 0.024868 0.0249998 1.26063
-0.203358 0.158074 0.0248693 0.0249992 1.26063
-0.193506 0.159792 0.0248716 0.0249986 1.26063
-0.183547 0.160711 0.024875 0.024998 1.26063
-0.173546 0.160835 0.0248795 0.0249975 1.26063
-0.163565 0.160179 0.0248853 0.0249969 1.26063
-0.153663 0.158764 0.0248924 0.0249965 1.26063
-0.143892 0.156622 0.0249007 0.024996 1.26063
-0.134298 0.15379 0.0249102 0.0249957 1.26063
-0.124919 0.150311 0.0249207 0.0249954 1.26063
-0.115785 0.146231 0.0249321 0.0249951 1.26063
-0.106918 0.141599 0.0249442 0.024995 1.26063
-0.098331 0.136466 0.0249569 0.0249948 1.26063
-0.0900308 0.130881 0.0249699 0.0249947 1.26063
-0.082016 0.124894 0.0249831 0.0249947 1.26063
-0.0742792 0.118552 0.0249962 0.0249947 1.26063
-0.0668074 0.111899 0.0250091 0.0249947 1.26063
-0.059583 0.104979 0.0250215 0.0249948 1.26063
-0.0525848 0.0978298 0.0250334 0.0249949 1.26063
-0.0457884 0.0904889 0.0250444 0.0249951 1.26063
-0.0391674 0.0829895 0.0250546 0.0249952 1.26063
-0.032694 0.0753626 0.0250638 0.0249954 1.26063
-0.0263396 0.0676364 0.025072 0.0249955 1.26063
-0.0200752 0.0598372 0.025079 0.0249957 1.26063
-0.0138724 0.051989 0.0250849 0.0249958 1.26063
-0.0077032 0.0441146 0.0250896 0.0249959 1.26063
-0.00154062 0.036235 0.0250931 0.024996 1.26063
0.00464111 0.0283705 0.0250955 0.024996 1.26063
0.0108664 0.0205405 0.0250965 0.0249961 1.26063
0.0171581 0.0127638 0.0250962 0.0249961 1.26063
0.0235376 0.005059 0.0250944 0.0249962 1.26063
0.0300247 -0.00255535 0.0250907 0.0249962 1.26063
0.0366374 -0.0100608 0.025085 0.0249964 1.26063
0.0433919 -0.0174387 0.0250771 0.0249965 1.26063
0.0503024 -0.0246705 0.0250665 0.0249967 1.26063
0.0573812 -0.0317375 0.0250532 0.0249969 1.26063
0.0646384 -0.038621 0.025037 0.024997 1.26063
0.0720818 -0.0453023 0.0250178 0.0249972 1.26063
0.0797174 -0.051763 0.0249955 0.0249974 1.26063
0.0875486 -0.0579848 0.0249702 0.0249976 1.26063
0.0955768 -0.0639502 0.0249421 0.0249977 1.26063
0.103801 -0.0696422 0.0249112 0.0249978 1.26063
0.112218 -0.0750449 0.024878 0.0249979 1.26063
0.120822 -0.0801436 0.0248426 0.024998 1.26063
0.129607 -0.0849247 0.0248054 0.0249981 1.26063
0.138563 -0.0893755 0.0247668 0.0249982 1.26063
0.147681 -0.0934851 0.024727 0.0249983 1.26063
0.156949 -0.097245 0.0246863 0.0249984 1.26063
0.166353 -0.100649 0.0246451 0.0249985 1.26063
0.175879 -0.103692 0.0246035 0.0249987 1.26063
0.185514 -0.106376 0.0245618 0.0249988 1.26063
0.19524 -0.108703 0.0245202 0.0249989 1.26063
0.205043 -0.110681 0.0244787 0.024999 1.26063
0.214908 -0.112323 0.0244376 0.0249991 1.26063
0.22482 -0.113648 0.0243968 0.0249993 1.26063
0.234767 -0.114684 0.0243563 0.0249994 1.26063
0.244736 -0.11547 0.0243161 0.0249996 1.26063
0.254719 -0.116065 0.0242762 0.0249998 1.26063
0.264702 -0.116648 0.0242364 0.0249999 1.26063
