-0.498109 -0.0128271 0.0249907 0.0249999 0.24012
-0.488123 -0.0133442 0.0249917 0.0249998 0.24012
-0.478132 -0.013783 0.0249926 0.0249996 0.24012
-0.468138 -0.0141294 0.0249935 0.0249994 0.24012
-0.45814 -0.0143732 0.0249944 0.0249992 0.24012
-0.44814 -0.0145064 0.0249954 0.024999 0.24012
-0.43814 -0.0145232 0.0249964 0.0249989 0.24012
-0.428139 -0.0144196 0.0249973 0.0249987 0.24012
-0.418141 -0.0141934 0.0249983 0.0249985 0.24012
-0.408145 -0.0138437 0.0249994 0.0249983 0.24012
-0.398155 -0.0133713 0.0250004 0.0249982 0.24012
-0.388171 -0.0127781 0.0250014 0.024998 0.24012
-0.378195 -0.0120672 0.0250023 0.0249978 0.24012
-0.368227 -0.0112431 0.0250033 0.0249977 0.24012
-0.358269 -0.0103112 0.0250042 0.0249975 0.24012
-0.34832 -0.00927798 0.025005 0.0249973 0.24012
-0.338382 -0.0081507 0.0250057 0.0249972 0.24012
-0.328453 -0.00693757 0.0250063 0.024997 0.24012
-0.318534 -0.00564749 0.0250068 0.0249969 0.24012
-0.308624 -0.00429 0.0250071 0.0249967 0.24012
-0.298722 -0.00287521 0.0250073 0.0249965 0.24012
-0.288827 -0.00141368 0.0250074 0.0249964 0.24012
-0.278936 8.36665e-05 0.0250072 0.0249962 0.24012
-0.26905 0.00160562 0.025007 0.024996 0.24012
-0.259165 0.0031408 0.0250065 0.0249959 0.24012
-0.24928 0.00467776 0.0250059 0.0249957 0.24012
-0.239394 0.00620505 0.0250052 0.0249955 0.24012
-0.229504 0.00771136 0.0250043 0.0249953 0.24012
-0.21961 0.0091856 0.0250033 0.0249951 0.24012
-0.209709 0.010617 0.0250022 0.0249949 0.24012
-0.1998 0.0119953 0.0250011 0.0249947 0.24012
-0.189882 0.0133107 0.0249999 0.0249944 0.24012
-0.179956 0.0145542 0.0249987 0.0249942 0.24012
-0.170019 0.0157177 0.0249975 0.024994 0.24012
-0.160072 0.0167933 0.0249964 0.0249937 0.24012
-0.150115 0.0177739 0.0249954 0.0249935 0.24012
-0.140148 0.0186531 0.0249945 0.0249934 0.24012
-0.130173 0.0194254 0.0249937 0.0249934 0.24012
-0.120189 0.0200863 0.0249931 0.0249934 0.24012
-0.110199 0.020632 0.0249927 0.0249935 0.24012
-0.100203 0.02106 0.0249925 0.0249935 0.24012
-0.0902025 0.0213688 0.0249924 0.0249936 0.24012
-0.0801992 0.0215575 0.0249926 0.0249937 0.24012
-0.0701944 0.0216269 0.024993 0.0249938 0.24012
-0.0601896 0.0215781 0.0249935 0.0249939 0.24012
-0.0501861 0.0214138 0.0249941 0.0249939 0.24012
-0.0401851 0.0211371 0.024995 0.024994 0.24012
-0.0301878 0.0207522 0.0249959 0.0249941 0.24012
-0.020195 0.0202643 0.0249969 0.0249943 0.24012
-0.0102076 0.0196788 0.024998 0.0249944 0.24012
-0.00022607 0.0190023 0.0249991 0.0249945 0.24012
0.00974934 0.0182417 0.0250003 0.0249946 0.24012
0.0197185 0.0174043 0.0250014 0.0249947 0.24012
0.0296815 0.0164979 0.0250025 0.0249948 0.24012
0.0396387 0.0155307 0.0250036 0.024995 0.24012
0.0495906 0.0145108 0.0250045 0.0249951 0.24012
0.0595377 0.0134467 0.0250053 0.0249952 0.24012
0.0694808 0.0123468 0.025006 0.0249954 0.24012
0.0794207 0.0112195 0.0250066 0.0249955 0.24012
0.0893584 0.0100731 0.025007 0.0249956 0.24012
0.0992946 0.00891561 0.0250073 0.0249958 0.24012
0.10923 0.007755 0.0250073 0.0249959 0.24012
0.119167 0.00659879 0.0250073 0.024996 0.24012
0.129104 0.00545423 0.025007 0.0249962 0.24012
0.139043 0.00432818 0.0250066 0.0249963 0.24012
0.148986 0.00322713 0.0250061 0.0249964 0.24012
0.158931 0.00215714 0.0250054 0.0249965 0.24012
0.16888 0.00112384 0.0250046 0.0249966 0.24012
0.178834 0.000132464 0.0250037 0.0249967 0.24012
0.188792 -0.000812207 0.0250027 0.0249968 0.24012
0.198754 -0.00170579 0.0250017 0.0249969 0.24012
0.208721 -0.00254429 0.0250006 0.024997 0.24012
0.218693 -0.00332408 0.0249995 0.0249971 0.24012
0.22867 -0.00404186 0.0249984 0.0249972 0.24012
0.238651 -0.00469466 0.0249973 0.0249973 0.24012
0.248636 -0.00527979 0.0249963 0.0249974 0.24012
0.258624 -0.00579487 0.0249953 0.0249975 0.24012
0.268616 -0.00623779 0.0249944 0.0249976 0.24012
0.278612 -0.00660673 0.0249937 0.0249976 0.24012
0.288609 -0.00690014 0.0249931 0.0249977 0.24012
0.298609 -0.00711696 0.0249926 0.0249978 0.24012
0.308609 -0.00725632 0.0249923 0.0249979 0.24012
0.318611 -0.00731717 0.0249921 0.024998 0.24012
0.328612 -0.00729855 0.0249922 0.024998 0.24012
0.338613 -0.00719958 0.0249924 0.0249981 0.24012
0.348613 -0.0070195 0.0249929 0.0249982 0.24012
0.358611 -0.00675767 0.0249935 0.0249983 0.24012
0.368607 -0.00641366 0.0249943 0.0249984 0.24012
0.378599 -0.00598721 0.0249952 0.0249985 0.24012
0.388587 -0.00547835 0.0249963 0.0249986 0.24012
0.398571 -0.0048874 0.0249975 0.0249987 0.24012
0.408549 -0.00421506 0.0249988 0.0249988 0.24012
0.418522 -0.00346246 0.0250002 0.0249989 0.24012
0.428488 -0.00263131 0.0250017 0.024999 0.24012
0.438447 -0.00172397 0.0250033 0.0249991 0.24012
0.4484 -0.00074366 0.0250049 0.0249993 0.24012
0.458345 0.000305259 0.0250065 0.0249994 0.24012
0.468284 0.00141688 0.0250082 0.0249996 0.24012
0.478216 0.00258286 0.0250098 0.0249997 0.24012
0.488143 0.00379022 0.0250115 0.0249999 0.24012
0.49807 0.00499769 0.0250131 0.0249999 0.24012
