-0.491701 0.0013375 0.0249969 0.0249999 0.36018
-0.482149 -0.00162341 0.0249966 0.0249998 0.36018
-0.472569 -0.00448898 0.0249964 0.0249996 0.36018
-0.462953 -0.00723625 0.0249962 0.0249994 0.36018
-0.453299 -0.00984495 0.0249959 0.0249992 0.36018
-0.443603 -0.0122968 0.0249957 0.024999 0.36018
-0.433865 -0.0145753 0.0249955 0.0249988 0.36018
-0.424085 -0.0166654 0.0249953 0.0249985 0.36018
-0.414264 -0.0185536 0.0249951 0.0249983 0.36018
-0.404403 -0.0202282 0.024995 0.0249981 0.36018
-0.394507 -0.0216791 0.024995 0.0249979 0.36018
-0.38458 -0.0228984 0.0249951 0.0249976 0.36018
-0.374626 -0.0238797 0.0249953 0.0249974 0.36018
-0.364652 -0.0246182 0.0249957 0.0249971 0.36018
-0.354661 -0.0251108 0.0249963 0.0249969 0.36018
-0.344662 -0.0253564 0.0249971 0.0249967 0.36018
-0.334659 -0.0253555 0.0249981 0.0249965 0.36018
-0.324659 -0.0251103 0.0249992 0.0249963 0.36018
-0.314668 -0.0246252 0.0250005 0.0249961 0.36018
-0.304691 -0.023906 0.0250019 0.0249959 0.36018
-0.294732 -0.0229603 0.0250035 0.0249957 0.36018
-0.284796 -0.0217973 0.0250051 0.0249956 0.36018
-0.274887 -0.0204277 0.0250068 0.0249954 0.36018
-0.265006 -0.0188637 0.0250084 0.0249953 0.36018
-0.255156 -0.0171187 0.0250101 0.0249951 0.36018
-0.245336 -0.0152074 0.0250116 0.024995 0.36018
-0.235547 -0.0131454 0.025013 0.0249949 0.36018
-0.225787 -0.0109494 0.0250143 0.024995 0.36018
-0.216054 -0.00863665 0.0250154 0.0249952 0.36018
-0.206345 -0.00622524 0.0250162 0.0249953 0.36018
-0.196657 -0.00373366 0.0250167 0.0249955 0.36018
-0.186984 -0.00118082 0.025017 0.0249957 0.36018
-0.177323 0.0014142 0.0250169 0.0249958 0.36018
-0.167669 0.00403221 0.0250165 0.0249959 0.36018
-0.158015 0.0066541 0.0250158 0.0249961 0.36018
-0.148358 0.00926096 0.0250148 0.0249962 0.36018
-0.138691 0.0118343 0.0250134 0.0249963 0.36018
-0.129012 0.014356 0.0250117 0.0249964 0.36018
-0.119314 0.0168086 0.0250098 0.0249965 0.36018
-0.109595 0.0191757 0.0250076 0.0249965 0.36018
-0.0998526 0.0214414 0.0250051 0.0249966 0.36018
-0.0900836 0.023591 0.0250026 0.0249966 0.36018
-0.080287 0.0256111 0.0249999 0.0249966 0.36018
-0.0704623 0.0274896 0.0249971 0.0249966 0.36018
-0.0606096 0.0292154 0.0249944 0.0249965 0.36018
-0.0507298 0.0307795 0.0249917 0.0249963 0.36018
-0.0408244 0.032174 0.0249892 0.024996 0.36018
-0.0308956 0.0333928 0.0249869 0.0249957 0.36018
-0.0209461 0.0344317 0.0249848 0.0249953 0.36018
-0.0109789 0.0352877 0.0249831 0.0249951 0.36018
-0.000997468 0.0359591 0.0249817 0.024995 0.36018
0.00899469 0.0364458 0.0249808 0.024995 0.36018
0.0189941 0.0367488 0.0249803 0.024995 0.36018
0.0289974 0.0368707 0.0249802 0.024995 0.36018
0.0390013 0.0368153 0.0249806 0.024995 0.36018
0.0490027 0.0365874 0.0249814 0.024995 0.36018
0.0589989 0.0361929 0.0249826 0.024995 0.36018
0.0689876 0.0356386 0.0249842 0.024995 0.36018
0.0789665 0.0349323 0.0249862 0.0249951 0.36018
0.0889343 0.0340821 0.0249884 0.0249951 0.36018
0.0988895 0.0330969 0.0249909 0.0249952 0.36018
0.108831 0.031986 0.0249935 0.0249953 0.36018
0.11876 0.0307589 0.0249963 0.0249954 0.36018
0.128674 0.0294252 0.0249992 0.0249955 0.36018
0.138575 0.0279948 0.025002 0.0249956 0.36018
0.148463 0.0264773 0.0250049 0.0249957 0.36018
0.158338 0.0248824 0.0250076 0.0249958 0.36018
0.168202 0.0232196 0.0250103 0.0249959 0.36018
0.178056 0.0214978 0.0250127 0.024996 0.36018
0.187901 0.0197261 0.0250149 0.0249961 0.36018
0.197738 0.0179129 0.0250169 0.0249963 0.36018
0.207569 0.0160663 0.0250185 0.0249964 0.36018
0.217395 0.0141941 0.0250199 0.0249965 0.36018
0.227218 0.0123038 0.0250209 0.0249967 0.36018
0.237038 0.0104025 0.0250216 0.0249968 0.36018
0.246858 0.00849726 0.025022 0.0249969 0.36018
0.256677 0.00659459 0.025022 0.0249971 0.36018
0.266499 0.00470089 0.0250216 0.0249972 0.36018
0.276323 0.00282231 0.025021 0.0249974 0.36018
0.286151 0.000964741 0.02502 0.0249975 0.36018
0.295984 -0.000866162 0.0250187 0.0249976 0.36018
0.305823 -0.00266498 0.0250172 0.0249977 0.36018
0.315668 -0.00442654 0.0250154 0.0249979 0.36018
0.325521 -0.00614593 0.0250134 0.024998 0.36018
0.335381 -0.0078185 0.0250112 0.0249981 0.36018
0.345251 -0.00943992 0.0250088 0.0249982 0.36018
0.355129 -0.0110062 0.0250063 0.0249983 0.36018
0.365016 -0.0125137 0.0250037 0.0249984 0.36018
0.374912 -0.0139594 0.025001 0.0249985 0.36018
0.384817 -0.0153403 0.0249983 0.0249987 0.36018
0.394732 -0.0166536 0.0249955 0.0249988 0.36018
0.404655 -0.0178969 0.0249928 0.0249989 0.36018
0.414587 -0.0190684 0.0249901 0.024999 0.36018
0.424527 -0.0201666 0.0249875 0.0249991 0.36018
0.434475 -0.0211913 0.0249848 0.0249992 0.36018
0.44443 -0.0221431 0.0249823 0.0249994 0.36018
0.454392 -0.0230239 0.0249798 0.0249995 0.36018
0.464359 -0.0238379 0.0249773 0.0249996 0.36018
0.474331 -0.0245921 0.0249749 0.0249997 0.36018
0.484306 -0.0252992 0.0249725 0.0249999 0.36018
0.494281 -0.0260021 0.0249701 0.0249999 0.36018
