-2.40554 -0.114314 0.0250103 0.0250001 4.52226
-2.39969 -0.122424 0.0250133 0.0250001 4.52226
-2.39384 -0.130538 0.0250162 0.0250003 4.52226
-2.38799 -0.138644 0.0250191 0.0250004 4.52226
-2.3821 -0.146726 0.025022 0.0250005 4.52226
-2.37615 -0.154761 0.0250246 0.0250006 4.52226
-2.3701 -0.162726 0.0250272 0.0250007 4.52226
-2.36393 -0.170595 0.0250294 0.0250008 4.52226
-2.3576 -0.178335 0.0250314 0.0250008 4.52226
-2.35108 -0.185914 0.025033 0.0250009 4.52226
-2.34433 -0.193294 0.0250342 0.0250009 4.52226
-2.33733 -0.200435 0.0250349 0.025001 4.52226
-2.33005 -0.207291 0.0250349 0.025001 4.52226
-2.32247 -0.213816 0.0250343 0.025001 4.52226
-2.31459 -0.21996 0.025033 0.0250009 4.52226
-2.30638 -0.22567 0.0250311 0.0250009 4.52226
-2.29785 -0.230892 0.0250285 0.0250008 4.52226
-2.28901 -0.235572 0.0250254 0.0250007 4.52226
-2.27989 -0.239659 0.0250219 0.0250005 4.52226
-2.2705 -0.243101 0.0250181 0.0250004 4.52226
-2.26088 -0.245852 0.0250143 0.0250003 4.52226
-2.25109 -0.24787 0.0250106 0.0250002 4.52226
-2.24117 -0.249119 0.0250071 0.0250001 4.52226
-2.23118 -0.249573 0.0250042 0.025 4.52226
-2.22119 -0.249215 0.0250018 0.0249999 4.52226
-2.21125 -0.248037 0.0250003 0.0249998 4.52226
-2.20146 -0.246042 0.0249995 0.0249997 4.52226
-2.19185 -0.243244 0.0249997 0.0249996 4.52226
-2.18252 -0.239668 0.0250009 0.0249995 4.52226
-2.1735 -0.235347 0.0250031 0.0249995 4.52226
-2.16485 -0.230325 0.0250063 0.0249994 4.52226
-2.15662 -0.224649 0.0250103 0.0249994 4.52226
-2.14883 -0.218376 0.0250151 0.0249994 4.52226
-2.14151 -0.211563 0.0250204 0.0249993 4.52226
-2.13466 -0.204271 0.0250262 0.0249994 4.52226
-2.1283 -0.196558 0.0250321 0.0249994 4.52226
-2.1224 -0.188482 0.0250379 0.0249994 4.52226
-2.11695 -0.180099 0.0250433 0.0249995 4.52226
-2.11191 -0.171459 0.0250482 0.0249995 4.52226
-2.10725 -0.162608 0.0250522 0.0249996 4.52226
-2.10293 -0.15359 0.0250551 0.0249997 4.52226
-2.0989 -0.14444 0.0250568 0.0249998 4.52226
-2.0951 -0.135191 0.0250571 0.0249999 4.52226
-2.09147 -0.125872 0.0250558 0.025 4.52226
-2.08796 -0.116508 0.0250527 0.0250002 4.52226
-2.08451 -0.107123 0.0250478 0.0250004 4.52226
-2.08105 -0.0977382 0.025041 0.0250006 4.52226
-2.07754 -0.0883758 0.0250322 0.0250008 4.52226
-2.07392 -0.0790576 0.0250214 0.0250011 4.52226
-2.07012 -0.0698067 0.0250086 0.0250013 4.52226
-2.06611 -0.0606483 0.0249938 0.0250015 4.52226
-2.06183 -0.0516099 0.0249772 0.0250017 4.52226
-2.05725 -0.0427217 0.024959 0.0250019 4.52226
-2.05234 -0.0340165 0.0249393 0.025002 4.52226
-2.04705 -0.0255297 0.0249184 0.0250022 4.52226
-2.04137 -0.0172992 0.0248966 0.0250023 4.52226
-2.03529 -0.0093642 0.0248741 0.0250024 4.52226
-2.02879 -0.00176534 0.0248514 0.0250024 4.52226
-2.02188 0.0054565 0.0248288 0.0250024 4.52226
-2.01455 0.0122609 0.0248066 0.0250024 4.52226
-2.00683 0.0186086 0.0247851 0.0250024 4.52226
-1.99872 0.0244627 0.0247647 0.0250023 4.52226
-1.99026 0.0297887 0.0247457 0.0250022 4.52226
-1.98147 0.0345561 0.0247284 0.0250021 4.52226
-1.97239 0.0387379 0.024713 0.0250019 4.52226
-1.96305 0.042312 0.0246996 0.0250018 4.52226
-1.9535 0.0452607 0.0246884 0.0250016 4.52226
-1.94377 0.0475712 0.0246795 0.0250014 4.52226
-1.93391 0.0492353 0.024673 0.0250012 4.52226
-1.92396 0.0502499 0.0246689 0.025001 4.52226
-1.91397 0.0506158 0.0246672 0.0250007 4.52226
-1.90398 0.0503385 0.0246678 0.0250005 4.52226
-1.89402 0.0494269 0.0246707 0.0250002 4.52226
-1.88414 0.0478942 0.0246757 0.025 4.52226
-1.87437 0.0457564 0.0246827 0.0249997 4.52226
-1.86475 0.0430331 0.0246916 0.0249995 4.52226
-1.8553 0.039746 0.0247022 0.0249992 4.52226
-1.84606 0.0359197 0.0247144 0.024999 4.52226
-1.83705 0.0315806 0.0247281 0.0249987 4.52226
-1.82829 0.0267565 0.0247432 0.0249985 4.52226
-1.8198 0.0214762 0.0247593 0.0249984 4.52226
-1.81158 0.0157689 0.0247765 0.0249982 4.52226
-1.80366 0.00966398 0.0247945 0.0249981 4.52226
-1.79604 0.00319102 0.024813 0.0249981 4.52226
-1.78871 -0.00362087 0.024832 0.0249981 4.52226
-1.78169 -0.0107431 0.0248512 0.0249981 4.52226
-1.77497 -0.0181478 0.0248705 0.0249981 4.52226
-1.76854 -0.025808 0.0248898 0.0249982 4.52226
-1.76239 -0.0336981 0.0249088 0.0249983 4.52226
-1.75652 -0.0417933 0.0249275 0.0249984 4.52226
-1.7509 -0.0500705 0.0249459 0.0249985 4.52226
-1.74553 -0.0585076 0.0249638 0.0249986 4.52226
-1.74039 -0.067084 0.0249812 0.0249988 4.52226
-1.73545 -0.0757805 0.0249982 0.0249989 4.52226
-1.7307 -0.0845792 0.0250147 0.0249991 4.52226
-1.72611 -0.0934633 0.0250308 0.0249993 4.52226
-1.72165 -0.102417 0.0250466 0.0249994 4.52226
-1.71731 -0.111426 0.025062 0.0249996 4.52226
-1.71305 -0.120475 0.0250773 0.0249997 4.52226
-1.70885 -0.12955 0.0250924 0.0249999 4.52226
-1.70465 -0.138626 0.0251075 0.0249999 4.52226
