-0.414271 0.0955476 0.0250104 0.025 0.84042
-0.404651 0.0982764 0.0250114 0.0250001 0.84042
-0.394965 0.100764 0.0250125 0.0250002 0.84042
-0.385208 0.102953 0.0250136 0.0250003 0.84042
-0.375379 0.104794 0.0250147 0.0250002 0.84042
-0.365485 0.106242 0.0250159 0.0250001 0.84042
-0.355537 0.107259 0.0250172 0.0249998 0.84042
-0.345552 0.107811 0.0250187 0.0249995 0.84042
-0.335551 0.107868 0.0250204 0.0249993 0.84042
-0.325561 0.107409 0.0250224 0.024999 0.84042
-0.31561 0.106415 0.0250247 0.0249988 0.84042
-0.305728 0.104875 0.0250275 0.0249988 0.84042
-0.295948 0.102783 0.0250308 0.0249989 0.84042
-0.286303 0.100142 0.0250344 0.024999 0.84042
-0.276822 0.0969581 0.0250385 0.0249991 0.84042
-0.267537 0.0932441 0.0250429 0.0249992 0.84042
-0.258473 0.0890189 0.0250477 0.0249994 0.84042
-0.249652 0.0843058 0.0250527 0.0249996 0.84042
-0.241094 0.0791323 0.0250578 0.0249998 0.84042
-0.232811 0.0735296 0.025063 0.025 0.84042
-0.22481 0.0675312 0.0250681 0.0250002 0.84042
-0.217092 0.0611727 0.025073 0.0250004 0.84042
-0.209653 0.0544907 0.0250776 0.0250007 0.84042
-0.202482 0.0475222 0.0250818 0.0250009 0.84042
-0.195562 0.0403041 0.0250854 0.0250011 0.84042
-0.188872 0.0328728 0.0250883 0.0250014 0.84042
-0.182385 0.0252635 0.0250903 0.0250016 0.84042
-0.176072 0.0175107 0.0250915 0.0250018 0.84042
-0.169896 0.00964747 0.0250917 0.025002 0.84042
-0.163821 0.00170622 0.0250907 0.0250022 0.84042
-0.157808 -0.00628159 0.0250887 0.0250024 0.84042
-0.151816 -0.0142849 0.0250855 0.0250026 0.84042
-0.145803 -0.0222727 0.0250811 0.0250027 0.84042
-0.139729 -0.0302138 0.0250755 0.0250028 0.84042
-0.133554 -0.0380763 0.0250688 0.0250029 0.84042
-0.127239 -0.0458274 0.025061 0.0250029 0.84042
-0.12075 -0.0534333 0.0250522 0.025003 0.84042
-0.114056 -0.0608589 0.0250424 0.0250029 0.84042
-0.107129 -0.0680677 0.0250318 0.0250028 0.84042
-0.0999465 -0.0750224 0.0250204 0.0250027 0.84042
-0.0924921 -0.0816849 0.0250085 0.0250026 0.84042
-0.0847549 -0.088017 0.0249961 0.0250024 0.84042
-0.07673 -0.0939808 0.0249835 0.0250021 0.84042
-0.0684192 -0.0995393 0.0249709 0.0250018 0.84042
-0.0598299 -0.104658 0.0249583 0.0250015 0.84042
-0.0509759 -0.109304 0.0249461 0.0250011 0.84042
-0.0418761 -0.113448 0.0249344 0.0250008 0.84042
-0.0325543 -0.117067 0.0249234 0.0250003 0.84042
-0.0230382 -0.12014 0.0249133 0.0249999 0.84042
-0.0133586 -0.122652 0.0249044 0.0249995 0.84042
-0.00354846 -0.124594 0.0248968 0.024999 0.84042
0.00635836 -0.125964 0.0248907 0.0249985 0.84042
0.0163278 -0.126762 0.0248863 0.024998 0.84042
0.0263268 -0.126997 0.0248836 0.0249976 0.84042
0.0363239 -0.126681 0.0248829 0.0249972 0.84042
0.0462902 -0.125831 0.0248841 0.0249968 0.84042
0.0561995 -0.124468 0.0248872 0.0249964 0.84042
0.0660293 -0.122615 0.0248922 0.0249961 0.84042
0.0757605 -0.120298 0.0248991 0.0249958 0.84042
0.0853779 -0.117545 0.0249076 0.0249956 0.84042
0.0948698 -0.114387 0.0249177 0.0249954 0.84042
0.104228 -0.110853 0.0249291 0.0249952 0.84042
0.113449 -0.106973 0.0249417 0.0249951 0.84042
0.122531 -0.102777 0.0249553 0.024995 0.84042
0.131475 -0.0982956 0.0249694 0.024995 0.84042
0.140285 -0.0935567 0.024984 0.024995 0.84042
0.148968 -0.088588 0.0249987 0.024995 0.84042
0.157531 -0.0834158 0.0250133 0.024995 0.84042
0.165984 -0.0780649 0.0250274 0.0249951 0.84042
0.174336 -0.072559 0.0250408 0.0249952 0.84042
0.1826 -0.0669203 0.0250532 0.0249953 0.84042
0.190785 -0.0611697 0.0250644 0.0249955 0.84042
0.198905 -0.0553269 0.0250741 0.0249957 0.84042
0.206971 -0.0494105 0.0250822 0.0249958 0.84042
0.214996 -0.0434385 0.0250884 0.024996 0.84042
0.222992 -0.0374277 0.0250925 0.0249962 0.84042
0.230971 -0.0313943 0.0250945 0.0249964 0.84042
0.238944 -0.0253541 0.0250943 0.0249966 0.84042
0.246923 -0.019322 0.0250917 0.0249968 0.84042
0.254919 -0.0133128 0.0250868 0.024997 0.84042
0.262943 -0.00734051 0.0250795 0.0249972 0.84042
0.271004 -0.00141906 0.02507 0.0249974 0.84042
0.279111 0.00443811 0.0250581 0.0249976 0.84042
0.287274 0.0102179 0.0250441 0.0249977 0.84042
0.2955 0.0159076 0.025028 0.0249979 0.84042
0.303795 0.0214948 0.02501 0.024998 0.84042
0.312167 0.0269678 0.0249902 0.0249981 0.84042
0.320618 0.0323151 0.0249688 0.0249982 0.84042
0.329155 0.0375262 0.024946 0.0249984 0.84042
0.337779 0.0425915 0.0249219 0.0249985 0.84042
0.346491 0.0475023 0.0248967 0.0249986 0.84042
0.355293 0.0522507 0.0248706 0.0249987 0.84042
0.364184 0.0568302 0.0248439 0.0249988 0.84042
0.373162 0.0612361 0.0248165 0.0249989 0.84042
0.382224 0.0654658 0.0247887 0.024999 0.84042
0.391366 0.0695196 0.0247606 0.0249992 0.84042
0.400583 0.0734015 0.0247323 0.0249993 0.84042
0.409866 0.0771207 0.0247038 0.0249995 0.84042
0.419206 0.0806941 0.0246753 0.0249996 0.84042
0.428589 0.0841525 0.0246467 0.0249998 0.84042
0.437976 0.0876018 0.0246181 0.0249999 0.84042
