-1.92817 0.0526609 0.0249253 0.0250001 3.72186
-1.91915 0.0483374 0.0249286 0.0250001 3.72186
-1.91028 0.0437297 0.024932 0.0250003 3.72186
-1.90158 0.038794 0.0249353 0.0250004 3.72186
-1.8931 0.033504 0.0249388 0.0250005 3.72186
-1.88485 0.0278462 0.0249423 0.0250006 3.72186
-1.87687 0.0218175 0.024946 0.0250007 3.72186
-1.86919 0.0154236 0.0249499 0.0250008 3.72186
-1.86181 0.00867741 0.0249539 0.025001 3.72186
-1.85474 0.00159775 0.024958 0.0250011 3.72186
-1.84801 -0.00579201 0.0249623 0.0250013 3.72186
-1.8416 -0.0134651 0.0249666 0.0250014 3.72186
-1.8355 -0.0213926 0.024971 0.0250016 3.72186
-1.82971 -0.0295443 0.0249754 0.0250017 3.72186
-1.82421 -0.0378897 0.0249797 0.0250019 3.72186
-1.81896 -0.0463986 0.0249839 0.0250021 3.72186
-1.81393 -0.0550415 0.0249879 0.0250023 3.72186
-1.80909 -0.0637898 0.0249917 0.0250024 3.72186
-1.80439 -0.0726162 0.0249952 0.0250026 3.72186
-1.7998 -0.081494 0.0249983 0.0250028 3.72186
-1.79525 -0.0903969 0.0250011 0.0250029 3.72186
-1.7907 -0.0992988 0.0250034 0.025003 3.72186
-1.78609 -0.108173 0.0250054 0.0250031 3.72186
-1.78138 -0.11699 0.0250069 0.0250032 3.72186
-1.77651 -0.12572 0.0250079 0.0250033 3.72186
-1.77143 -0.13433 0.0250085 0.0250033 3.72186
-1.76609 -0.142783 0.0250087 0.0250034 3.72186
-1.76045 -0.151037 0.0250084 0.0250033 3.72186
-1.75447 -0.159049 0.0250077 0.0250033 3.72186
-1.74812 -0.166769 0.0250067 0.0250031 3.72186
-1.74137 -0.174144 0.0250053 0.025003 3.72186
-1.7342 -0.181118 0.0250036 0.0250028 3.72186
-1.72662 -0.187635 0.0250017 0.0250025 3.72186
-1.71862 -0.193634 0.0249996 0.0250022 3.72186
-1.71022 -0.199059 0.0249975 0.0250018 3.72186
-1.70145 -0.203853 0.0249953 0.0250014 3.72186
-1.69233 -0.207965 0.0249933 0.0250009 3.72186
-1.68293 -0.21135 0.0249914 0.0250004 3.72186
-1.67328 -0.213971 0.0249899 0.0249998 3.72186
-1.66344 -0.215798 0.0249888 0.0249993 3.72186
-1.65349 -0.216813 0.0249882 0.0249987 3.72186
-1.64349 -0.217009 0.0249883 0.024998 3.72186
-1.63351 -0.216389 0.0249893 0.0249975 3.72186
-1.62361 -0.214967 0.0249911 0.0249969 3.72186
-1.61385 -0.212766 0.0249938 0.0249964 3.72186
-1.6043 -0.209818 0.0249975 0.024996 3.72186
-1.59498 -0.206163 0.0250021 0.0249956 3.72186
-1.58596 -0.201848 0.0250074 0.0249953 3.72186
-1.57725 -0.19692 0.0250135 0.0249951 3.72186
-1.56889 -0.191435 0.0250202 0.0249949 3.72186
-1.56087 -0.185444 0.0250273 0.0249948 3.72186
-1.55322 -0.179003 0.0250346 0.0249947 3.72186
-1.54592 -0.172163 0.0250421 0.0249947 3.72186
-1.53896 -0.164975 0.0250496 0.0249947 3.72186
-1.53233 -0.157486 0.0250569 0.0249948 3.72186
-1.52599 -0.149741 0.0250638 0.0249949 3.72186
-1.51994 -0.141781 0.0250704 0.024995 3.72186
-1.51412 -0.133642 0.0250763 0.0249952 3.72186
-1.50851 -0.125358 0.0250816 0.0249953 3.72186
-1.50307 -0.11696 0.0250862 0.0249955 3.72186
-1.49777 -0.108476 0.0250899 0.0249956 3.72186
-1.49257 -0.0999314 0.0250928 0.0249958 3.72186
-1.48743 -0.0913491 0.0250948 0.0249959 3.72186
-1.48232 -0.0827511 0.0250959 0.024996 3.72186
-1.4772 -0.074158 0.0250961 0.0249961 3.72186
-1.47204 -0.0655897 0.0250953 0.0249962 3.72186
-1.4668 -0.0570655 0.0250933 0.0249963 3.72186
-1.46147 -0.0486045 0.0250902 0.0249964 3.72186
-1.456 -0.0402259 0.0250857 0.0249965 3.72186
-1.45039 -0.0319489 0.0250798 0.0249966 3.72186
-1.4446 -0.0237929 0.0250724 0.0249968 3.72186
-1.43861 -0.015778 0.0250633 0.0249969 3.72186
-1.43242 -0.00792419 0.0250527 0.024997 3.72186
-1.426 -0.00025228 0.0250404 0.0249971 3.72186
-1.41935 0.00721675 0.0250264 0.0249972 3.72186
-1.41245 0.0144616 0.0250109 0.0249973 3.72186
-1.40531 0.0214609 0.0249937 0.0249974 3.72186
-1.39791 0.028193 0.024975 0.0249975 3.72186
-1.39026 0.0346367 0.0249548 0.0249976 3.72186
-1.38236 0.0407711 0.0249333 0.0249976 3.72186
-1.37421 0.0465759 0.0249104 0.0249977 3.72186
-1.36583 0.0520317 0.0248863 0.0249977 3.72186
-1.35722 0.0571203 0.0248611 0.0249978 3.72186
-1.3484 0.0618251 0.024835 0.0249978 3.72186
-1.33937 0.066131 0.0248081 0.0249978 3.72186
-1.33016 0.0700251 0.0247806 0.0249978 3.72186
-1.32078 0.0734973 0.0247526 0.0249978 3.72186
-1.31125 0.0765399 0.0247243 0.0249979 3.72186
-1.30159 0.0791476 0.0246958 0.0249979 3.72186
-1.29183 0.0813182 0.0246672 0.024998 3.72186
-1.28198 0.0830526 0.0246387 0.0249981 3.72186
-1.27206 0.0843554 0.0246104 0.0249982 3.72186
-1.2621 0.0852348 0.0245823 0.0249984 3.72186
-1.25211 0.0857032 0.0245544 0.0249985 3.72186
-1.24211 0.0857776 0.0245269 0.0249987 3.72186
-1.23211 0.08548 0.0244997 0.0249989 3.72186
-1.22213 0.0848385 0.0244729 0.0249991 3.72186
-1.21218 0.0838887 0.0244463 0.0249993 3.72186
-1.20225 0.0826771 0.0244199 0.0249995 3.72186
-1.19235 0.0812697 0.0243937 0.0249997 3.72186
-1.18245 0.07985 0.0243676 0.0249999 3.72186
