-1.17346 -0.145356 0.0247664 0.0250001 2.4012
-1.16478 -0.15032 0.0247783 0.0250001 2.4012
-1.15599 -0.155088 0.0247903 0.0250002 2.4012
-1.14707 -0.159605 0.0248023 0.0250003 2.4012
-1.138 -0.163817 0.0248143 0.0250003 2.4012
-1.12877 -0.167668 0.0248264 0.0250004 2.4012
-1.11938 -0.171107 0.0248385 0.0250004 2.4012
-1.10983 -0.174081 0.0248507 0.0250005 2.4012
-1.10014 -0.176541 0.0248629 0.0250004 2.4012
-1.09032 -0.17844 0.0248751 0.0250004 2.4012
-1.08041 -0.179736 0.0248873 0.0250003 2.4012
-1.07043 -0.180391 0.0248994 0.0250003 2.4012
-1.06043 -0.180372 0.0249116 0.0250002 2.4012
-1.05046 -0.179657 0.0249237 0.025 2.4012
-1.04056 -0.178229 0.0249357 0.0249999 2.4012
-1.03079 -0.176082 0.0249478 0.0249997 2.4012
-1.02121 -0.173217 0.0249597 0.0249996 2.4012
-1.01187 -0.169647 0.0249716 0.0249994 2.4012
-1.00282 -0.16539 0.0249833 0.0249994 2.4012
-0.994109 -0.160476 0.0249947 0.0249993 2.4012
-0.985781 -0.15494 0.0250058 0.0249993 2.4012
-0.977869 -0.148823 0.0250163 0.0249993 2.4012
-0.970401 -0.142172 0.0250261 0.0249993 2.4012
-0.963393 -0.135037 0.025035 0.0249994 2.4012
-0.956855 -0.12747 0.025043 0.0249995 2.4012
-0.950785 -0.119522 0.0250497 0.0249996 2.4012
-0.945173 -0.111245 0.0250552 0.0249997 2.4012
-0.939999 -0.102688 0.0250591 0.0249999 2.4012
-0.935236 -0.0938949 0.0250615 0.0250001 2.4012
-0.930848 -0.0849093 0.0250622 0.0250002 2.4012
-0.926793 -0.0757685 0.025061 0.0250004 2.4012
-0.923024 -0.0665066 0.025058 0.0250006 2.4012
-0.919488 -0.0571532 0.0250531 0.0250008 2.4012
-0.916129 -0.047735 0.0250463 0.025001 2.4012
-0.912889 -0.0382755 0.0250377 0.0250012 2.4012
-0.909707 -0.0287963 0.0250273 0.0250014 2.4012
-0.906522 -0.0193183 0.0250151 0.0250015 2.4012
-0.903273 -0.009862 0.0250014 0.0250016 2.4012
-0.899901 -0.000449236 0.0249863 0.0250017 2.4012
-0.896347 0.00889641 0.0249699 0.0250018 2.4012
-0.892556 0.0181486 0.0249525 0.0250018 2.4012
-0.888478 0.0272775 0.0249343 0.0250018 2.4012
-0.884066 0.0362498 0.0249155 0.0250018 2.4012
-0.879279 0.045028 0.0248964 0.0250017 2.4012
-0.874083 0.0535708 0.0248771 0.0250016 2.4012
-0.868453 0.0618335 0.0248581 0.0250015 2.4012
-0.862369 0.0697688 0.0248395 0.0250013 2.4012
-0.855823 0.0773273 0.0248215 0.0250012 2.4012
-0.848815 0.0844589 0.0248045 0.0250009 2.4012
-0.841352 0.0911142 0.0247886 0.0250007 2.4012
-0.833452 0.0972453 0.024774 0.0250004 2.4012
-0.825142 0.102808 0.0247609 0.0250001 2.4012
-0.816455 0.107761 0.0247494 0.0249998 2.4012
-0.807432 0.112071 0.0247398 0.0249995 2.4012
-0.798116 0.115709 0.024732 0.0249991 2.4012
-0.788559 0.118655 0.0247262 0.0249988 2.4012
-0.778812 0.120894 0.0247224 0.0249984 2.4012
-0.768928 0.12242 0.0247206 0.0249981 2.4012
-0.758959 0.123236 0.0247209 0.0249977 2.4012
-0.748958 0.123349 0.0247232 0.0249974 2.4012
-0.738972 0.122775 0.0247274 0.024997 2.4012
-0.729047 0.121533 0.0247335 0.0249967 2.4012
-0.719223 0.11965 0.0247414 0.0249964 2.4012
-0.709536 0.117155 0.024751 0.0249961 2.4012
-0.700017 0.114081 0.0247622 0.0249958 2.4012
-0.690691 0.110463 0.0247748 0.0249956 2.4012
-0.681579 0.106335 0.0247888 0.0249955 2.4012
-0.672696 0.101733 0.0248039 0.0249953 2.4012
-0.664054 0.0966943 0.0248199 0.0249952 2.4012
-0.65566 0.0912521 0.0248365 0.0249952 2.4012
-0.647518 0.0854402 0.0248534 0.0249952 2.4012
-0.639627 0.0792908 0.0248704 0.0249952 2.4012
-0.631986 0.0728342 0.0248873 0.0249953 2.4012
-0.624589 0.0660993 0.0249036 0.0249954 2.4012
-0.617429 0.0591133 0.0249192 0.0249955 2.4012
-0.610496 0.0519016 0.0249338 0.0249956 2.4012
-0.60378 0.0444882 0.0249471 0.0249958 2.4012
-0.597267 0.0368954 0.0249589 0.024996 2.4012
-0.590944 0.0291438 0.0249689 0.0249962 2.4012
-0.584797 0.0212529 0.024977 0.0249964 2.4012
-0.578808 0.0132407 0.024983 0.0249966 2.4012
-0.572963 0.00512392 0.0249868 0.0249968 2.4012
-0.567243 -0.0030817 0.0249883 0.024997 2.4012
-0.561631 -0.0113616 0.0249875 0.0249973 2.4012
-0.55611 -0.019702 0.0249842 0.0249975 2.4012
-0.550663 -0.02809 0.0249786 0.0249977 2.4012
-0.54527 -0.0365135 0.0249707 0.0249979 2.4012
-0.539916 -0.0449613 0.0249605 0.0249981 2.4012
-0.534583 -0.0534224 0.0249482 0.0249983 2.4012
-0.529255 -0.0618863 0.0249339 0.0249985 2.4012
-0.523916 -0.0703427 0.0249178 0.0249987 2.4012
-0.518549 -0.0787819 0.0249 0.0249988 2.4012
-0.513141 -0.0871945 0.0248809 0.024999 2.4012
-0.507679 -0.0955718 0.0248605 0.0249991 2.4012
-0.502151 -0.103906 0.0248391 0.0249993 2.4012
-0.496549 -0.11219 0.024817 0.0249994 2.4012
-0.490866 -0.120418 0.0247942 0.0249995 2.4012
-0.4851 -0.128589 0.0247709 0.0249996 2.4012
-0.479254 -0.136703 0.0247474 0.0249998 2.4012
-0.473342 -0.144768 0.0247237 0.0249999 2.4012
-0.467424 -0.152829 0.0247 0.0249999 2.4012
