-0.835741 0.11868 0.0250688 0.0250001 1.82091
-0.825882 0.120353 0.0250678 0.0250001 1.82091
-0.815976 0.121716 0.0250668 0.0250003 1.82091
-0.806024 0.122699 0.0250659 0.0250004 1.82091
-0.796039 0.123242 0.0250649 0.0250005 1.82091
-0.78604 0.123294 0.025064 0.0250005 1.82091
-0.776052 0.122816 0.0250632 0.0250006 1.82091
-0.766107 0.121772 0.0250626 0.0250006 1.82091
-0.756242 0.120138 0.0250622 0.0250006 1.82091
-0.746497 0.117897 0.0250621 0.0250006 1.82091
-0.736913 0.115042 0.0250624 0.0250006 1.82091
-0.727535 0.111573 0.0250631 0.0250006 1.82091
-0.718403 0.1075 0.0250643 0.0250007 1.82091
-0.709556 0.102839 0.0250658 0.0250007 1.82091
-0.701029 0.0976162 0.0250678 0.0250007 1.82091
-0.692851 0.0918613 0.0250701 0.0250008 1.82091
-0.685046 0.0856107 0.0250727 0.0250008 1.82091
-0.67763 0.0789041 0.0250754 0.0250009 1.82091
-0.670608 0.0717845 0.0250782 0.025001 1.82091
-0.663983 0.0642958 0.0250809 0.0250011 1.82091
-0.657743 0.0564824 0.0250833 0.0250012 1.82091
-0.651873 0.048388 0.0250854 0.0250014 1.82091
-0.646347 0.0400546 0.025087 0.0250015 1.82091
-0.641135 0.0315219 0.0250879 0.0250017 1.82091
-0.636198 0.0228273 0.0250879 0.0250018 1.82091
-0.631492 0.0140052 0.0250871 0.025002 1.82091
-0.626971 0.00508776 0.0250851 0.0250021 1.82091
-0.622581 -0.00389514 0.025082 0.0250023 1.82091
-0.618268 -0.0129152 0.0250776 0.0250025 1.82091
-0.613976 -0.0219448 0.0250719 0.0250026 1.82091
-0.609646 -0.0309567 0.0250648 0.0250027 1.82091
-0.605222 -0.0399225 0.0250562 0.0250029 1.82091
-0.600648 -0.0488123 0.0250461 0.025003 1.82091
-0.595869 -0.0575936 0.0250346 0.0250031 1.82091
-0.590834 -0.0662309 0.0250217 0.0250031 1.82091
-0.585498 -0.074685 0.0250074 0.0250032 1.82091
-0.579819 -0.082913 0.0249918 0.0250032 1.82091
-0.573764 -0.0908682 0.024975 0.0250031 1.82091
-0.567307 -0.0985006 0.0249571 0.0250031 1.82091
-0.56043 -0.105757 0.0249384 0.0250029 1.82091
-0.553125 -0.112584 0.024919 0.0250028 1.82091
-0.545396 -0.118925 0.0248992 0.0250026 1.82091
-0.537253 -0.124727 0.0248792 0.0250023 1.82091
-0.52872 -0.129937 0.0248594 0.025002 1.82091
-0.519828 -0.134509 0.0248399 0.0250016 1.82091
-0.510617 -0.138399 0.0248212 0.0250012 1.82091
-0.501135 -0.141573 0.0248037 0.0250008 1.82091
-0.491435 -0.144003 0.0247876 0.0250003 1.82091
-0.481575 -0.145671 0.0247732 0.0249998 1.82091
-0.471615 -0.146567 0.024761 0.0249993 1.82091
-0.461615 -0.146693 0.0247512 0.0249987 1.82091
-0.451634 -0.146057 0.024744 0.0249982 1.82091
-0.441728 -0.144678 0.0247398 0.0249977 1.82091
-0.431948 -0.142582 0.0247386 0.0249972 1.82091
-0.422341 -0.139799 0.0247406 0.0249967 1.82091
-0.412945 -0.136368 0.0247457 0.0249963 1.82091
-0.403793 -0.132329 0.024754 0.0249959 1.82091
-0.394911 -0.127727 0.0247652 0.0249955 1.82091
-0.386317 -0.122607 0.0247792 0.0249953 1.82091
-0.378022 -0.117015 0.0247958 0.024995 1.82091
-0.370032 -0.110995 0.0248147 0.0249948 1.82091
-0.362345 -0.104592 0.0248355 0.0249947 1.82091
-0.354955 -0.0978484 0.0248578 0.0249946 1.82091
-0.347852 -0.0908033 0.0248813 0.0249945 1.82091
-0.341021 -0.0834942 0.0249055 0.0249945 1.82091
-0.334445 -0.0759551 0.0249299 0.0249945 1.82091
-0.328103 -0.0682177 0.024954 0.0249946 1.82091
-0.321974 -0.0603106 0.0249775 0.0249947 1.82091
-0.316035 -0.0522599 0.0249998 0.0249949 1.82091
-0.310263 -0.0440891 0.0250205 0.0249951 1.82091
-0.304633 -0.0358196 0.0250392 0.0249953 1.82091
-0.299123 -0.0274707 0.0250554 0.0249955 1.82091
-0.293707 -0.0190601 0.0250689 0.0249957 1.82091
-0.288362 -0.010604 0.0250793 0.024996 1.82091
-0.283067 -0.00211754 0.0250863 0.0249962 1.82091
-0.277798 0.00638507 0.0250898 0.0249965 1.82091
-0.272533 0.0148904 0.0250896 0.0249967 1.82091
-0.267253 0.0233855 0.0250856 0.0249969 1.82091
-0.261936 0.0318579 0.0250777 0.0249972 1.82091
-0.256565 0.0402953 0.025066 0.0249974 1.82091
-0.25112 0.0486856 0.0250506 0.0249976 1.82091
-0.245586 0.0570167 0.0250316 0.0249977 1.82091
-0.239946 0.0652767 0.0250091 0.0249979 1.82091
-0.234186 0.0734535 0.0249835 0.024998 1.82091
-0.228294 0.0815352 0.0249548 0.0249981 1.82091
-0.222258 0.0895098 0.0249234 0.0249982 1.82091
-0.216068 0.0973649 0.0248897 0.0249983 1.82091
-0.209714 0.105088 0.0248537 0.0249984 1.82091
-0.203189 0.112668 0.0248159 0.0249985 1.82091
-0.196489 0.120093 0.0247764 0.0249986 1.82091
-0.189609 0.127352 0.0247356 0.0249986 1.82091
-0.182548 0.134435 0.0246936 0.0249987 1.82091
-0.175307 0.141333 0.0246507 0.0249988 1.82091
-0.167888 0.148039 0.024607 0.0249989 1.82091
-0.160298 0.15455 0.0245626 0.024999 1.82091
-0.152542 0.160864 0.0245179 0.0249992 1.82091
-0.144634 0.166985 0.0244727 0.0249993 1.82091
-0.136587 0.172923 0.0244273 0.0249995 1.82091
-0.128421 0.178695 0.0243817 0.0249996 1.82091
-0.120164 0.184337 0.024336 0.0249998 1.82091
-0.111901 0.18997 0.0242903 0.0249999 1.82091
