-0.949419 -0.0668765 0.0251025 0.0250001 2.06103
-0.944793 -0.0580112 0.0250961 0.0250001 2.06103
-0.940244 -0.0491058 0.0250897 0.0250003 2.06103
-0.935769 -0.0401635 0.0250832 0.0250004 2.06103
-0.931353 -0.0311918 0.0250766 0.0250006 2.06103
-0.926975 -0.0222017 0.0250698 0.0250007 2.06103
-0.922607 -0.0132065 0.0250628 0.0250009 2.06103
-0.918219 -0.0042219 0.0250555 0.025001 2.06103
-0.913772 0.0047343 0.0250479 0.0250011 2.06103
-0.90923 0.0136421 0.0250399 0.0250013 2.06103
-0.904552 0.0224789 0.0250316 0.0250014 2.06103
-0.899695 0.0312194 0.0250229 0.0250015 2.06103
-0.894621 0.0398348 0.0250139 0.0250015 2.06103
-0.889288 0.0482928 0.0250048 0.0250016 2.06103
-0.88366 0.0565572 0.0249955 0.0250016 2.06103
-0.877703 0.0645878 0.0249862 0.0250015 2.06103
-0.871389 0.0723401 0.024977 0.0250015 2.06103
-0.864693 0.0797661 0.0249682 0.0250014 2.06103
-0.8576 0.086814 0.02496 0.0250012 2.06103
-0.850102 0.0934294 0.0249525 0.0250011 2.06103
-0.8422 0.0995555 0.0249459 0.0250009 2.06103
-0.833902 0.105135 0.0249404 0.0250008 2.06103
-0.825229 0.110112 0.0249361 0.0250006 2.06103
-0.81621 0.114431 0.0249332 0.0250004 2.06103
-0.806886 0.118043 0.0249317 0.0250003 2.06103
-0.797304 0.120903 0.0249316 0.0250001 2.06103
-0.78752 0.122974 0.024933 0.0249999 2.06103
-0.777599 0.124228 0.0249359 0.0249997 2.06103
-0.767607 0.124646 0.0249401 0.0249995 2.06103
-0.757616 0.124222 0.0249454 0.0249994 2.06103
-0.747696 0.122959 0.0249518 0.0249993 2.06103
-0.737915 0.120873 0.024959 0.0249992 2.06103
-0.728339 0.117989 0.0249667 0.0249992 2.06103
-0.719026 0.114345 0.0249747 0.0249992 2.06103
-0.710027 0.109982 0.0249828 0.0249992 2.06103
-0.701383 0.104953 0.0249905 0.0249993 2.06103
-0.693125 0.0993121 0.0249978 0.0249994 2.06103
-0.685274 0.0931181 0.0250041 0.0249994 2.06103
-0.677838 0.0864309 0.0250094 0.0249994 2.06103
-0.670816 0.0793104 0.0250136 0.0249995 2.06103
-0.664196 0.0718149 0.0250164 0.0249995 2.06103
-0.657957 0.0639997 0.0250179 0.0249995 2.06103
-0.652068 0.0559169 0.0250179 0.0249995 2.06103
-0.646494 0.0476144 0.0250166 0.0249996 2.06103
-0.641191 0.0391359 0.025014 0.0249996 2.06103
-0.636112 0.0305211 0.0250101 0.0249996 2.06103
-0.631207 0.0218063 0.0250049 0.0249997 2.06103
-0.626423 0.0130247 0.0249986 0.0249998 2.06103
-0.621706 0.00420691 0.0249911 0.0249999 2.06103
-0.617003 -0.00461815 0.0249826 0.0250001 2.06103
-0.612262 -0.0134223 0.0249731 0.0250002 2.06103
-0.607431 -0.0221777 0.0249626 0.0250004 2.06103
-0.602462 -0.0308557 0.0249511 0.0250006 2.06103
-0.597312 -0.0394269 0.0249389 0.0250008 2.06103
-0.591939 -0.0478602 0.0249258 0.025001 2.06103
-0.586309 -0.0561231 0.024912 0.0250012 2.06103
-0.580389 -0.0641813 0.0248976 0.0250014 2.06103
-0.574155 -0.0719989 0.0248827 0.0250016 2.06103
-0.567588 -0.0795387 0.0248672 0.0250017 2.06103
-0.560675 -0.0867626 0.0248514 0.0250019 2.06103
-0.55341 -0.0936321 0.0248353 0.0250021 2.06103
-0.545793 -0.100109 0.024819 0.0250022 2.06103
-0.537831 -0.106155 0.0248026 0.0250024 2.06103
-0.529535 -0.111735 0.0247861 0.0250025 2.06103
-0.520924 -0.116815 0.0247699 0.0250026 2.06103
-0.51202 -0.121364 0.0247538 0.0250026 2.06103
-0.502853 -0.125353 0.0247382 0.0250026 2.06103
-0.493453 -0.128759 0.0247231 0.0250026 2.06103
-0.483855 -0.13156 0.0247087 0.0250026 2.06103
-0.474098 -0.133741 0.0246952 0.0250025 2.06103
-0.464221 -0.135288 0.0246826 0.0250024 2.06103
-0.454264 -0.136196 0.0246711 0.0250023 2.06103
-0.444269 -0.136459 0.0246609 0.0250021 2.06103
-0.434278 -0.136078 0.0246522 0.0250019 2.06103
-0.424331 -0.135059 0.0246449 0.0250017 2.06103
-0.414469 -0.133411 0.0246394 0.0250015 2.06103
-0.404731 -0.131145 0.0246356 0.0250012 2.06103
-0.395151 -0.128279 0.0246338 0.0250009 2.06103
-0.385764 -0.124832 0.024634 0.0250006 2.06103
-0.376602 -0.120827 0.0246363 0.0250003 2.06103
-0.367691 -0.116288 0.0246409 0.025 2.06103
-0.359057 -0.111244 0.0246478 0.0249997 2.06103
-0.350719 -0.105722 0.024657 0.0249995 2.06103
-0.342695 -0.0997534 0.0246686 0.0249992 2.06103
-0.334999 -0.0933677 0.0246825 0.024999 2.06103
-0.327639 -0.0865965 0.0246987 0.0249988 2.06103
-0.320621 -0.0794709 0.024717 0.0249987 2.06103
-0.313948 -0.072022 0.0247374 0.0249985 2.06103
-0.307616 -0.0642799 0.0247597 0.0249985 2.06103
-0.301622 -0.0562744 0.0247837 0.0249984 2.06103
-0.295955 -0.0480337 0.0248093 0.0249984 2.06103
-0.290603 -0.039585 0.0248362 0.0249984 2.06103
-0.28555 -0.030954 0.0248643 0.0249984 2.06103
-0.280778 -0.0221648 0.0248932 0.0249985 2.06103
-0.276264 -0.0132402 0.0249229 0.0249986 2.06103
-0.271984 -0.00420122 0.0249531 0.0249988 2.06103
-0.267911 0.00493242 0.0249836 0.024999 2.06103
-0.264012 0.0141421 0.0250143 0.0249992 2.06103
-0.260254 0.0234096 0.025045 0.0249995 2.06103
-0.256594 0.0327159 0.0250756 0.0249997 2.06103
-0.252937 0.0420234 0.0251062 0.0249999 2.06103
