-1.7455 -0.192203 0.024813 0.0250001 3.38169
-1.73633 -0.196201 0.0248206 0.0250001 3.38169
-1.72707 -0.199967 0.0248281 0.0250003 3.38169
-1.71769 -0.203439 0.0248357 0.0250004 3.38169
-1.70819 -0.206557 0.0248433 0.0250005 3.38169
-1.69856 -0.209267 0.024851 0.0250006 3.38169
-1.68882 -0.211514 0.0248588 0.0250006 3.38169
-1.67897 -0.21325 0.0248668 0.0250006 3.38169
-1.66904 -0.214429 0.024875 0.0250006 3.38169
-1.65906 -0.215009 0.0248834 0.0250006 3.38169
-1.64906 -0.214957 0.0248921 0.0250005 3.38169
-1.63909 -0.214244 0.0249012 0.0250004 3.38169
-1.62918 -0.21285 0.0249108 0.0250003 3.38169
-1.6194 -0.210764 0.0249209 0.0250002 3.38169
-1.6098 -0.207983 0.0249315 0.0250001 3.38169
-1.60042 -0.204512 0.0249426 0.025 3.38169
-1.59132 -0.200368 0.0249542 0.0249999 3.38169
-1.58254 -0.195573 0.0249661 0.0249999 3.38169
-1.57414 -0.190158 0.0249784 0.0249998 3.38169
-1.56613 -0.184161 0.0249908 0.0249998 3.38169
-1.55857 -0.177626 0.0250033 0.0249998 3.38169
-1.55145 -0.170599 0.0250155 0.0249998 3.38169
-1.5448 -0.163129 0.0250273 0.0249999 3.38169
-1.53862 -0.155268 0.0250385 0.0249999 3.38169
-1.5329 -0.147065 0.0250489 0.0250001 3.38169
-1.52763 -0.138569 0.0250582 0.0250002 3.38169
-1.52277 -0.129827 0.0250663 0.0250003 3.38169
-1.51831 -0.120879 0.0250728 0.0250005 3.38169
-1.51419 -0.111767 0.0250777 0.0250007 3.38169
-1.51038 -0.102523 0.0250808 0.0250009 3.38169
-1.50682 -0.0931783 0.0250818 0.0250011 3.38169
-1.50346 -0.0837609 0.0250808 0.0250013 3.38169
-1.50024 -0.0742945 0.0250776 0.0250015 3.38169
-1.4971 -0.064801 0.0250721 0.0250017 3.38169
-1.49398 -0.0553011 0.0250644 0.0250019 3.38169
-1.49082 -0.045815 0.0250545 0.0250021 3.38169
-1.48756 -0.0363638 0.0250426 0.0250022 3.38169
-1.48414 -0.0269702 0.0250286 0.0250023 3.38169
-1.48049 -0.0176594 0.0250128 0.0250024 3.38169
-1.47658 -0.00845994 0.0249954 0.0250025 3.38169
-1.47234 0.000595753 0.0249766 0.0250025 3.38169
-1.46774 0.00947122 0.0249567 0.0250024 3.38169
-1.46273 0.0181259 0.024936 0.0250023 3.38169
-1.45729 0.0265152 0.0249149 0.0250022 3.38169
-1.4514 0.0345915 0.0248936 0.0250021 3.38169
-1.44504 0.0423047 0.0248726 0.0250019 3.38169
-1.4382 0.0496032 0.0248521 0.0250016 3.38169
-1.4309 0.0564355 0.0248325 0.0250013 3.38169
-1.42315 0.0627513 0.0248142 0.025001 3.38169
-1.41497 0.0685032 0.0247973 0.0250007 3.38169
-1.4064 0.0736478 0.0247823 0.0250003 3.38169
-1.39747 0.078147 0.0247693 0.0249999 3.38169
-1.38823 0.0819695 0.0247584 0.0249995 3.38169
-1.37873 0.0850909 0.0247499 0.0249991 3.38169
-1.36902 0.0874948 0.0247438 0.0249987 3.38169
-1.35916 0.089173 0.0247402 0.0249983 3.38169
-1.3492 0.0901251 0.0247391 0.0249979 3.38169
-1.3392 0.0903585 0.0247404 0.0249975 3.38169
-1.32921 0.0898876 0.0247441 0.0249971 3.38169
-1.31928 0.0887333 0.02475 0.0249967 3.38169
-1.30944 0.0869218 0.0247581 0.0249964 3.38169
-1.29974 0.0844837 0.0247682 0.0249961 3.38169
-1.2902 0.0814533 0.0247802 0.0249958 3.38169
-1.28087 0.0778673 0.0247937 0.0249955 3.38169
-1.27174 0.0737635 0.0248087 0.0249953 3.38169
-1.26285 0.0691805 0.0248248 0.0249952 3.38169
-1.2542 0.0641561 0.0248418 0.0249951 3.38169
-1.2458 0.0587276 0.0248593 0.024995 3.38169
-1.23764 0.0529307 0.0248771 0.024995 3.38169
-1.22974 0.0467998 0.0248947 0.0249951 3.38169
-1.22208 0.0403669 0.0249119 0.0249951 3.38169
-1.21465 0.0336623 0.0249283 0.0249952 3.38169
-1.20745 0.0267144 0.0249437 0.0249953 3.38169
-1.20047 0.0195494 0.0249576 0.0249955 3.38169
-1.1937 0.0121918 0.02497 0.0249956 3.38169
-1.18711 0.00466425 0.0249804 0.0249958 3.38169
-1.18069 -0.00301207 0.0249887 0.024996 3.38169
-1.17444 -0.0108176 0.0249946 0.0249962 3.38169
-1.16832 -0.0187342 0.024998 0.0249965 3.38169
-1.16233 -0.026745 0.0249988 0.0249967 3.38169
-1.15645 -0.0348341 0.0249969 0.0249969 3.38169
-1.15065 -0.0429868 0.0249921 0.0249971 3.38169
-1.14493 -0.0511891 0.0249846 0.0249973 3.38169
-1.13926 -0.059428 0.0249742 0.0249976 3.38169
-1.13362 -0.067691 0.0249611 0.0249978 3.38169
-1.12801 -0.0759662 0.0249453 0.024998 3.38169
-1.12239 -0.0842423 0.024927 0.0249981 3.38169
-1.11676 -0.0925085 0.0249063 0.0249983 3.38169
-1.1111 -0.100754 0.0248834 0.0249985 3.38169
-1.10539 -0.108968 0.0248584 0.0249986 3.38169
-1.09963 -0.11714 0.0248317 0.0249988 3.38169
-1.09379 -0.125261 0.0248033 0.0249989 3.38169
-1.08787 -0.133321 0.0247736 0.024999 3.38169
-1.08186 -0.141312 0.0247427 0.0249992 3.38169
-1.07575 -0.149226 0.0247109 0.0249993 3.38169
-1.06953 -0.157056 0.0246784 0.0249994 3.38169
-1.0632 -0.164801 0.0246453 0.0249995 3.38169
-1.05677 -0.172457 0.0246118 0.0249996 3.38169
-1.05024 -0.180032 0.0245781 0.0249998 3.38169
-1.04363 -0.187538 0.0245443 0.0249999 3.38169
-1.03701 -0.195039 0.0245104 0.0249999 3.38169
