-2.11734 -0.119036 0.0250596 0.0250001 4.04202
-2.11266 -0.110197 0.0250571 0.0250001 4.04202
-2.10803 -0.101336 0.0250545 0.0250002 4.04202
-2.10342 -0.0924577 0.0250518 0.0250003 4.04202
-2.09883 -0.083574 0.0250489 0.0250005 4.04202
-2.09423 -0.0746979 0.0250458 0.0250006 4.04202
-2.08958 -0.0658457 0.0250422 0.0250007 4.04202
-2.08485 -0.0570362 0.0250381 0.0250009 4.04202
-2.08 -0.0482909 0.0250333 0.025001 4.04202
-2.07499 -0.0396341 0.0250279 0.0250011 4.04202
-2.06979 -0.0310932 0.0250218 0.0250012 4.04202
-2.06436 -0.0226991 0.025015 0.0250013 4.04202
-2.05866 -0.0144864 0.0250075 0.0250014 4.04202
-2.05265 -0.00649357 0.0249994 0.0250014 4.04202
-2.04631 0.00123692 0.024991 0.0250014 4.04202
-2.03961 0.00865883 0.0249822 0.0250013 4.04202
-2.03253 0.0157226 0.0249735 0.0250012 4.04202
-2.02507 0.0223756 0.024965 0.0250011 4.04202
-2.01721 0.0285629 0.0249571 0.025001 4.04202
-2.00897 0.0342284 0.0249499 0.0250008 4.04202
-2.00036 0.0393161 0.0249437 0.0250006 4.04202
-1.99141 0.0437717 0.0249387 0.0250004 4.04202
-1.98215 0.0475441 0.024935 0.0250002 4.04202
-1.97263 0.0505871 0.0249329 0.025 4.04202
-1.96289 0.0528613 0.0249323 0.0249998 4.04202
-1.953 0.0543351 0.0249334 0.0249995 4.04202
-1.94302 0.0549865 0.0249361 0.0249993 4.04202
-1.93302 0.054804 0.0249403 0.0249992 4.04202
-1.92307 0.0537867 0.024946 0.024999 4.04202
-1.91324 0.0519449 0.0249529 0.0249989 4.04202
-1.9036 0.0493 0.024961 0.0249988 4.04202
-1.8942 0.045883 0.0249698 0.0249987 4.04202
-1.8851 0.0417342 0.0249793 0.0249987 4.04202
-1.87634 0.0369013 0.024989 0.0249987 4.04202
-1.86796 0.0314373 0.0249987 0.0249988 4.04202
-1.85999 0.0253996 0.025008 0.0249989 4.04202
-1.85244 0.018847 0.0250167 0.024999 4.04202
-1.8453 0.011839 0.0250243 0.0249991 4.04202
-1.83858 0.00443411 0.0250307 0.0249992 4.04202
-1.83225 -0.00331123 0.0250357 0.0249992 4.04202
-1.8263 -0.0113437 0.0250391 0.0249993 4.04202
-1.82067 -0.019614 0.0250408 0.0249994 4.04202
-1.81534 -0.0280766 0.0250409 0.0249995 4.04202
-1.81026 -0.0366904 0.0250392 0.0249996 4.04202
-1.80538 -0.0454177 0.0250359 0.0249997 4.04202
-1.80064 -0.0542243 0.0250309 0.0249998 4.04202
-1.796 -0.0630788 0.0250244 0.0249999 4.04202
-1.79138 -0.0719515 0.0250163 0.0250001 4.04202
-1.78675 -0.0808143 0.0250067 0.0250002 4.04202
-1.78205 -0.089639 0.0249957 0.0250004 4.04202
-1.77722 -0.0983973 0.0249835 0.0250006 4.04202
-1.77223 -0.10706 0.02497 0.0250008 4.04202
-1.76702 -0.115596 0.0249554 0.025001 4.04202
-1.76156 -0.123972 0.0249399 0.0250012 4.04202
-1.75581 -0.132155 0.0249236 0.0250014 4.04202
-1.74975 -0.140108 0.0249066 0.0250015 4.04202
-1.74336 -0.147793 0.0248891 0.0250017 4.04202
-1.73661 -0.155171 0.0248713 0.0250018 4.04202
-1.7295 -0.162202 0.0248535 0.025002 4.04202
-1.72203 -0.168847 0.0248357 0.0250021 4.04202
-1.7142 -0.175065 0.0248182 0.0250022 4.04202
-1.70602 -0.18082 0.0248011 0.0250023 4.04202
-1.69752 -0.186076 0.0247847 0.0250023 4.04202
-1.68871 -0.190799 0.024769 0.0250023 4.04202
-1.67962 -0.19496 0.0247544 0.0250023 4.04202
-1.67028 -0.198533 0.0247408 0.0250023 4.04202
-1.66073 -0.201497 0.0247284 0.0250022 4.04202
-1.65101 -0.203833 0.0247173 0.0250022 4.04202
-1.64115 -0.20553 0.0247076 0.025002 4.04202
-1.63121 -0.206579 0.0246994 0.0250019 4.04202
-1.62122 -0.206977 0.0246927 0.0250018 4.04202
-1.61123 -0.206725 0.0246876 0.0250016 4.04202
-1.60127 -0.205828 0.024684 0.0250014 4.04202
-1.59139 -0.204294 0.0246821 0.0250012 4.04202
-1.58162 -0.202137 0.0246818 0.025001 4.04202
-1.57201 -0.199374 0.0246831 0.0250007 4.04202
-1.56259 -0.196023 0.024686 0.0250005 4.04202
-1.55339 -0.192109 0.0246905 0.0250002 4.04202
-1.54444 -0.187655 0.0246967 0.0249999 4.04202
-1.53576 -0.18269 0.0247044 0.0249997 4.04202
-1.52737 -0.177241 0.0247137 0.0249994 4.04202
-1.5193 -0.17134 0.0247247 0.0249992 4.04202
-1.51155 -0.165018 0.0247372 0.0249989 4.04202
-1.50414 -0.158304 0.0247512 0.0249988 4.04202
-1.49707 -0.15123 0.0247666 0.0249986 4.04202
-1.49034 -0.143827 0.0247834 0.0249985 4.04202
-1.48396 -0.136125 0.0248014 0.0249984 4.04202
-1.47792 -0.128154 0.0248204 0.0249983 4.04202
-1.47222 -0.11994 0.0248404 0.0249983 4.04202
-1.46683 -0.111511 0.0248613 0.0249983 4.04202
-1.46176 -0.102892 0.0248828 0.0249984 4.04202
-1.45698 -0.0941064 0.0249049 0.0249984 4.04202
-1.45247 -0.0851771 0.0249273 0.0249985 4.04202
-1.44822 -0.0761242 0.0249501 0.0249986 4.04202
-1.4442 -0.0669665 0.0249731 0.0249988 4.04202
-1.44039 -0.0577215 0.0249962 0.0249989 4.04202
-1.43675 -0.048405 0.0250193 0.0249991 4.04202
-1.43327 -0.039032 0.0250423 0.0249993 4.04202
-1.4299 -0.0296166 0.0250652 0.0249995 4.04202
-1.42661 -0.0201735 0.025088 0.0249998 4.04202
-1.42332 -0.0107298 0.0251107 0.0249999 4.04202
