-1.5566 -0.150246 0.0250218 0.0250001 3.12156
-1.55115 -0.141859 0.0250177 0.0250002 3.12156
-1.54588 -0.133364 0.0250136 0.0250003 3.12156
-1.54079 -0.124755 0.0250096 0.0250005 3.12156
-1.5359 -0.116033 0.0250056 0.0250006 3.12156
-1.5312 -0.107204 0.0250018 0.0250008 3.12156
-1.5267 -0.0982796 0.024998 0.025001 3.12156
-1.52236 -0.0892714 0.0249942 0.0250011 3.12156
-1.51816 -0.0801943 0.0249905 0.0250013 3.12156
-1.51409 -0.071064 0.0249869 0.0250015 3.12156
-1.51009 -0.0618969 0.0249832 0.0250016 3.12156
-1.50615 -0.0527102 0.0249796 0.0250017 3.12156
-1.5022 -0.0435216 0.0249758 0.0250019 3.12156
-1.49822 -0.0343504 0.024972 0.025002 3.12156
-1.49415 -0.0252171 0.0249681 0.0250021 3.12156
-1.48995 -0.0161443 0.0249641 0.0250022 3.12156
-1.48557 -0.0071574 0.0249599 0.0250023 3.12156
-1.48096 0.00171517 0.0249557 0.0250023 3.12156
-1.47608 0.0104412 0.0249515 0.0250023 3.12156
-1.47089 0.0189843 0.0249472 0.0250023 3.12156
-1.46534 0.0273039 0.0249431 0.0250023 3.12156
-1.45941 0.0353548 0.0249393 0.0250022 3.12156
-1.45308 0.0430875 0.0249358 0.0250022 3.12156
-1.44631 0.0504482 0.0249329 0.0250021 3.12156
-1.4391 0.0573802 0.0249305 0.025002 3.12156
-1.43146 0.0638242 0.024929 0.0250019 3.12156
-1.42338 0.0697205 0.0249282 0.0250018 3.12156
-1.4149 0.0750096 0.0249284 0.0250017 3.12156
-1.40603 0.079635 0.0249296 0.0250015 3.12156
-1.39683 0.0835442 0.0249319 0.0250014 3.12156
-1.38734 0.086691 0.0249353 0.0250012 3.12156
-1.37762 0.0890376 0.0249397 0.0250011 3.12156
-1.36774 0.0905554 0.0249451 0.025001 3.12156
-1.35776 0.0912267 0.0249515 0.0250008 3.12156
-1.34776 0.0910456 0.0249588 0.0250007 3.12156
-1.33782 0.0900174 0.0249667 0.0250005 3.12156
-1.32799 0.088159 0.0249752 0.0250004 3.12156
-1.31835 0.0854982 0.0249841 0.0250002 3.12156
-1.30896 0.0820726 0.0249931 0.025 3.12156
-1.29986 0.0779279 0.0250022 0.0249998 3.12156
-1.29109 0.0731165 0.0250113 0.0249996 3.12156
-1.28269 0.0676951 0.0250202 0.0249994 3.12156
-1.27466 0.0617233 0.0250288 0.0249992 3.12156
-1.26703 0.0552614 0.025037 0.024999 3.12156
-1.25979 0.0483693 0.0250448 0.0249989 3.12156
-1.25291 0.0411049 0.025052 0.0249987 3.12156
-1.24639 0.0335231 0.0250586 0.0249986 3.12156
-1.24019 0.0256752 0.0250645 0.0249986 3.12156
-1.23428 0.0176083 0.0250696 0.0249986 3.12156
-1.22861 0.00936556 0.0250737 0.0249986 3.12156
-1.22315 0.000986307 0.0250767 0.0249987 3.12156
-1.21785 -0.00749365 0.0250784 0.0249988 3.12156
-1.21266 -0.0160414 0.0250788 0.024999 3.12156
-1.20753 -0.0246263 0.0250777 0.0249991 3.12156
-1.20242 -0.0332196 0.025075 0.0249993 3.12156
-1.19727 -0.0417933 0.0250707 0.0249995 3.12156
-1.19204 -0.0503201 0.0250646 0.0249997 3.12156
-1.1867 -0.0587725 0.0250567 0.025 3.12156
-1.1812 -0.0671226 0.0250471 0.0250002 3.12156
-1.1755 -0.0753419 0.0250358 0.0250004 3.12156
-1.16958 -0.0834006 0.0250227 0.0250006 3.12156
-1.16341 -0.0912684 0.0250081 0.0250008 3.12156
-1.15696 -0.0989138 0.0249919 0.0250009 3.12156
-1.15023 -0.106305 0.0249744 0.0250011 3.12156
-1.14319 -0.113408 0.0249557 0.0250012 3.12156
-1.13585 -0.120191 0.024936 0.0250013 3.12156
-1.12819 -0.126621 0.0249155 0.0250014 3.12156
-1.12022 -0.132666 0.0248943 0.0250015 3.12156
-1.11196 -0.138295 0.0248727 0.0250015 3.12156
-1.10341 -0.143478 0.024851 0.0250015 3.12156
-1.09459 -0.148186 0.0248293 0.0250015 3.12156
-1.08552 -0.152393 0.0248079 0.0250015 3.12156
-1.07622 -0.156076 0.024787 0.0250014 3.12156
-1.06673 -0.159213 0.0247669 0.0250013 3.12156
-1.05707 -0.161787 0.0247478 0.0250012 3.12156
-1.04727 -0.163782 0.0247299 0.025001 3.12156
-1.03737 -0.165187 0.0247134 0.0250009 3.12156
-1.0274 -0.165995 0.0246986 0.0250007 3.12156
-1.0174 -0.166202 0.0246857 0.0250005 3.12156
-1.00741 -0.165806 0.0246747 0.0250003 3.12156
-0.997462 -0.164813 0.024666 0.0250001 3.12156
-0.987588 -0.16323 0.0246595 0.0249998 3.12156
-0.977825 -0.161067 0.0246556 0.0249996 3.12156
-0.968203 -0.15834 0.0246542 0.0249994 3.12156
-0.958754 -0.155066 0.0246554 0.0249991 3.12156
-0.949503 -0.151267 0.0246593 0.0249989 3.12156
-0.940475 -0.146965 0.0246659 0.0249987 3.12156
-0.93169 -0.142185 0.0246749 0.0249986 3.12156
-0.923164 -0.136956 0.0246865 0.0249985 3.12156
-0.914912 -0.131306 0.0247003 0.0249984 3.12156
-0.906942 -0.125264 0.0247163 0.0249984 3.12156
-0.899258 -0.118862 0.0247341 0.0249984 3.12156
-0.89186 -0.112132 0.0247536 0.0249984 3.12156
-0.884744 -0.105104 0.0247745 0.0249985 3.12156
-0.877901 -0.0978112 0.0247966 0.0249986 3.12156
-0.871315 -0.0902847 0.0248196 0.0249987 3.12156
-0.864967 -0.0825566 0.0248433 0.0249989 3.12156
-0.858831 -0.0746596 0.0248674 0.0249992 3.12156
-0.852872 -0.0666281 0.0248917 0.0249994 3.12156
-0.847044 -0.0585019 0.0249162 0.0249997 3.12156
-0.841222 -0.050371 0.0249406 0.0249999 3.12156
