-2.43786 -0.0489819 0.0250736 0.0250001 4.6023
-2.43182 -0.0569528 0.0250687 0.0250002 4.6023
-2.42591 -0.0650231 0.0250637 0.0250003 4.6023
-2.42015 -0.0731978 0.0250587 0.0250005 4.6023
-2.41454 -0.0814738 0.0250538 0.0250007 4.6023
-2.40907 -0.0898426 0.0250489 0.0250008 4.6023
-2.40372 -0.0982917 0.0250441 0.025001 4.6023
-2.39848 -0.106806 0.0250393 0.0250011 4.6023
-2.39331 -0.115367 0.0250347 0.0250013 4.6023
-2.38819 -0.123956 0.0250302 0.0250014 4.6023
-2.38308 -0.132552 0.0250258 0.0250015 4.6023
-2.37795 -0.141131 0.0250215 0.0250017 4.6023
-2.37275 -0.149671 0.0250174 0.0250018 4.6023
-2.36744 -0.158143 0.0250134 0.0250018 4.6023
-2.36198 -0.166518 0.0250095 0.0250019 4.6023
-2.35632 -0.174764 0.0250058 0.0250019 4.6023
-2.35044 -0.182845 0.0250022 0.025002 4.6023
-2.34428 -0.190722 0.0249988 0.0250019 4.6023
-2.33782 -0.198352 0.0249957 0.0250019 4.6023
-2.33102 -0.205688 0.0249928 0.0250018 4.6023
-2.32387 -0.212678 0.0249902 0.0250018 4.6023
-2.31636 -0.219271 0.0249881 0.0250017 4.6023
-2.30846 -0.225409 0.0249865 0.0250015 4.6023
-2.3002 -0.231035 0.0249855 0.0250014 4.6023
-2.29157 -0.236091 0.0249853 0.0250013 4.6023
-2.28261 -0.240521 0.0249857 0.0250012 4.6023
-2.27334 -0.24427 0.024987 0.0250011 4.6023
-2.2638 -0.247289 0.024989 0.025001 4.6023
-2.25406 -0.249536 0.0249919 0.0250008 4.6023
-2.24416 -0.250976 0.0249956 0.0250007 4.6023
-2.23418 -0.251583 0.0250001 0.0250006 4.6023
-2.22419 -0.251344 0.0250052 0.0250005 4.6023
-2.21425 -0.250256 0.0250109 0.0250005 4.6023
-2.20444 -0.248326 0.0250171 0.0250004 4.6023
-2.19482 -0.245576 0.0250237 0.0250003 4.6023
-2.18547 -0.242035 0.0250303 0.0250003 4.6023
-2.17644 -0.237745 0.025037 0.0250002 4.6023
-2.16777 -0.232751 0.0250434 0.0250001 4.6023
-2.15952 -0.22711 0.0250495 0.025 4.6023
-2.15169 -0.22088 0.0250552 0.0249998 4.6023
-2.14432 -0.214121 0.0250602 0.0249997 4.6023
-2.13741 -0.206896 0.0250647 0.0249996 4.6023
-2.13095 -0.199264 0.0250685 0.0249994 4.6023
-2.12492 -0.191283 0.0250716 0.0249993 4.6023
-2.11931 -0.183008 0.0250739 0.0249992 4.6023
-2.11407 -0.174488 0.0250754 0.0249991 4.6023
-2.10917 -0.165768 0.025076 0.024999 4.6023
-2.10457 -0.156889 0.0250759 0.024999 4.6023
-2.10021 -0.147886 0.0250749 0.0249991 4.6023
-2.09606 -0.138792 0.0250729 0.0249991 4.6023
-2.09204 -0.129633 0.0250699 0.0249992 4.6023
-2.08811 -0.120436 0.0250659 0.0249994 4.6023
-2.08422 -0.111223 0.0250607 0.0249995 4.6023
-2.08031 -0.102017 0.0250544 0.0249997 4.6023
-2.07634 -0.0928405 0.025047 0.0249999 4.6023
-2.07225 -0.0837146 0.0250383 0.0250001 4.6023
-2.068 -0.0746625 0.0250283 0.0250003 4.6023
-2.06355 -0.0657085 0.0250172 0.0250005 4.6023
-2.05886 -0.0568784 0.0250049 0.0250007 4.6023
-2.05389 -0.0481998 0.0249914 0.025001 4.6023
-2.04862 -0.039702 0.0249767 0.0250011 4.6023
-2.04303 -0.0314161 0.0249611 0.0250013 4.6023
-2.03708 -0.0233746 0.0249444 0.0250015 4.6023
-2.03078 -0.0156109 0.0249269 0.0250016 4.6023
-2.02412 -0.00815933 0.0249086 0.0250018 4.6023
-2.01708 -0.00105436 0.0248896 0.0250019 4.6023
-2.00968 0.00566985 0.0248701 0.025002 4.6023
-2.00193 0.0119799 0.0248501 0.025002 4.6023
-1.99383 0.0178436 0.0248298 0.0250021 4.6023
-1.9854 0.0232306 0.0248095 0.0250021 4.6023
-1.97668 0.0281125 0.0247892 0.0250021 4.6023
-1.96768 0.0324636 0.0247692 0.0250021 4.6023
-1.95843 0.0362609 0.0247497 0.025002 4.6023
-1.94896 0.0394846 0.024731 0.0250019 4.6023
-1.93932 0.0421184 0.0247132 0.0250018 4.6023
-1.92953 0.0441499 0.0246968 0.0250016 4.6023
-1.91963 0.0455702 0.0246819 0.0250014 4.6023
-1.90966 0.0463746 0.0246688 0.0250012 4.6023
-1.89967 0.0465623 0.0246577 0.0250009 4.6023
-1.88968 0.0461365 0.024649 0.0250007 4.6023
-1.87973 0.0451043 0.0246429 0.0250004 4.6023
-1.86986 0.0434763 0.0246394 0.0250001 4.6023
-1.86011 0.0412672 0.0246389 0.0249998 4.6023
-1.8505 0.0384945 0.0246413 0.0249995 4.6023
-1.84107 0.0351787 0.0246467 0.0249992 4.6023
-1.83183 0.0313429 0.0246552 0.024999 4.6023
-1.82282 0.0270124 0.0246665 0.0249988 4.6023
-1.81404 0.0222144 0.0246807 0.0249986 4.6023
-1.80552 0.0169778 0.0246975 0.0249985 4.6023
-1.79727 0.0113323 0.0247167 0.0249984 4.6023
-1.78928 0.00530891 0.0247381 0.0249983 4.6023
-1.78157 -0.0010612 0.0247614 0.0249983 4.6023
-1.77413 -0.00774652 0.0247863 0.0249984 4.6023
-1.76696 -0.0147156 0.0248127 0.0249985 4.6023
-1.76004 -0.021937 0.0248401 0.0249986 4.6023
-1.75336 -0.0293798 0.0248684 0.0249988 4.6023
-1.7469 -0.0370128 0.0248973 0.024999 4.6023
-1.74063 -0.0448046 0.0249266 0.0249992 4.6023
-1.73452 -0.0527221 0.0249561 0.0249994 4.6023
-1.72853 -0.0607275 0.0249856 0.0249997 4.6023
-1.72254 -0.0687371 0.0250152 0.0249999 4.6023
