-1.66606 -0.223086 0.0248464 0.0250001 3.28164
-1.65627 -0.221046 0.0248496 0.0250001 3.28164
-1.64656 -0.218683 0.0248529 0.0250002 3.28164
-1.63694 -0.215936 0.0248562 0.0250003 3.28164
-1.62746 -0.212758 0.0248596 0.0250004 3.28164
-1.61815 -0.209118 0.0248632 0.0250004 3.28164
-1.60904 -0.204993 0.024867 0.0250005 3.28164
-1.60017 -0.200372 0.0248711 0.0250005 3.28164
-1.59158 -0.195253 0.0248757 0.0250006 3.28164
-1.5833 -0.189643 0.0248807 0.0250006 3.28164
-1.57537 -0.183556 0.0248862 0.0250007 3.28164
-1.56781 -0.177013 0.0248922 0.0250008 3.28164
-1.56064 -0.170042 0.0248988 0.0250008 3.28164
-1.55388 -0.162675 0.0249058 0.0250009 3.28164
-1.54753 -0.154947 0.0249134 0.025001 3.28164
-1.5416 -0.146894 0.0249213 0.0250011 3.28164
-1.53609 -0.138555 0.0249296 0.0250012 3.28164
-1.53096 -0.129968 0.0249381 0.0250013 3.28164
-1.52621 -0.121169 0.0249467 0.0250015 3.28164
-1.52181 -0.112193 0.0249553 0.0250016 3.28164
-1.51771 -0.103073 0.0249637 0.0250017 3.28164
-1.51388 -0.0938366 0.0249719 0.0250019 3.28164
-1.51027 -0.0845119 0.0249798 0.025002 3.28164
-1.50684 -0.075123 0.0249871 0.0250022 3.28164
-1.50352 -0.065692 0.0249937 0.0250023 3.28164
-1.50026 -0.0562398 0.0249996 0.0250025 3.28164
-1.497 -0.0467866 0.0250046 0.0250026 3.28164
-1.49369 -0.0373529 0.0250087 0.0250027 3.28164
-1.49027 -0.0279603 0.0250117 0.0250028 3.28164
-1.48667 -0.0186327 0.0250135 0.0250029 3.28164
-1.48284 -0.00939695 0.0250143 0.025003 3.28164
-1.47873 -0.0002836 0.0250138 0.025003 3.28164
-1.47429 0.00867241 0.0250121 0.025003 3.28164
-1.46947 0.0174315 0.0250092 0.0250029 3.28164
-1.46423 0.0259495 0.0250051 0.0250028 3.28164
-1.45855 0.0341775 0.025 0.0250027 3.28164
-1.45241 0.0420633 0.0249937 0.0250025 3.28164
-1.44578 0.0495513 0.0249866 0.0250023 3.28164
-1.43867 0.0565847 0.0249787 0.025002 3.28164
-1.4311 0.0631062 0.02497 0.0250017 3.28164
-1.42306 0.0690603 0.024961 0.0250013 3.28164
-1.41461 0.0743945 0.0249516 0.0250009 3.28164
-1.40576 0.0790614 0.0249421 0.0250004 3.28164
-1.39658 0.0830203 0.0249328 0.0249999 3.28164
-1.38711 0.0862382 0.0249238 0.0249994 3.28164
-1.37742 0.0886914 0.0249154 0.0249988 3.28164
-1.36756 0.0903658 0.0249078 0.0249982 3.28164
-1.35759 0.0912573 0.0249013 0.0249977 3.28164
-1.34759 0.0913719 0.0248962 0.0249971 3.28164
-1.33761 0.0907251 0.0248925 0.0249966 3.28164
-1.3277 0.0893403 0.0248905 0.0249961 3.28164
-1.31792 0.0872484 0.0248903 0.0249957 3.28164
-1.30831 0.0844863 0.0248919 0.0249953 3.28164
-1.2989 0.0810957 0.0248953 0.024995 3.28164
-1.28971 0.0771214 0.0249004 0.0249948 3.28164
-1.28079 0.0726107 0.0249071 0.0249946 3.28164
-1.27212 0.0676114 0.0249154 0.0249945 3.28164
-1.26372 0.0621714 0.024925 0.0249944 3.28164
-1.2556 0.0563374 0.0249358 0.0249943 3.28164
-1.24773 0.0501544 0.0249476 0.0249943 3.28164
-1.24012 0.0436654 0.0249602 0.0249943 3.28164
-1.23274 0.0369105 0.0249733 0.0249944 3.28164
-1.22557 0.0299276 0.0249867 0.0249945 3.28164
-1.2186 0.0227512 0.0250002 0.0249946 3.28164
-1.2118 0.0154137 0.0250136 0.0249947 3.28164
-1.20515 0.00794449 0.0250266 0.0249948 3.28164
-1.19861 0.000370765 0.0250391 0.024995 3.28164
-1.19217 -0.00728245 0.0250508 0.0249951 3.28164
-1.18579 -0.014992 0.0250616 0.0249952 3.28164
-1.17946 -0.0227364 0.0250712 0.0249954 3.28164
-1.17314 -0.0304954 0.0250795 0.0249955 3.28164
-1.16683 -0.03825 0.0250863 0.0249957 3.28164
-1.16048 -0.045982 0.0250915 0.0249958 3.28164
-1.15408 -0.0536738 0.0250949 0.0249959 3.28164
-1.14762 -0.0613082 0.0250963 0.024996 3.28164
-1.14107 -0.0688681 0.0250956 0.024996 3.28164
-1.13441 -0.0763367 0.0250925 0.0249961 3.28164
-1.12764 -0.0836969 0.0250868 0.0249962 3.28164
-1.12073 -0.0909317 0.025078 0.0249964 3.28164
-1.11368 -0.0980241 0.0250661 0.0249965 3.28164
-1.10647 -0.104957 0.0250506 0.0249967 3.28164
-1.09909 -0.111714 0.0250315 0.0249969 3.28164
-1.09155 -0.118278 0.0250087 0.0249971 3.28164
-1.08382 -0.124633 0.024982 0.0249973 3.28164
-1.07592 -0.130764 0.0249516 0.0249974 3.28164
-1.06784 -0.136655 0.0249175 0.0249976 3.28164
-1.05957 -0.142292 0.0248799 0.0249977 3.28164
-1.05114 -0.147664 0.024839 0.0249979 3.28164
-1.04253 -0.152756 0.0247949 0.0249981 3.28164
-1.03376 -0.157558 0.024748 0.0249983 3.28164
-1.02483 -0.162061 0.0246986 0.0249985 3.28164
-1.01575 -0.166258 0.0246471 0.0249987 3.28164
-1.00653 -0.170145 0.0245936 0.0249989 3.28164
-0.997195 -0.173721 0.0245386 0.0249991 3.28164
-0.987743 -0.176988 0.0244824 0.0249993 3.28164
-0.978192 -0.179954 0.0244254 0.0249994 3.28164
-0.968558 -0.182633 0.0243678 0.0249996 3.28164
-0.958853 -0.185047 0.0243099 0.0249997 3.28164
-0.949094 -0.187227 0.0242518 0.0249998 3.28164
-0.939296 -0.189229 0.0241938 0.0249999 3.28164
-0.929496 -0.191218 0.0241359 0.0249999 3.28164
