-1.09594 -0.187768 0.0247747 0.0250001 2.30115
-1.08598 -0.18695 0.0247818 0.0250001 2.30115
-1.07604 -0.185809 0.0247889 0.0250002 2.30115
-1.06616 -0.184278 0.0247961 0.0250003 2.30115
-1.05636 -0.182305 0.0248034 0.0250004 2.30115
-1.04666 -0.17985 0.0248108 0.0250005 2.30115
-1.03711 -0.176882 0.0248183 0.0250005 2.30115
-1.02775 -0.173381 0.024826 0.0250005 2.30115
-1.0186 -0.169337 0.024834 0.0250006 2.30115
-1.00972 -0.164748 0.0248423 0.0250006 2.30115
-1.00113 -0.15962 0.024851 0.0250007 2.30115
-0.992884 -0.153969 0.0248599 0.0250007 2.30115
-0.985001 -0.147818 0.0248693 0.0250008 2.30115
-0.977511 -0.141193 0.0248789 0.0250009 2.30115
-0.970433 -0.134129 0.0248887 0.025001 2.30115
-0.963782 -0.126663 0.0248988 0.0250011 2.30115
-0.957562 -0.118835 0.024909 0.0250012 2.30115
-0.95177 -0.110684 0.0249192 0.0250013 2.30115
-0.946396 -0.102252 0.0249294 0.0250015 2.30115
-0.941421 -0.0935788 0.0249395 0.0250016 2.30115
-0.936819 -0.0847021 0.0249493 0.0250018 2.30115
-0.932558 -0.0756571 0.0249588 0.0250019 2.30115
-0.928598 -0.0664762 0.0249678 0.025002 2.30115
-0.924895 -0.0571888 0.0249763 0.0250022 2.30115
-0.9214 -0.0478212 0.024984 0.0250023 2.30115
-0.918061 -0.0383974 0.0249909 0.0250025 2.30115
-0.914821 -0.028939 0.0249969 0.0250026 2.30115
-0.911622 -0.0194668 0.0250018 0.0250028 2.30115
-0.908405 -0.0100008 0.0250056 0.0250029 2.30115
-0.905109 -0.000561944 0.025008 0.025003 2.30115
-0.901676 0.00882762 0.0250092 0.0250032 2.30115
-0.898047 0.0181431 0.0250089 0.0250032 2.30115
-0.894166 0.0273566 0.0250072 0.0250033 2.30115
-0.889982 0.036436 0.0250041 0.0250033 2.30115
-0.885446 0.045345 0.0249994 0.0250033 2.30115
-0.880516 0.0540425 0.0249934 0.0250033 2.30115
-0.875158 0.0624829 0.024986 0.0250032 2.30115
-0.869345 0.0706165 0.0249774 0.0250031 2.30115
-0.863058 0.0783901 0.0249677 0.0250029 2.30115
-0.85629 0.0857485 0.0249571 0.0250027 2.30115
-0.849042 0.0926353 0.0249457 0.0250024 2.30115
-0.841327 0.0989945 0.0249337 0.025002 2.30115
-0.833167 0.104773 0.0249215 0.0250016 2.30115
-0.824595 0.10992 0.0249092 0.0250012 2.30115
-0.815652 0.114393 0.0248971 0.0250007 2.30115
-0.806387 0.118154 0.0248855 0.0250002 2.30115
-0.796853 0.121174 0.0248746 0.0249997 2.30115
-0.787111 0.123433 0.0248647 0.0249991 2.30115
-0.777222 0.124922 0.0248562 0.0249985 2.30115
-0.767246 0.125639 0.0248491 0.024998 2.30115
-0.757245 0.125595 0.0248438 0.0249975 2.30115
-0.747274 0.124805 0.0248405 0.024997 2.30115
-0.737385 0.123296 0.0248392 0.0249965 2.30115
-0.727627 0.121099 0.02484 0.0249961 2.30115
-0.718037 0.118252 0.024843 0.0249958 2.30115
-0.70865 0.114795 0.0248481 0.0249955 2.30115
-0.699491 0.110773 0.0248552 0.0249953 2.30115
-0.690577 0.106231 0.0248643 0.0249951 2.30115
-0.681921 0.101215 0.0248752 0.024995 2.30115
-0.673528 0.095772 0.0248877 0.0249949 2.30115
-0.665396 0.0899453 0.0249016 0.0249948 2.30115
-0.657519 0.0837781 0.0249167 0.0249948 2.30115
-0.649886 0.077311 0.0249328 0.0249948 2.30115
-0.642483 0.0705821 0.0249496 0.0249948 2.30115
-0.635292 0.0636269 0.0249668 0.0249948 2.30115
-0.628293 0.0564783 0.0249841 0.0249949 2.30115
-0.621465 0.0491666 0.0250013 0.024995 2.30115
-0.614785 0.0417197 0.025018 0.0249951 2.30115
-0.60823 0.0341631 0.025034 0.0249952 2.30115
-0.601775 0.0265203 0.0250488 0.0249953 2.30115
-0.595398 0.018813 0.0250621 0.0249955 2.30115
-0.589074 0.0110615 0.0250737 0.0249957 2.30115
-0.582783 0.00328448 0.0250832 0.0249958 2.30115
-0.5765 -0.00450003 0.0250903 0.024996 2.30115
-0.570206 -0.012275 0.0250948 0.0249962 2.30115
-0.563881 -0.0200239 0.0250963 0.0249964 2.30115
-0.557504 -0.0277307 0.0250946 0.0249966 2.30115
-0.551059 -0.0353797 0.0250896 0.0249968 2.30115
-0.544527 -0.0429553 0.025081 0.024997 2.30115
-0.537894 -0.050442 0.0250687 0.0249971 2.30115
-0.531146 -0.0578247 0.0250526 0.0249973 2.30115
-0.524269 -0.0650879 0.0250327 0.0249975 2.30115
-0.517253 -0.0722165 0.025009 0.0249976 2.30115
-0.510089 -0.0791957 0.0249815 0.0249978 2.30115
-0.502769 -0.0860107 0.0249504 0.0249979 2.30115
-0.495286 -0.0926474 0.0249157 0.024998 2.30115
-0.487638 -0.0990918 0.0248778 0.0249981 2.30115
-0.479821 -0.10533 0.0248367 0.0249983 2.30115
-0.471834 -0.11135 0.0247928 0.0249984 2.30115
-0.463678 -0.117139 0.0247463 0.0249985 2.30115
-0.455357 -0.122686 0.0246975 0.0249987 2.30115
-0.446874 -0.127983 0.0246467 0.0249988 2.30115
-0.438236 -0.133023 0.0245941 0.0249989 2.30115
-0.42945 -0.1378 0.0245401 0.0249991 2.30115
-0.420527 -0.142315 0.0244849 0.0249992 2.30115
-0.411477 -0.146571 0.0244287 0.0249993 2.30115
-0.402314 -0.150576 0.024372 0.0249995 2.30115
-0.393052 -0.154346 0.0243147 0.0249996 2.30115
-0.383708 -0.15791 0.0242572 0.0249997 2.30115
-0.374304 -0.161311 0.0241995 0.0249999 2.30115
-0.364897 -0.164702 0.0241419 0.0249999 2.30115
