-2.20553 -0.245879 0.0249189 0.0250001 4.22211
-2.19708 -0.240531 0.0249194 0.0250001 4.22211
-2.1888 -0.234917 0.0249199 0.0250003 4.22211
-2.18074 -0.228998 0.0249204 0.0250004 4.22211
-2.17293 -0.222752 0.024921 0.0250005 4.22211
-2.16541 -0.216168 0.0249218 0.0250006 4.22211
-2.15819 -0.209247 0.0249228 0.0250007 4.22211
-2.15131 -0.201996 0.0249239 0.0250009 4.22211
-2.14477 -0.194432 0.0249254 0.025001 4.22211
-2.13858 -0.186573 0.0249271 0.0250011 4.22211
-2.13276 -0.178443 0.024929 0.0250013 4.22211
-2.1273 -0.17007 0.0249313 0.0250014 4.22211
-2.12218 -0.16148 0.0249337 0.0250016 4.22211
-2.11739 -0.152703 0.0249364 0.0250017 4.22211
-2.11291 -0.143766 0.0249392 0.0250019 4.22211
-2.1087 -0.134697 0.0249422 0.0250021 4.22211
-2.10473 -0.12552 0.0249451 0.0250022 4.22211
-2.10096 -0.11626 0.0249481 0.0250024 4.22211
-2.09734 -0.106939 0.024951 0.0250026 4.22211
-2.09383 -0.0975778 0.0249538 0.0250027 4.22211
-2.09037 -0.0881969 0.0249564 0.0250029 4.22211
-2.08692 -0.0788163 0.0249588 0.025003 4.22211
-2.0834 -0.0694565 0.024961 0.0250031 4.22211
-2.07978 -0.0601394 0.0249629 0.0250032 4.22211
-2.07599 -0.0508891 0.0249645 0.0250033 4.22211
-2.07197 -0.0417327 0.0249658 0.0250033 4.22211
-2.06769 -0.032701 0.0249667 0.0250033 4.22211
-2.06308 -0.0238292 0.0249672 0.0250033 4.22211
-2.0581 -0.0151571 0.0249675 0.0250033 4.22211
-2.05272 -0.00672942 0.0249674 0.0250032 4.22211
-2.04691 0.00140459 0.024967 0.025003 4.22211
-2.04064 0.00919149 0.0249664 0.0250028 4.22211
-2.0339 0.0165746 0.0249656 0.0250026 4.22211
-2.02668 0.0234951 0.0249647 0.0250022 4.22211
-2.019 0.0298938 0.0249637 0.0250019 4.22211
-2.01087 0.0357125 0.0249628 0.0250015 4.22211
-2.00232 0.0408959 0.024962 0.025001 4.22211
-1.99339 0.0453935 0.0249615 0.0250005 4.22211
-1.98413 0.0491615 0.0249614 0.0249999 4.22211
-1.97459 0.0521642 0.0249617 0.0249993 4.22211
-1.96483 0.0543755 0.0249626 0.0249987 4.22211
-1.95493 0.0557796 0.0249643 0.0249981 4.22211
-1.94495 0.0563716 0.0249669 0.0249975 4.22211
-1.93495 0.0561572 0.0249703 0.024997 4.22211
-1.925 0.0551523 0.0249747 0.0249965 4.22211
-1.91515 0.053382 0.02498 0.0249961 4.22211
-1.90547 0.0508797 0.0249862 0.0249957 4.22211
-1.89599 0.0476859 0.0249931 0.0249954 4.22211
-1.88675 0.0438462 0.0250007 0.0249951 4.22211
-1.87778 0.0394102 0.0250089 0.024995 4.22211
-1.8691 0.0344298 0.0250174 0.0249948 4.22211
-1.86073 0.0289579 0.0250261 0.0249948 4.22211
-1.85266 0.0230471 0.0250348 0.0249948 4.22211
-1.84489 0.0167489 0.0250434 0.0249948 4.22211
-1.8374 0.0101125 0.0250518 0.0249949 4.22211
-1.83018 0.00318465 0.0250597 0.024995 4.22211
-1.82321 -0.0039908 0.025067 0.0249951 4.22211
-1.81646 -0.0113732 0.0250737 0.0249952 4.22211
-1.8099 -0.0189248 0.0250796 0.0249954 4.22211
-1.8035 -0.0266111 0.0250847 0.0249955 4.22211
-1.79722 -0.0344 0.0250889 0.0249957 4.22211
-1.79103 -0.0422618 0.0250922 0.0249958 4.22211
-1.78491 -0.050169 0.0250945 0.0249959 4.22211
-1.77881 -0.0580957 0.0250959 0.024996 4.22211
-1.7727 -0.0660171 0.0250962 0.0249961 4.22211
-1.76655 -0.0739098 0.0250955 0.0249962 4.22211
-1.76034 -0.0817507 0.0250937 0.0249963 4.22211
-1.75404 -0.0895173 0.0250905 0.0249964 4.22211
-1.74762 -0.0971876 0.0250859 0.0249965 4.22211
-1.74106 -0.10474 0.0250799 0.0249967 4.22211
-1.73434 -0.112151 0.0250722 0.0249968 4.22211
-1.72745 -0.1194 0.0250629 0.0249969 4.22211
-1.72037 -0.126465 0.0250518 0.0249971 4.22211
-1.71309 -0.133323 0.025039 0.0249972 4.22211
-1.7056 -0.139952 0.0250243 0.0249973 4.22211
-1.69789 -0.146331 0.025008 0.0249974 4.22211
-1.68997 -0.152436 0.0249899 0.0249975 4.22211
-1.68183 -0.158247 0.0249702 0.0249976 4.22211
-1.67347 -0.163742 0.024949 0.0249976 4.22211
-1.6649 -0.168901 0.0249264 0.0249977 4.22211
-1.65613 -0.173703 0.0249025 0.0249978 4.22211
-1.64716 -0.178132 0.0248774 0.0249978 4.22211
-1.63801 -0.18217 0.0248513 0.0249978 4.22211
-1.62869 -0.185801 0.0248243 0.0249978 4.22211
-1.61922 -0.189013 0.0247966 0.0249979 4.22211
-1.60961 -0.191794 0.0247683 0.0249979 4.22211
-1.59989 -0.194138 0.0247398 0.0249979 4.22211
-1.59007 -0.196037 0.0247111 0.0249979 4.22211
-1.58017 -0.19749 0.0246824 0.0249979 4.22211
-1.57022 -0.198496 0.0246538 0.024998 4.22211
-1.56024 -0.199059 0.0246254 0.0249981 4.22211
-1.55024 -0.199186 0.0245972 0.0249982 4.22211
-1.54024 -0.198887 0.0245694 0.0249983 4.22211
-1.53026 -0.198176 0.024542 0.0249985 4.22211
-1.52032 -0.197074 0.024515 0.0249986 4.22211
-1.51043 -0.195602 0.0244884 0.0249988 4.22211
-1.5006 -0.193792 0.0244621 0.024999 4.22211
-1.49082 -0.191678 0.0244361 0.0249993 4.22211
-1.48111 -0.189307 0.0244104 0.0249995 4.22211
-1.47144 -0.186745 0.0243849 0.0249997 4.22211
-1.46178 -0.184171 0.0243594 0.0249999 4.22211
