-1.29732 0.0605609 0.0249802 0.025 2.66133
-1.28997 0.053781 0.0249852 0.0250001 2.66133
-1.28279 0.046813 0.0249903 0.0250002 2.66133
-1.27583 0.0396361 0.0249955 0.0250003 2.66133
-1.2691 0.032243 0.0250005 0.0250004 2.66133
-1.26261 0.0246354 0.0250055 0.0250005 2.66133
-1.25637 0.0168222 0.0250101 0.0250007 2.66133
-1.25038 0.00881703 0.0250142 0.0250009 2.66133
-1.24462 0.000637436 0.0250179 0.0250011 2.66133
-1.2391 -0.00769665 0.0250208 0.0250014 2.66133
-1.23378 -0.0161637 0.0250229 0.0250016 2.66133
-1.22864 -0.0247411 0.0250242 0.0250019 2.66133
-1.22365 -0.033406 0.0250245 0.0250021 2.66133
-1.21878 -0.0421351 0.0250239 0.0250023 2.66133
-1.21398 -0.0509049 0.0250225 0.0250025 2.66133
-1.20921 -0.0596914 0.0250201 0.0250027 2.66133
-1.20442 -0.06847 0.025017 0.0250028 2.66133
-1.19958 -0.0772146 0.0250133 0.0250029 2.66133
-1.19462 -0.0858977 0.025009 0.025003 2.66133
-1.18951 -0.0944893 0.0250043 0.025003 2.66133
-1.18419 -0.102956 0.0249994 0.025003 2.66133
-1.17863 -0.111263 0.0249944 0.025003 2.66133
-1.17278 -0.119369 0.0249896 0.0250029 2.66133
-1.1666 -0.127231 0.024985 0.0250028 2.66133
-1.16007 -0.134799 0.024981 0.0250027 2.66133
-1.15316 -0.142022 0.0249775 0.0250026 2.66133
-1.14585 -0.148844 0.0249749 0.0250024 2.66133
-1.13814 -0.155208 0.0249731 0.0250022 2.66133
-1.13002 -0.161053 0.0249722 0.025002 2.66133
-1.12153 -0.166321 0.0249725 0.0250018 2.66133
-1.11266 -0.170954 0.0249738 0.0250016 2.66133
-1.10348 -0.174897 0.0249761 0.0250013 2.66133
-1.09401 -0.178102 0.0249795 0.0250011 2.66133
-1.0843 -0.180529 0.0249839 0.0250009 2.66133
-1.07444 -0.182144 0.024989 0.0250006 2.66133
-1.06447 -0.182924 0.0249949 0.0250004 2.66133
-1.05447 -0.182859 0.0250013 0.0250001 2.66133
-1.04451 -0.181948 0.025008 0.0249999 2.66133
-1.03466 -0.180204 0.0250149 0.0249996 2.66133
-1.02499 -0.177649 0.0250219 0.0249993 2.66133
-1.01556 -0.174317 0.0250288 0.024999 2.66133
-1.00643 -0.17025 0.0250357 0.0249987 2.66133
-0.997628 -0.165498 0.0250426 0.0249984 2.66133
-0.989199 -0.160114 0.0250493 0.0249982 2.66133
-0.981165 -0.154157 0.0250559 0.024998 2.66133
-0.973539 -0.147686 0.0250624 0.0249978 2.66133
-0.966325 -0.140759 0.0250685 0.0249977 2.66133
-0.959515 -0.133433 0.0250743 0.0249977 2.66133
-0.953095 -0.125764 0.0250797 0.0249976 2.66133
-0.947041 -0.117802 0.0250846 0.0249976 2.66133
-0.941324 -0.109595 0.0250889 0.0249976 2.66133
-0.935908 -0.101186 0.0250925 0.0249977 2.66133
-0.930756 -0.0926138 0.0250953 0.0249978 2.66133
-0.925823 -0.0839131 0.0250972 0.0249978 2.66133
-0.921065 -0.0751154 0.0250981 0.0249979 2.66133
-0.916437 -0.0662491 0.0250979 0.0249981 2.66133
-0.911892 -0.0573398 0.0250965 0.0249982 2.66133
-0.907385 -0.0484117 0.0250938 0.0249983 2.66133
-0.90287 -0.0394874 0.0250898 0.0249984 2.66133
-0.898305 -0.0305888 0.0250842 0.0249986 2.66133
-0.893649 -0.0217377 0.0250771 0.0249987 2.66133
-0.888863 -0.0129561 0.0250685 0.0249989 2.66133
-0.883913 -0.00426651 0.0250581 0.024999 2.66133
-0.878765 0.00430792 0.0250462 0.0249992 2.66133
-0.873393 0.012743 0.0250326 0.0249993 2.66133
-0.867771 0.0210138 0.0250173 0.0249994 2.66133
-0.861879 0.0290942 0.0250005 0.0249996 2.66133
-0.855701 0.0369574 0.0249821 0.0249997 2.66133
-0.849223 0.0445762 0.0249624 0.0249998 2.66133
-0.842439 0.0519227 0.0249415 0.0249999 2.66133
-0.835343 0.0589688 0.0249195 0.025 2.66133
-0.827935 0.0656867 0.0248966 0.025 2.66133
-0.82022 0.0720487 0.0248731 0.0250001 2.66133
-0.812205 0.0780279 0.0248492 0.0250001 2.66133
-0.8039 0.0835983 0.0248253 0.0250001 2.66133
-0.79532 0.0887353 0.0248016 0.025 2.66133
-0.786484 0.0934159 0.0247784 0.025 2.66133
-0.77741 0.0976191 0.0247561 0.0249999 2.66133
-0.768122 0.101326 0.0247349 0.0249998 2.66133
-0.758646 0.104521 0.0247151 0.0249996 2.66133
-0.749008 0.107189 0.0246971 0.0249995 2.66133
-0.739238 0.109321 0.024681 0.0249993 2.66133
-0.729364 0.11091 0.0246669 0.0249991 2.66133
-0.719418 0.111952 0.0246551 0.0249989 2.66133
-0.709429 0.112445 0.0246456 0.0249988 2.66133
-0.699428 0.112394 0.0246385 0.0249986 2.66133
-0.689444 0.111805 0.0246338 0.0249984 2.66133
-0.679505 0.110689 0.0246313 0.0249983 2.66133
-0.669637 0.109059 0.0246311 0.0249982 2.66133
-0.659865 0.106932 0.0246329 0.0249981 2.66133
-0.650208 0.104328 0.0246367 0.0249981 2.66133
-0.640686 0.10127 0.0246422 0.0249981 2.66133
-0.631312 0.0977819 0.0246491 0.0249982 2.66133
-0.622098 0.0938935 0.0246573 0.0249983 2.66133
-0.613048 0.089635 0.0246665 0.0249984 2.66133
-0.604165 0.0850399 0.0246765 0.0249986 2.66133
-0.595444 0.0801447 0.0246871 0.0249989 2.66133
-0.586874 0.0749899 0.0246981 0.0249991 2.66133
-0.578436 0.0696218 0.0247093 0.0249994 2.66133
-0.570099 0.0640995 0.0247205 0.0249997 2.66133
-0.561768 0.0585684 0.0247318 0.0249998 2.66133
