-0.708909 0.0943507 0.0250722 0.0250001 1.66083
-0.701521 0.0876116 0.0250671 0.0250002 1.66083
-0.694309 0.0806842 0.025062 0.0250003 1.66083
-0.687305 0.0735475 0.025057 0.0250005 1.66083
-0.680529 0.0661939 0.025052 0.0250007 1.66083
-0.673994 0.058625 0.0250471 0.0250009 1.66083
-0.667707 0.0508495 0.0250423 0.0250011 1.66083
-0.661667 0.042881 0.0250376 0.0250012 1.66083
-0.655866 0.034737 0.025033 0.0250014 1.66083
-0.65029 0.0264372 0.0250285 0.0250016 1.66083
-0.64492 0.0180034 0.0250241 0.0250018 1.66083
-0.639728 0.00945826 0.0250198 0.025002 1.66083
-0.634685 0.000824867 0.0250155 0.0250021 1.66083
-0.629755 -0.00787319 0.0250113 0.0250023 1.66083
-0.624898 -0.0166121 0.0250072 0.0250024 1.66083
-0.62007 -0.0253676 0.025003 0.0250026 1.66083
-0.615228 -0.0341145 0.024999 0.0250027 1.66083
-0.610323 -0.0428266 0.024995 0.0250028 1.66083
-0.605309 -0.0514757 0.024991 0.0250029 1.66083
-0.600136 -0.0600315 0.0249872 0.0250029 1.66083
-0.59476 -0.0684606 0.0249836 0.0250029 1.66083
-0.589136 -0.0767264 0.0249803 0.0250029 1.66083
-0.583224 -0.0847884 0.0249773 0.0250029 1.66083
-0.576987 -0.0926024 0.0249747 0.0250028 1.66083
-0.570396 -0.10012 0.0249728 0.0250027 1.66083
-0.563427 -0.107289 0.0249716 0.0250025 1.66083
-0.556066 -0.114054 0.0249711 0.0250024 1.66083
-0.548305 -0.120357 0.0249715 0.0250022 1.66083
-0.540148 -0.12614 0.0249729 0.025002 1.66083
-0.531609 -0.131342 0.0249752 0.0250017 1.66083
-0.522713 -0.135906 0.0249785 0.0250015 1.66083
-0.513495 -0.13978 0.0249828 0.0250012 1.66083
-0.504001 -0.142916 0.0249879 0.025001 1.66083
-0.494283 -0.145272 0.0249938 0.0250007 1.66083
-0.484403 -0.146817 0.0250003 0.0250004 1.66083
-0.474429 -0.147529 0.0250072 0.0250002 1.66083
-0.46443 -0.147397 0.0250145 0.0249999 1.66083
-0.454477 -0.146422 0.0250218 0.0249996 1.66083
-0.444641 -0.144618 0.0250291 0.0249993 1.66083
-0.434987 -0.142006 0.0250362 0.024999 1.66083
-0.425576 -0.138622 0.025043 0.0249987 1.66083
-0.416461 -0.134508 0.0250496 0.0249984 1.66083
-0.407683 -0.129714 0.0250559 0.0249981 1.66083
-0.399278 -0.124293 0.0250619 0.0249979 1.66083
-0.391268 -0.118303 0.0250676 0.0249977 1.66083
-0.383666 -0.111804 0.025073 0.0249976 1.66083
-0.376474 -0.104853 0.025078 0.0249975 1.66083
-0.369685 -0.0975075 0.0250826 0.0249975 1.66083
-0.363284 -0.089822 0.0250868 0.0249974 1.66083
-0.357247 -0.0818473 0.0250904 0.0249974 1.66083
-0.351545 -0.0736303 0.0250934 0.0249975 1.66083
-0.346141 -0.0652137 0.0250957 0.0249976 1.66083
-0.340997 -0.0566361 0.0250972 0.0249976 1.66083
-0.336069 -0.0479322 0.0250979 0.0249977 1.66083
-0.331314 -0.039133 0.0250976 0.0249978 1.66083
-0.326685 -0.0302668 0.0250964 0.0249979 1.66083
-0.322137 -0.0213594 0.025094 0.0249981 1.66083
-0.317623 -0.0124345 0.0250903 0.0249982 1.66083
-0.313099 -0.00351488 0.0250854 0.0249984 1.66083
-0.308521 0.00537746 0.0250791 0.0249985 1.66083
-0.30385 0.0142208 0.0250714 0.0249987 1.66083
-0.299048 0.022993 0.0250621 0.0249988 1.66083
-0.294078 0.0316716 0.0250514 0.024999 1.66083
-0.288909 0.0402333 0.0250392 0.0249991 1.66083
-0.283514 0.0486538 0.0250254 0.0249993 1.66083
-0.277868 0.0569079 0.0250102 0.0249994 1.66083
-0.27195 0.0649696 0.0249936 0.0249995 1.66083
-0.265745 0.0728121 0.0249757 0.0249996 1.66083
-0.259241 0.0804081 0.0249566 0.0249997 1.66083
-0.252429 0.0877295 0.0249366 0.0249998 1.66083
-0.245307 0.0947486 0.0249157 0.0249999 1.66083
-0.237873 0.101437 0.0248944 0.0249999 1.66083
-0.230132 0.107768 0.0248727 0.0249999 1.66083
-0.222092 0.113714 0.0248509 0.0249999 1.66083
-0.213764 0.11925 0.0248294 0.0249999 1.66083
-0.205162 0.124351 0.0248085 0.0249998 1.66083
-0.196305 0.128994 0.0247883 0.0249997 1.66083
-0.187213 0.133158 0.0247692 0.0249996 1.66083
-0.177909 0.136824 0.0247514 0.0249995 1.66083
-0.168419 0.139977 0.024735 0.0249993 1.66083
-0.158769 0.142603 0.0247203 0.0249992 1.66083
-0.148989 0.144692 0.0247074 0.024999 1.66083
-0.139108 0.146236 0.0246963 0.0249988 1.66083
-0.129157 0.147232 0.0246871 0.0249987 1.66083
-0.119166 0.14768 0.0246798 0.0249985 1.66083
-0.109165 0.147583 0.0246744 0.0249984 1.66083
-0.0991838 0.146948 0.0246707 0.0249983 1.66083
-0.0892501 0.145786 0.0246689 0.0249982 1.66083
-0.0793899 0.144111 0.0246686 0.0249981 1.66083
-0.069627 0.141939 0.0246699 0.0249981 1.66083
-0.0599825 0.139291 0.0246726 0.0249981 1.66083
-0.0504743 0.136189 0.0246765 0.0249982 1.66083
-0.0411167 0.132658 0.0246815 0.0249983 1.66083
-0.03192 0.128728 0.0246873 0.0249984 1.66083
-0.0228902 0.124429 0.0246939 0.0249986 1.66083
-0.0140282 0.119793 0.0247011 0.0249988 1.66083
-0.00532965 0.114858 0.0247087 0.024999 1.66083
0.00321655 0.109665 0.0247167 0.0249992 1.66083
0.0116296 0.104258 0.0247249 0.0249995 1.66083
0.0199414 0.0986974 0.0247331 0.0249997 1.66083
0.028247 0.093128 0.0247414 0.0249999 1.66083
