-2.71041 -0.170688 0.0251114 0.025 5.06253
-2.70574 -0.161846 0.0251033 0.025 5.06253
-2.70115 -0.152962 0.0250954 0.0250001 5.06253
-2.69663 -0.144039 0.0250874 0.0250002 5.06253
-2.69218 -0.135085 0.0250791 0.0250004 5.06253
-2.68777 -0.12611 0.0250706 0.0250005 5.06253
-2.68338 -0.117128 0.0250616 0.0250007 5.06253
-2.67897 -0.108155 0.025052 0.0250009 5.06253
-2.6745 -0.0992081 0.0250417 0.0250011 5.06253
-2.66994 -0.0903074 0.0250308 0.0250013 5.06253
-2.66526 -0.0814754 0.0250193 0.0250015 5.06253
-2.6604 -0.0727372 0.0250072 0.0250017 5.06253
-2.65532 -0.0641211 0.0249948 0.0250017 5.06253
-2.65 -0.0556589 0.0249824 0.0250018 5.06253
-2.64438 -0.0473865 0.0249701 0.0250017 5.06253
-2.63844 -0.0393435 0.0249582 0.0250017 5.06253
-2.63215 -0.0315739 0.0249471 0.0250015 5.06253
-2.62548 -0.0241253 0.0249368 0.0250014 5.06253
-2.61841 -0.0170493 0.0249277 0.0250012 5.06253
-2.61095 -0.0104004 0.02492 0.025001 5.06253
-2.60307 -0.00423488 0.0249137 0.0250008 5.06253
-2.59481 0.00138992 0.024909 0.0250006 5.06253
-2.58616 0.00641735 0.0249059 0.0250004 5.06253
-2.57717 0.0107929 0.0249045 0.0250002 5.06253
-2.56787 0.014466 0.0249048 0.025 5.06253
-2.55831 0.0173914 0.0249067 0.0249998 5.06253
-2.54854 0.0195315 0.0249102 0.0249997 5.06253
-2.53863 0.0208569 0.0249153 0.0249995 5.06253
-2.52864 0.0213486 0.0249217 0.0249994 5.06253
-2.51864 0.0209981 0.0249293 0.0249993 5.06253
-2.50871 0.0198083 0.024938 0.0249992 5.06253
-2.49892 0.0177935 0.0249475 0.0249992 5.06253
-2.48932 0.0149784 0.0249577 0.0249992 5.06253
-2.47998 0.0113981 0.0249682 0.0249992 5.06253
-2.47096 0.00709564 0.0249787 0.0249992 5.06253
-2.46228 0.00212121 0.024989 0.0249992 5.06253
-2.45399 -0.00347009 0.0249988 0.0249993 5.06253
-2.4461 -0.00962008 0.0250077 0.0249993 5.06253
-2.43863 -0.0162689 0.0250154 0.0249994 5.06253
-2.43158 -0.0233567 0.0250217 0.0249994 5.06253
-2.42493 -0.030825 0.0250265 0.0249995 5.06253
-2.41866 -0.038618 0.0250298 0.0249995 5.06253
-2.41275 -0.0466835 0.0250314 0.0249996 5.06253
-2.40715 -0.0549733 0.0250315 0.0249996 5.06253
-2.40184 -0.0634431 0.02503 0.0249996 5.06253
-2.39675 -0.0720529 0.025027 0.0249997 5.06253
-2.39184 -0.0807661 0.0250227 0.0249998 5.06253
-2.38706 -0.0895494 0.0250172 0.0249999 5.06253
-2.38236 -0.0983722 0.0250104 0.025 5.06253
-2.37767 -0.107205 0.0250026 0.0250001 5.06253
-2.37295 -0.116021 0.0249938 0.0250003 5.06253
-2.36814 -0.124792 0.0249841 0.0250004 5.06253
-2.36321 -0.133489 0.0249735 0.0250006 5.06253
-2.3581 -0.142083 0.0249623 0.0250008 5.06253
-2.35277 -0.150544 0.0249503 0.0250009 5.06253
-2.34718 -0.158839 0.0249378 0.0250011 5.06253
-2.34132 -0.166934 0.0249248 0.0250013 5.06253
-2.33514 -0.174795 0.0249113 0.0250015 5.06253
-2.32863 -0.182383 0.0248975 0.0250017 5.06253
-2.32177 -0.189662 0.0248833 0.0250018 5.06253
-2.31456 -0.196591 0.0248689 0.025002 5.06253
-2.307 -0.203134 0.0248543 0.0250022 5.06253
-2.2991 -0.209253 0.0248396 0.0250023 5.06253
-2.29085 -0.214911 0.0248248 0.0250024 5.06253
-2.28229 -0.220075 0.0248101 0.0250025 5.06253
-2.27343 -0.224711 0.0247954 0.0250026 5.06253
-2.26431 -0.228793 0.024781 0.0250026 5.06253
-2.25494 -0.232295 0.0247669 0.0250026 5.06253
-2.24537 -0.235195 0.0247533 0.0250026 5.06253
-2.23564 -0.237478 0.0247402 0.0250025 5.06253
-2.22578 -0.239128 0.0247277 0.0250024 5.06253
-2.21583 -0.24014 0.0247161 0.0250023 5.06253
-2.20584 -0.240506 0.0247055 0.0250021 5.06253
-2.19585 -0.240229 0.024696 0.025002 5.06253
-2.18589 -0.239312 0.0246878 0.0250018 5.06253
-2.17601 -0.237763 0.024681 0.0250015 5.06253
-2.16625 -0.235595 0.0246758 0.0250012 5.06253
-2.15664 -0.232823 0.0246724 0.025001 5.06253
-2.14722 -0.229467 0.0246708 0.0250007 5.06253
-2.13802 -0.225548 0.0246713 0.0250004 5.06253
-2.12907 -0.221091 0.0246739 0.0250001 5.06253
-2.12039 -0.216124 0.0246788 0.0249998 5.06253
-2.11201 -0.210675 0.024686 0.0249995 5.06253
-2.10393 -0.204774 0.0246956 0.0249992 5.06253
-2.09619 -0.198451 0.0247075 0.024999 5.06253
-2.08877 -0.191737 0.0247217 0.0249988 5.06253
-2.0817 -0.184665 0.024738 0.0249987 5.06253
-2.07498 -0.177264 0.0247565 0.0249985 5.06253
-2.06859 -0.169566 0.0247769 0.0249984 5.06253
-2.06254 -0.161599 0.0247991 0.0249984 5.06253
-2.05683 -0.153394 0.0248229 0.0249984 5.06253
-2.05142 -0.144977 0.0248481 0.0249984 5.06253
-2.04632 -0.136375 0.0248744 0.0249984 5.06253
-2.0415 -0.127611 0.0249017 0.0249985 5.06253
-2.03695 -0.118709 0.0249297 0.0249986 5.06253
-2.03262 -0.10969 0.0249583 0.0249988 5.06253
-2.02851 -0.100574 0.0249871 0.024999 5.06253
-2.02458 -0.0913805 0.0250162 0.0249992 5.06253
-2.02078 -0.0821278 0.0250453 0.0249995 5.06253
-2.01709 -0.0728352 0.0250743 0.0249997 5.06253
-2.01339 -0.0635414 0.0251033 0.0249999 5.06253
