-1.96117 0.0594404 0.0248944 0.0250001 3.76188
-1.95139 0.057351 0.0248978 0.0250001 3.76188
-1.94169 0.0549386 0.0249011 0.0250003 3.76188
-1.93209 0.0521442 0.0249045 0.0250004 3.76188
-1.92262 0.0489258 0.024908 0.0250005 3.76188
-1.91332 0.0452547 0.0249117 0.0250005 3.76188
-1.90422 0.0411135 0.0249156 0.0250006 3.76188
-1.89535 0.0364948 0.0249198 0.0250007 3.76188
-1.88674 0.0314003 0.0249244 0.0250008 3.76188
-1.87843 0.0258398 0.0249294 0.0250009 3.76188
-1.87044 0.0198304 0.0249349 0.025001 3.76188
-1.86279 0.0133953 0.0249408 0.0250011 3.76188
-1.85549 0.00656256 0.0249471 0.0250012 3.76188
-1.84855 -0.000635777 0.0249538 0.0250013 3.76188
-1.84197 -0.00816518 0.0249609 0.0250014 3.76188
-1.83574 -0.0159897 0.0249682 0.0250015 3.76188
-1.82986 -0.0240727 0.0249756 0.0250016 3.76188
-1.82429 -0.0323783 0.0249831 0.0250018 3.76188
-1.81901 -0.0408716 0.0249906 0.0250019 3.76188
-1.81399 -0.049519 0.0249979 0.0250021 3.76188
-1.80919 -0.0582889 0.0250049 0.0250022 3.76188
-1.80456 -0.0671514 0.0250114 0.0250024 3.76188
-1.80006 -0.0760781 0.0250174 0.0250025 3.76188
-1.79563 -0.0850416 0.0250228 0.0250027 3.76188
-1.79123 -0.0940152 0.0250273 0.0250028 3.76188
-1.78678 -0.102972 0.0250311 0.025003 3.76188
-1.78225 -0.111883 0.0250339 0.0250031 3.76188
-1.77758 -0.12072 0.0250356 0.0250032 3.76188
-1.7727 -0.12945 0.0250364 0.0250033 3.76188
-1.76758 -0.138037 0.0250361 0.0250033 3.76188
-1.76217 -0.146442 0.0250347 0.0250033 3.76188
-1.75642 -0.154621 0.0250322 0.0250033 3.76188
-1.7503 -0.162528 0.0250287 0.0250032 3.76188
-1.74379 -0.17011 0.0250243 0.0250031 3.76188
-1.73686 -0.177315 0.0250191 0.0250029 3.76188
-1.7295 -0.184084 0.0250131 0.0250026 3.76188
-1.72172 -0.190362 0.0250065 0.0250023 3.76188
-1.71352 -0.19609 0.0249994 0.025002 3.76188
-1.70494 -0.201214 0.0249921 0.0250016 3.76188
-1.69599 -0.205682 0.0249845 0.0250011 3.76188
-1.68673 -0.209449 0.0249771 0.0250006 3.76188
-1.6772 -0.212475 0.0249698 0.0250001 3.76188
-1.66746 -0.214732 0.0249629 0.0249996 3.76188
-1.65756 -0.216199 0.0249566 0.024999 3.76188
-1.64759 -0.216863 0.0249511 0.0249984 3.76188
-1.63758 -0.216727 0.0249464 0.0249978 3.76188
-1.62763 -0.2158 0.0249429 0.0249972 3.76188
-1.61777 -0.214101 0.0249407 0.0249967 3.76188
-1.60807 -0.21166 0.0249397 0.0249962 3.76188
-1.59857 -0.208512 0.0249403 0.0249958 3.76188
-1.58933 -0.204699 0.0249422 0.0249954 3.76188
-1.58036 -0.200265 0.0249455 0.0249951 3.76188
-1.57169 -0.195262 0.0249502 0.0249948 3.76188
-1.56335 -0.189738 0.024956 0.0249946 3.76188
-1.55534 -0.183745 0.024963 0.0249945 3.76188
-1.54766 -0.177333 0.0249708 0.0249944 3.76188
-1.54031 -0.170551 0.0249793 0.0249944 3.76188
-1.53327 -0.163444 0.0249884 0.0249944 3.76188
-1.52652 -0.156056 0.0249979 0.0249945 3.76188
-1.52005 -0.148427 0.0250076 0.0249945 3.76188
-1.51382 -0.140594 0.0250174 0.0249946 3.76188
-1.50782 -0.132591 0.025027 0.0249948 3.76188
-1.50201 -0.124448 0.0250365 0.0249949 3.76188
-1.49636 -0.116192 0.0250456 0.024995 3.76188
-1.49084 -0.10785 0.0250543 0.0249952 3.76188
-1.48542 -0.0994433 0.0250624 0.0249953 3.76188
-1.48006 -0.0909941 0.0250698 0.0249954 3.76188
-1.47474 -0.0825215 0.0250766 0.0249955 3.76188
-1.46943 -0.0740439 0.0250825 0.0249956 3.76188
-1.4641 -0.0655786 0.0250875 0.0249957 3.76188
-1.45873 -0.0571424 0.0250915 0.0249958 3.76188
-1.45328 -0.0487515 0.0250944 0.0249959 3.76188
-1.44774 -0.0404219 0.0250959 0.024996 3.76188
-1.44209 -0.0321698 0.025096 0.024996 3.76188
-1.4363 -0.0240114 0.0250944 0.0249961 3.76188
-1.43036 -0.0159632 0.0250908 0.0249962 3.76188
-1.42425 -0.00804213 0.0250849 0.0249963 3.76188
-1.41796 -0.000265273 0.0250764 0.0249964 3.76188
-1.41147 0.00734992 0.0250651 0.0249965 3.76188
-1.40478 0.0147858 0.0250508 0.0249967 3.76188
-1.39788 0.0220247 0.0250331 0.0249968 3.76188
-1.39076 0.0290489 0.025012 0.024997 3.76188
-1.38342 0.0358409 0.0249874 0.0249972 3.76188
-1.37585 0.0423837 0.0249592 0.0249973 3.76188
-1.36806 0.0486609 0.0249275 0.0249975 3.76188
-1.36006 0.0546574 0.0248926 0.0249976 3.76188
-1.35184 0.0603592 0.0248545 0.0249978 3.76188
-1.34342 0.0657532 0.0248136 0.024998 3.76188
-1.3348 0.0708275 0.0247701 0.0249982 3.76188
-1.326 0.0755721 0.0247244 0.0249984 3.76188
-1.31702 0.0799792 0.0246768 0.0249986 3.76188
-1.30788 0.0840435 0.0246277 0.0249988 3.76188
-1.2986 0.0877629 0.0245774 0.0249989 3.76188
-1.28918 0.0911388 0.0245262 0.0249991 3.76188
-1.27966 0.094177 0.0244744 0.0249993 3.76188
-1.27003 0.0968884 0.0244223 0.0249994 3.76188
-1.26032 0.0992903 0.0243702 0.0249996 3.76188
-1.25055 0.101408 0.0243182 0.0249997 3.76188
-1.24073 0.10328 0.0242664 0.0249998 3.76188
-1.23087 0.104963 0.0242148 0.0249999 3.76188
-1.22101 0.106633 0.0241634 0.0249999 3.76188
