-1.89796 0.0368803 0.0249624 0.0250001 3.68184
-1.89001 0.0308084 0.0249652 0.0250001 3.68184
-1.88224 0.0245139 0.0249681 0.0250003 3.68184
-1.87468 0.0179689 0.0249709 0.0250004 3.68184
-1.86736 0.0111603 0.0249738 0.0250006 3.68184
-1.86029 0.00408602 0.0249766 0.0250008 3.68184
-1.85349 -0.00324816 0.0249794 0.0250009 3.68184
-1.84697 -0.0108299 0.0249822 0.0250011 3.68184
-1.84073 -0.0186422 0.0249849 0.0250012 3.68184
-1.83476 -0.0266645 0.0249876 0.0250014 3.68184
-1.82906 -0.0348739 0.0249901 0.0250016 3.68184
-1.82359 -0.0432462 0.0249924 0.0250018 3.68184
-1.81834 -0.0517563 0.0249945 0.0250019 3.68184
-1.81328 -0.060379 0.0249963 0.0250021 3.68184
-1.80837 -0.0690893 0.0249978 0.0250023 3.68184
-1.80358 -0.0778621 0.0249988 0.0250024 3.68184
-1.79885 -0.0866727 0.0249995 0.0250026 3.68184
-1.79415 -0.0954961 0.0249997 0.0250027 3.68184
-1.78942 -0.104306 0.0249994 0.0250028 3.68184
-1.78462 -0.113077 0.0249986 0.0250029 3.68184
-1.7797 -0.121779 0.0249973 0.025003 3.68184
-1.77461 -0.130381 0.0249957 0.0250031 3.68184
-1.76929 -0.138849 0.0249936 0.0250031 3.68184
-1.76371 -0.147146 0.0249914 0.0250031 3.68184
-1.75783 -0.155229 0.0249889 0.0250031 3.68184
-1.75161 -0.163054 0.0249865 0.0250029 3.68184
-1.74501 -0.170569 0.0249843 0.0250028 3.68184
-1.73803 -0.177724 0.0249824 0.0250026 3.68184
-1.73064 -0.18446 0.024981 0.0250024 3.68184
-1.72285 -0.19072 0.0249803 0.0250021 3.68184
-1.71465 -0.196444 0.0249803 0.0250019 3.68184
-1.70607 -0.201574 0.0249811 0.0250016 3.68184
-1.69713 -0.206054 0.0249828 0.0250013 3.68184
-1.68787 -0.209831 0.0249853 0.0250009 3.68184
-1.67834 -0.21286 0.0249885 0.0250006 3.68184
-1.6686 -0.215104 0.0249924 0.0250002 3.68184
-1.6587 -0.216533 0.0249968 0.0249998 3.68184
-1.64872 -0.21713 0.0250017 0.0249994 3.68184
-1.63872 -0.216889 0.025007 0.024999 3.68184
-1.62877 -0.215814 0.0250126 0.0249985 3.68184
-1.61895 -0.213922 0.0250184 0.0249981 3.68184
-1.60932 -0.211239 0.0250245 0.0249976 3.68184
-1.59993 -0.207802 0.0250307 0.0249973 3.68184
-1.59082 -0.203655 0.0250372 0.0249969 3.68184
-1.58205 -0.198848 0.0250438 0.0249967 3.68184
-1.57364 -0.193433 0.0250504 0.0249965 3.68184
-1.56561 -0.187469 0.025057 0.0249963 3.68184
-1.55797 -0.181011 0.0250635 0.0249962 3.68184
-1.55072 -0.174118 0.0250697 0.0249961 3.68184
-1.54386 -0.166843 0.0250755 0.0249961 3.68184
-1.53736 -0.159239 0.0250808 0.0249961 3.68184
-1.5312 -0.151356 0.0250855 0.0249962 3.68184
-1.52536 -0.143237 0.0250896 0.0249963 3.68184
-1.51979 -0.134925 0.0250928 0.0249963 3.68184
-1.51447 -0.126456 0.025095 0.0249965 3.68184
-1.50935 -0.117863 0.0250963 0.0249966 3.68184
-1.50439 -0.109178 0.0250965 0.0249967 3.68184
-1.49954 -0.100427 0.0250955 0.0249969 3.68184
-1.49477 -0.0916364 0.0250934 0.024997 3.68184
-1.49003 -0.0828284 0.0250901 0.0249971 3.68184
-1.48528 -0.0740257 0.0250855 0.0249973 3.68184
-1.48048 -0.0652498 0.0250797 0.0249974 3.68184
-1.4756 -0.0565217 0.0250727 0.0249975 3.68184
-1.47059 -0.0478626 0.0250644 0.0249976 3.68184
-1.46543 -0.039294 0.025055 0.0249978 3.68184
-1.46009 -0.0308378 0.0250443 0.0249979 3.68184
-1.45454 -0.0225166 0.0250325 0.024998 3.68184
-1.44876 -0.0143538 0.0250195 0.0249981 3.68184
-1.44273 -0.00637317 0.0250055 0.0249982 3.68184
-1.43644 0.00140052 0.0249903 0.0249983 3.68184
-1.42987 0.00894218 0.0249741 0.0249983 3.68184
-1.42302 0.0162263 0.0249569 0.0249984 3.68184
-1.41588 0.023227 0.0249388 0.0249985 3.68184
-1.40844 0.0299187 0.0249198 0.0249986 3.68184
-1.40072 0.0362758 0.0249 0.0249987 3.68184
-1.39272 0.0422733 0.0248796 0.0249987 3.68184
-1.38444 0.047887 0.0248588 0.0249988 3.68184
-1.37591 0.0530939 0.0248376 0.0249988 3.68184
-1.36712 0.0578722 0.0248164 0.0249988 3.68184
-1.35811 0.0622021 0.0247952 0.0249988 3.68184
-1.34888 0.0660657 0.0247744 0.0249988 3.68184
-1.33947 0.0694475 0.0247541 0.0249987 3.68184
-1.32989 0.0723346 0.0247347 0.0249986 3.68184
-1.32018 0.0747168 0.0247163 0.0249986 3.68184
-1.31036 0.0765872 0.0246992 0.0249985 3.68184
-1.30045 0.077942 0.0246835 0.0249984 3.68184
-1.29048 0.078781 0.0246695 0.0249983 3.68184
-1.28048 0.0791074 0.0246572 0.0249982 3.68184
-1.27048 0.0789277 0.0246468 0.0249981 3.68184
-1.26051 0.0782519 0.0246382 0.0249981 3.68184
-1.25057 0.0770934 0.0246315 0.0249981 3.68184
-1.2407 0.0754691 0.0246265 0.0249981 3.68184
-1.23092 0.0733995 0.0246232 0.0249982 3.68184
-1.22123 0.0709082 0.0246213 0.0249983 3.68184
-1.21166 0.0680229 0.0246207 0.0249984 3.68184
-1.2022 0.0647745 0.0246212 0.0249986 3.68184
-1.19286 0.0611987 0.0246225 0.0249988 3.68184
-1.18363 0.057336 0.0246244 0.024999 3.68184
-1.17451 0.0532353 0.0246267 0.0249993 3.68184
-1.16547 0.0489604 0.0246293 0.0249997 3.68184
-1.15643 0.0446753 0.0246318 0.0249998 3.68184
