-0.617777 -0.064367 0.0248628 0.025 1.46073
-0.610713 -0.0714455 0.0248745 0.0250001 1.46073
-0.603567 -0.0784406 0.0248863 0.0250001 1.46073
-0.596308 -0.0853187 0.0248982 0.0250002 1.46073
-0.588908 -0.0920439 0.02491 0.0250003 1.46073
-0.581338 -0.0985774 0.0249216 0.0250003 1.46073
-0.573572 -0.104877 0.024933 0.0250004 1.46073
-0.565589 -0.1109 0.024944 0.0250005 1.46073
-0.557371 -0.116597 0.0249545 0.0250005 1.46073
-0.548906 -0.12192 0.0249643 0.0250006 1.46073
-0.540189 -0.126818 0.0249732 0.0250006 1.46073
-0.53122 -0.13124 0.0249812 0.0250006 1.46073
-0.52201 -0.135133 0.0249881 0.0250006 1.46073
-0.512576 -0.13845 0.0249939 0.0250005 1.46073
-0.502945 -0.141141 0.0249984 0.0250005 1.46073
-0.493152 -0.143163 0.0250017 0.0250003 1.46073
-0.48324 -0.14448 0.0250039 0.0250002 1.46073
-0.473256 -0.145059 0.0250051 0.025 1.46073
-0.463258 -0.144879 0.0250053 0.0249998 1.46073
-0.453303 -0.143924 0.0250048 0.0249996 1.46073
-0.443454 -0.142191 0.0250037 0.0249994 1.46073
-0.433773 -0.139685 0.0250023 0.0249992 1.46073
-0.42432 -0.13642 0.0250007 0.024999 1.46073
-0.415154 -0.132421 0.0249989 0.0249989 1.46073
-0.406326 -0.127721 0.0249971 0.0249988 1.46073
-0.397883 -0.12236 0.0249955 0.0249987 1.46073
-0.389863 -0.116385 0.0249939 0.0249986 1.46073
-0.382294 -0.109849 0.0249925 0.0249986 1.46073
-0.375194 -0.102804 0.0249913 0.0249986 1.46073
-0.368573 -0.0953089 0.0249903 0.0249986 1.46073
-0.362428 -0.0874185 0.0249893 0.0249986 1.46073
-0.356746 -0.0791876 0.0249885 0.0249986 1.46073
-0.351508 -0.0706682 0.0249876 0.0249987 1.46073
-0.346682 -0.0619087 0.0249866 0.0249988 1.46073
-0.342231 -0.0529529 0.0249854 0.0249989 1.46073
-0.33811 -0.0438403 0.0249839 0.024999 1.46073
-0.334271 -0.0346059 0.0249819 0.0249991 1.46073
-0.330659 -0.0252804 0.0249794 0.0249992 1.46073
-0.327216 -0.0158911 0.0249763 0.0249994 1.46073
-0.323884 -0.00646208 0.0249725 0.0249995 1.46073
-0.320602 0.00298435 0.0249678 0.0249997 1.46073
-0.31731 0.012427 0.0249623 0.0249998 1.46073
-0.313947 0.0218448 0.0249558 0.025 1.46073
-0.310456 0.0312157 0.0249484 0.0250001 1.46073
-0.306782 0.0405159 0.0249399 0.0250003 1.46073
-0.302871 0.0497192 0.0249304 0.0250004 1.46073
-0.298676 0.0587963 0.02492 0.0250005 1.46073
-0.294153 0.0677147 0.0249087 0.0250006 1.46073
-0.289266 0.0764386 0.0248966 0.0250006 1.46073
-0.283984 0.0849289 0.0248837 0.0250007 1.46073
-0.278282 0.0931437 0.0248702 0.0250007 1.46073
-0.272146 0.101039 0.0248564 0.0250006 1.46073
-0.265567 0.10857 0.0248422 0.0250006 1.46073
-0.258546 0.11569 0.0248279 0.0250005 1.46073
-0.251091 0.122354 0.0248138 0.0250004 1.46073
-0.243219 0.12852 0.0247999 0.0250002 1.46073
-0.234952 0.134147 0.0247865 0.0250001 1.46073
-0.226321 0.139198 0.0247737 0.0249999 1.46073
-0.217363 0.143641 0.0247617 0.0249996 1.46073
-0.208116 0.147451 0.0247507 0.0249994 1.46073
-0.198627 0.150606 0.0247408 0.0249992 1.46073
-0.18894 0.153092 0.0247321 0.0249989 1.46073
-0.179104 0.154902 0.0247248 0.0249986 1.46073
-0.169167 0.156032 0.0247189 0.0249983 1.46073
-0.159176 0.156488 0.0247145 0.0249981 1.46073
-0.149176 0.156277 0.0247117 0.0249978 1.46073
-0.139212 0.155414 0.0247106 0.0249975 1.46073
-0.129322 0.153918 0.0247111 0.0249972 1.46073
-0.119544 0.151811 0.0247132 0.024997 1.46073
-0.109912 0.149116 0.024717 0.0249967 1.46073
-0.100453 0.145861 0.0247225 0.0249965 1.46073
-0.0911948 0.142075 0.0247297 0.0249964 1.46073
-0.0821581 0.137786 0.0247384 0.0249962 1.46073
-0.0733613 0.133024 0.0247485 0.0249961 1.46073
-0.064819 0.127819 0.0247599 0.0249961 1.46073
-0.0565424 0.122201 0.0247726 0.0249961 1.46073
-0.0485393 0.1162 0.0247862 0.0249961 1.46073
-0.0408145 0.109844 0.0248007 0.0249961 1.46073
-0.0333699 0.103163 0.0248158 0.0249962 1.46073
-0.0262043 0.0961833 0.0248314 0.0249963 1.46073
-0.0193144 0.0889316 0.0248474 0.0249964 1.46073
-0.0126941 0.081433 0.0248635 0.0249965 1.46073
-0.00633538 0.0737115 0.0248796 0.0249966 1.46073
-0.000228052 0.0657898 0.0248955 0.0249968 1.46073
0.00563983 0.0576894 0.0249112 0.024997 1.46073
0.0112819 0.0494302 0.0249264 0.0249972 1.46073
0.016713 0.041031 0.0249411 0.0249973 1.46073
0.0219497 0.0325094 0.0249552 0.0249975 1.46073
0.0270091 0.0238815 0.0249686 0.0249977 1.46073
0.0319094 0.0151625 0.0249813 0.024998 1.46073
0.0366694 0.0063663 0.0249932 0.0249982 1.46073
0.0413083 -0.0024942 0.0250043 0.0249984 1.46073
0.0458451 -0.0114072 0.0250146 0.0249986 1.46073
0.050299 -0.0203618 0.0250241 0.0249988 1.46073
0.0546889 -0.0293477 0.0250328 0.0249989 1.46073
0.0590336 -0.0383554 0.025041 0.0249991 1.46073
0.0633505 -0.0473763 0.0250485 0.0249993 1.46073
0.0676555 -0.0564028 0.0250555 0.0249995 1.46073
0.0719618 -0.0654284 0.0250622 0.0249997 1.46073
0.0762778 -0.0744493 0.0250687 0.0249998 1.46073
0.0805959 -0.083469 0.025075 0.0249999 1.46073
