-2.33309 -0.226773 0.0248235 0.0250001 4.38219
-2.32394 -0.230794 0.0248313 0.0250001 4.38219
-2.31468 -0.234584 0.024839 0.0250003 4.38219
-2.30531 -0.238081 0.0248468 0.0250004 4.38219
-2.29582 -0.241225 0.0248547 0.0250005 4.38219
-2.2862 -0.243962 0.0248626 0.0250005 4.38219
-2.27647 -0.246238 0.0248707 0.0250006 4.38219
-2.26662 -0.248003 0.024879 0.0250006 4.38219
-2.2567 -0.249212 0.0248874 0.0250006 4.38219
-2.24672 -0.249824 0.0248961 0.0250006 4.38219
-2.23672 -0.249803 0.0249052 0.0250005 4.38219
-2.22674 -0.249122 0.0249146 0.0250004 4.38219
-2.21684 -0.247761 0.0249245 0.0250003 4.38219
-2.20705 -0.245707 0.0249349 0.0250002 4.38219
-2.19743 -0.242957 0.0249458 0.0250001 4.38219
-2.18804 -0.239518 0.0249572 0.025 4.38219
-2.17893 -0.235404 0.0249691 0.0249999 4.38219
-2.17014 -0.230637 0.0249813 0.0249998 4.38219
-2.16171 -0.225249 0.0249937 0.0249998 4.38219
-2.15369 -0.219278 0.0250063 0.0249998 4.38219
-2.1461 -0.212765 0.0250187 0.0249998 4.38219
-2.13897 -0.205759 0.025031 0.0249998 4.38219
-2.1323 -0.198309 0.0250427 0.0249999 4.38219
-2.1261 -0.190465 0.0250538 0.0249999 4.38219
-2.12035 -0.182277 0.0250639 0.0250001 4.38219
-2.11506 -0.173794 0.025073 0.0250002 4.38219
-2.11018 -0.165063 0.0250806 0.0250004 4.38219
-2.1057 -0.156125 0.0250867 0.0250006 4.38219
-2.10157 -0.14702 0.0250911 0.0250008 4.38219
-2.09774 -0.137783 0.0250936 0.025001 4.38219
-2.09416 -0.128444 0.0250941 0.0250012 4.38219
-2.09079 -0.119031 0.0250924 0.0250014 4.38219
-2.08756 -0.109568 0.0250885 0.0250016 4.38219
-2.08442 -0.100077 0.0250823 0.0250018 4.38219
-2.08129 -0.0905794 0.025074 0.025002 4.38219
-2.07813 -0.0810944 0.0250634 0.0250021 4.38219
-2.07487 -0.0716434 0.0250508 0.0250023 4.38219
-2.07144 -0.0622492 0.0250362 0.0250024 4.38219
-2.06781 -0.0529368 0.0250199 0.0250024 4.38219
-2.0639 -0.0437348 0.025002 0.0250025 4.38219
-2.05967 -0.0346752 0.0249829 0.0250025 4.38219
-2.05507 -0.0257944 0.0249627 0.0250024 4.38219
-2.05008 -0.0171329 0.0249418 0.0250024 4.38219
-2.04466 -0.00873488 0.0249205 0.0250022 4.38219
-2.03878 -0.000648002 0.0248992 0.0250021 4.38219
-2.03243 0.00707773 0.0248781 0.0250019 4.38219
-2.02561 0.0143909 0.0248577 0.0250016 4.38219
-2.01833 0.02124 0.0248383 0.0250013 4.38219
-2.01059 0.0275747 0.0248201 0.025001 4.38219
-2.00243 0.0333474 0.0248035 0.0250007 4.38219
-1.99386 0.0385146 0.0247886 0.0250003 4.38219
-1.98495 0.0430382 0.0247758 0.0249999 4.38219
-1.97572 0.0468863 0.0247651 0.0249995 4.38219
-1.96622 0.0500343 0.0247567 0.0249991 4.38219
-1.95652 0.0524657 0.0247507 0.0249987 4.38219
-1.94667 0.0541716 0.0247471 0.0249983 4.38219
-1.93672 0.0551515 0.0247459 0.0249979 4.38219
-1.92672 0.0554124 0.024747 0.0249975 4.38219
-1.91672 0.0549684 0.0247505 0.0249972 4.38219
-1.90679 0.0538401 0.0247561 0.0249968 4.38219
-1.89694 0.0520533 0.0247639 0.0249965 4.38219
-1.88724 0.0496386 0.0247735 0.0249961 4.38219
-1.8777 0.0466299 0.0247849 0.0249958 4.38219
-1.86835 0.0430638 0.0247979 0.0249956 4.38219
-1.85922 0.0389784 0.0248122 0.0249954 4.38219
-1.85032 0.0344117 0.0248277 0.0249952 4.38219
-1.84166 0.0294019 0.024844 0.0249951 4.38219
-1.83325 0.0239862 0.0248608 0.0249951 4.38219
-1.82509 0.0182003 0.0248779 0.0249951 4.38219
-1.81718 0.0120786 0.0248949 0.0249951 4.38219
-1.80951 0.0056532 0.0249115 0.0249952 4.38219
-1.80208 -0.00104544 0.0249273 0.0249953 4.38219
-1.79488 -0.00798904 0.0249422 0.0249954 4.38219
-1.78789 -0.0151512 0.0249557 0.0249955 4.38219
-1.78111 -0.0225074 0.0249677 0.0249957 4.38219
-1.77452 -0.0300348 0.0249779 0.0249958 4.38219
-1.76811 -0.0377122 0.0249861 0.024996 4.38219
-1.76186 -0.0455201 0.024992 0.0249962 4.38219
-1.75575 -0.0534401 0.0249955 0.0249964 4.38219
-1.74976 -0.0614553 0.0249965 0.0249967 4.38219
-1.74389 -0.0695499 0.0249949 0.0249969 4.38219
-1.7381 -0.077709 0.0249906 0.0249971 4.38219
-1.73239 -0.0859186 0.0249836 0.0249973 4.38219
-1.72673 -0.0941656 0.0249739 0.0249975 4.38219
-1.72111 -0.102437 0.0249615 0.0249977 4.38219
-1.7155 -0.110722 0.0249466 0.0249979 4.38219
-1.7099 -0.119009 0.0249292 0.0249981 4.38219
-1.70429 -0.127286 0.0249095 0.0249983 4.38219
-1.69865 -0.135543 0.0248877 0.0249984 4.38219
-1.69296 -0.14377 0.0248639 0.0249986 4.38219
-1.68721 -0.151956 0.0248383 0.0249987 4.38219
-1.6814 -0.160092 0.0248112 0.0249989 4.38219
-1.6755 -0.168168 0.0247827 0.024999 4.38219
-1.66951 -0.176175 0.0247531 0.0249991 4.38219
-1.66342 -0.184107 0.0247226 0.0249993 4.38219
-1.65722 -0.191956 0.0246914 0.0249994 4.38219
-1.65092 -0.19972 0.0246596 0.0249995 4.38219
-1.64451 -0.207398 0.0246275 0.0249996 4.38219
-1.638 -0.214994 0.0245951 0.0249998 4.38219
-1.63142 -0.222522 0.0245626 0.0249999 4.38219
-1.62483 -0.230045 0.02453 0.0249999 4.38219
