-0.499201 -0.0117026 0.0249967 0.0249999 0.16008
-0.489204 -0.0114647 0.0249972 0.0249998 0.16008
-0.479207 -0.0111854 0.0249976 0.0249996 0.16008
-0.469212 -0.010858 0.024998 0.0249994 0.16008
-0.459219 -0.0104787 0.0249985 0.0249993 0.16008
-0.449228 -0.010045 0.0249989 0.0249991 0.16008
-0.439239 -0.00955604 0.0249993 0.0249989 0.16008
-0.429253 -0.00901201 0.0249997 0.0249987 0.16008
-0.41927 -0.00841415 0.0250001 0.0249985 0.16008
-0.409289 -0.00776455 0.0250005 0.0249984 0.16008
-0.399312 -0.00706608 0.0250009 0.0249982 0.16008
-0.389339 -0.00632228 0.0250012 0.024998 0.16008
-0.379368 -0.00553729 0.0250015 0.0249979 0.16008
-0.3694 -0.00471578 0.0250018 0.0249977 0.16008
-0.359434 -0.00386283 0.025002 0.0249975 0.16008
-0.349471 -0.00298392 0.0250022 0.0249973 0.16008
-0.339509 -0.00208478 0.0250023 0.0249972 0.16008
-0.329549 -0.00117141 0.0250023 0.024997 0.16008
-0.319589 -0.00024993 0.0250023 0.0249968 0.16008
-0.309629 0.000673455 0.0250022 0.0249966 0.16008
-0.299668 0.00159253 0.025002 0.0249964 0.16008
-0.289707 0.00250115 0.0250018 0.0249963 0.16008
-0.279744 0.00339329 0.0250015 0.0249961 0.16008
-0.269778 0.00426329 0.0250012 0.0249959 0.16008
-0.25981 0.00510569 0.0250008 0.0249957 0.16008
-0.24984 0.00591495 0.0250004 0.0249955 0.16008
-0.239866 0.0066856 0.025 0.0249953 0.16008
-0.229888 0.00741241 0.0249996 0.0249951 0.16008
-0.219907 0.00809044 0.0249992 0.0249949 0.16008
-0.209923 0.00871508 0.0249989 0.0249947 0.16008
-0.199934 0.00928212 0.0249985 0.0249944 0.16008
-0.189943 0.00978786 0.0249982 0.0249942 0.16008
-0.179948 0.0102291 0.024998 0.024994 0.16008
-0.16995 0.0106031 0.0249978 0.0249938 0.16008
-0.159949 0.0109078 0.0249977 0.0249936 0.16008
-0.149947 0.0111419 0.0249977 0.0249934 0.16008
-0.139943 0.0113044 0.0249977 0.0249932 0.16008
-0.129938 0.0113951 0.0249978 0.024993 0.16008
-0.119932 0.0114146 0.0249979 0.0249928 0.16008
-0.109926 0.0113637 0.0249981 0.0249927 0.16008
-0.0999212 0.0112443 0.0249984 0.0249927 0.16008
-0.0899171 0.0110585 0.0249987 0.0249929 0.16008
-0.0799146 0.010809 0.024999 0.024993 0.16008
-0.0699138 0.0104993 0.0249993 0.0249931 0.16008
-0.0599151 0.010133 0.0249997 0.0249933 0.16008
-0.0499185 0.00971428 0.0250001 0.0249934 0.16008
-0.0399242 0.00924766 0.0250005 0.0249935 0.16008
-0.029932 0.00873794 0.0250008 0.0249937 0.16008
-0.019942 0.00819017 0.0250011 0.0249938 0.16008
-0.00995397 0.00760959 0.0250014 0.0249939 0.16008
3.23446e-05 0.00700153 0.0250017 0.0249941 0.16008
0.0100172 0.00637139 0.0250019 0.0249942 0.16008
0.0200008 0.00572456 0.0250021 0.0249943 0.16008
0.0299836 0.00506637 0.0250022 0.0249945 0.16008
0.0399659 0.00440202 0.0250023 0.0249946 0.16008
0.0499481 0.00373657 0.0250023 0.0249947 0.16008
0.0599303 0.00307483 0.0250022 0.0249949 0.16008
0.069913 0.00242136 0.0250021 0.024995 0.16008
0.0798964 0.00178044 0.0250019 0.0249951 0.16008
0.0898808 0.001156 0.0250017 0.0249952 0.16008
0.0998663 0.000551651 0.0250014 0.0249953 0.16008
0.109853 -2.93956e-05 0.0250012 0.0249955 0.16008
0.119841 -0.000584299 0.0250009 0.0249956 0.16008
0.129831 -0.00111061 0.0250005 0.0249957 0.16008
0.139822 -0.00160625 0.0250002 0.0249958 0.16008
0.149815 -0.00206956 0.0249999 0.0249959 0.16008
0.159809 -0.00249921 0.0249995 0.024996 0.16008
0.169804 -0.0028943 0.0249992 0.0249961 0.16008
0.179801 -0.0032544 0.0249989 0.0249962 0.16008
0.189798 -0.00357921 0.0249987 0.0249963 0.16008
0.199797 -0.00386829 0.0249985 0.0249964 0.16008
0.209797 -0.00412122 0.0249983 0.0249965 0.16008
0.219797 -0.00433762 0.0249982 0.0249966 0.16008
0.229798 -0.00451709 0.0249981 0.0249967 0.16008
0.2398 -0.00465922 0.0249981 0.0249968 0.16008
0.249802 -0.0047636 0.0249981 0.0249969 0.16008
0.259804 -0.00482978 0.0249981 0.0249971 0.16008
0.269806 -0.00485731 0.0249982 0.0249972 0.16008
0.279808 -0.00484572 0.0249983 0.0249973 0.16008
0.28981 -0.00479449 0.0249984 0.0249974 0.16008
0.299812 -0.00470313 0.0249986 0.0249975 0.16008
0.309813 -0.0045711 0.0249987 0.0249976 0.16008
0.319813 -0.00439789 0.0249989 0.0249977 0.16008
0.329813 -0.00418298 0.024999 0.0249979 0.16008
0.339811 -0.00392589 0.0249992 0.024998 0.16008
0.349808 -0.00362617 0.0249994 0.0249981 0.16008
0.359804 -0.00328341 0.0249996 0.0249982 0.16008
0.369798 -0.0028973 0.0249998 0.0249983 0.16008
0.37979 -0.0024676 0.025 0.0249985 0.16008
0.38978 -0.00199422 0.0250001 0.0249986 0.16008
0.399767 -0.00147718 0.0250003 0.0249987 0.16008
0.409753 -0.00091673 0.0250005 0.0249988 0.16008
0.419735 -0.000313312 0.0250007 0.024999 0.16008
0.429715 0.000332338 0.0250009 0.0249991 0.16008
0.439692 0.00101914 0.0250012 0.0249992 0.16008
0.449667 0.00174556 0.0250014 0.0249993 0.16008
0.459638 0.00250957 0.0250016 0.0249995 0.16008
0.469606 0.00330843 0.0250018 0.0249996 0.16008
0.479572 0.00413783 0.025002 0.0249997 0.16008
0.489536 0.00499049 0.0250022 0.0249999 0.16008
0.499499 0.00584205 0.0250024 0.0249999 0.16008
