-1.52404 -0.0656979 0.0249959 0.0250001 3.02151
-1.51917 -0.0569633 0.0249975 0.0250001 3.02151
-1.51431 -0.0482258 0.024999 0.0250003 3.02151
-1.50943 -0.0394959 0.0250005 0.0250004 3.02151
-1.50451 -0.0307881 0.0250019 0.0250005 3.02151
-1.49953 -0.0221197 0.0250032 0.0250006 3.02151
-1.49444 -0.0135113 0.0250043 0.0250007 3.02151
-1.48921 -0.00498635 0.0250053 0.0250008 3.02151
-1.48381 0.00342864 0.0250059 0.0250008 3.02151
-1.4782 0.0117037 0.0250062 0.0250009 3.02151
-1.47234 0.0198052 0.0250062 0.0250009 3.02151
-1.4662 0.0276958 0.0250056 0.025001 3.02151
-1.45974 0.0353343 0.0250046 0.025001 3.02151
-1.45295 0.0426758 0.025003 0.025001 3.02151
-1.44581 0.0496719 0.0250008 0.0250009 3.02151
-1.4383 0.0562712 0.0249981 0.0250008 3.02151
-1.43041 0.0624204 0.0249948 0.0250007 3.02151
-1.42216 0.0680649 0.0249911 0.0250006 3.02151
-1.41355 0.0731503 0.0249871 0.0250005 3.02151
-1.40461 0.0776233 0.0249831 0.0250004 3.02151
-1.39536 0.0814332 0.024979 0.0250003 3.02151
-1.38585 0.0845337 0.0249752 0.0250002 3.02151
-1.37613 0.0868843 0.0249719 0.025 3.02151
-1.36626 0.088452 0.024969 0.0249999 3.02151
-1.35629 0.0892125 0.0249669 0.0249998 3.02151
-1.34629 0.0891511 0.0249657 0.0249998 3.02151
-1.33633 0.0882639 0.0249654 0.0249997 3.02151
-1.32647 0.0865574 0.0249662 0.0249996 3.02151
-1.31679 0.0840491 0.024968 0.0249995 3.02151
-1.30734 0.0807662 0.0249709 0.0249995 3.02151
-1.29819 0.0767456 0.0249748 0.0249994 3.02151
-1.28937 0.0720317 0.0249797 0.0249994 3.02151
-1.28092 0.0666754 0.0249854 0.0249993 3.02151
-1.27288 0.0607322 0.0249918 0.0249993 3.02151
-1.26526 0.0542603 0.0249986 0.0249993 3.02151
-1.25806 0.0473188 0.0250056 0.0249994 3.02151
-1.25128 0.0399663 0.0250126 0.0249994 3.02151
-1.24491 0.0322594 0.0250193 0.0249994 3.02151
-1.23891 0.0242523 0.0250254 0.0249995 3.02151
-1.23327 0.015995 0.0250307 0.0249996 3.02151
-1.22794 0.00753413 0.025035 0.0249996 3.02151
-1.22288 -0.0010883 0.0250381 0.0249997 3.02151
-1.21803 -0.00983388 0.0250397 0.0249999 3.02151
-1.21334 -0.0186677 0.0250397 0.025 3.02151
-1.20876 -0.0275574 0.0250381 0.0250002 3.02151
-1.20423 -0.0364731 0.0250345 0.0250004 3.02151
-1.1997 -0.0453861 0.0250291 0.0250006 3.02151
-1.19511 -0.0542683 0.0250216 0.0250008 3.02151
-1.1904 -0.0630912 0.0250121 0.025001 3.02151
-1.18553 -0.0718255 0.0250006 0.0250013 3.02151
-1.18046 -0.0804401 0.0249871 0.0250015 3.02151
-1.17513 -0.0889023 0.0249719 0.0250017 3.02151
-1.16952 -0.0971772 0.024955 0.0250018 3.02151
-1.16359 -0.105228 0.0249366 0.025002 3.02151
-1.15732 -0.113015 0.0249171 0.0250021 3.02151
-1.15069 -0.1205 0.0248966 0.0250022 3.02151
-1.14369 -0.12764 0.0248756 0.0250023 3.02151
-1.13632 -0.134394 0.0248542 0.0250023 3.02151
-1.12858 -0.140721 0.024833 0.0250024 3.02151
-1.12048 -0.146583 0.0248122 0.0250023 3.02151
-1.11204 -0.151941 0.0247921 0.0250023 3.02151
-1.10328 -0.156762 0.024773 0.0250022 3.02151
-1.09423 -0.161013 0.0247554 0.0250021 3.02151
-1.08492 -0.164669 0.0247393 0.025002 3.02151
-1.0754 -0.167707 0.024725 0.0250019 3.02151
-1.06569 -0.170109 0.0247127 0.0250017 3.02151
-1.05585 -0.171863 0.0247025 0.0250015 3.02151
-1.04591 -0.172962 0.0246946 0.0250013 3.02151
-1.03592 -0.173404 0.0246889 0.0250011 3.02151
-1.02592 -0.173189 0.0246855 0.0250009 3.02151
-1.01596 -0.172325 0.0246844 0.0250006 3.02151
-1.00607 -0.170822 0.0246854 0.0250004 3.02151
-0.996304 -0.168695 0.0246886 0.0250002 3.02151
-0.986685 -0.165961 0.0246939 0.0249999 3.02151
-0.977252 -0.16264 0.024701 0.0249997 3.02151
-0.968037 -0.158757 0.0247099 0.0249994 3.02151
-0.959066 -0.154337 0.0247204 0.0249992 3.02151
-0.950364 -0.149408 0.0247324 0.0249989 3.02151
-0.941953 -0.143998 0.0247458 0.0249987 3.02151
-0.933848 -0.138138 0.0247605 0.0249985 3.02151
-0.926063 -0.13186 0.0247762 0.0249983 3.02151
-0.918608 -0.125192 0.0247928 0.0249982 3.02151
-0.91149 -0.118167 0.0248101 0.0249981 3.02151
-0.904711 -0.110813 0.024828 0.024998 3.02151
-0.898272 -0.10316 0.0248462 0.024998 3.02151
-0.892168 -0.0952373 0.0248647 0.024998 3.02151
-0.886393 -0.0870711 0.0248831 0.0249981 3.02151
-0.880939 -0.0786876 0.0249015 0.0249981 3.02151
-0.875794 -0.0701113 0.0249196 0.0249982 3.02151
-0.870943 -0.0613652 0.0249375 0.0249984 3.02151
-0.86637 -0.0524706 0.0249549 0.0249985 3.02151
-0.862057 -0.0434473 0.0249718 0.0249986 3.02151
-0.857983 -0.0343136 0.0249883 0.0249988 3.02151
-0.854126 -0.0250861 0.0250043 0.0249989 3.02151
-0.850464 -0.01578 0.0250199 0.0249991 3.02151
-0.846972 -0.00640902 0.0250351 0.0249993 3.02151
-0.843623 0.00301411 0.0250499 0.0249994 3.02151
-0.840391 0.0124778 0.0250644 0.0249996 3.02151
-0.837248 0.0219713 0.0250787 0.0249997 3.02151
-0.834162 0.0314836 0.0250929 0.0249999 3.02151
-0.831078 0.0409961 0.025107 0.0249999 3.02151
