-0.368994 -0.0660694 0.0251022 0.0250001 1.10055
-0.364151 -0.0573209 0.0250969 0.0250002 1.10055
-0.35945 -0.0484948 0.0250915 0.0250004 1.10055
-0.354904 -0.0395881 0.0250862 0.0250005 1.10055
-0.350513 -0.0306044 0.0250808 0.0250007 1.10055
-0.346267 -0.0215516 0.0250753 0.025001 1.10055
-0.342148 -0.0124402 0.0250697 0.0250012 1.10055
-0.338132 -0.00328287 0.0250637 0.0250014 1.10055
-0.334191 0.00590638 0.0250575 0.0250016 1.10055
-0.330289 0.0151124 0.0250509 0.0250018 1.10055
-0.326389 0.0243187 0.0250438 0.0250021 1.10055
-0.322448 0.0335076 0.0250363 0.0250023 1.10055
-0.318423 0.0426597 0.0250283 0.0250025 1.10055
-0.314268 0.0517534 0.0250199 0.0250026 1.10055
-0.309938 0.0607646 0.0250111 0.0250028 1.10055
-0.305385 0.0696657 0.025002 0.0250029 1.10055
-0.300567 0.0784257 0.0249926 0.0250029 1.10055
-0.295441 0.0870093 0.0249832 0.025003 1.10055
-0.28997 0.0953767 0.0249738 0.025003 1.10055
-0.284119 0.103484 0.0249646 0.0250029 1.10055
-0.277862 0.111281 0.0249558 0.0250028 1.10055
-0.271179 0.118717 0.0249475 0.0250027 1.10055
-0.264058 0.125735 0.02494 0.0250025 1.10055
-0.256497 0.132277 0.0249333 0.0250023 1.10055
-0.248504 0.138283 0.0249278 0.0250021 1.10055
-0.240095 0.143693 0.0249236 0.0250019 1.10055
-0.231301 0.14845 0.0249208 0.0250016 1.10055
-0.222159 0.1525 0.0249194 0.0250013 1.10055
-0.212719 0.155797 0.0249195 0.0250011 1.10055
-0.203038 0.158299 0.0249213 0.0250008 1.10055
-0.19318 0.159975 0.0249245 0.0250005 1.10055
-0.183215 0.160806 0.0249292 0.0250003 1.10055
-0.173215 0.160781 0.0249353 0.025 1.10055
-0.163254 0.159904 0.0249427 0.0249998 1.10055
-0.153402 0.158188 0.0249513 0.0249996 1.10055
-0.143726 0.15566 0.0249608 0.0249994 1.10055
-0.134288 0.152354 0.0249711 0.0249992 1.10055
-0.125139 0.148314 0.024982 0.0249991 1.10055
-0.116324 0.143591 0.0249932 0.024999 1.10055
-0.107874 0.138242 0.0250045 0.0249989 1.10055
-0.0998121 0.132324 0.0250157 0.0249989 1.10055
-0.0921489 0.125898 0.0250266 0.0249989 1.10055
-0.0848848 0.119024 0.0250369 0.0249989 1.10055
-0.0780102 0.11176 0.0250465 0.024999 1.10055
-0.0715068 0.104163 0.0250551 0.024999 1.10055
-0.065348 0.0962837 0.0250626 0.0249991 1.10055
-0.0595006 0.0881706 0.0250688 0.0249992 1.10055
-0.053926 0.0798678 0.0250736 0.0249993 1.10055
-0.0485812 0.0714154 0.0250769 0.0249994 1.10055
-0.04342 0.0628498 0.0250787 0.0249995 1.10055
-0.0383943 0.054204 0.0250788 0.0249996 1.10055
-0.0334551 0.0455086 0.0250773 0.0249997 1.10055
-0.0285531 0.0367923 0.0250741 0.0249999 1.10055
-0.0236399 0.0280825 0.0250692 0.025 1.10055
-0.0186688 0.0194056 0.0250626 0.0250001 1.10055
-0.013595 0.0107885 0.0250544 0.0250002 1.10055
-0.00837697 0.00225819 0.0250446 0.0250003 1.10055
-0.00297628 -0.00615763 0.0250333 0.0250005 1.10055
0.00264138 -0.0144301 0.0250204 0.0250006 1.10055
0.008506 -0.0225292 0.0250062 0.0250007 1.10055
0.0146429 -0.030424 0.0249907 0.0250008 1.10055
0.0210722 -0.0380823 0.024974 0.0250009 1.10055
0.0278091 -0.0454714 0.0249562 0.025001 1.10055
0.0348634 -0.0525581 0.0249374 0.025001 1.10055
0.0422395 -0.0593091 0.0249178 0.0250011 1.10055
0.0499367 -0.0656914 0.0248976 0.0250011 1.10055
0.0579492 -0.0716732 0.0248769 0.0250012 1.10055
0.0662663 -0.0772235 0.0248559 0.0250012 1.10055
0.0748731 -0.0823131 0.0248349 0.0250012 1.10055
0.0837502 -0.0869149 0.024814 0.0250011 1.10055
0.092875 -0.0910041 0.0247935 0.0250011 1.10055
0.102221 -0.0945585 0.0247737 0.025001 1.10055
0.11176 -0.0975586 0.0247546 0.0250009 1.10055
0.121459 -0.0999884 0.0247367 0.0250008 1.10055
0.131287 -0.101835 0.0247201 0.0250007 1.10055
0.141207 -0.103089 0.024705 0.0250005 1.10055
0.151185 -0.103745 0.0246916 0.0250004 1.10055
0.161185 -0.103801 0.0246802 0.0250002 1.10055
0.17117 -0.103259 0.024671 0.025 1.10055
0.181105 -0.102124 0.024664 0.0249998 1.10055
0.190957 -0.100405 0.0246594 0.0249995 1.10055
0.200691 -0.0981138 0.0246575 0.0249993 1.10055
0.210278 -0.0952668 0.0246581 0.0249991 1.10055
0.219689 -0.0918822 0.0246616 0.0249989 1.10055
0.228898 -0.0879814 0.0246678 0.0249986 1.10055
0.237882 -0.0835881 0.0246768 0.0249984 1.10055
0.246623 -0.0787278 0.0246886 0.0249983 1.10055
0.255105 -0.0734275 0.0247031 0.0249981 1.10055
0.263315 -0.0677154 0.0247202 0.024998 1.10055
0.271245 -0.0616207 0.0247397 0.024998 1.10055
0.278891 -0.0551733 0.0247614 0.0249979 1.10055
0.286253 -0.0484031 0.024785 0.0249979 1.10055
0.293334 -0.0413403 0.0248104 0.024998 1.10055
0.300144 -0.0340149 0.0248371 0.0249981 1.10055
0.306693 -0.0264564 0.024865 0.0249983 1.10055
0.313 -0.0186942 0.0248937 0.0249985 1.10055
0.319085 -0.0107572 0.0249229 0.0249987 1.10055
0.324975 -0.00267473 0.0249526 0.024999 1.10055
0.330703 0.00552273 0.0249823 0.0249993 1.10055
0.336315 0.0138003 0.025012 0.0249996 1.10055
0.341921 0.022081 0.0250416 0.0249998 1.10055
