-2.23734 -0.256516 0.0248879 0.0250001 4.26213
-2.22788 -0.253294 0.024889 0.0250001 4.26213
-2.21852 -0.249761 0.0248901 0.0250002 4.26213
-2.20931 -0.24586 0.0248913 0.0250003 4.26213
-2.20029 -0.241554 0.0248926 0.0250004 4.26213
-2.19148 -0.236818 0.024894 0.0250005 4.26213
-2.18293 -0.231637 0.0248958 0.0250006 4.26213
-2.17466 -0.22601 0.0248979 0.0250006 4.26213
-2.16672 -0.219941 0.0249004 0.0250007 4.26213
-2.15912 -0.213442 0.0249034 0.0250008 4.26213
-2.15189 -0.206536 0.024907 0.0250009 4.26213
-2.14504 -0.199245 0.0249111 0.025001 4.26213
-2.1386 -0.191601 0.0249157 0.0250011 4.26213
-2.13255 -0.183635 0.0249209 0.0250012 4.26213
-2.12691 -0.175382 0.0249265 0.0250013 4.26213
-2.12165 -0.166878 0.0249326 0.0250014 4.26213
-2.11676 -0.158156 0.024939 0.0250015 4.26213
-2.11221 -0.14925 0.0249456 0.0250017 4.26213
-2.10798 -0.140192 0.0249524 0.0250018 4.26213
-2.10402 -0.13101 0.0249592 0.025002 4.26213
-2.1003 -0.121732 0.024966 0.0250021 4.26213
-2.09675 -0.112382 0.0249726 0.0250023 4.26213
-2.09335 -0.102983 0.0249789 0.0250024 4.26213
-2.09002 -0.0935553 0.0249847 0.0250025 4.26213
-2.08671 -0.0841194 0.02499 0.0250027 4.26213
-2.08337 -0.0746958 0.0249947 0.0250028 4.26213
-2.07994 -0.0653056 0.0249986 0.0250029 4.26213
-2.07636 -0.0559719 0.0250017 0.025003 4.26213
-2.07257 -0.0467204 0.0250039 0.0250031 4.26213
-2.06852 -0.0375803 0.0250051 0.0250032 4.26213
-2.06416 -0.0285851 0.0250054 0.0250032 4.26213
-2.05943 -0.0197729 0.0250047 0.0250032 4.26213
-2.05431 -0.0111863 0.0250031 0.0250031 4.26213
-2.04876 -0.00287291 0.0250005 0.025003 4.26213
-2.04275 0.00511577 0.024997 0.0250028 4.26213
-2.03626 0.0127247 0.0249928 0.0250026 4.26213
-2.0293 0.0198967 0.0249878 0.0250023 4.26213
-2.02186 0.0265737 0.0249823 0.025002 4.26213
-2.01395 0.0326983 0.0249763 0.0250016 4.26213
-2.00561 0.0382157 0.02497 0.0250012 4.26213
-1.99688 0.0430756 0.0249637 0.0250007 4.26213
-1.98778 0.0472334 0.0249574 0.0250002 4.26213
-1.97838 0.0506523 0.0249514 0.0249997 4.26213
-1.96874 0.0533043 0.0249458 0.0249991 4.26213
-1.95892 0.0551713 0.024941 0.0249985 4.26213
-1.94897 0.0562453 0.0249369 0.0249979 4.26213
-1.93898 0.0565288 0.024934 0.0249973 4.26213
-1.92899 0.0560342 0.0249322 0.0249968 4.26213
-1.91906 0.0547831 0.0249318 0.0249963 4.26213
-1.90926 0.0528046 0.0249328 0.0249959 4.26213
-1.89961 0.0501349 0.0249351 0.0249955 4.26213
-1.89018 0.0468156 0.0249389 0.0249952 4.26213
-1.88098 0.0428922 0.0249439 0.0249949 4.26213
-1.87203 0.038413 0.0249502 0.0249947 4.26213
-1.86336 0.0334276 0.0249575 0.0249945 4.26213
-1.85496 0.0279856 0.0249658 0.0249945 4.26213
-1.84685 0.0221359 0.0249748 0.0249944 4.26213
-1.839 0.0159258 0.0249843 0.0249944 4.26213
-1.83142 0.00940029 0.0249943 0.0249945 4.26213
-1.82408 0.00260187 0.0250044 0.0249946 4.26213
-1.81696 -0.00442982 0.0250146 0.0249947 4.26213
-1.81005 -0.011658 0.0250248 0.0249948 4.26213
-1.8033 -0.0190487 0.0250347 0.0249949 4.26213
-1.79671 -0.0265707 0.0250443 0.024995 4.26213
-1.79023 -0.0341951 0.0250534 0.0249951 4.26213
-1.78385 -0.0418953 0.0250619 0.0249953 4.26213
-1.77752 -0.0496467 0.0250698 0.0249954 4.26213
-1.77123 -0.0574262 0.0250768 0.0249955 4.26213
-1.76495 -0.0652121 0.0250829 0.0249956 4.26213
-1.75865 -0.0729838 0.025088 0.0249957 4.26213
-1.75231 -0.0807218 0.025092 0.0249958 4.26213
-1.74591 -0.0884069 0.0250947 0.0249959 4.26213
-1.73942 -0.0960204 0.0250961 0.0249959 4.26213
-1.73283 -0.103544 0.0250958 0.024996 4.26213
-1.72611 -0.110959 0.0250938 0.0249961 4.26213
-1.71926 -0.118246 0.0250897 0.0249961 4.26213
-1.71226 -0.125388 0.0250832 0.0249963 4.26213
-1.70509 -0.132366 0.0250741 0.0249964 4.26213
-1.69775 -0.13916 0.025062 0.0249965 4.26213
-1.69023 -0.145752 0.0250467 0.0249967 4.26213
-1.68252 -0.152124 0.025028 0.0249969 4.26213
-1.67461 -0.158256 0.0250058 0.0249971 4.26213
-1.66652 -0.164133 0.0249801 0.0249972 4.26213
-1.65823 -0.169736 0.0249508 0.0249974 4.26213
-1.64976 -0.17505 0.0249181 0.0249975 4.26213
-1.6411 -0.180059 0.0248822 0.0249977 4.26213
-1.63227 -0.184752 0.0248433 0.0249978 4.26213
-1.62327 -0.189115 0.0248017 0.024998 4.26213
-1.61411 -0.193137 0.0247577 0.0249982 4.26213
-1.60481 -0.196811 0.0247115 0.0249984 4.26213
-1.59538 -0.200129 0.0246636 0.0249986 4.26213
-1.58582 -0.203088 0.0246142 0.0249987 4.26213
-1.57617 -0.205687 0.0245637 0.0249989 4.26213
-1.56642 -0.207931 0.0245124 0.0249991 4.26213
-1.5566 -0.209825 0.0244606 0.0249992 4.26213
-1.54672 -0.211384 0.0244086 0.0249994 4.26213
-1.5368 -0.212627 0.0243565 0.0249995 4.26213
-1.52685 -0.213579 0.0243045 0.0249997 4.26213
-1.51687 -0.214281 0.0242527 0.0249998 4.26213
-1.50688 -0.214793 0.0242011 0.0249999 4.26213
-1.4969 -0.215291 0.0241497 0.0249999 4.26213
