-2.69918 -0.135542 0.0250158 0.0250001 5.02251
-2.69431 -0.126805 0.0250146 0.0250001 5.02251
-2.68946 -0.118064 0.0250134 0.0250003 5.02251
-2.68459 -0.109329 0.0250121 0.0250004 5.02251
-2.67969 -0.100614 0.0250108 0.0250005 5.02251
-2.67471 -0.0919376 0.0250094 0.0250006 5.02251
-2.66964 -0.0833192 0.0250078 0.0250007 5.02251
-2.66444 -0.0747821 0.025006 0.0250008 5.02251
-2.65906 -0.0663527 0.025004 0.0250009 5.02251
-2.65347 -0.0580606 0.0250017 0.025001 5.02251
-2.64764 -0.0499393 0.024999 0.025001 5.02251
-2.64153 -0.0420256 0.024996 0.025001 5.02251
-2.6351 -0.0343605 0.0249925 0.0250011 5.02251
-2.62835 -0.0269887 0.0249885 0.025001 5.02251
-2.62124 -0.0199583 0.024984 0.025001 5.02251
-2.61376 -0.0133203 0.0249791 0.0250009 5.02251
-2.60591 -0.00712816 0.0249738 0.0250008 5.02251
-2.59769 -0.00143624 0.0249683 0.0250007 5.02251
-2.58911 0.00370095 0.0249627 0.0250006 5.02251
-2.58019 0.00822979 0.0249571 0.0250005 5.02251
-2.57097 0.0120993 0.0249518 0.0250003 5.02251
-2.56149 0.0152625 0.024947 0.0250002 5.02251
-2.55178 0.0176785 0.0249427 0.0250001 5.02251
-2.54192 0.0193134 0.0249392 0.025 5.02251
-2.53195 0.0201422 0.0249366 0.0249999 5.02251
-2.52195 0.0201494 0.024935 0.0249998 5.02251
-2.51199 0.0193301 0.0249346 0.0249997 5.02251
-2.50212 0.0176901 0.0249354 0.0249996 5.02251
-2.49242 0.0152459 0.0249374 0.0249995 5.02251
-2.48296 0.0120241 0.0249406 0.0249995 5.02251
-2.47377 0.00806093 0.024945 0.0249994 5.02251
-2.46493 0.00340027 0.0249504 0.0249993 5.02251
-2.45645 -0.00190733 0.0249567 0.0249993 5.02251
-2.44838 -0.00780662 0.0249638 0.0249993 5.02251
-2.44072 -0.0142395 0.0249714 0.0249993 5.02251
-2.43349 -0.0211467 0.0249792 0.0249993 5.02251
-2.42668 -0.0284697 0.0249871 0.0249994 5.02251
-2.42027 -0.0361515 0.0249945 0.0249994 5.02251
-2.41425 -0.0441379 0.0250014 0.0249995 5.02251
-2.40859 -0.0523783 0.0250075 0.0249996 5.02251
-2.40324 -0.0608261 0.0250125 0.0249996 5.02251
-2.39815 -0.0694386 0.0250161 0.0249997 5.02251
-2.39329 -0.0781774 0.0250184 0.0249999 5.02251
-2.3886 -0.0870072 0.0250189 0.025 5.02251
-2.38402 -0.0958955 0.0250178 0.0250002 5.02251
-2.37949 -0.104812 0.0250148 0.0250004 5.02251
-2.37496 -0.113729 0.0250099 0.0250006 5.02251
-2.37038 -0.122618 0.0250029 0.0250008 5.02251
-2.36569 -0.131449 0.024994 0.025001 5.02251
-2.36085 -0.140196 0.0249832 0.0250012 5.02251
-2.3558 -0.148825 0.0249704 0.0250014 5.02251
-2.3505 -0.157306 0.0249558 0.0250016 5.02251
-2.34492 -0.165603 0.0249397 0.0250018 5.02251
-2.33903 -0.17368 0.0249221 0.025002 5.02251
-2.33279 -0.181498 0.0249033 0.0250021 5.02251
-2.3262 -0.189017 0.0248835 0.0250022 5.02251
-2.31925 -0.196196 0.0248631 0.0250023 5.02251
-2.31191 -0.202994 0.0248424 0.0250023 5.02251
-2.30421 -0.20937 0.0248216 0.0250024 5.02251
-2.29615 -0.215285 0.0248012 0.0250023 5.02251
-2.28775 -0.220701 0.0247814 0.0250023 5.02251
-2.27902 -0.225582 0.0247624 0.0250022 5.02251
-2.27 -0.229899 0.0247447 0.0250022 5.02251
-2.26073 -0.233623 0.0247285 0.025002 5.02251
-2.25122 -0.236732 0.0247139 0.0250019 5.02251
-2.24154 -0.239208 0.0247013 0.0250017 5.02251
-2.23171 -0.241038 0.0246906 0.0250016 5.02251
-2.22178 -0.242214 0.0246821 0.0250014 5.02251
-2.21179 -0.242733 0.0246759 0.0250012 5.02251
-2.20179 -0.242596 0.0246718 0.025001 5.02251
-2.19182 -0.24181 0.02467 0.0250007 5.02251
-2.18193 -0.240384 0.0246704 0.0250005 5.02251
-2.17214 -0.238332 0.024673 0.0250002 5.02251
-2.1625 -0.235671 0.0246776 0.025 5.02251
-2.15304 -0.232422 0.0246842 0.0249997 5.02251
-2.1438 -0.228608 0.0246926 0.0249995 5.02251
-2.1348 -0.224254 0.0247027 0.0249992 5.02251
-2.12606 -0.219387 0.0247144 0.024999 5.02251
-2.11761 -0.214037 0.0247276 0.0249987 5.02251
-2.10946 -0.208234 0.0247421 0.0249985 5.02251
-2.10164 -0.202008 0.0247578 0.0249984 5.02251
-2.09414 -0.195389 0.0247746 0.0249982 5.02251
-2.08698 -0.188409 0.0247922 0.0249981 5.02251
-2.08015 -0.181097 0.0248104 0.0249981 5.02251
-2.07367 -0.173483 0.0248291 0.024998 5.02251
-2.06752 -0.165595 0.0248482 0.024998 5.02251
-2.0617 -0.15746 0.0248674 0.0249981 5.02251
-2.0562 -0.149106 0.0248866 0.0249981 5.02251
-2.05101 -0.140555 0.0249056 0.0249982 5.02251
-2.04612 -0.131833 0.0249244 0.0249983 5.02251
-2.04151 -0.122959 0.0249429 0.0249985 5.02251
-2.03715 -0.113954 0.024961 0.0249986 5.02251
-2.03304 -0.104838 0.0249787 0.0249987 5.02251
-2.02915 -0.0956251 0.024996 0.0249989 5.02251
-2.02545 -0.0863324 0.0250128 0.0249991 5.02251
-2.02193 -0.0769736 0.0250292 0.0249992 5.02251
-2.01855 -0.0675615 0.0250453 0.0249994 5.02251
-2.01529 -0.0581079 0.0250611 0.0249996 5.02251
-2.01212 -0.0486238 0.0250767 0.0249997 5.02251
-2.009 -0.0391203 0.0250922 0.0249999 5.02251
-2.00589 -0.0296167 0.0251076 0.0249999 5.02251
