-0.416253 0.109993 0.0250176 0.0249999 0.8004
-0.406264 0.110462 0.0250187 0.0249998 0.8004
-0.396266 0.110671 0.0250198 0.0249997 0.8004
-0.386266 0.110567 0.0250209 0.0249995 0.8004
-0.376276 0.110105 0.0250221 0.0249993 0.8004
-0.366312 0.109251 0.0250234 0.024999 0.8004
-0.356393 0.107977 0.0250247 0.0249988 0.8004
-0.34654 0.106261 0.0250263 0.0249986 0.8004
-0.336777 0.104089 0.025028 0.0249984 0.8004
-0.32713 0.101451 0.0250299 0.0249982 0.8004
-0.317623 0.0983457 0.0250321 0.0249981 0.8004
-0.30828 0.0947754 0.0250344 0.0249981 0.8004
-0.299125 0.0907488 0.025037 0.0249983 0.8004
-0.290178 0.0862796 0.0250398 0.0249985 0.8004
-0.281456 0.081386 0.0250426 0.0249987 0.8004
-0.272972 0.07609 0.0250455 0.0249989 0.8004
-0.264736 0.0704171 0.0250485 0.0249991 0.8004
-0.256752 0.0643954 0.0250513 0.0249994 0.8004
-0.249018 0.0580548 0.025054 0.0249996 0.8004
-0.24153 0.0514268 0.0250564 0.0249999 0.8004
-0.234276 0.0445434 0.0250586 0.0250001 0.8004
-0.227241 0.0374371 0.0250603 0.0250003 0.8004
-0.220404 0.0301401 0.0250616 0.0250006 0.8004
-0.21374 0.0226845 0.0250624 0.0250008 0.8004
-0.207222 0.0151016 0.0250626 0.025001 0.8004
-0.200818 0.00742237 0.0250621 0.0250012 0.8004
-0.194494 -0.000322769 0.025061 0.0250014 0.8004
-0.188214 -0.00810369 0.0250591 0.0250015 0.8004
-0.181942 -0.0158903 0.0250566 0.0250017 0.8004
-0.175639 -0.0236524 0.0250533 0.0250018 0.8004
-0.169269 -0.0313591 0.0250493 0.0250018 0.8004
-0.162796 -0.0389789 0.0250446 0.0250019 0.8004
-0.156184 -0.0464793 0.0250392 0.0250019 0.8004
-0.149403 -0.0538268 0.0250332 0.0250019 0.8004
-0.142424 -0.0609864 0.0250267 0.0250018 0.8004
-0.135222 -0.0679224 0.0250197 0.0250017 0.8004
-0.127778 -0.0745981 0.0250122 0.0250016 0.8004
-0.120078 -0.0809763 0.0250045 0.0250014 0.8004
-0.112112 -0.0870198 0.0249966 0.0250011 0.8004
-0.103877 -0.0926919 0.0249886 0.0250009 0.8004
-0.0953766 -0.0979572 0.0249807 0.0250006 0.8004
-0.0866181 -0.102782 0.0249729 0.0250002 0.8004
-0.077616 -0.107137 0.0249655 0.0249999 0.8004
-0.0683893 -0.110993 0.0249585 0.0249995 0.8004
-0.0589615 -0.114329 0.0249521 0.024999 0.8004
-0.0493597 -0.117127 0.0249464 0.0249986 0.8004
-0.0396138 -0.119372 0.0249416 0.0249981 0.8004
-0.0297555 -0.12106 0.0249378 0.0249977 0.8004
-0.0198171 -0.122187 0.0249351 0.0249972 0.8004
-0.00983107 -0.122757 0.0249337 0.0249968 0.8004
0.000171592 -0.12278 0.0249336 0.0249965 0.8004
0.0101615 -0.12227 0.0249349 0.0249961 0.8004
0.0201119 -0.121243 0.0249374 0.0249958 0.8004
0.029999 -0.119722 0.0249412 0.0249956 0.8004
0.0398026 -0.117731 0.0249462 0.0249954 0.8004
0.0495062 -0.115299 0.0249524 0.0249952 0.8004
0.059097 -0.112454 0.0249595 0.024995 0.8004
0.068566 -0.109226 0.0249675 0.0249949 0.8004
0.0779081 -0.105647 0.0249763 0.0249949 0.8004
0.0871214 -0.101749 0.0249856 0.0249948 0.8004
0.0962073 -0.0975622 0.0249953 0.0249948 0.8004
0.10517 -0.0931174 0.0250052 0.0249949 0.8004
0.114015 -0.0884445 0.0250152 0.0249949 0.8004
0.122753 -0.0835722 0.0250251 0.024995 0.8004
0.131392 -0.0785281 0.0250348 0.0249951 0.8004
0.139944 -0.0733383 0.0250442 0.0249952 0.8004
0.148422 -0.0680278 0.025053 0.0249953 0.8004
0.156839 -0.0626203 0.0250613 0.0249955 0.8004
0.165206 -0.057138 0.0250689 0.0249956 0.8004
0.173538 -0.0516021 0.0250757 0.0249957 0.8004
0.181848 -0.0460325 0.0250817 0.0249958 0.8004
0.190147 -0.0404481 0.0250868 0.0249959 0.8004
0.198449 -0.034867 0.0250909 0.0249961 0.8004
0.206764 -0.0293065 0.025094 0.0249962 0.8004
0.215104 -0.0237834 0.0250959 0.0249963 0.8004
0.223479 -0.0183138 0.0250967 0.0249964 0.8004
0.231899 -0.0129135 0.0250962 0.0249965 0.8004
0.240372 -0.00759774 0.0250943 0.0249967 0.8004
0.248907 -0.00238153 0.0250909 0.0249968 0.8004
0.25751 0.00272055 0.0250859 0.0249969 0.8004
0.266188 0.00769425 0.0250792 0.0249971 0.8004
0.274946 0.0125258 0.0250707 0.0249972 0.8004
0.283788 0.0172017 0.0250603 0.0249974 0.8004
0.292717 0.0217092 0.025048 0.0249975 0.8004
0.301735 0.0260362 0.0250337 0.0249977 0.8004
0.310842 0.030171 0.0250175 0.0249979 0.8004
0.320038 0.0341033 0.0249994 0.024998 0.8004
0.329322 0.0378234 0.0249796 0.0249982 0.8004
0.338691 0.0413233 0.0249583 0.0249983 0.8004
0.348141 0.0445961 0.0249354 0.0249985 0.8004
0.357669 0.0476361 0.0249114 0.0249986 0.8004
0.367269 0.0504389 0.0248863 0.0249987 0.8004
0.376936 0.0530023 0.0248603 0.0249989 0.8004
0.386663 0.0553261 0.0248337 0.024999 0.8004
0.396444 0.057413 0.0248065 0.0249992 0.8004
0.406271 0.0592693 0.0247791 0.0249993 0.8004
0.416136 0.0609053 0.0247514 0.0249994 0.8004
0.426034 0.0623377 0.0247237 0.0249996 0.8004
0.435955 0.0635913 0.0246959 0.0249997 0.8004
0.445893 0.064707 0.0246682 0.0249999 0.8004
0.455831 0.0658131 0.0246406 0.0249999 0.8004
