-0.5 -0.000526308 0.025 0.025 0.04002
-0.49 -0.000492084 0.025 0.025 0.04002
-0.48 -0.000455971 0.025 0.025 0.04002
-0.47 -0.000418046 0.025 0.025 0.04002
-0.46 -0.000378606 0.025 0.025 0.04002
-0.45 -0.000338073 0.025 0.025 0.04002
-0.44 -0.000296942 0.025 0.025 0.04002
-0.43 -0.000255744 0.025 0.025 0.04002
-0.42 -0.000215014 0.025 0.025 0.04002
-0.410001 -0.000175262 0.025 0.025 0.04002
-0.400001 -0.000136958 0.025 0.025 0.04002
-0.390001 -0.000100501 0.025 0.025 0.04002
-0.380001 -6.62083e-05 0.025 0.025 0.04002
-0.370001 -3.42982e-05 0.025 0.025 0.04002
-0.360001 -4.87194e-06 0.025 0.025 0.04002
-0.350001 2.21342e-05 0.025 0.025 0.04002
-0.340001 4.71001e-05 0.025 0.025 0.04002
-0.330001 7.03845e-05 0.025 0.025 0.04002
-0.320001 9.20739e-05 0.025 0.025 0.04002
-0.310001 0.00011219 0.025 0.025 0.04002
-0.300001 0.000130697 0.025 0.025 0.04002
-0.290001 0.000147524 0.025 0.025 0.04002
-0.280001 0.00016257 0.025 0.025 0.04002
-0.270001 0.000175721 0.025 0.025 0.04002
-0.260001 0.000186855 0.025 0.025 0.04002
-0.250001 0.000195855 0.025 0.025 0.04002
-0.240001 0.000202618 0.025 0.025 0.04002
-0.230001 0.000207064 0.025 0.025 0.04002
-0.220001 0.000209143 0.025 0.025 0.04002
-0.210001 0.00020884 0.025 0.025 0.04002
-0.200001 0.000206183 0.025 0.025 0.04002
-0.190001 0.000201246 0.025 0.025 0.04002
-0.180001 0.000194153 0.025 0.025 0.04002
-0.170001 0.000185075 0.025 0.025 0.04002
-0.160001 0.000174225 0.025 0.025 0.04002
-0.150001 0.000161856 0.025 0.025 0.04002
-0.140001 0.000148254 0.025 0.025 0.04002
-0.130001 0.000133729 0.025 0.025 0.04002
-0.120001 0.000118607 0.025 0.025 0.04002
-0.110001 0.000103225 0.025 0.025 0.04002
-0.100001 8.79154e-05 0.025 0.025 0.04002
-0.0900009 7.2996e-05 0.025 0.025 0.04002
-0.0800009 5.87536e-05 0.025 0.025 0.04002
-0.0700009 4.54363e-05 0.025 0.025 0.04002
-0.0600009 3.324e-05 0.025 0.025 0.04002
-0.0500009 2.22916e-05 0.025 0.025 0.04002
-0.0400009 1.26432e-05 0.025 0.025 0.04002
-0.0300009 4.19515e-06 0.025 0.025 0.04002
-0.0200009 -3.31034e-06 0.025 0.025 0.04002
-0.010001 -1.00873e-05 0.025 0.025 0.04002
-9.54873e-07 -1.62402e-05 0.025 0.025 0.04002
0.00999904 -2.18225e-05 0.025 0.025 0.04002
0.019999 -2.68603e-05 0.025 0.025 0.04002
0.029999 -3.13629e-05 0.025 0.025 0.04002
0.039999 -3.53334e-05 0.025 0.025 0.04002
0.049999 -3.87785e-05 0.025 0.025 0.04002
0.059999 -4.17169e-05 0.025 0.025 0.04002
0.0699991 -4.41786e-05 0.025 0.025 0.04002
0.0799991 -4.61813e-05 0.025 0.025 0.04002
0.0899991 -4.77545e-05 0.025 0.025 0.04002
0.0999991 -4.89386e-05 0.025 0.025 0.04002
0.109999 -4.97461e-05 0.025 0.025 0.04002
0.119999 -5.01977e-05 0.025 0.025 0.04002
0.129999 -5.03374e-05 0.025 0.025 0.04002
0.139999 -5.02148e-05 0.025 0.025 0.04002
0.149999 -4.98661e-05 0.025 0.025 0.04002
0.159999 -4.93188e-05 0.025 0.025 0.04002
0.169999 -4.8601e-05 0.025 0.025 0.04002
0.179999 -4.77488e-05 0.025 0.025 0.04002
0.189999 -4.68137e-05 0.025 0.025 0.04002
0.199999 -4.5834e-05 0.025 0.025 0.04002
0.209999 -4.48389e-05 0.025 0.025 0.04002
0.219999 -4.38404e-05 0.025 0.025 0.04002
0.229999 -4.28379e-05 0.025 0.025 0.04002
0.239999 -4.18246e-05 0.025 0.025 0.04002
0.249999 -4.08036e-05 0.025 0.025 0.04002
0.259999 -3.97605e-05 0.025 0.025 0.04002
0.269999 -3.86612e-05 0.025 0.025 0.04002
0.279999 -3.75151e-05 0.025 0.025 0.04002
0.289999 -3.6323e-05 0.025 0.025 0.04002
0.299999 -3.50586e-05 0.025 0.025 0.04002
0.309999 -3.37144e-05 0.025 0.025 0.04002
0.319999 -3.22757e-05 0.025 0.025 0.04002
0.329999 -3.07175e-05 0.025 0.025 0.04002
0.339999 -2.90031e-05 0.025 0.025 0.04002
0.349999 -2.71074e-05 0.025 0.025 0.04002
0.359999 -2.49449e-05 0.025 0.025 0.04002
0.369999 -2.23038e-05 0.025 0.025 0.04002
0.379999 -1.89032e-05 0.025 0.025 0.04002
0.389999 -1.4381e-05 0.025 0.025 0.04002
0.399999 -8.28365e-06 0.025 0.025 0.04002
0.409999 1.0305e-07 0.025 0.025 0.04002
0.419999 1.15517e-05 0.025 0.025 0.04002
0.429999 2.65421e-05 0.025 0.025 0.04002
0.439999 4.53367e-05 0.025 0.025 0.04002
0.449999 6.80353e-05 0.025 0.025 0.04002
0.459999 9.45715e-05 0.025 0.025 0.04002
0.469999 0.000124695 0.025 0.025 0.04002
0.479999 0.000157939 0.025 0.025 0.04002
0.489999 0.000193524 0.025 0.025 0.04002
0.499999 0.000228921 0.025 0.025 0.04002
