-0.42573 0.108903 0.0250323 0.0250001 0.64032
-0.417587 0.103099 0.0250327 0.0250001 0.64032
-0.40953 0.097176 0.0250331 0.0250002 0.64032
-0.401573 0.0911202 0.0250335 0.0250004 0.64032
-0.393722 0.0849264 0.0250338 0.0250005 0.64032
-0.385982 0.0785952 0.0250341 0.0250006 0.64032
-0.378352 0.0721319 0.0250343 0.0250008 0.64032
-0.370829 0.0655453 0.0250345 0.0250009 0.64032
-0.363405 0.0588469 0.0250344 0.0250011 0.64032
-0.35607 0.052051 0.0250343 0.0250012 0.64032
-0.348812 0.0451737 0.0250339 0.0250013 0.64032
-0.341615 0.0382325 0.0250332 0.0250015 0.64032
-0.334461 0.0312468 0.0250322 0.0250016 0.64032
-0.327331 0.0242368 0.0250309 0.0250017 0.64032
-0.320204 0.0172241 0.0250291 0.0250018 0.64032
-0.313058 0.0102312 0.0250269 0.025002 0.64032
-0.30587 0.00328172 0.0250242 0.0250021 0.64032
-0.298616 -0.00359972 0.025021 0.0250022 0.64032
-0.291275 -0.0103875 0.0250172 0.0250022 0.64032
-0.283825 -0.0170549 0.0250129 0.0250023 0.64032
-0.276245 -0.0235744 0.0250081 0.0250023 0.64032
-0.268516 -0.0299173 0.0250029 0.0250023 0.64032
-0.260623 -0.0360543 0.0249973 0.0250022 0.64032
-0.252552 -0.0419555 0.0249914 0.0250022 0.64032
-0.244293 -0.0475904 0.0249854 0.025002 0.64032
-0.235839 -0.0529287 0.0249793 0.0250019 0.64032
-0.227187 -0.0579402 0.0249734 0.0250017 0.64032
-0.218338 -0.0625958 0.0249677 0.0250014 0.64032
-0.209298 -0.0668676 0.0249626 0.025001 0.64032
-0.200074 -0.0707295 0.024958 0.0250005 0.64032
-0.19068 -0.0741581 0.0249543 0.025 0.64032
-0.181133 -0.077133 0.0249516 0.0249995 0.64032
-0.171451 -0.079637 0.0249499 0.0249991 0.64032
-0.161656 -0.0816567 0.0249494 0.0249988 0.64032
-0.151772 -0.0831831 0.0249502 0.0249986 0.64032
-0.141824 -0.0842116 0.0249522 0.0249983 0.64032
-0.131837 -0.084742 0.0249555 0.0249981 0.64032
-0.121835 -0.0847789 0.02496 0.0249979 0.64032
-0.111843 -0.0843313 0.0249656 0.0249977 0.64032
-0.101884 -0.0834125 0.0249723 0.0249975 0.64032
-0.0919763 -0.0820397 0.02498 0.0249974 0.64032
-0.0821386 -0.0802334 0.0249884 0.0249973 0.64032
-0.0723849 -0.0780176 0.0249975 0.0249972 0.64032
-0.0627262 -0.0754185 0.0250071 0.0249972 0.64032
-0.0531701 -0.0724646 0.0250169 0.0249972 0.64032
-0.0437206 -0.0691857 0.0250269 0.0249972 0.64032
-0.0343782 -0.065613 0.0250368 0.0249973 0.64032
-0.0251405 -0.0617781 0.0250464 0.0249974 0.64032
-0.0160018 -0.057713 0.0250555 0.0249975 0.64032
-0.00695393 -0.0534497 0.0250641 0.0249976 0.64032
0.00201338 -0.0490198 0.0250719 0.0249978 0.64032
0.0109123 -0.0444544 0.0250789 0.0249979 0.64032
0.0197565 -0.0397839 0.0250849 0.0249981 0.64032
0.0285603 -0.035038 0.0250898 0.0249982 0.64032
0.0373388 -0.0302458 0.0250937 0.0249983 0.64032
0.046107 -0.025435 0.0250965 0.0249985 0.64032
0.0548799 -0.0206328 0.025098 0.0249986 0.64032
0.0636715 -0.0158655 0.0250984 0.0249987 0.64032
0.0724954 -0.0111581 0.0250976 0.0249989 0.64032
0.0813635 -0.00653503 0.0250956 0.024999 0.64032
0.0902868 -0.00201946 0.0250924 0.0249991 0.64032
0.0992745 0.00236633 0.025088 0.0249992 0.64032
0.108334 0.00660113 0.0250826 0.0249993 0.64032
0.117472 0.0106648 0.025076 0.0249994 0.64032
0.126692 0.0145384 0.0250685 0.0249995 0.64032
0.135996 0.0182041 0.02506 0.0249995 0.64032
0.145386 0.0216453 0.0250507 0.0249996 0.64032
0.15486 0.0248466 0.0250407 0.0249997 0.64032
0.164416 0.0277937 0.0250302 0.0249997 0.64032
0.17405 0.0304739 0.0250193 0.0249997 0.64032
0.183758 0.0328754 0.0250083 0.0249997 0.64032
0.193532 0.0349877 0.0249972 0.0249997 0.64032
0.203367 0.0368014 0.0249862 0.0249996 0.64032
0.213253 0.0383084 0.0249756 0.0249996 0.64032
0.223182 0.0395016 0.0249655 0.0249995 0.64032
0.233144 0.0403753 0.0249561 0.0249994 0.64032
0.243129 0.0409249 0.0249474 0.0249993 0.64032
0.253127 0.0411472 0.0249398 0.0249992 0.64032
0.263128 0.04104 0.0249332 0.0249991 0.64032
0.273119 0.0406026 0.0249279 0.024999 0.64032
0.28309 0.0398353 0.0249239 0.0249989 0.64032
0.293031 0.0387401 0.0249213 0.0249987 0.64032
0.302931 0.03732 0.0249202 0.0249986 0.64032
0.312779 0.0355792 0.0249206 0.0249985 0.64032
0.322567 0.0335226 0.0249225 0.0249985 0.64032
0.332284 0.0311566 0.024926 0.0249984 0.64032
0.341923 0.0284885 0.0249308 0.0249984 0.64032
0.351475 0.0255267 0.0249371 0.0249984 0.64032
0.360935 0.0222806 0.0249446 0.0249984 0.64032
0.370297 0.0187609 0.0249533 0.0249984 0.64032
0.379555 0.014979 0.024963 0.0249984 0.64032
0.388708 0.0109478 0.0249737 0.0249985 0.64032
0.397753 0.00668082 0.0249851 0.0249986 0.64032
0.406691 0.0021931 0.0249972 0.0249987 0.64032
0.415523 -0.00249923 0.0250099 0.0249988 0.64032
0.424253 -0.00737861 0.0250229 0.024999 0.64032
0.432886 -0.0124257 0.0250362 0.0249992 0.64032
0.441433 -0.0176189 0.0250496 0.0249994 0.64032
0.449905 -0.0229326 0.0250632 0.0249996 0.64032
0.458321 -0.0283338 0.0250768 0.0249998 0.64032
0.466736 -0.0337371 0.0250903 0.0249999 0.64032
