-2.03926 0.0311894 0.0248368 0.0250001 3.86193
-2.03011 0.0352296 0.0248436 0.0250001 3.86193
-2.02086 0.0390157 0.0248503 0.0250003 3.86193
-2.01148 0.0424815 0.0248571 0.0250004 3.86193
-2.00197 0.045567 0.0248639 0.0250005 3.86193
-1.99233 0.0482162 0.0248707 0.0250006 3.86193
-1.98256 0.0503772 0.0248776 0.0250007 3.86193
-1.9727 0.0520023 0.0248846 0.0250007 3.86193
-1.96275 0.053049 0.0248918 0.0250007 3.86193
-1.95276 0.0534807 0.0248992 0.0250007 3.86193
-1.94276 0.053268 0.024907 0.0250007 3.86193
-1.9328 0.0523888 0.0249152 0.0250006 3.86193
-1.92293 0.0508294 0.0249239 0.0250006 3.86193
-1.91318 0.0485845 0.0249331 0.0250005 3.86193
-1.90362 0.0456577 0.0249429 0.0250005 3.86193
-1.89429 0.0420613 0.0249533 0.0250005 3.86193
-1.88524 0.0378158 0.0249642 0.0250005 3.86193
-1.8765 0.0329496 0.0249755 0.0250005 3.86193
-1.86812 0.0274975 0.0249872 0.0250005 3.86193
-1.86012 0.0214998 0.0249991 0.0250005 3.86193
-1.85252 0.0150012 0.025011 0.0250005 3.86193
-1.84533 0.00804897 0.0250229 0.0250006 3.86193
-1.83856 0.000691876 0.0250345 0.0250007 3.86193
-1.83219 -0.00702119 0.0250455 0.0250007 3.86193
-1.82622 -0.0150423 0.0250559 0.0250009 3.86193
-1.82062 -0.0233256 0.0250653 0.025001 3.86193
-1.81536 -0.0318278 0.0250735 0.0250011 3.86193
-1.8104 -0.0405084 0.0250803 0.0250013 3.86193
-1.80569 -0.0493306 0.0250856 0.0250015 3.86193
-1.80119 -0.0582601 0.0250889 0.0250017 3.86193
-1.79685 -0.0672657 0.0250904 0.0250019 3.86193
-1.7926 -0.076318 0.0250896 0.0250021 3.86193
-1.7884 -0.0853892 0.0250866 0.0250023 3.86193
-1.78417 -0.0944519 0.0250813 0.0250025 3.86193
-1.77988 -0.103478 0.0250736 0.0250027 3.86193
-1.77544 -0.11244 0.0250635 0.0250029 3.86193
-1.77082 -0.121304 0.0250512 0.025003 3.86193
-1.76596 -0.130039 0.0250367 0.0250031 3.86193
-1.7608 -0.138606 0.0250201 0.0250032 3.86193
-1.75532 -0.146965 0.0250018 0.0250032 3.86193
-1.74947 -0.155071 0.024982 0.0250032 3.86193
-1.74322 -0.162878 0.024961 0.0250031 3.86193
-1.73656 -0.170333 0.0249391 0.025003 3.86193
-1.72948 -0.177386 0.0249168 0.0250028 3.86193
-1.72196 -0.183983 0.0248944 0.0250026 3.86193
-1.71403 -0.190071 0.0248723 0.0250023 3.86193
-1.7057 -0.195601 0.024851 0.025002 3.86193
-1.697 -0.200524 0.0248309 0.0250016 3.86193
-1.68796 -0.204798 0.0248122 0.0250012 3.86193
-1.67863 -0.208387 0.0247955 0.0250008 3.86193
-1.66905 -0.211263 0.0247809 0.0250003 3.86193
-1.65928 -0.213402 0.0247687 0.0249998 3.86193
-1.64938 -0.214794 0.0247592 0.0249993 3.86193
-1.6394 -0.215433 0.0247524 0.0249989 3.86193
-1.6294 -0.215325 0.0247485 0.0249984 3.86193
-1.61943 -0.214481 0.0247474 0.0249979 3.86193
-1.60955 -0.212923 0.0247492 0.0249974 3.86193
-1.59981 -0.210675 0.0247538 0.024997 3.86193
-1.59023 -0.20777 0.024761 0.0249966 3.86193
-1.58087 -0.204245 0.0247707 0.0249962 3.86193
-1.57175 -0.200138 0.0247828 0.0249958 3.86193
-1.56289 -0.195491 0.0247969 0.0249955 3.86193
-1.55431 -0.190347 0.0248128 0.0249953 3.86193
-1.54602 -0.184747 0.0248302 0.0249951 3.86193
-1.53803 -0.178732 0.0248488 0.024995 3.86193
-1.53033 -0.172344 0.0248682 0.0249949 3.86193
-1.52292 -0.165619 0.0248879 0.0249949 3.86193
-1.5158 -0.158594 0.0249077 0.0249949 3.86193
-1.50895 -0.151302 0.0249271 0.0249949 3.86193
-1.50237 -0.143773 0.0249457 0.024995 3.86193
-1.49602 -0.136037 0.0249632 0.0249951 3.86193
-1.48991 -0.128118 0.0249792 0.0249953 3.86193
-1.48401 -0.12004 0.0249935 0.0249954 3.86193
-1.4783 -0.111825 0.0250057 0.0249956 3.86193
-1.47277 -0.103492 0.0250156 0.0249958 3.86193
-1.46739 -0.0950591 0.025023 0.024996 3.86193
-1.46214 -0.0865425 0.0250277 0.0249962 3.86193
-1.45701 -0.0779572 0.0250295 0.0249964 3.86193
-1.45197 -0.069317 0.0250285 0.0249966 3.86193
-1.447 -0.0606348 0.0250244 0.0249969 3.86193
-1.44208 -0.0519226 0.0250174 0.0249971 3.86193
-1.4372 -0.0431917 0.0250074 0.0249973 3.86193
-1.43234 -0.034453 0.0249944 0.0249975 3.86193
-1.42747 -0.0257169 0.0249787 0.0249976 3.86193
-1.42258 -0.0169934 0.0249602 0.0249978 3.86193
-1.41764 -0.00829211 0.0249392 0.024998 3.86193
-1.41266 0.000377435 0.0249158 0.0249981 3.86193
-1.4076 0.00900564 0.0248902 0.0249983 3.86193
-1.40246 0.017583 0.0248626 0.0249984 3.86193
-1.39721 0.0261 0.0248333 0.0249985 3.86193
-1.39186 0.0345474 0.0248024 0.0249986 3.86193
-1.38638 0.0429162 0.0247702 0.0249988 3.86193
-1.38078 0.0511981 0.0247369 0.0249989 3.86193
-1.37503 0.0593854 0.0247026 0.024999 3.86193
-1.36915 0.0674718 0.0246676 0.0249992 3.86193
-1.36312 0.0754525 0.024632 0.0249993 3.86193
-1.35696 0.0833254 0.024596 0.0249994 3.86193
-1.35066 0.0910923 0.0245597 0.0249996 3.86193
-1.34424 0.0987606 0.0245232 0.0249997 3.86193
-1.33773 0.106349 0.0244867 0.0249998 3.86193
-1.33121 0.113931 0.0244501 0.0249999 3.86193
