-2.5486 0.0249853 0.0248959 0.0250001 4.76238
-2.53882 0.0229186 0.0248992 0.0250001 4.76238
-2.52911 0.0205288 0.0249025 0.0250003 4.76238
-2.5195 0.0177566 0.0249059 0.0250004 4.76238
-2.51002 0.0145598 0.0249093 0.0250005 4.76238
-2.50071 0.0109096 0.0249129 0.0250006 4.76238
-2.4916 0.0067886 0.0249167 0.0250006 4.76238
-2.48273 0.00218903 0.0249208 0.0250007 4.76238
-2.47411 -0.00288758 0.0249253 0.0250008 4.76238
-2.46579 -0.00843153 0.0249301 0.0250009 4.76238
-2.45779 -0.0144259 0.0249354 0.025001 4.76238
-2.45012 -0.0208475 0.0249412 0.0250011 4.76238
-2.44281 -0.0276683 0.0249473 0.0250012 4.76238
-2.43586 -0.0348563 0.0249538 0.0250013 4.76238
-2.42927 -0.042377 0.0249606 0.0250014 4.76238
-2.42304 -0.0501943 0.0249676 0.0250016 4.76238
-2.41714 -0.0582718 0.0249748 0.0250017 4.76238
-2.41157 -0.0665732 0.0249819 0.0250018 4.76238
-2.40629 -0.0750636 0.0249891 0.025002 4.76238
-2.40127 -0.0837094 0.024996 0.0250021 4.76238
-2.39646 -0.0924789 0.0250025 0.0250023 4.76238
-2.39184 -0.101342 0.0250087 0.0250025 4.76238
-2.38734 -0.110271 0.0250142 0.0250026 4.76238
-2.38292 -0.119237 0.0250191 0.0250028 4.76238
-2.37852 -0.128215 0.0250232 0.0250029 4.76238
-2.37409 -0.137177 0.0250265 0.025003 4.76238
-2.36957 -0.146095 0.0250288 0.0250031 4.76238
-2.36491 -0.15494 0.0250301 0.0250032 4.76238
-2.36005 -0.163679 0.0250304 0.0250033 4.76238
-2.35495 -0.172278 0.0250296 0.0250033 4.76238
-2.34956 -0.180696 0.0250278 0.0250033 4.76238
-2.34383 -0.188891 0.0250249 0.0250033 4.76238
-2.33774 -0.196816 0.0250211 0.0250032 4.76238
-2.33125 -0.204419 0.0250165 0.0250031 4.76238
-2.32434 -0.211647 0.025011 0.0250029 4.76238
-2.31701 -0.218443 0.0250048 0.0250027 4.76238
-2.30925 -0.22475 0.0249981 0.0250024 4.76238
-2.30108 -0.23051 0.024991 0.025002 4.76238
-2.29251 -0.235669 0.0249837 0.0250016 4.76238
-2.28359 -0.240175 0.0249763 0.0250012 4.76238
-2.27434 -0.243982 0.024969 0.0250007 4.76238
-2.26482 -0.247051 0.024962 0.0250001 4.76238
-2.25509 -0.249351 0.0249554 0.0249996 4.76238
-2.24521 -0.250862 0.0249494 0.024999 4.76238
-2.23523 -0.251573 0.0249443 0.0249984 4.76238
-2.22523 -0.251482 0.0249401 0.0249978 4.76238
-2.21527 -0.2506 0.0249371 0.0249972 4.76238
-2.2054 -0.248945 0.0249353 0.0249967 4.76238
-2.19569 -0.246547 0.0249348 0.0249962 4.76238
-2.18618 -0.24344 0.0249358 0.0249957 4.76238
-2.17692 -0.239666 0.0249382 0.0249953 4.76238
-2.16793 -0.23527 0.024942 0.024995 4.76238
-2.15925 -0.230301 0.024947 0.0249948 4.76238
-2.15088 -0.22481 0.0249533 0.0249946 4.76238
-2.14285 -0.218848 0.0249606 0.0249944 4.76238
-2.13515 -0.212464 0.0249688 0.0249944 4.76238
-2.12777 -0.205708 0.0249778 0.0249943 4.76238
-2.1207 -0.198625 0.0249872 0.0249943 4.76238
-2.11393 -0.191258 0.024997 0.0249944 4.76238
-2.10744 -0.183649 0.0250071 0.0249945 4.76238
-2.10119 -0.175834 0.0250171 0.0249946 4.76238
-2.09517 -0.167846 0.025027 0.0249947 4.76238
-2.08934 -0.159717 0.0250367 0.0249949 4.76238
-2.08367 -0.151475 0.0250459 0.024995 4.76238
-2.07813 -0.143144 0.0250547 0.0249951 4.76238
-2.07269 -0.134748 0.0250629 0.0249953 4.76238
-2.06732 -0.126308 0.0250704 0.0249954 4.76238
-2.06199 -0.117844 0.0250771 0.0249955 4.76238
-2.05667 -0.109374 0.025083 0.0249956 4.76238
-2.05133 -0.100915 0.025088 0.0249957 4.76238
-2.04594 -0.0924844 0.0250919 0.0249958 4.76238
-2.04049 -0.0840981 0.0250946 0.0249959 4.76238
-2.03494 -0.0757723 0.025096 0.024996 4.76238
-2.02929 -0.0675229 0.025096 0.024996 4.76238
-2.0235 -0.0593664 0.0250941 0.0249961 4.76238
-2.01755 -0.0513192 0.0250903 0.0249962 4.76238
-2.01145 -0.043398 0.0250842 0.0249963 4.76238
-2.00516 -0.0356202 0.0250755 0.0249964 4.76238
-1.99867 -0.0280029 0.025064 0.0249966 4.76238
-1.99199 -0.0205637 0.0250493 0.0249967 4.76238
-1.98509 -0.0133205 0.0250314 0.0249969 4.76238
-1.97797 -0.00629071 0.02501 0.0249971 4.76238
-1.97064 0.000508107 0.024985 0.0249972 4.76238
-1.96308 0.00705901 0.0249566 0.0249974 4.76238
-1.9553 0.0133457 0.0249247 0.0249975 4.76238
-1.9473 0.0193531 0.0248896 0.0249977 4.76238
-1.93909 0.0250672 0.0248514 0.0249978 4.76238
-1.93068 0.0304747 0.0248104 0.024998 4.76238
-1.92207 0.0355638 0.024767 0.0249982 4.76238
-1.91327 0.0403244 0.0247214 0.0249984 4.76238
-1.9043 0.0447487 0.0246739 0.0249986 4.76238
-1.89517 0.0488313 0.024625 0.0249988 4.76238
-1.8859 0.0525699 0.0245749 0.024999 4.76238
-1.87649 0.055966 0.024524 0.0249991 4.76238
-1.86697 0.0590252 0.0244726 0.0249993 4.76238
-1.85735 0.0617583 0.0244208 0.0249994 4.76238
-1.84765 0.0641826 0.024369 0.0249996 4.76238
-1.83788 0.0663235 0.0243173 0.0249997 4.76238
-1.82806 0.0682182 0.0242658 0.0249998 4.76238
-1.81821 0.0699249 0.0242145 0.0249999 4.76238
-1.80835 0.0716189 0.0241634 0.0249999 4.76238
