-1.43685 0.0767781 0.0248796 0.0250001 2.84142
-1.42726 0.0796339 0.0248841 0.0250001 2.84142
-1.4176 0.0822033 0.0248886 0.0250003 2.84142
-1.40785 0.0844168 0.0248931 0.0250004 2.84142
-1.39801 0.0862136 0.0248977 0.0250005 2.84142
-1.3881 0.0875396 0.0249024 0.0250005 2.84142
-1.37813 0.0883468 0.0249072 0.0250006 2.84142
-1.36814 0.0885937 0.0249122 0.0250007 2.84142
-1.35814 0.0882456 0.0249175 0.0250007 2.84142
-1.34819 0.0872759 0.0249231 0.0250007 2.84142
-1.33832 0.0856658 0.0249291 0.0250007 2.84142
-1.32858 0.0834056 0.0249356 0.0250007 2.84142
-1.31901 0.0804935 0.0249427 0.0250007 2.84142
-1.30967 0.0769368 0.0249504 0.0250007 2.84142
-1.30059 0.072751 0.0249587 0.0250007 2.84142
-1.29181 0.0679592 0.0249675 0.0250007 2.84142
-1.28337 0.0625916 0.0249769 0.0250007 2.84142
-1.27531 0.0566843 0.0249868 0.0250008 2.84142
-1.26763 0.0502778 0.024997 0.0250008 2.84142
-1.26035 0.0434164 0.0250074 0.0250009 2.84142
-1.25349 0.036146 0.0250179 0.025001 2.84142
-1.24703 0.0285133 0.0250284 0.0250011 2.84142
-1.24096 0.0205649 0.0250387 0.0250012 2.84142
-1.23527 0.0123456 0.0250485 0.0250013 2.84142
-1.22992 0.0038982 0.0250578 0.0250015 2.84142
-1.22488 -0.00473721 0.0250664 0.0250016 2.84142
-1.22011 -0.0135235 0.0250739 0.0250018 2.84142
-1.21556 -0.0224264 0.0250804 0.0250019 2.84142
-1.21118 -0.0314143 0.0250855 0.0250021 2.84142
-1.20691 -0.0404579 0.0250891 0.0250023 2.84142
-1.20271 -0.0495293 0.025091 0.0250025 2.84142
-1.19851 -0.0586012 0.0250912 0.0250027 2.84142
-1.19425 -0.0676463 0.0250894 0.0250029 2.84142
-1.18987 -0.0766361 0.0250857 0.025003 2.84142
-1.18533 -0.0855403 0.0250799 0.0250032 2.84142
-1.18056 -0.0943259 0.0250721 0.0250033 2.84142
-1.17551 -0.102957 0.0250623 0.0250034 2.84142
-1.17015 -0.111392 0.0250505 0.0250035 2.84142
-1.16442 -0.119589 0.0250368 0.0250036 2.84142
-1.15831 -0.1275 0.0250214 0.0250035 2.84142
-1.15179 -0.135074 0.0250045 0.0250035 2.84142
-1.14483 -0.142259 0.0249863 0.0250034 2.84142
-1.13745 -0.148999 0.0249671 0.0250032 2.84142
-1.12964 -0.155242 0.0249472 0.025003 2.84142
-1.12142 -0.160933 0.024927 0.0250027 2.84142
-1.11282 -0.166023 0.0249068 0.0250024 2.84142
-1.10386 -0.170467 0.024887 0.025002 2.84142
-1.09459 -0.174225 0.0248681 0.0250015 2.84142
-1.08507 -0.177264 0.0248504 0.0250011 2.84142
-1.07534 -0.17956 0.0248344 0.0250006 2.84142
-1.06546 -0.181097 0.0248203 0.025 2.84142
-1.05549 -0.181869 0.0248084 0.0249995 2.84142
-1.04548 -0.181879 0.0247991 0.0249989 2.84142
-1.03551 -0.181137 0.0247926 0.0249984 2.84142
-1.02562 -0.179664 0.0247891 0.0249978 2.84142
-1.01586 -0.177484 0.0247886 0.0249973 2.84142
-1.00627 -0.174632 0.0247911 0.0249968 2.84142
-0.996895 -0.171143 0.0247967 0.0249963 2.84142
-0.987764 -0.167059 0.0248053 0.0249959 2.84142
-0.9789 -0.162422 0.0248166 0.0249956 2.84142
-0.970321 -0.157277 0.0248304 0.0249953 2.84142
-0.962038 -0.151668 0.0248464 0.024995 2.84142
-0.954055 -0.145638 0.0248642 0.0249948 2.84142
-0.946373 -0.13923 0.0248835 0.0249947 2.84142
-0.938985 -0.132483 0.0249038 0.0249946 2.84142
-0.931884 -0.125437 0.0249246 0.0249946 2.84142
-0.925055 -0.118126 0.0249456 0.0249946 2.84142
-0.918484 -0.110582 0.0249661 0.0249947 2.84142
-0.912152 -0.102837 0.0249859 0.0249948 2.84142
-0.906041 -0.094916 0.0250044 0.024995 2.84142
-0.90013 -0.0868451 0.0250212 0.0249951 2.84142
-0.894398 -0.0786463 0.0250359 0.0249953 2.84142
-0.888823 -0.0703398 0.0250482 0.0249955 2.84142
-0.883385 -0.061944 0.0250578 0.0249958 2.84142
-0.87806 -0.0534757 0.0250644 0.024996 2.84142
-0.872827 -0.0449504 0.0250678 0.0249962 2.84142
-0.867665 -0.0363825 0.0250678 0.0249965 2.84142
-0.862552 -0.0277852 0.0250644 0.0249967 2.84142
-0.857468 -0.0191711 0.0250574 0.0249969 2.84142
-0.852392 -0.0105522 0.0250469 0.0249971 2.84142
-0.847305 -0.00194 0.0250329 0.0249973 2.84142
-0.842189 0.00665431 0.0250155 0.0249975 2.84142
-0.837025 0.0152198 0.0249948 0.0249977 2.84142
-0.831796 0.0237457 0.0249711 0.0249978 2.84142
-0.826486 0.0322215 0.0249444 0.024998 2.84142
-0.82108 0.0406365 0.024915 0.0249981 2.84142
-0.815566 0.0489801 0.0248832 0.0249982 2.84142
-0.809929 0.0572416 0.0248492 0.0249983 2.84142
-0.804158 0.0654102 0.0248132 0.0249984 2.84142
-0.798244 0.0734754 0.0247755 0.0249985 2.84142
-0.792178 0.0814269 0.0247363 0.0249986 2.84142
-0.785954 0.0892551 0.0246959 0.0249987 2.84142
-0.779568 0.0969511 0.0246544 0.0249989 2.84142
-0.773017 0.104508 0.024612 0.024999 2.84142
-0.766302 0.111919 0.024569 0.0249991 2.84142
-0.759426 0.119181 0.0245254 0.0249992 2.84142
-0.752397 0.126294 0.0244814 0.0249994 2.84142
-0.745226 0.133264 0.0244371 0.0249995 2.84142
-0.73793 0.140104 0.0243927 0.0249997 2.84142
-0.730538 0.146838 0.0243482 0.0249998 2.84142
-0.723138 0.153565 0.0243036 0.0249999 2.84142
