-1.61761 -0.210693 0.024894 0.0250001 3.22161
-1.60917 -0.205329 0.0248959 0.0250001 3.22161
-1.6009 -0.199701 0.0248978 0.0250003 3.22161
-1.59285 -0.193768 0.0248998 0.0250004 3.22161
-1.58506 -0.187509 0.0249018 0.0250005 3.22161
-1.57754 -0.180913 0.0249039 0.0250006 3.22161
-1.57033 -0.17398 0.0249062 0.0250008 3.22161
-1.56346 -0.16672 0.0249087 0.0250009 3.22161
-1.55693 -0.159147 0.0249113 0.025001 3.22161
-1.55076 -0.15128 0.0249142 0.0250012 3.22161
-1.54494 -0.143145 0.0249174 0.0250013 3.22161
-1.53949 -0.134766 0.0249207 0.0250015 3.22161
-1.53437 -0.126173 0.0249242 0.0250016 3.22161
-1.52959 -0.117393 0.0249278 0.0250018 3.22161
-1.52511 -0.108455 0.0249315 0.0250019 3.22161
-1.5209 -0.0993847 0.0249352 0.0250021 3.22161
-1.51693 -0.0902081 0.0249388 0.0250023 3.22161
-1.51316 -0.0809489 0.0249424 0.0250025 3.22161
-1.50954 -0.0716294 0.0249458 0.0250026 3.22161
-1.50602 -0.0622707 0.024949 0.0250028 3.22161
-1.50256 -0.052893 0.0249519 0.0250029 3.22161
-1.49909 -0.0435163 0.0249545 0.0250031 3.22161
-1.49556 -0.0341614 0.0249567 0.0250032 3.22161
-1.49192 -0.0248501 0.0249585 0.0250033 3.22161
-1.48811 -0.0156068 0.02496 0.0250033 3.22161
-1.48408 -0.00645872 0.024961 0.0250034 3.22161
-1.47977 0.0025632 0.0249615 0.0250034 3.22161
-1.47514 0.0114236 0.0249617 0.0250034 3.22161
-1.47015 0.0200824 0.0249615 0.0250033 3.22161
-1.46475 0.0284948 0.024961 0.0250032 3.22161
-1.45891 0.0366113 0.0249602 0.0250031 3.22161
-1.45261 0.0443784 0.0249592 0.0250028 3.22161
-1.44585 0.0517394 0.0249581 0.0250026 3.22161
-1.43861 0.0586354 0.0249569 0.0250023 3.22161
-1.4309 0.0650073 0.0249559 0.0250019 3.22161
-1.42275 0.0707969 0.0249549 0.0250015 3.22161
-1.41418 0.0759492 0.0249542 0.025001 3.22161
-1.40524 0.0804139 0.0249539 0.0250005 3.22161
-1.39596 0.0841476 0.024954 0.0249999 3.22161
-1.38641 0.0871149 0.0249547 0.0249993 3.22161
-1.37665 0.0892901 0.0249561 0.0249987 3.22161
-1.36674 0.0906577 0.0249582 0.0249981 3.22161
-1.35675 0.0912133 0.0249613 0.0249975 3.22161
-1.34676 0.0909631 0.0249653 0.024997 3.22161
-1.33681 0.0899233 0.0249703 0.0249965 3.22161
-1.32697 0.0881193 0.0249761 0.0249961 3.22161
-1.31729 0.0855851 0.0249829 0.0249957 3.22161
-1.30782 0.082361 0.0249903 0.0249954 3.22161
-1.2986 0.0784932 0.0249984 0.0249952 3.22161
-1.28964 0.0740313 0.025007 0.024995 3.22161
-1.28098 0.0690273 0.0250159 0.0249949 3.22161
-1.27262 0.063534 0.0250249 0.0249948 3.22161
-1.26456 0.0576042 0.0250339 0.0249948 3.22161
-1.2568 0.051289 0.0250428 0.0249949 3.22161
-1.24933 0.0446378 0.0250514 0.0249949 3.22161
-1.24212 0.0376972 0.0250595 0.024995 3.22161
-1.23516 0.0305108 0.025067 0.0249952 3.22161
-1.22842 0.0231193 0.0250737 0.0249953 3.22161
-1.22187 0.0155602 0.0250797 0.0249955 3.22161
-1.21548 0.00786798 0.0250849 0.0249956 3.22161
-1.2092 7.47296e-05 0.0250891 0.0249958 3.22161
-1.20302 -0.00779005 0.0250924 0.0249959 3.22161
-1.1969 -0.0156988 0.0250947 0.024996 3.22161
-1.1908 -0.0236256 0.025096 0.0249961 3.22161
-1.18469 -0.0315458 0.0250963 0.0249962 3.22161
-1.17854 -0.0394358 0.0250955 0.0249963 3.22161
-1.17232 -0.0472727 0.0250934 0.0249964 3.22161
-1.16601 -0.0550339 0.0250901 0.0249965 3.22161
-1.15958 -0.0626972 0.0250853 0.0249966 3.22161
-1.15301 -0.0702405 0.025079 0.0249968 3.22161
-1.14628 -0.0776419 0.0250711 0.0249969 3.22161
-1.13938 -0.0848793 0.0250614 0.024997 3.22161
-1.13229 -0.0919304 0.0250501 0.0249972 3.22161
-1.12499 -0.0987731 0.0250369 0.0249973 3.22161
-1.11749 -0.105385 0.0250221 0.0249974 3.22161
-1.10977 -0.111744 0.0250056 0.0249975 3.22161
-1.10183 -0.117829 0.0249874 0.0249976 3.22161
-1.09367 -0.123617 0.0249678 0.0249977 3.22161
-1.0853 -0.129087 0.0249468 0.0249978 3.22161
-1.07671 -0.134219 0.0249245 0.0249978 3.22161
-1.06792 -0.138994 0.024901 0.0249978 3.22161
-1.05894 -0.143392 0.0248766 0.0249979 3.22161
-1.04978 -0.147398 0.0248514 0.0249979 3.22161
-1.04044 -0.150996 0.0248255 0.0249979 3.22161
-1.03096 -0.154173 0.0247992 0.0249979 3.22161
-1.02134 -0.156919 0.0247725 0.0249979 3.22161
-1.01161 -0.159225 0.0247457 0.0249979 3.22161
-1.00178 -0.161085 0.0247189 0.0249979 3.22161
-0.991883 -0.162498 0.0246922 0.0249979 3.22161
-0.981928 -0.163464 0.0246657 0.024998 3.22161
-0.97194 -0.163986 0.0246395 0.0249981 3.22161
-0.961939 -0.16407 0.0246137 0.0249982 3.22161
-0.951944 -0.163729 0.0245883 0.0249983 3.22161
-0.941971 -0.162976 0.0245632 0.0249985 3.22161
-0.932035 -0.161831 0.0245386 0.0249986 3.22161
-0.92215 -0.160317 0.0245144 0.0249988 3.22161
-0.912322 -0.158464 0.0244906 0.024999 3.22161
-0.902557 -0.156307 0.024467 0.0249993 3.22161
-0.892851 -0.153895 0.0244437 0.0249995 3.22161
-0.883196 -0.151291 0.0244206 0.0249997 3.22161
-0.873544 -0.148676 0.0243975 0.0249999 3.22161
