-1.97781 0.059004 0.0248752 0.0250001 3.78189
-1.96785 0.0581521 0.0248797 0.0250001 3.78189
-1.95792 0.0569712 0.0248842 0.0250002 3.78189
-1.94804 0.0553967 0.0248887 0.0250003 3.78189
-1.93825 0.0533791 0.0248933 0.0250004 3.78189
-1.92856 0.0508817 0.0248981 0.0250004 3.78189
-1.91903 0.0478787 0.024903 0.0250005 3.78189
-1.90967 0.0443544 0.0249083 0.0250005 3.78189
-1.90053 0.0403023 0.0249139 0.0250005 3.78189
-1.89164 0.0357249 0.0249198 0.0250006 3.78189
-1.88303 0.0306327 0.0249262 0.0250007 3.78189
-1.87474 0.0250436 0.024933 0.0250007 3.78189
-1.86679 0.0189821 0.0249403 0.0250008 3.78189
-1.85919 0.0124778 0.0249479 0.0250009 3.78189
-1.85197 0.00556469 0.0249558 0.025001 3.78189
-1.84512 -0.00172044 0.0249641 0.0250011 3.78189
-1.83864 -0.00933897 0.0249725 0.0250012 3.78189
-1.83253 -0.0172516 0.024981 0.0250013 3.78189
-1.82676 -0.0254194 0.0249895 0.0250014 3.78189
-1.82131 -0.0338045 0.0249979 0.0250016 3.78189
-1.81616 -0.0423706 0.0250061 0.0250017 3.78189
-1.81125 -0.0510836 0.0250138 0.0250019 3.78189
-1.80656 -0.0599113 0.0250211 0.025002 3.78189
-1.80203 -0.0688237 0.0250277 0.0250022 3.78189
-1.79761 -0.0777922 0.0250335 0.0250023 3.78189
-1.79325 -0.0867894 0.0250385 0.0250025 3.78189
-1.78889 -0.0957885 0.0250425 0.0250026 3.78189
-1.78448 -0.104762 0.0250454 0.0250027 3.78189
-1.77997 -0.113681 0.0250472 0.0250028 3.78189
-1.77529 -0.122516 0.0250477 0.0250029 3.78189
-1.77039 -0.131233 0.0250471 0.0250029 3.78189
-1.76523 -0.139796 0.0250451 0.025003 3.78189
-1.75976 -0.148163 0.0250419 0.025003 3.78189
-1.75394 -0.156291 0.0250375 0.0250029 3.78189
-1.74773 -0.164132 0.0250319 0.0250028 3.78189
-1.74112 -0.171632 0.0250253 0.0250027 3.78189
-1.73409 -0.178738 0.0250176 0.0250025 3.78189
-1.72663 -0.185394 0.025009 0.0250022 3.78189
-1.71874 -0.191542 0.0249997 0.025002 3.78189
-1.71045 -0.197127 0.0249897 0.0250016 3.78189
-1.70177 -0.202095 0.0249794 0.0250012 3.78189
-1.69275 -0.206399 0.0249688 0.0250008 3.78189
-1.68342 -0.209995 0.0249581 0.0250003 3.78189
-1.67383 -0.212848 0.0249477 0.0249998 3.78189
-1.66405 -0.214933 0.0249376 0.0249993 3.78189
-1.65414 -0.216231 0.0249282 0.0249987 3.78189
-1.64415 -0.216737 0.0249197 0.0249982 3.78189
-1.63415 -0.216453 0.0249123 0.0249976 3.78189
-1.6242 -0.215393 0.0249062 0.024997 3.78189
-1.61437 -0.213579 0.0249017 0.0249965 3.78189
-1.60469 -0.211041 0.0248989 0.0249961 3.78189
-1.59522 -0.207814 0.0248978 0.0249956 3.78189
-1.586 -0.203942 0.0248986 0.0249953 3.78189
-1.57705 -0.199468 0.0249013 0.024995 3.78189
-1.5684 -0.194441 0.0249057 0.0249947 3.78189
-1.56007 -0.18891 0.0249118 0.0249945 3.78189
-1.55205 -0.182925 0.0249195 0.0249944 3.78189
-1.54435 -0.176533 0.0249286 0.0249943 3.78189
-1.53697 -0.169781 0.0249388 0.0249942 3.78189
-1.52989 -0.162712 0.0249501 0.0249942 3.78189
-1.5231 -0.155369 0.0249622 0.0249942 3.78189
-1.51657 -0.147789 0.0249748 0.0249943 3.78189
-1.51028 -0.140007 0.0249877 0.0249944 3.78189
-1.50421 -0.132055 0.0250008 0.0249945 3.78189
-1.49833 -0.123962 0.0250138 0.0249946 3.78189
-1.49261 -0.115755 0.0250264 0.0249948 3.78189
-1.48702 -0.107458 0.0250386 0.0249949 3.78189
-1.48153 -0.0990924 0.02505 0.024995 3.78189
-1.47612 -0.0906779 0.0250605 0.0249952 3.78189
-1.47076 -0.082233 0.0250701 0.0249953 3.78189
-1.46542 -0.0737749 0.0250784 0.0249955 3.78189
-1.46007 -0.0653195 0.0250853 0.0249956 3.78189
-1.45469 -0.0568824 0.0250907 0.0249957 3.78189
-1.44927 -0.0484785 0.0250943 0.0249958 3.78189
-1.44377 -0.0401225 0.0250961 0.0249959 3.78189
-1.43818 -0.0318291 0.0250957 0.024996 3.78189
-1.43247 -0.0236131 0.0250929 0.0249961 3.78189
-1.42663 -0.0154893 0.0250875 0.0249962 3.78189
-1.42065 -0.00747286 0.0250791 0.0249964 3.78189
-1.41451 0.000420802 0.0250675 0.0249965 3.78189
-1.40819 0.00817617 0.0250524 0.0249967 3.78189
-1.40169 0.0157777 0.0250337 0.0249969 3.78189
-1.39499 0.0232095 0.0250112 0.0249971 3.78189
-1.3881 0.0304563 0.0249847 0.0249973 3.78189
-1.381 0.0375026 0.0249545 0.0249974 3.78189
-1.3737 0.0443341 0.0249204 0.0249976 3.78189
-1.36618 0.0509367 0.0248828 0.0249978 3.78189
-1.35846 0.0572968 0.0248418 0.024998 3.78189
-1.35054 0.0634017 0.0247977 0.0249981 3.78189
-1.34242 0.0692398 0.0247507 0.0249983 3.78189
-1.33411 0.074801 0.0247012 0.0249985 3.78189
-1.32561 0.0800772 0.0246494 0.0249987 3.78189
-1.31694 0.085063 0.0245958 0.0249989 3.78189
-1.30811 0.0897557 0.0245405 0.0249991 3.78189
-1.29913 0.0941566 0.024484 0.0249992 3.78189
-1.29002 0.0982715 0.0244266 0.0249994 3.78189
-1.28078 0.102112 0.0243685 0.0249995 3.78189
-1.27145 0.105698 0.02431 0.0249996 3.78189
-1.26203 0.10906 0.0242513 0.0249998 3.78189
-1.25255 0.11225 0.0241926 0.0249999 3.78189
-1.24307 0.115428 0.0241339 0.0249999 3.78189
