-0.955578 -0.0839222 0.0250981 0.0250001 2.08104
-0.950824 -0.0751246 0.0250884 0.0250002 2.08104
-0.946182 -0.0662675 0.0250786 0.0250004 2.08104
-0.941656 -0.0573508 0.0250688 0.0250005 2.08104
-0.937239 -0.0483799 0.025059 0.0250007 2.08104
-0.932915 -0.0393636 0.0250492 0.0250009 2.08104
-0.928663 -0.0303137 0.0250395 0.025001 2.08104
-0.924454 -0.0212437 0.0250297 0.0250012 2.08104
-0.920255 -0.0121689 0.0250201 0.0250013 2.08104
-0.916031 -0.00310635 0.0250106 0.0250015 2.08104
-0.91174 0.00592509 0.0250013 0.0250016 2.08104
-0.907342 0.0149045 0.0249923 0.0250016 2.08104
-0.902793 0.0238085 0.0249835 0.0250017 2.08104
-0.89805 0.0326105 0.0249751 0.0250017 2.08104
-0.89307 0.041281 0.024967 0.0250017 2.08104
-0.887814 0.0497862 0.0249594 0.0250017 2.08104
-0.882242 0.0580884 0.0249524 0.0250017 2.08104
-0.876321 0.0661458 0.0249459 0.0250016 2.08104
-0.870024 0.073912 0.0249401 0.0250015 2.08104
-0.863327 0.0813373 0.0249351 0.0250014 2.08104
-0.856218 0.0883681 0.024931 0.0250013 2.08104
-0.848689 0.0949482 0.0249278 0.0250011 2.08104
-0.840744 0.10102 0.0249257 0.025001 2.08104
-0.832397 0.106525 0.0249246 0.0250009 2.08104
-0.82367 0.111406 0.0249248 0.0250007 2.08104
-0.814596 0.115609 0.024926 0.0250006 2.08104
-0.80522 0.119085 0.0249285 0.0250005 2.08104
-0.795594 0.121791 0.024932 0.0250003 2.08104
-0.785776 0.123692 0.0249366 0.0250002 2.08104
-0.775834 0.124763 0.0249421 0.0250001 2.08104
-0.765837 0.124989 0.0249484 0.0250001 2.08104
-0.755856 0.124367 0.0249555 0.025 2.08104
-0.745964 0.122905 0.0249631 0.025 2.08104
-0.736228 0.120622 0.024971 0.0249999 2.08104
-0.726712 0.117548 0.024979 0.0249999 2.08104
-0.717472 0.113724 0.0249868 0.025 2.08104
-0.708557 0.109194 0.0249943 0.025 2.08104
-0.700003 0.104013 0.0250012 0.0249999 2.08104
-0.69184 0.0982377 0.0250073 0.0249999 2.08104
-0.684081 0.0919281 0.0250125 0.0249999 2.08104
-0.676734 0.085145 0.0250167 0.0249998 2.08104
-0.66979 0.077948 0.0250199 0.0249998 2.08104
-0.663236 0.0703949 0.025022 0.0249997 2.08104
-0.657047 0.06254 0.0250229 0.0249997 2.08104
-0.651191 0.054434 0.0250229 0.0249996 2.08104
-0.645629 0.0461233 0.0250218 0.0249996 2.08104
-0.640316 0.0376505 0.0250197 0.0249996 2.08104
-0.635207 0.0290541 0.0250168 0.0249996 2.08104
-0.630249 0.0203692 0.0250129 0.0249997 2.08104
-0.625392 0.0116278 0.0250082 0.0249998 2.08104
-0.620583 0.00285999 0.0250027 0.0249999 2.08104
-0.61577 -0.00590581 0.0249963 0.025 2.08104
-0.610904 -0.0146417 0.024989 0.0250002 2.08104
-0.605935 -0.0233197 0.0249809 0.0250004 2.08104
-0.600819 -0.0319115 0.0249719 0.0250006 2.08104
-0.595514 -0.0403876 0.0249621 0.0250008 2.08104
-0.589982 -0.0487172 0.0249513 0.025001 2.08104
-0.58419 -0.056868 0.0249396 0.0250012 2.08104
-0.57811 -0.0648062 0.0249269 0.0250014 2.08104
-0.57172 -0.0724968 0.0249133 0.0250016 2.08104
-0.565004 -0.0799036 0.0248987 0.0250018 2.08104
-0.55795 -0.0869897 0.0248832 0.025002 2.08104
-0.550555 -0.0937183 0.0248668 0.0250022 2.08104
-0.542819 -0.100053 0.0248496 0.0250024 2.08104
-0.534751 -0.105957 0.0248317 0.0250025 2.08104
-0.526363 -0.111398 0.0248131 0.0250026 2.08104
-0.517673 -0.116342 0.0247941 0.0250027 2.08104
-0.508704 -0.12076 0.0247748 0.0250028 2.08104
-0.499485 -0.124626 0.0247554 0.0250028 2.08104
-0.490044 -0.127917 0.0247361 0.0250028 2.08104
-0.480416 -0.130612 0.0247172 0.0250027 2.08104
-0.470638 -0.132697 0.024699 0.0250026 2.08104
-0.460747 -0.134158 0.0246817 0.0250025 2.08104
-0.450784 -0.134988 0.0246656 0.0250023 2.08104
-0.440788 -0.135184 0.024651 0.0250021 2.08104
-0.430799 -0.134745 0.0246382 0.0250018 2.08104
-0.420857 -0.133677 0.0246273 0.0250016 2.08104
-0.411002 -0.131989 0.0246187 0.0250013 2.08104
-0.40127 -0.129691 0.0246126 0.025001 2.08104
-0.391698 -0.126802 0.024609 0.0250007 2.08104
-0.382317 -0.123338 0.0246083 0.0250003 2.08104
-0.373159 -0.119324 0.0246105 0.025 2.08104
-0.364249 -0.114782 0.0246156 0.0249997 2.08104
-0.355612 -0.109741 0.0246238 0.0249994 2.08104
-0.347268 -0.104229 0.0246349 0.0249992 2.08104
-0.339233 -0.0982751 0.024649 0.0249989 2.08104
-0.331519 -0.0919101 0.0246659 0.0249987 2.08104
-0.324134 -0.0851653 0.0246854 0.0249986 2.08104
-0.317084 -0.0780721 0.0247074 0.0249985 2.08104
-0.310367 -0.0706616 0.0247317 0.0249984 2.08104
-0.303981 -0.0629645 0.0247579 0.0249983 2.08104
-0.297918 -0.0550106 0.024786 0.0249983 2.08104
-0.292167 -0.0468288 0.0248155 0.0249984 2.08104
-0.286711 -0.0384468 0.0248462 0.0249985 2.08104
-0.281532 -0.0298909 0.0248779 0.0249986 2.08104
-0.276607 -0.0211864 0.0249104 0.0249988 2.08104
-0.27191 -0.0123571 0.0249433 0.0249989 2.08104
-0.26741 -0.00342615 0.0249764 0.0249992 2.08104
-0.26307 0.00558341 0.0250097 0.0249994 2.08104
-0.258843 0.0146466 0.025043 0.0249997 2.08104
-0.254622 0.0237119 0.0250762 0.0249999 2.08104
