-0.377409 -0.0813475 0.025102 0.0250001 1.12056
-0.372128 -0.0728561 0.0250967 0.0250001 1.12056
-0.367015 -0.064262 0.0250913 0.0250003 1.12056
-0.362091 -0.0555589 0.0250859 0.0250005 1.12056
-0.357362 -0.0467481 0.0250804 0.0250006 1.12056
-0.352826 -0.0378367 0.0250749 0.0250008 1.12056
-0.348472 -0.0288349 0.0250691 0.025001 1.12056
-0.344283 -0.0197555 0.0250632 0.0250011 1.12056
-0.340235 -0.0106127 0.025057 0.0250013 1.12056
-0.336297 -0.00142172 0.0250505 0.0250015 1.12056
-0.332436 0.00780139 0.0250437 0.0250016 1.12056
-0.328612 0.01704 0.0250365 0.0250018 1.12056
-0.324784 0.0262765 0.0250289 0.0250019 1.12056
-0.320906 0.0354923 0.0250209 0.0250021 1.12056
-0.316932 0.0446669 0.0250125 0.0250022 1.12056
-0.312815 0.0537779 0.0250037 0.0250023 1.12056
-0.308506 0.0627998 0.0249946 0.0250023 1.12056
-0.303958 0.0717041 0.0249853 0.0250023 1.12056
-0.299128 0.0804581 0.0249758 0.0250023 1.12056
-0.293974 0.0890249 0.0249663 0.0250023 1.12056
-0.288457 0.0973633 0.0249568 0.0250022 1.12056
-0.282546 0.105427 0.0249476 0.0250021 1.12056
-0.276216 0.113166 0.0249387 0.0250019 1.12056
-0.269449 0.120527 0.0249305 0.0250017 1.12056
-0.262236 0.127452 0.0249231 0.0250016 1.12056
-0.254579 0.133881 0.0249167 0.0250013 1.12056
-0.246487 0.139756 0.0249115 0.0250011 1.12056
-0.237983 0.145015 0.0249077 0.0250009 1.12056
-0.229099 0.149604 0.0249053 0.0250006 1.12056
-0.219877 0.15347 0.0249045 0.0250004 1.12056
-0.210369 0.156569 0.0249053 0.0250001 1.12056
-0.200635 0.158862 0.0249077 0.0249999 1.12056
-0.190743 0.160323 0.0249116 0.0249997 1.12056
-0.180761 0.160935 0.0249171 0.0249995 1.12056
-0.170763 0.160693 0.0249238 0.0249993 1.12056
-0.160822 0.159605 0.0249317 0.0249992 1.12056
-0.151007 0.157687 0.0249407 0.024999 1.12056
-0.141383 0.154969 0.0249504 0.0249988 1.12056
-0.132006 0.151489 0.0249607 0.0249986 1.12056
-0.122927 0.147295 0.0249715 0.0249984 1.12056
-0.114185 0.142438 0.0249826 0.0249983 1.12056
-0.105806 0.136976 0.0249939 0.0249981 1.12056
-0.0978097 0.130969 0.0250053 0.024998 1.12056
-0.0902017 0.124476 0.0250165 0.0249979 1.12056
-0.0829788 0.117558 0.0250274 0.0249978 1.12056
-0.0761283 0.110271 0.0250378 0.0249978 1.12056
-0.0696291 0.102668 0.0250475 0.0249979 1.12056
-0.0634527 0.0948015 0.0250563 0.0249979 1.12056
-0.0575648 0.0867166 0.0250639 0.024998 1.12056
-0.0519262 0.0784561 0.0250703 0.0249981 1.12056
-0.046494 0.0700584 0.0250751 0.0249983 1.12056
-0.041223 0.0615588 0.0250783 0.0249984 1.12056
-0.0360664 0.0529895 0.0250798 0.0249986 1.12056
-0.0309769 0.0443804 0.0250793 0.0249988 1.12056
-0.0259076 0.0357595 0.025077 0.024999 1.12056
-0.0208126 0.0271538 0.0250727 0.0249991 1.12056
-0.0156481 0.0185899 0.0250665 0.0249993 1.12056
-0.0103726 0.0100941 0.0250584 0.0249995 1.12056
-0.00494743 0.00169324 0.0250483 0.0249996 1.12056
0.00066233 -0.00658538 0.0250365 0.0249997 1.12056
0.00648787 -0.0147135 0.0250229 0.0249999 1.12056
0.0125561 -0.0226619 0.0250078 0.025 1.12056
0.0188895 -0.0304006 0.0249911 0.0250001 1.12056
0.0255057 -0.0378988 0.024973 0.0250002 1.12056
0.0324176 -0.0451252 0.0249537 0.0250003 1.12056
0.0396331 -0.0520483 0.0249334 0.0250004 1.12056
0.0471555 -0.0586367 0.0249122 0.0250004 1.12056
0.054983 -0.0648594 0.0248903 0.0250005 1.12056
0.0631095 -0.0706862 0.024868 0.0250005 1.12056
0.0715244 -0.0760882 0.0248454 0.0250005 1.12056
0.0802131 -0.0810377 0.0248229 0.0250005 1.12056
0.0891574 -0.0855089 0.0248006 0.0250005 1.12056
0.0983354 -0.0894784 0.0247789 0.0250004 1.12056
0.107722 -0.0929248 0.0247579 0.0250003 1.12056
0.117291 -0.0958298 0.024738 0.0250002 1.12056
0.127011 -0.0981777 0.0247194 0.0250001 1.12056
0.136852 -0.0999564 0.0247024 0.025 1.12056
0.146779 -0.101157 0.0246872 0.0249999 1.12056
0.15676 -0.101773 0.024674 0.0249997 1.12056
0.166761 -0.101805 0.0246631 0.0249995 1.12056
0.176746 -0.101252 0.0246546 0.0249993 1.12056
0.186682 -0.10012 0.0246488 0.0249991 1.12056
0.196537 -0.0984188 0.0246456 0.0249989 1.12056
0.20628 -0.0961598 0.0246453 0.0249987 1.12056
0.215881 -0.0933584 0.0246478 0.0249985 1.12056
0.225313 -0.0900334 0.0246533 0.0249983 1.12056
0.234553 -0.0862058 0.0246617 0.0249982 1.12056
0.24358 -0.0818991 0.0246729 0.024998 1.12056
0.252376 -0.0771386 0.0246869 0.024998 1.12056
0.260927 -0.0719516 0.0247034 0.0249979 1.12056
0.269224 -0.0663664 0.0247223 0.0249979 1.12056
0.277261 -0.0604126 0.0247434 0.0249979 1.12056
0.285035 -0.0541207 0.0247663 0.024998 1.12056
0.292551 -0.0475216 0.0247908 0.0249981 1.12056
0.299815 -0.0406467 0.0248166 0.0249983 1.12056
0.306839 -0.0335278 0.0248435 0.0249985 1.12056
0.313642 -0.0261971 0.024871 0.0249987 1.12056
0.320248 -0.0186879 0.0248991 0.024999 1.12056
0.326687 -0.011036 0.0249274 0.0249993 1.12056
0.333004 -0.0032834 0.0249558 0.0249996 1.12056
0.339315 0.00447383 0.0249842 0.0249998 1.12056
