-0.416592 0.11493 0.025025 0.0249999 0.78039
-0.406612 0.114297 0.0250256 0.0249998 0.78039
-0.396652 0.113408 0.0250261 0.0249996 0.78039
-0.386723 0.11221 0.0250267 0.0249994 0.78039
-0.376843 0.110667 0.0250273 0.0249992 0.78039
-0.367028 0.108748 0.0250281 0.024999 0.78039
-0.357299 0.106432 0.0250289 0.0249987 0.78039
-0.347677 0.103703 0.02503 0.0249985 0.78039
-0.338185 0.100553 0.0250313 0.0249983 0.78039
-0.328844 0.0969784 0.0250327 0.0249982 0.78039
-0.319675 0.092983 0.0250344 0.0249983 0.78039
-0.310698 0.088575 0.0250362 0.0249984 0.78039
-0.301928 0.0837674 0.0250381 0.0249986 0.78039
-0.293379 0.0785776 0.0250401 0.0249988 0.78039
-0.28506 0.0730265 0.0250422 0.024999 0.78039
-0.276977 0.0671381 0.0250442 0.0249992 0.78039
-0.26913 0.0609386 0.0250461 0.0249995 0.78039
-0.261515 0.0544562 0.0250478 0.0249997 0.78039
-0.254124 0.04772 0.0250493 0.0249999 0.78039
-0.246943 0.0407601 0.0250505 0.0250002 0.78039
-0.239956 0.0336068 0.0250513 0.0250004 0.78039
-0.233139 0.0262905 0.0250517 0.0250006 0.78039
-0.226469 0.0188411 0.0250516 0.0250008 0.78039
-0.219916 0.0112885 0.025051 0.025001 0.78039
-0.213449 0.00366238 0.0250498 0.0250012 0.78039
-0.207034 -0.00400801 0.025048 0.0250014 0.78039
-0.200638 -0.0116933 0.0250456 0.0250015 0.78039
-0.194224 -0.0193638 0.0250426 0.0250016 0.78039
-0.187757 -0.0269895 0.0250391 0.0250017 0.78039
-0.181202 -0.0345397 0.025035 0.0250017 0.78039
-0.174526 -0.0419827 0.0250304 0.0250018 0.78039
-0.167697 -0.0492856 0.0250253 0.0250017 0.78039
-0.160686 -0.0564147 0.0250199 0.0250017 0.78039
-0.153469 -0.0633349 0.025014 0.0250016 0.78039
-0.146025 -0.0700103 0.0250079 0.0250014 0.78039
-0.138338 -0.0764046 0.0250017 0.0250012 0.78039
-0.130397 -0.082481 0.0249953 0.025001 0.78039
-0.122197 -0.0882032 0.024989 0.0250008 0.78039
-0.113738 -0.0935358 0.0249828 0.0250005 0.78039
-0.105026 -0.0984451 0.0249768 0.0250002 0.78039
-0.0960732 -0.1029 0.0249711 0.0249998 0.78039
-0.0868956 -0.106872 0.024966 0.0249994 0.78039
-0.0775146 -0.110338 0.0249614 0.024999 0.78039
-0.0679552 -0.113277 0.0249575 0.0249986 0.78039
-0.0582456 -0.115675 0.0249543 0.0249981 0.78039
-0.0484161 -0.117522 0.0249521 0.0249977 0.78039
-0.0384982 -0.118816 0.0249509 0.0249973 0.78039
-0.0285234 -0.119558 0.0249507 0.0249969 0.78039
-0.0185226 -0.119754 0.0249517 0.0249965 0.78039
-0.00852541 -0.119417 0.0249537 0.0249962 0.78039
0.00144115 -0.118562 0.0249567 0.0249959 0.78039
0.0113527 -0.117211 0.0249608 0.0249957 0.78039
0.0211883 -0.115385 0.0249659 0.0249955 0.78039
0.0309306 -0.113113 0.0249718 0.0249953 0.78039
0.0405658 -0.110423 0.0249785 0.0249952 0.78039
0.0500843 -0.107345 0.0249859 0.0249951 0.78039
0.0594801 -0.10391 0.0249937 0.0249951 0.78039
0.0687506 -0.10015 0.025002 0.0249951 0.78039
0.0778968 -0.096097 0.0250105 0.0249951 0.78039
0.0869224 -0.0917823 0.0250192 0.0249951 0.78039
0.0958339 -0.0872366 0.0250278 0.0249952 0.78039
0.10464 -0.0824897 0.0250364 0.0249953 0.78039
0.11335 -0.0775704 0.0250447 0.0249954 0.78039
0.121977 -0.0725062 0.0250526 0.0249955 0.78039
0.130534 -0.0673233 0.0250601 0.0249956 0.78039
0.139033 -0.062047 0.0250672 0.0249957 0.78039
0.147487 -0.0567008 0.0250736 0.0249958 0.78039
0.155912 -0.0513075 0.0250793 0.024996 0.78039
0.164321 -0.0458885 0.0250844 0.0249961 0.78039
0.172725 -0.0404641 0.0250887 0.0249962 0.78039
0.181139 -0.0350537 0.0250922 0.0249963 0.78039
0.189573 -0.0296758 0.0250947 0.0249964 0.78039
0.198039 -0.0243482 0.0250963 0.0249966 0.78039
0.206547 -0.019088 0.0250969 0.0249967 0.78039
0.215106 -0.0139117 0.0250964 0.0249968 0.78039
0.223725 -0.00883547 0.0250947 0.0249969 0.78039
0.23241 -0.003875 0.0250918 0.024997 0.78039
0.24117 0.000954523 0.0250876 0.0249971 0.78039
0.250007 0.0056383 0.0250821 0.0249973 0.78039
0.258928 0.010162 0.0250751 0.0249974 0.78039
0.267935 0.0145116 0.0250667 0.0249975 0.78039
0.27703 0.0186738 0.0250567 0.0249977 0.78039
0.286213 0.022636 0.0250453 0.0249978 0.78039
0.295485 0.0263859 0.0250324 0.0249979 0.78039
0.304845 0.0299124 0.0250181 0.024998 0.78039
0.314288 0.0332053 0.0250025 0.0249981 0.78039
0.323813 0.0362553 0.0249856 0.0249982 0.78039
0.333415 0.0390545 0.0249675 0.0249983 0.78039
0.343088 0.0415967 0.0249486 0.0249984 0.78039
0.352826 0.0438773 0.0249288 0.0249985 0.78039
0.362622 0.0458927 0.0249085 0.0249986 0.78039
0.372469 0.0476412 0.0248877 0.0249988 0.78039
0.382359 0.0491234 0.0248666 0.0249989 0.78039
0.392285 0.050342 0.0248454 0.024999 0.78039
0.40224 0.0513029 0.0248241 0.0249991 0.78039
0.412215 0.0520154 0.0248029 0.0249992 0.78039
0.422204 0.0524934 0.0247818 0.0249994 0.78039
0.432201 0.0527564 0.0247608 0.0249995 0.78039
0.442201 0.0528328 0.0247399 0.0249997 0.78039
0.452201 0.0527663 0.0247192 0.0249998 0.78039
0.462201 0.0526906 0.0246986 0.0249999 0.78039
