-1.18605 -0.130618 0.0247698 0.025 2.42121
-1.17792 -0.136445 0.0247847 0.0250001 2.42121
-1.16969 -0.142117 0.0247996 0.0250002 2.42121
-1.16132 -0.147584 0.0248146 0.0250002 2.42121
-1.15278 -0.152797 0.0248295 0.0250003 2.42121
-1.14407 -0.157706 0.0248444 0.0250004 2.42121
-1.13517 -0.162261 0.0248592 0.0250004 2.42121
-1.12607 -0.166409 0.0248738 0.0250005 2.42121
-1.11678 -0.170101 0.0248881 0.0250005 2.42121
-1.1073 -0.173286 0.024902 0.0250005 2.42121
-1.09765 -0.175915 0.0249155 0.0250005 2.42121
-1.08786 -0.177942 0.0249283 0.0250004 2.42121
-1.07795 -0.179328 0.0249406 0.0250004 2.42121
-1.06798 -0.180035 0.0249521 0.0250003 2.42121
-1.05798 -0.180036 0.024963 0.0250001 2.42121
-1.04801 -0.17931 0.0249732 0.025 2.42121
-1.03811 -0.177844 0.0249827 0.0249998 2.42121
-1.02836 -0.175636 0.0249917 0.0249997 2.42121
-1.0188 -0.172692 0.025 0.0249995 2.42121
-1.0095 -0.169027 0.0250078 0.0249994 2.42121
-1.0005 -0.164667 0.0250151 0.0249994 2.42121
-0.991852 -0.159642 0.0250217 0.0249993 2.42121
-0.9836 -0.153994 0.0250278 0.0249993 2.42121
-0.975775 -0.147766 0.0250332 0.0249993 2.42121
-0.968403 -0.141008 0.0250379 0.0249993 2.42121
-0.961499 -0.133773 0.0250418 0.0249993 2.42121
-0.955068 -0.126115 0.0250448 0.0249994 2.42121
-0.949106 -0.118086 0.0250469 0.0249995 2.42121
-0.9436 -0.109738 0.0250479 0.0249996 2.42121
-0.938527 -0.10112 0.0250478 0.0249998 2.42121
-0.933855 -0.0922782 0.0250466 0.0249999 2.42121
-0.929547 -0.0832537 0.0250441 0.0250001 2.42121
-0.925558 -0.0740839 0.0250403 0.0250002 2.42121
-0.921838 -0.0648017 0.0250352 0.0250004 2.42121
-0.918333 -0.0554364 0.0250287 0.0250005 2.42121
-0.914986 -0.0460137 0.025021 0.0250007 2.42121
-0.911738 -0.0365569 0.0250118 0.0250009 2.42121
-0.908526 -0.0270873 0.0250014 0.025001 2.42121
-0.905291 -0.0176259 0.0249898 0.0250011 2.42121
-0.901973 -0.00819363 0.0249771 0.0250012 2.42121
-0.898511 0.00118712 0.0249632 0.0250013 2.42121
-0.894851 0.0104919 0.0249485 0.0250014 2.42121
-0.890939 0.0196935 0.0249329 0.0250015 2.42121
-0.886725 0.0287612 0.0249167 0.0250015 2.42121
-0.882167 0.0376606 0.0249 0.0250015 2.42121
-0.877227 0.0463537 0.0248829 0.0250015 2.42121
-0.871874 0.0547989 0.0248657 0.0250014 2.42121
-0.866085 0.0629517 0.0248486 0.0250014 2.42121
-0.859846 0.070765 0.0248316 0.0250013 2.42121
-0.853149 0.0781907 0.0248152 0.0250011 2.42121
-0.845999 0.0851802 0.0247994 0.0250009 2.42121
-0.838405 0.091686 0.0247843 0.0250007 2.42121
-0.830389 0.0976629 0.0247704 0.0250005 2.42121
-0.821976 0.103069 0.0247575 0.0250002 2.42121
-0.813203 0.107867 0.024746 0.025 2.42121
-0.804108 0.112025 0.024736 0.0249997 2.42121
-0.794737 0.115518 0.0247276 0.0249993 2.42121
-0.785139 0.118326 0.0247209 0.024999 2.42121
-0.775364 0.12044 0.0247159 0.0249987 2.42121
-0.765463 0.121854 0.0247128 0.0249983 2.42121
-0.755488 0.12257 0.0247115 0.024998 2.42121
-0.745486 0.122599 0.0247121 0.0249977 2.42121
-0.735505 0.121954 0.0247147 0.0249973 2.42121
-0.725587 0.120656 0.0247191 0.024997 2.42121
-0.715772 0.118728 0.0247253 0.0249967 2.42121
-0.706094 0.116201 0.0247334 0.0249964 2.42121
-0.696583 0.113102 0.0247432 0.0249962 2.42121
-0.687264 0.109466 0.0247547 0.024996 2.42121
-0.678158 0.105325 0.0247676 0.0249958 2.42121
-0.669282 0.100713 0.0247819 0.0249957 2.42121
-0.660647 0.0956613 0.0247972 0.0249956 2.42121
-0.652263 0.090204 0.0248133 0.0249956 2.42121
-0.644136 0.0843723 0.0248301 0.0249956 2.42121
-0.636266 0.0781966 0.0248472 0.0249956 2.42121
-0.628654 0.0717063 0.0248644 0.0249956 2.42121
-0.621296 0.0649293 0.0248814 0.0249957 2.42121
-0.614186 0.0578921 0.024898 0.0249958 2.42121
-0.607317 0.05062 0.0249138 0.024996 2.42121
-0.600679 0.0431365 0.0249287 0.0249961 2.42121
-0.594261 0.035464 0.0249424 0.0249963 2.42121
-0.58805 0.0276231 0.0249547 0.0249965 2.42121
-0.582032 0.0196334 0.0249654 0.0249967 2.42121
-0.576191 0.011513 0.0249744 0.0249969 2.42121
-0.570513 0.00327878 0.0249816 0.0249971 2.42121
-0.56498 -0.00505347 0.0249869 0.0249974 2.42121
-0.559574 -0.0134691 0.0249902 0.0249976 2.42121
-0.554279 -0.0219544 0.0249915 0.0249978 2.42121
-0.549077 -0.0304966 0.0249909 0.024998 2.42121
-0.54395 -0.0390838 0.0249883 0.0249983 2.42121
-0.53888 -0.047705 0.0249839 0.0249985 2.42121
-0.53385 -0.0563494 0.0249777 0.0249986 2.42121
-0.528843 -0.0650067 0.02497 0.0249988 2.42121
-0.523842 -0.0736673 0.0249609 0.024999 2.42121
-0.518831 -0.082322 0.0249506 0.0249991 2.42121
-0.513796 -0.0909625 0.0249392 0.0249993 2.42121
-0.508723 -0.0995811 0.0249269 0.0249994 2.42121
-0.503603 -0.108171 0.024914 0.0249995 2.42121
-0.498429 -0.116729 0.0249006 0.0249996 2.42121
-0.493198 -0.125252 0.0248868 0.0249998 2.42121
-0.487917 -0.133744 0.0248729 0.0249999 2.42121
-0.482631 -0.142233 0.0248589 0.0249999 2.42121
