-0.493658 -0.00283314 0.0249941 0.0249999 0.34017
-0.483971 -0.00531674 0.0249942 0.0249998 0.34017
-0.47426 -0.00770221 0.0249943 0.0249996 0.34017
-0.464519 -0.009967 0.0249943 0.0249994 0.34017
-0.454747 -0.0120918 0.0249944 0.0249992 0.34017
-0.444942 -0.0140598 0.0249945 0.024999 0.34017
-0.435104 -0.015856 0.0249946 0.0249988 0.34017
-0.425233 -0.0174674 0.0249947 0.0249986 0.34017
-0.415333 -0.0188828 0.0249949 0.0249984 0.34017
-0.405405 -0.020093 0.0249951 0.0249981 0.34017
-0.395453 -0.0210906 0.0249955 0.0249979 0.34017
-0.385482 -0.0218697 0.0249959 0.0249977 0.34017
-0.375495 -0.0224259 0.0249966 0.0249975 0.34017
-0.365498 -0.0227568 0.0249973 0.0249973 0.34017
-0.355497 -0.0228615 0.0249982 0.0249971 0.34017
-0.345495 -0.0227409 0.0249993 0.0249969 0.34017
-0.335498 -0.0223976 0.0250005 0.0249967 0.34017
-0.325511 -0.0218359 0.0250018 0.0249965 0.34017
-0.315539 -0.0210618 0.0250031 0.0249963 0.34017
-0.305584 -0.0200828 0.0250046 0.0249962 0.34017
-0.29565 -0.0189078 0.0250061 0.024996 0.34017
-0.285739 -0.0175472 0.0250075 0.0249958 0.34017
-0.275854 -0.0160128 0.025009 0.0249957 0.34017
-0.265996 -0.0143174 0.0250103 0.0249955 0.34017
-0.256163 -0.012475 0.0250116 0.0249954 0.34017
-0.246356 -0.0105003 0.0250127 0.0249952 0.34017
-0.236573 -0.00840917 0.0250136 0.0249953 0.34017
-0.226812 -0.00621801 0.0250143 0.0249954 0.34017
-0.217071 -0.0039438 0.0250147 0.0249955 0.34017
-0.207345 -0.00160395 0.0250149 0.0249957 0.34017
-0.19763 0.000783804 0.0250148 0.0249958 0.34017
-0.187924 0.00320156 0.0250145 0.024996 0.34017
-0.17822 0.00563136 0.0250138 0.0249961 0.34017
-0.168515 0.00805535 0.0250128 0.0249962 0.34017
-0.158805 0.0104559 0.0250116 0.0249963 0.34017
-0.149084 0.0128158 0.0250101 0.0249964 0.34017
-0.13935 0.0151182 0.0250084 0.0249965 0.34017
-0.129599 0.0173473 0.0250064 0.0249966 0.34017
-0.119827 0.0194875 0.0250043 0.0249966 0.34017
-0.110034 0.0215247 0.0250021 0.0249967 0.34017
-0.100218 0.0234454 0.0249997 0.0249967 0.34017
-0.0903771 0.0252377 0.0249973 0.0249965 0.34017
-0.0805117 0.0268905 0.0249949 0.0249962 0.34017
-0.0706223 0.0283946 0.0249926 0.0249959 0.34017
-0.0607101 0.0297419 0.0249905 0.0249956 0.34017
-0.0507768 0.030926 0.0249885 0.0249953 0.34017
-0.0408246 0.0319423 0.0249868 0.024995 0.34017
-0.0308563 0.0327872 0.0249854 0.0249948 0.34017
-0.0208745 0.0334584 0.0249843 0.0249947 0.34017
-0.0108826 0.0339551 0.0249836 0.0249947 0.34017
-0.000883545 0.0342779 0.0249832 0.0249947 0.34017
0.00911958 0.0344287 0.0249833 0.0249947 0.34017
0.0191238 0.0344106 0.0249837 0.0249947 0.34017
0.0291264 0.0342278 0.0249845 0.0249947 0.34017
0.0391247 0.0338859 0.0249857 0.0249948 0.34017
0.0491166 0.033391 0.0249871 0.0249948 0.34017
0.0591002 0.0327505 0.0249888 0.0249949 0.34017
0.069074 0.0319722 0.0249908 0.024995 0.34017
0.0790367 0.0310646 0.0249929 0.024995 0.34017
0.0889877 0.0300368 0.0249952 0.0249951 0.34017
0.0989266 0.0288981 0.0249975 0.0249952 0.34017
0.108853 0.0276583 0.0249999 0.0249953 0.34017
0.118768 0.0263271 0.0250022 0.0249954 0.34017
0.128671 0.0249144 0.0250045 0.0249955 0.34017
0.138564 0.0234299 0.0250067 0.0249957 0.34017
0.148447 0.0218834 0.0250087 0.0249958 0.34017
0.158322 0.0202842 0.0250106 0.0249959 0.34017
0.168189 0.0186416 0.0250122 0.024996 0.34017
0.178051 0.0169644 0.0250136 0.0249962 0.34017
0.187908 0.0152612 0.0250147 0.0249963 0.34017
0.197762 0.0135399 0.0250155 0.0249964 0.34017
0.207613 0.0118084 0.0250161 0.0249966 0.34017
0.217464 0.010074 0.0250164 0.0249967 0.34017
0.227316 0.00834366 0.0250164 0.0249968 0.34017
0.23717 0.00662418 0.0250162 0.024997 0.34017
0.247026 0.00492191 0.0250157 0.0249971 0.34017
0.256887 0.00324298 0.0250149 0.0249972 0.34017
0.266752 0.00159323 0.025014 0.0249973 0.34017
0.276623 -2.17497e-05 0.0250128 0.0249975 0.34017
0.2865 -0.00159665 0.0250116 0.0249976 0.34017
0.296384 -0.00312641 0.0250101 0.0249977 0.34017
0.306276 -0.00460623 0.0250086 0.0249978 0.34017
0.316175 -0.0060316 0.0250069 0.0249979 0.34017
0.326083 -0.00739829 0.0250053 0.024998 0.34017
0.335999 -0.00870238 0.0250036 0.0249981 0.34017
0.345924 -0.0099403 0.0250019 0.0249982 0.34017
0.355857 -0.011109 0.0250002 0.0249983 0.34017
0.365798 -0.0122059 0.0249985 0.0249984 0.34017
0.375747 -0.0132282 0.024997 0.0249985 0.34017
0.385703 -0.0141735 0.0249955 0.0249986 0.34017
0.395666 -0.0150398 0.0249941 0.0249987 0.34017
0.405637 -0.0158254 0.0249929 0.0249989 0.34017
0.415613 -0.0165293 0.0249917 0.024999 0.34017
0.425594 -0.017151 0.0249906 0.0249991 0.34017
0.43558 -0.0176911 0.0249896 0.0249992 0.34017
0.44557 -0.0181512 0.0249887 0.0249993 0.34017
0.455563 -0.0185342 0.0249879 0.0249994 0.34017
0.465559 -0.0188454 0.0249871 0.0249996 0.34017
0.475556 -0.0190929 0.0249864 0.0249997 0.34017
0.485554 -0.0192906 0.0249857 0.0249998 0.34017
0.495553 -0.0194846 0.024985 0.0249999 0.34017
