-2.13633 -0.169768 0.0250612 0.0250001 4.10205
-2.13128 -0.161139 0.0250547 0.0250002 4.10205
-2.12637 -0.152428 0.0250482 0.0250003 4.10205
-2.12162 -0.14363 0.0250417 0.0250005 4.10205
-2.11702 -0.134749 0.0250353 0.0250007 4.10205
-2.11257 -0.125793 0.0250288 0.0250008 4.10205
-2.10826 -0.116773 0.0250225 0.025001 4.10205
-2.10406 -0.1077 0.0250162 0.0250012 4.10205
-2.09993 -0.0985907 0.0250099 0.0250013 4.10205
-2.09586 -0.0894594 0.0250037 0.0250014 4.10205
-2.0918 -0.0803231 0.0249975 0.0250016 4.10205
-2.0877 -0.0712001 0.0249914 0.0250017 4.10205
-2.08354 -0.0621101 0.0249853 0.0250018 4.10205
-2.07926 -0.0530748 0.0249793 0.0250019 4.10205
-2.07481 -0.0441184 0.0249733 0.025002 4.10205
-2.07016 -0.0352682 0.0249675 0.025002 4.10205
-2.06526 -0.0265551 0.0249617 0.025002 4.10205
-2.06006 -0.0180138 0.024956 0.025002 4.10205
-2.05453 -0.00968326 0.0249506 0.025002 4.10205
-2.04864 -0.00160674 0.0249455 0.0250019 4.10205
-2.04235 0.00616828 0.0249409 0.0250019 4.10205
-2.03565 0.0135902 0.0249368 0.0250018 4.10205
-2.02852 0.0206039 0.0249334 0.0250017 4.10205
-2.02097 0.0271518 0.0249308 0.0250016 4.10205
-2.01299 0.0331748 0.024929 0.0250015 4.10205
-2.0046 0.0386139 0.0249282 0.0250013 4.10205
-1.99582 0.0434119 0.0249285 0.0250012 4.10205
-1.98671 0.0475151 0.0249298 0.0250011 4.10205
-1.97729 0.0508751 0.0249322 0.025001 4.10205
-1.96763 0.0534505 0.0249358 0.0250009 4.10205
-1.95778 0.0552089 0.0249404 0.0250008 4.10205
-1.94783 0.0561281 0.024946 0.0250007 4.10205
-1.93783 0.0561968 0.0249525 0.0250006 4.10205
-1.92786 0.0554156 0.0249598 0.0250005 4.10205
-1.91799 0.0537966 0.0249678 0.0250004 4.10205
-1.90829 0.0513629 0.0249761 0.0250003 4.10205
-1.89882 0.0481478 0.0249848 0.0250002 4.10205
-1.88964 0.0441932 0.0249934 0.0250001 4.10205
-1.88078 0.0395487 0.0250019 0.025 4.10205
-1.87229 0.0342692 0.02501 0.0249999 4.10205
-1.86418 0.0284134 0.0250177 0.0249998 4.10205
-1.85647 0.0220416 0.0250247 0.0249996 4.10205
-1.84917 0.0152144 0.025031 0.0249995 4.10205
-1.84225 0.00799071 0.0250365 0.0249994 4.10205
-1.83571 0.00042713 0.0250411 0.0249993 4.10205
-1.82951 -0.00742321 0.0250448 0.0249992 4.10205
-1.82363 -0.0155109 0.0250476 0.0249992 4.10205
-1.81802 -0.0237907 0.0250495 0.0249992 4.10205
-1.81264 -0.0322215 0.0250504 0.0249993 4.10205
-1.80745 -0.0407661 0.0250502 0.0249993 4.10205
-1.80239 -0.0493905 0.025049 0.0249994 4.10205
-1.79741 -0.0580632 0.0250467 0.0249996 4.10205
-1.79246 -0.0667548 0.0250433 0.0249997 4.10205
-1.7875 -0.0754371 0.0250387 0.0249999 4.10205
-1.78247 -0.0840825 0.0250329 0.0250001 4.10205
-1.77734 -0.0926633 0.0250259 0.0250003 4.10205
-1.77205 -0.101151 0.0250177 0.0250005 4.10205
-1.76657 -0.109518 0.0250083 0.0250007 4.10205
-1.76087 -0.117732 0.0249977 0.0250009 4.10205
-1.75492 -0.125763 0.0249859 0.0250011 4.10205
-1.74868 -0.133578 0.0249729 0.0250013 4.10205
-1.74214 -0.141143 0.0249587 0.0250014 4.10205
-1.73529 -0.148424 0.0249433 0.0250016 4.10205
-1.72811 -0.155386 0.0249269 0.0250018 4.10205
-1.72061 -0.161993 0.0249094 0.0250019 4.10205
-1.71278 -0.168212 0.024891 0.0250021 4.10205
-1.70463 -0.174008 0.0248717 0.0250022 4.10205
-1.69618 -0.17935 0.0248517 0.0250022 4.10205
-1.68744 -0.184207 0.0248311 0.0250023 4.10205
-1.67843 -0.188551 0.0248103 0.0250023 4.10205
-1.66919 -0.192356 0.0247893 0.0250023 4.10205
-1.65973 -0.195601 0.0247685 0.0250023 4.10205
-1.65009 -0.198266 0.0247482 0.0250022 4.10205
-1.64031 -0.200335 0.0247286 0.0250021 4.10205
-1.63042 -0.201796 0.0247101 0.0250019 4.10205
-1.62046 -0.202642 0.0246929 0.0250017 4.10205
-1.61046 -0.202869 0.0246775 0.0250015 4.10205
-1.60047 -0.202475 0.024664 0.0250012 4.10205
-1.59052 -0.201466 0.0246527 0.025001 4.10205
-1.58066 -0.199848 0.0246439 0.0250007 4.10205
-1.5709 -0.197634 0.0246377 0.0250004 4.10205
-1.5613 -0.194838 0.0246343 0.0250001 4.10205
-1.55189 -0.191479 0.0246338 0.0249998 4.10205
-1.54268 -0.187577 0.0246363 0.0249995 4.10205
-1.53371 -0.183157 0.0246418 0.0249992 4.10205
-1.525 -0.178245 0.0246503 0.024999 4.10205
-1.51656 -0.172869 0.0246616 0.0249988 4.10205
-1.50842 -0.167057 0.0246757 0.0249986 4.10205
-1.50059 -0.16084 0.0246924 0.0249985 4.10205
-1.49307 -0.154249 0.0247115 0.0249984 4.10205
-1.48586 -0.147315 0.0247328 0.0249984 4.10205
-1.47896 -0.14007 0.0247559 0.0249984 4.10205
-1.47238 -0.132545 0.0247808 0.0249984 4.10205
-1.46609 -0.124769 0.0248071 0.0249985 4.10205
-1.46008 -0.116774 0.0248345 0.0249986 4.10205
-1.45434 -0.108587 0.0248628 0.0249988 4.10205
-1.44883 -0.100237 0.0248918 0.024999 4.10205
-1.44354 -0.0917533 0.0249211 0.0249992 4.10205
-1.43842 -0.0831634 0.0249508 0.0249995 4.10205
-1.43342 -0.0745002 0.0249805 0.0249997 4.10205
-1.42843 -0.0658336 0.0250102 0.0249999 4.10205
