-0.439527 0.0883386 0.0250207 0.025 0.58029
-0.431787 0.0820073 0.0250211 0.0250001 0.58029
-0.424093 0.0756195 0.0250215 0.0250002 0.58029
-0.416448 0.0691734 0.0250219 0.0250003 0.58029
-0.408849 0.0626729 0.0250223 0.0250004 0.58029
-0.401291 0.0561255 0.0250227 0.0250006 0.58029
-0.393765 0.0495417 0.0250229 0.0250007 0.58029
-0.386259 0.0429348 0.0250231 0.0250008 0.58029
-0.378761 0.0363197 0.0250231 0.0250009 0.58029
-0.371255 0.0297133 0.025023 0.025001 0.58029
-0.363725 0.0231342 0.0250226 0.0250011 0.58029
-0.356155 0.0166019 0.0250219 0.0250012 0.58029
-0.348526 0.0101377 0.0250209 0.0250013 0.58029
-0.340822 0.00376352 0.0250197 0.0250014 0.58029
-0.333026 -0.00249726 0.025018 0.0250015 0.58029
-0.325122 -0.0086205 0.025016 0.0250015 0.58029
-0.317094 -0.0145812 0.0250135 0.0250016 0.58029
-0.30893 -0.0203536 0.0250107 0.0250016 0.58029
-0.300618 -0.0259115 0.0250076 0.0250016 0.58029
-0.29215 -0.0312284 0.0250041 0.0250016 0.58029
-0.28352 -0.0362777 0.0250003 0.0250014 0.58029
-0.274724 -0.0410332 0.0249963 0.0250011 0.58029
-0.265763 -0.0454694 0.0249921 0.0250007 0.58029
-0.256639 -0.0495617 0.0249879 0.0250003 0.58029
-0.247359 -0.0532869 0.0249838 0.0249999 0.58029
-0.237932 -0.0566239 0.0249799 0.0249995 0.58029
-0.22837 -0.0595539 0.0249762 0.024999 0.58029
-0.218689 -0.0620609 0.024973 0.0249986 0.58029
-0.208904 -0.0641318 0.0249704 0.0249982 0.58029
-0.199035 -0.0657564 0.0249685 0.0249979 0.58029
-0.189102 -0.0669284 0.0249672 0.0249978 0.58029
-0.179126 -0.0676452 0.0249668 0.0249977 0.58029
-0.169128 -0.0679081 0.0249672 0.0249976 0.58029
-0.159128 -0.0677223 0.0249684 0.0249975 0.58029
-0.149145 -0.067097 0.0249705 0.0249975 0.58029
-0.139199 -0.0660449 0.0249734 0.0249975 0.58029
-0.129304 -0.0645821 0.0249771 0.0249975 0.58029
-0.119476 -0.062728 0.0249816 0.0249975 0.58029
-0.109724 -0.0605044 0.0249867 0.0249975 0.58029
-0.100057 -0.0579356 0.0249924 0.0249976 0.58029
-0.0904814 -0.0550479 0.0249985 0.0249977 0.58029
-0.0809983 -0.0518689 0.0250051 0.0249978 0.58029
-0.0716073 -0.0484274 0.0250118 0.0249979 0.58029
-0.062305 -0.044753 0.0250188 0.024998 0.58029
-0.0530856 -0.0408757 0.0250257 0.0249982 0.58029
-0.0439409 -0.0368257 0.0250324 0.0249983 0.58029
-0.0348609 -0.032633 0.025039 0.0249984 0.58029
-0.0258339 -0.0283274 0.0250451 0.0249986 0.58029
-0.0168475 -0.0239382 0.0250508 0.0249987 0.58029
-0.00788807 -0.0194943 0.0250559 0.0249989 0.58029
0.00105791 -0.0150237 0.0250603 0.024999 0.58029
0.0100042 -0.0105539 0.0250639 0.0249992 0.58029
0.0189639 -0.00611146 0.0250667 0.0249993 0.58029
0.0279496 -0.00172211 0.0250686 0.0249995 0.58029
0.0369728 0.00258932 0.0250696 0.0249996 0.58029
0.0460439 0.00679903 0.0250696 0.0249997 0.58029
0.0551716 0.0108843 0.0250686 0.0249998 0.58029
0.0643632 0.0148234 0.0250667 0.0249999 0.58029
0.0736243 0.018596 0.0250638 0.0249999 0.58029
0.0829589 0.022183 0.0250601 0.025 0.58029
0.0923691 0.0255665 0.0250555 0.025 0.58029
0.101855 0.0287301 0.0250502 0.0250001 0.58029
0.111417 0.0316589 0.0250441 0.0250001 0.58029
0.121051 0.0343394 0.0250375 0.0250001 0.58029
0.130753 0.0367598 0.0250303 0.0250001 0.58029
0.140519 0.0389095 0.0250227 0.0250001 0.58029
0.150343 0.04078 0.0250149 0.025 0.58029
0.160217 0.0423637 0.0250069 0.0249999 0.58029
0.170133 0.0436548 0.024999 0.0249998 0.58029
0.180084 0.0446487 0.0249912 0.0249997 0.58029
0.19006 0.0453419 0.0249837 0.0249996 0.58029
0.200053 0.0457324 0.0249766 0.0249995 0.58029
0.210053 0.0458189 0.02497 0.0249994 0.58029
0.220051 0.0456015 0.024964 0.0249993 0.58029
0.230038 0.0450813 0.0249586 0.0249992 0.58029
0.240005 0.0442603 0.024954 0.0249991 0.58029
0.249943 0.0431419 0.0249502 0.024999 0.58029
0.259843 0.04173 0.0249475 0.0249989 0.58029
0.269699 0.0400292 0.0249458 0.0249988 0.58029
0.279501 0.0380444 0.0249454 0.0249987 0.58029
0.289243 0.0357817 0.0249462 0.0249985 0.58029
0.298917 0.0332474 0.0249482 0.0249984 0.58029
0.308519 0.0304487 0.0249516 0.0249983 0.58029
0.318042 0.0273935 0.0249562 0.0249983 0.58029
0.327482 0.02409 0.0249618 0.0249982 0.58029
0.336835 0.0205475 0.0249685 0.0249982 0.58029
0.346098 0.0167753 0.024976 0.0249982 0.58029
0.355269 0.0127837 0.0249842 0.0249982 0.58029
0.364345 0.00858314 0.0249929 0.0249983 0.58029
0.373327 0.0041847 0.025002 0.0249984 0.58029
0.382216 -0.000400246 0.0250113 0.0249986 0.58029
0.391012 -0.00515985 0.0250208 0.0249987 0.58029
0.399718 -0.0100818 0.0250304 0.0249988 0.58029
0.408337 -0.0151535 0.0250399 0.024999 0.58029
0.416875 -0.0203615 0.0250494 0.0249991 0.58029
0.425336 -0.0256921 0.0250588 0.0249993 0.58029
0.433729 -0.0311305 0.0250681 0.0249994 0.58029
0.442061 -0.0366611 0.0250772 0.0249996 0.58029
0.450343 -0.042266 0.0250863 0.0249997 0.58029
0.458588 -0.0479235 0.0250954 0.0249999 0.58029
0.466835 -0.05358 0.0251045 0.0249999 0.58029
