-2.10008 -0.0647582 0.0248962 0.0250001 3.98199
-2.0945 -0.056456 0.0249059 0.0250001 3.98199
-2.08886 -0.0481961 0.0249156 0.0250002 3.98199
-2.08314 -0.0400005 0.0249251 0.0250003 3.98199
-2.07728 -0.0318941 0.0249346 0.0250004 3.98199
-2.07127 -0.0239052 0.0249438 0.0250005 3.98199
-2.06506 -0.0160655 0.0249527 0.0250006 3.98199
-2.05863 -0.00840986 0.0249611 0.0250007 3.98199
-2.05194 -0.000976978 0.024969 0.0250007 3.98199
-2.04497 0.00619114 0.0249763 0.0250008 3.98199
-2.03769 0.0130491 0.0249827 0.0250008 3.98199
-2.03009 0.0195485 0.0249884 0.0250008 3.98199
-2.02216 0.0256386 0.0249931 0.0250008 3.98199
-2.01389 0.0312669 0.0249969 0.0250007 3.98199
-2.0053 0.0363803 0.0249998 0.0250006 3.98199
-1.99639 0.040926 0.0250018 0.0250005 3.98199
-1.9872 0.0448534 0.0250029 0.0250003 3.98199
-1.97774 0.0481151 0.0250032 0.0250001 3.98199
-1.96808 0.0506686 0.0250029 0.0249999 3.98199
-1.95824 0.052478 0.0250021 0.0249996 3.98199
-1.94829 0.0535152 0.0250009 0.0249994 3.98199
-1.9383 0.0537604 0.0249995 0.0249992 3.98199
-1.92831 0.0532036 0.0249982 0.0249989 3.98199
-1.9184 0.0518444 0.0249969 0.0249988 3.98199
-1.90864 0.0496927 0.0249959 0.0249986 3.98199
-1.89907 0.0467686 0.0249952 0.0249985 3.98199
-1.88977 0.043101 0.024995 0.0249984 3.98199
-1.88077 0.0387276 0.0249951 0.0249983 3.98199
-1.87213 0.0336929 0.0249958 0.0249983 3.98199
-1.86388 0.0280471 0.0249968 0.0249982 3.98199
-1.85603 0.0218443 0.0249983 0.0249982 3.98199
-1.84861 0.0151411 0.0250001 0.0249983 3.98199
-1.84161 0.00799488 0.0250021 0.0249983 3.98199
-1.83503 0.000462139 0.0250041 0.0249984 3.98199
-1.82885 -0.00740254 0.025006 0.0249985 3.98199
-1.82305 -0.0155477 0.0250076 0.0249986 3.98199
-1.81759 -0.0239252 0.0250088 0.0249987 3.98199
-1.81243 -0.0324909 0.0250093 0.0249989 3.98199
-1.80752 -0.0412044 0.025009 0.024999 3.98199
-1.80281 -0.0500287 0.0250078 0.0249992 3.98199
-1.79825 -0.0589304 0.0250057 0.0249993 3.98199
-1.79379 -0.0678786 0.0250024 0.0249995 3.98199
-1.78936 -0.0768443 0.0249979 0.0249997 3.98199
-1.78491 -0.0857992 0.0249922 0.0249999 3.98199
-1.78038 -0.0947155 0.0249853 0.025 3.98199
-1.77572 -0.103564 0.0249771 0.0250002 3.98199
-1.77088 -0.112315 0.0249677 0.0250003 3.98199
-1.76582 -0.120936 0.0249571 0.0250004 3.98199
-1.76048 -0.129393 0.0249453 0.0250006 3.98199
-1.75484 -0.137648 0.0249324 0.0250007 3.98199
-1.74886 -0.145662 0.0249185 0.0250008 3.98199
-1.74252 -0.153394 0.0249036 0.0250009 3.98199
-1.7358 -0.160801 0.0248878 0.025001 3.98199
-1.72869 -0.167838 0.0248712 0.0250011 3.98199
-1.7212 -0.174461 0.0248538 0.0250011 3.98199
-1.71333 -0.180627 0.0248358 0.0250012 3.98199
-1.70509 -0.186294 0.0248173 0.0250012 3.98199
-1.69651 -0.191423 0.0247986 0.0250012 3.98199
-1.68761 -0.195979 0.0247797 0.0250011 3.98199
-1.67842 -0.199931 0.024761 0.025001 3.98199
-1.66899 -0.203252 0.0247428 0.0250009 3.98199
-1.65936 -0.205924 0.0247253 0.0250007 3.98199
-1.64956 -0.207931 0.0247089 0.0250005 3.98199
-1.63965 -0.209264 0.0246941 0.0250003 3.98199
-1.62967 -0.209922 0.0246811 0.025 3.98199
-1.61967 -0.209907 0.0246703 0.0249997 3.98199
-1.6097 -0.209227 0.0246621 0.0249993 3.98199
-1.59978 -0.207896 0.0246568 0.024999 3.98199
-1.58998 -0.20593 0.0246544 0.0249986 3.98199
-1.58031 -0.20335 0.0246553 0.0249982 3.98199
-1.57083 -0.200178 0.0246594 0.0249979 3.98199
-1.56155 -0.196441 0.0246668 0.0249976 3.98199
-1.55251 -0.192166 0.0246773 0.0249972 3.98199
-1.54373 -0.187382 0.0246908 0.024997 3.98199
-1.53522 -0.182119 0.0247071 0.0249967 3.98199
-1.52701 -0.176408 0.0247258 0.0249965 3.98199
-1.5191 -0.170278 0.0247467 0.0249964 3.98199
-1.51151 -0.163762 0.0247692 0.0249963 3.98199
-1.50425 -0.156889 0.024793 0.0249963 3.98199
-1.4973 -0.149688 0.0248176 0.0249963 3.98199
-1.49068 -0.142189 0.0248427 0.0249964 3.98199
-1.48438 -0.134419 0.0248677 0.0249965 3.98199
-1.4784 -0.126404 0.0248922 0.0249967 3.98199
-1.47272 -0.11817 0.024916 0.0249969 3.98199
-1.46734 -0.109739 0.0249386 0.0249971 3.98199
-1.46224 -0.101133 0.0249598 0.0249974 3.98199
-1.45741 -0.0923737 0.0249795 0.0249977 3.98199
-1.45284 -0.0834792 0.0249974 0.0249979 3.98199
-1.4485 -0.0744669 0.0250135 0.0249982 3.98199
-1.44438 -0.0653527 0.0250277 0.0249985 3.98199
-1.44047 -0.0561511 0.0250401 0.0249988 3.98199
-1.43673 -0.046875 0.0250507 0.024999 3.98199
-1.43315 -0.0375365 0.0250597 0.0249992 3.98199
-1.42971 -0.0281464 0.0250674 0.0249994 3.98199
-1.42638 -0.0187148 0.0250738 0.0249996 3.98199
-1.42315 -0.00925079 0.0250794 0.0249997 3.98199
-1.41999 0.000237364 0.0250842 0.0249998 3.98199
-1.41689 0.00974223 0.0250886 0.0249998 3.98199
-1.41381 0.0192572 0.0250928 0.0249999 3.98199
-1.41075 0.0287766 0.0250969 0.025 3.98199
-1.40768 0.0382957 0.025101 0.025 3.98199
