-1.39045 0.0939136 0.0249213 0.0250001 2.78139
-1.38049 0.0930115 0.0249232 0.0250001 2.78139
-1.37057 0.0917806 0.0249252 0.0250002 2.78139
-1.3607 0.0901562 0.0249272 0.0250003 2.78139
-1.35092 0.0880892 0.0249293 0.0250004 2.78139
-1.34125 0.0855431 0.0249315 0.0250004 2.78139
-1.33172 0.0824924 0.024934 0.0250005 2.78139
-1.32238 0.0789217 0.0249368 0.0250005 2.78139
-1.31326 0.0748248 0.02494 0.0250006 2.78139
-1.30439 0.0702044 0.0249436 0.0250006 2.78139
-1.29581 0.0650713 0.0249476 0.0250007 2.78139
-1.28755 0.0594436 0.0249522 0.0250008 2.78139
-1.27962 0.0533458 0.0249572 0.0250008 2.78139
-1.27206 0.0468079 0.0249627 0.0250009 2.78139
-1.26486 0.0398638 0.0249687 0.025001 2.78139
-1.25804 0.0325503 0.024975 0.0250011 2.78139
-1.2516 0.024906 0.0249816 0.0250012 2.78139
-1.24551 0.0169701 0.0249885 0.0250014 2.78139
-1.23978 0.00878133 0.0249955 0.0250015 2.78139
-1.23436 0.000377524 0.0250026 0.0250016 2.78139
-1.22923 -0.00820532 0.0250095 0.0250018 2.78139
-1.22435 -0.0169332 0.0250163 0.0250019 2.78139
-1.21968 -0.0257742 0.0250228 0.0250021 2.78139
-1.21517 -0.0346983 0.0250289 0.0250022 2.78139
-1.21078 -0.0436773 0.0250344 0.0250024 2.78139
-1.20643 -0.0526839 0.0250392 0.0250025 2.78139
-1.2021 -0.0616913 0.0250433 0.0250026 2.78139
-1.1977 -0.0706722 0.0250465 0.0250027 2.78139
-1.1932 -0.0795981 0.0250488 0.0250028 2.78139
-1.18853 -0.0884385 0.0250501 0.0250029 2.78139
-1.18364 -0.0971601 0.0250503 0.025003 2.78139
-1.17849 -0.105726 0.0250494 0.025003 2.78139
-1.17302 -0.114096 0.0250474 0.025003 2.78139
-1.1672 -0.122225 0.0250443 0.0250029 2.78139
-1.161 -0.130066 0.0250401 0.0250028 2.78139
-1.15438 -0.137564 0.0250348 0.0250027 2.78139
-1.14735 -0.144667 0.0250286 0.0250025 2.78139
-1.13988 -0.151318 0.0250215 0.0250023 2.78139
-1.13199 -0.157459 0.0250135 0.025002 2.78139
-1.12369 -0.163034 0.025005 0.0250016 2.78139
-1.11501 -0.167992 0.0249959 0.0250012 2.78139
-1.10598 -0.172283 0.0249865 0.0250008 2.78139
-1.09664 -0.175864 0.024977 0.0250003 2.78139
-1.08705 -0.178702 0.0249675 0.0249998 2.78139
-1.07727 -0.180769 0.0249583 0.0249993 2.78139
-1.06735 -0.182049 0.0249495 0.0249987 2.78139
-1.05736 -0.182535 0.0249414 0.0249982 2.78139
-1.04736 -0.182232 0.0249341 0.0249976 2.78139
-1.03742 -0.181152 0.024928 0.0249971 2.78139
-1.02759 -0.179318 0.0249232 0.0249966 2.78139
-1.01792 -0.17676 0.0249199 0.0249961 2.78139
-1.00845 -0.173515 0.0249182 0.0249957 2.78139
-0.999237 -0.169624 0.0249182 0.0249953 2.78139
-0.990298 -0.165134 0.0249199 0.024995 2.78139
-0.981658 -0.160092 0.0249233 0.0249948 2.78139
-0.973331 -0.154547 0.0249283 0.0249946 2.78139
-0.965324 -0.148548 0.0249348 0.0249944 2.78139
-0.957638 -0.142144 0.0249427 0.0249943 2.78139
-0.950265 -0.135381 0.0249519 0.0249942 2.78139
-0.943195 -0.128303 0.0249622 0.0249942 2.78139
-0.936409 -0.120951 0.0249732 0.0249942 2.78139
-0.929889 -0.113363 0.024985 0.0249943 2.78139
-0.923609 -0.105575 0.0249971 0.0249943 2.78139
-0.917545 -0.0976179 0.0250094 0.0249944 2.78139
-0.911668 -0.0895213 0.0250216 0.0249946 2.78139
-0.905951 -0.0813114 0.0250335 0.0249947 2.78139
-0.900365 -0.0730122 0.0250449 0.0249948 2.78139
-0.894881 -0.0646455 0.0250557 0.024995 2.78139
-0.88947 -0.0562311 0.0250655 0.0249951 2.78139
-0.884105 -0.0477875 0.0250743 0.0249953 2.78139
-0.87876 -0.0393316 0.0250819 0.0249954 2.78139
-0.873408 -0.0308797 0.025088 0.0249955 2.78139
-0.868026 -0.0224471 0.0250925 0.0249956 2.78139
-0.862591 -0.014049 0.0250953 0.0249957 2.78139
-0.857081 -0.00570009 0.0250961 0.0249958 2.78139
-0.851475 0.00258485 0.0250947 0.0249959 2.78139
-0.845755 0.010791 0.0250908 0.024996 2.78139
-0.839902 0.0189033 0.0250842 0.0249962 2.78139
-0.833901 0.0269066 0.0250745 0.0249963 2.78139
-0.827739 0.0347855 0.0250615 0.0249965 2.78139
-0.821401 0.0425244 0.025045 0.0249967 2.78139
-0.814878 0.0501076 0.0250248 0.0249968 2.78139
-0.808162 0.0575194 0.0250008 0.024997 2.78139
-0.801244 0.0647442 0.0249728 0.0249972 2.78139
-0.794122 0.0717666 0.024941 0.0249974 2.78139
-0.786792 0.0785721 0.0249053 0.0249975 2.78139
-0.779255 0.0851469 0.024866 0.0249977 2.78139
-0.771512 0.0914771 0.0248232 0.0249979 2.78139
-0.763565 0.0975502 0.0247772 0.0249981 2.78139
-0.75542 0.103354 0.0247283 0.0249983 2.78139
-0.747084 0.10888 0.0246768 0.0249985 2.78139
-0.738565 0.114119 0.024623 0.0249987 2.78139
-0.729873 0.119065 0.0245672 0.0249989 2.78139
-0.72102 0.123717 0.0245099 0.0249991 2.78139
-0.712019 0.128075 0.0244513 0.0249993 2.78139
-0.702885 0.132146 0.0243917 0.0249994 2.78139
-0.693633 0.135941 0.0243316 0.0249996 2.78139
-0.68428 0.13948 0.024271 0.0249997 2.78139
-0.674845 0.142795 0.0242104 0.0249998 2.78139
-0.665352 0.145936 0.0241497 0.0249999 2.78139
-0.655854 0.149065 0.024089 0.025 2.78139
