-1.27368 0.034326 0.025037 0.0250001 2.62131
-1.26731 0.0266179 0.025036 0.0250001 2.62131
-1.26109 0.0187843 0.025035 0.0250003 2.62131
-1.25505 0.0108158 0.025034 0.0250005 2.62131
-1.24919 0.00271271 0.0250331 0.0250006 2.62131
-1.24351 -0.00551829 0.0250322 0.0250008 2.62131
-1.23801 -0.0138657 0.0250312 0.0250009 2.62131
-1.23266 -0.0223149 0.0250303 0.0250011 2.62131
-1.22745 -0.0308487 0.0250292 0.0250013 2.62131
-1.22235 -0.0394482 0.0250281 0.0250014 2.62131
-1.21732 -0.0480933 0.0250268 0.0250016 2.62131
-1.21234 -0.0567626 0.0250252 0.0250017 2.62131
-1.20736 -0.0654334 0.0250235 0.0250019 2.62131
-1.20235 -0.0740817 0.0250214 0.025002 2.62131
-1.19725 -0.0826816 0.025019 0.0250021 2.62131
-1.19202 -0.0912051 0.0250164 0.0250022 2.62131
-1.18662 -0.0996216 0.0250133 0.0250023 2.62131
-1.18101 -0.107897 0.02501 0.0250023 2.62131
-1.17515 -0.115995 0.0250064 0.0250023 2.62131
-1.16899 -0.123873 0.0250027 0.0250023 2.62131
-1.16251 -0.131488 0.0249988 0.0250023 2.62131
-1.15568 -0.13879 0.024995 0.0250023 2.62131
-1.14848 -0.145727 0.0249913 0.0250022 2.62131
-1.1409 -0.152243 0.0249879 0.0250021 2.62131
-1.13293 -0.158281 0.0249849 0.025002 2.62131
-1.12458 -0.163781 0.0249824 0.0250019 2.62131
-1.11587 -0.168686 0.0249806 0.0250018 2.62131
-1.10682 -0.172938 0.0249794 0.0250017 2.62131
-1.09747 -0.176484 0.024979 0.0250016 2.62131
-1.08787 -0.179279 0.0249795 0.0250015 2.62131
-1.07807 -0.181281 0.0249808 0.0250013 2.62131
-1.06815 -0.182461 0.0249831 0.0250012 2.62131
-1.05815 -0.182796 0.0249861 0.0250011 2.62131
-1.04817 -0.18228 0.0249899 0.0250009 2.62131
-1.03826 -0.180913 0.0249945 0.0250008 2.62131
-1.02851 -0.178711 0.0249996 0.0250007 2.62131
-1.01897 -0.175697 0.0250052 0.0250006 2.62131
-1.00972 -0.171909 0.0250111 0.0250004 2.62131
-1.0008 -0.167389 0.0250172 0.0250003 2.62131
-0.992256 -0.16219 0.0250234 0.0250001 2.62131
-0.984126 -0.156368 0.0250297 0.0249999 2.62131
-0.976429 -0.149983 0.0250359 0.0249997 2.62131
-0.969177 -0.143097 0.025042 0.0249995 2.62131
-0.96237 -0.135771 0.025048 0.0249993 2.62131
-0.955998 -0.128063 0.0250538 0.0249991 2.62131
-0.95004 -0.120031 0.0250595 0.024999 2.62131
-0.94447 -0.111725 0.0250648 0.0249989 2.62131
-0.939252 -0.103193 0.0250697 0.0249988 2.62131
-0.934346 -0.094478 0.0250742 0.0249988 2.62131
-0.929706 -0.0856183 0.025078 0.0249988 2.62131
-0.925285 -0.0766475 0.025081 0.0249988 2.62131
-0.921033 -0.0675958 0.0250831 0.0249989 2.62131
-0.916897 -0.0584901 0.025084 0.0249991 2.62131
-0.912827 -0.0493552 0.0250836 0.0249992 2.62131
-0.908771 -0.0402141 0.0250817 0.0249994 2.62131
-0.904679 -0.0310891 0.0250781 0.0249996 2.62131
-0.900504 -0.022002 0.0250728 0.0249998 2.62131
-0.896201 -0.0129753 0.0250655 0.0250001 2.62131
-0.891727 -0.00403216 0.0250563 0.0250003 2.62131
-0.887044 0.0048031 0.025045 0.0250005 2.62131
-0.882117 0.0135047 0.0250317 0.0250008 2.62131
-0.876917 0.0220452 0.0250163 0.025001 2.62131
-0.871417 0.030396 0.0249991 0.0250012 2.62131
-0.865597 0.0385269 0.0249801 0.0250014 2.62131
-0.859443 0.0464068 0.0249594 0.0250016 2.62131
-0.852942 0.0540038 0.0249373 0.0250017 2.62131
-0.84609 0.0612854 0.0249141 0.0250018 2.62131
-0.838886 0.0682194 0.0248901 0.0250019 2.62131
-0.831336 0.0747738 0.0248654 0.0250019 2.62131
-0.823448 0.0809176 0.0248406 0.0250019 2.62131
-0.815236 0.0866209 0.0248158 0.0250018 2.62131
-0.806717 0.0918554 0.0247914 0.0250018 2.62131
-0.797913 0.0965948 0.0247678 0.0250017 2.62131
-0.788848 0.100815 0.0247453 0.0250015 2.62131
-0.779551 0.104495 0.0247241 0.0250014 2.62131
-0.770052 0.107617 0.0247045 0.0250012 2.62131
-0.760383 0.110164 0.0246868 0.025001 2.62131
-0.750578 0.112126 0.0246713 0.0250008 2.62131
-0.740673 0.113495 0.024658 0.0250005 2.62131
-0.730703 0.114266 0.0246471 0.0250003 2.62131
-0.720705 0.114439 0.0246388 0.025 2.62131
-0.710713 0.114018 0.0246331 0.0249998 2.62131
-0.700764 0.113008 0.0246302 0.0249995 2.62131
-0.690891 0.111421 0.0246299 0.0249993 2.62131
-0.681124 0.109271 0.0246324 0.024999 2.62131
-0.671493 0.106577 0.0246375 0.0249988 2.62131
-0.662024 0.103357 0.0246453 0.0249987 2.62131
-0.652741 0.0996361 0.0246555 0.0249985 2.62131
-0.643663 0.095438 0.0246681 0.0249984 2.62131
-0.634808 0.0907904 0.0246828 0.0249984 2.62131
-0.626186 0.0857219 0.0246995 0.0249984 2.62131
-0.617806 0.0802626 0.0247179 0.0249984 2.62131
-0.609672 0.0744436 0.0247378 0.0249984 2.62131
-0.601782 0.0682968 0.0247591 0.0249985 2.62131
-0.594132 0.0618549 0.0247814 0.0249987 2.62131
-0.586711 0.0551511 0.0248046 0.0249988 2.62131
-0.579502 0.0482193 0.0248284 0.024999 2.62131
-0.572484 0.0410951 0.0248527 0.0249992 2.62131
-0.565626 0.0338164 0.0248773 0.0249995 2.62131
-0.558886 0.0264286 0.024902 0.0249997 2.62131
-0.552153 0.019035 0.0249267 0.0249999 2.62131
