-1.73021 -0.202836 0.0248098 0.0250001 3.36168
-1.72064 -0.205748 0.0248172 0.0250001 3.36168
-1.711 -0.208394 0.0248245 0.0250003 3.36168
-1.70127 -0.210707 0.0248319 0.0250004 3.36168
-1.69146 -0.212626 0.0248393 0.0250005 3.36168
-1.68156 -0.214096 0.0248468 0.0250006 3.36168
-1.67161 -0.215066 0.0248543 0.0250006 3.36168
-1.66162 -0.215492 0.0248619 0.0250007 3.36168
-1.65162 -0.215334 0.0248696 0.0250007 3.36168
-1.64165 -0.214559 0.0248775 0.0250007 3.36168
-1.63176 -0.213143 0.0248857 0.0250007 3.36168
-1.62197 -0.21107 0.0248942 0.0250006 3.36168
-1.61236 -0.208331 0.0249032 0.0250006 3.36168
-1.60295 -0.204928 0.0249126 0.0250005 3.36168
-1.59381 -0.20087 0.0249226 0.0250005 3.36168
-1.58499 -0.196175 0.0249331 0.0250005 3.36168
-1.57651 -0.190869 0.0249441 0.0250004 3.36168
-1.56842 -0.184986 0.0249555 0.0250004 3.36168
-1.56076 -0.178564 0.0249673 0.0250005 3.36168
-1.55354 -0.171646 0.0249793 0.0250005 3.36168
-1.54678 -0.16428 0.0249914 0.0250005 3.36168
-1.54048 -0.156513 0.0250035 0.0250006 3.36168
-1.53464 -0.148395 0.0250153 0.0250007 3.36168
-1.52925 -0.139973 0.0250267 0.0250008 3.36168
-1.52428 -0.131293 0.0250374 0.0250009 3.36168
-1.51972 -0.122397 0.0250473 0.025001 3.36168
-1.51551 -0.113325 0.0250561 0.0250012 3.36168
-1.51163 -0.104112 0.0250636 0.0250013 3.36168
-1.50801 -0.0947893 0.0250696 0.0250015 3.36168
-1.50462 -0.0853853 0.0250738 0.0250017 3.36168
-1.50138 -0.0759246 0.0250762 0.0250019 3.36168
-1.49825 -0.0664295 0.0250765 0.0250021 3.36168
-1.49516 -0.056921 0.0250747 0.0250023 3.36168
-1.49205 -0.047419 0.0250706 0.0250025 3.36168
-1.48886 -0.0379442 0.0250641 0.0250027 3.36168
-1.48552 -0.0285186 0.0250553 0.0250029 3.36168
-1.48199 -0.0191665 0.0250442 0.0250031 3.36168
-1.4782 -0.0099155 0.0250309 0.0250032 3.36168
-1.4741 -0.000796824 0.0250155 0.0250033 3.36168
-1.46965 0.00815392 0.0249982 0.0250033 3.36168
-1.4648 0.0168968 0.0249793 0.0250033 3.36168
-1.45952 0.0253878 0.0249591 0.0250032 3.36168
-1.45379 0.0335791 0.0249379 0.0250031 3.36168
-1.44759 0.04142 0.0249161 0.0250029 3.36168
-1.44091 0.0488577 0.0248941 0.0250027 3.36168
-1.43375 0.0558392 0.0248722 0.0250024 3.36168
-1.42613 0.0623119 0.0248509 0.0250021 3.36168
-1.41807 0.0682257 0.0248307 0.0250017 3.36168
-1.40959 0.0735343 0.0248118 0.0250013 3.36168
-1.40075 0.0781965 0.0247947 0.0250009 3.36168
-1.39158 0.0821776 0.0247797 0.0250004 3.36168
-1.38213 0.0854504 0.024767 0.0249999 3.36168
-1.37246 0.0879957 0.0247569 0.0249994 3.36168
-1.36262 0.0898029 0.0247496 0.0249989 3.36168
-1.35268 0.0908697 0.0247452 0.0249984 3.36168
-1.34268 0.0912024 0.0247437 0.0249979 3.36168
-1.33269 0.0908148 0.0247451 0.0249975 3.36168
-1.32274 0.0897277 0.0247495 0.024997 3.36168
-1.3129 0.0879678 0.0247566 0.0249966 3.36168
-1.30319 0.085567 0.0247663 0.0249962 3.36168
-1.29364 0.082561 0.0247785 0.0249958 3.36168
-1.2843 0.0789885 0.0247929 0.0249955 3.36168
-1.27518 0.0748894 0.0248093 0.0249952 3.36168
-1.26628 0.0703041 0.0248273 0.024995 3.36168
-1.25764 0.0652733 0.0248465 0.0249949 3.36168
-1.24924 0.0598364 0.0248665 0.0249948 3.36168
-1.24109 0.0540317 0.024887 0.0249948 3.36168
-1.23319 0.0478955 0.0249076 0.0249948 3.36168
-1.22553 0.0414623 0.0249277 0.0249949 3.36168
-1.2181 0.0347641 0.0249471 0.024995 3.36168
-1.21089 0.0278307 0.0249653 0.0249951 3.36168
-1.20388 0.0206898 0.024982 0.0249952 3.36168
-1.19707 0.0133666 0.0249968 0.0249954 3.36168
-1.19042 0.00588477 0.0250095 0.0249956 3.36168
-1.18394 -0.00173416 0.0250197 0.0249958 3.36168
-1.1776 -0.00947013 0.0250272 0.024996 3.36168
-1.17138 -0.0173046 0.0250319 0.0249963 3.36168
-1.16527 -0.0252203 0.0250335 0.0249965 3.36168
-1.15924 -0.033201 0.025032 0.0249967 3.36168
-1.15327 -0.0412318 0.0250273 0.0249969 3.36168
-1.14736 -0.0492982 0.0250194 0.0249972 3.36168
-1.14147 -0.0573866 0.0250083 0.0249974 3.36168
-1.1356 -0.0654842 0.0249941 0.0249976 3.36168
-1.12973 -0.0735783 0.0249768 0.0249978 3.36168
-1.12383 -0.0816569 0.0249566 0.0249979 3.36168
-1.1179 -0.0897083 0.0249337 0.0249981 3.36168
-1.11191 -0.0977213 0.0249083 0.0249982 3.36168
-1.10586 -0.105684 0.0248804 0.0249984 3.36168
-1.09973 -0.113587 0.0248505 0.0249985 3.36168
-1.09351 -0.121417 0.0248186 0.0249986 3.36168
-1.08718 -0.129164 0.0247851 0.0249988 3.36168
-1.08075 -0.136818 0.0247501 0.0249989 3.36168
-1.07419 -0.14437 0.0247139 0.024999 3.36168
-1.06751 -0.151812 0.0246767 0.0249991 3.36168
-1.0607 -0.159136 0.0246387 0.0249992 3.36168
-1.05376 -0.166338 0.0246001 0.0249994 3.36168
-1.0467 -0.173416 0.024561 0.0249995 3.36168
-1.03951 -0.180372 0.0245216 0.0249996 3.36168
-1.03222 -0.187216 0.0244821 0.0249997 3.36168
-1.02485 -0.193969 0.0244424 0.0249999 3.36168
-1.01746 -0.200715 0.0244027 0.0249999 3.36168
