-2.12936 -0.153302 0.025088 0.0250001 4.08204
-2.12458 -0.144521 0.0250806 0.0250001 4.08204
-2.11991 -0.135679 0.0250732 0.0250003 4.08204
-2.11535 -0.126776 0.0250659 0.0250005 4.08204
-2.11091 -0.117818 0.0250585 0.0250006 4.08204
-2.10657 -0.108812 0.025051 0.0250008 4.08204
-2.10229 -0.0997712 0.0250435 0.0250009 4.08204
-2.09807 -0.0907087 0.025036 0.025001 4.08204
-2.09386 -0.0816401 0.0250283 0.0250012 4.08204
-2.08962 -0.0725824 0.0250205 0.0250013 4.08204
-2.08532 -0.0635543 0.0250125 0.0250014 4.08204
-2.08092 -0.0545768 0.0250044 0.0250015 4.08204
-2.07637 -0.0456733 0.0249961 0.0250016 4.08204
-2.07163 -0.0368701 0.0249877 0.0250017 4.08204
-2.06665 -0.0281968 0.0249793 0.0250017 4.08204
-2.06141 -0.0196868 0.0249708 0.0250018 4.08204
-2.05584 -0.0113775 0.0249624 0.0250018 4.08204
-2.04994 -0.00331061 0.0249543 0.0250017 4.08204
-2.04365 0.00446822 0.0249466 0.0250016 4.08204
-2.03698 0.0119094 0.0249396 0.0250015 4.08204
-2.02989 0.0189595 0.0249334 0.0250014 4.08204
-2.02238 0.0255625 0.0249282 0.0250013 4.08204
-2.01445 0.0316605 0.0249243 0.0250011 4.08204
-2.00613 0.0371953 0.0249217 0.025001 4.08204
-1.99742 0.0421097 0.0249207 0.0250008 4.08204
-1.98836 0.0463494 0.0249212 0.0250006 4.08204
-1.979 0.0498647 0.0249233 0.0250004 4.08204
-1.96939 0.0526123 0.024927 0.0250002 4.08204
-1.95958 0.0545569 0.0249322 0.025 4.08204
-1.94964 0.0556729 0.0249388 0.0249998 4.08204
-1.93964 0.0559451 0.0249467 0.0249996 4.08204
-1.92966 0.0553696 0.0249557 0.0249995 4.08204
-1.91976 0.0539543 0.0249654 0.0249994 4.08204
-1.91001 0.0517182 0.0249756 0.0249993 4.08204
-1.90048 0.0486909 0.024986 0.0249992 4.08204
-1.89122 0.0449111 0.0249963 0.0249992 4.08204
-1.88228 0.0404256 0.0250061 0.0249992 4.08204
-1.8737 0.0352868 0.0250151 0.0249993 4.08204
-1.86551 0.0295514 0.025023 0.0249993 4.08204
-1.85772 0.0232786 0.0250296 0.0249994 4.08204
-1.85034 0.0165289 0.0250347 0.0249994 4.08204
-1.84337 0.00936194 0.0250384 0.0249994 4.08204
-1.83678 0.00183523 0.0250406 0.0249994 4.08204
-1.83057 -0.00599668 0.0250414 0.0249994 4.08204
-1.82468 -0.014083 0.0250409 0.0249994 4.08204
-1.81909 -0.0223768 0.0250393 0.0249994 4.08204
-1.81376 -0.0308356 0.0250366 0.0249994 4.08204
-1.80863 -0.0394206 0.0250331 0.0249994 4.08204
-1.80366 -0.0480966 0.0250287 0.0249994 4.08204
-1.79879 -0.0568315 0.0250236 0.0249995 4.08204
-1.79397 -0.0655953 0.0250178 0.0249996 4.08204
-1.78915 -0.0743594 0.0250113 0.0249997 4.08204
-1.78429 -0.0830958 0.0250042 0.0249998 4.08204
-1.77932 -0.0917769 0.0249964 0.025 4.08204
-1.77422 -0.100374 0.0249879 0.0250002 4.08204
-1.76892 -0.108858 0.0249787 0.0250004 4.08204
-1.76341 -0.117199 0.0249687 0.0250006 4.08204
-1.75763 -0.125364 0.0249579 0.0250008 4.08204
-1.75158 -0.133319 0.0249463 0.025001 4.08204
-1.74521 -0.141031 0.0249339 0.0250012 4.08204
-1.73852 -0.148462 0.0249206 0.0250014 4.08204
-1.7315 -0.155576 0.0249065 0.0250017 4.08204
-1.72413 -0.162337 0.0248916 0.0250018 4.08204
-1.71642 -0.168708 0.024876 0.025002 4.08204
-1.70838 -0.174653 0.0248598 0.0250021 4.08204
-1.70002 -0.180138 0.0248431 0.0250023 4.08204
-1.69136 -0.185131 0.0248261 0.0250023 4.08204
-1.68242 -0.189601 0.0248087 0.0250024 4.08204
-1.67322 -0.193523 0.0247913 0.0250024 4.08204
-1.6638 -0.196873 0.0247739 0.0250024 4.08204
-1.65419 -0.19963 0.0247568 0.0250023 4.08204
-1.64443 -0.201778 0.0247401 0.0250023 4.08204
-1.63455 -0.203304 0.024724 0.0250022 4.08204
-1.62459 -0.2042 0.0247088 0.025002 4.08204
-1.61459 -0.204462 0.0246946 0.0250019 4.08204
-1.6046 -0.20409 0.0246819 0.0250017 4.08204
-1.59465 -0.203088 0.0246707 0.0250014 4.08204
-1.58479 -0.201464 0.0246614 0.0250012 4.08204
-1.57504 -0.19923 0.0246542 0.0250009 4.08204
-1.56545 -0.196401 0.0246492 0.0250006 4.08204
-1.55605 -0.192997 0.0246468 0.0250003 4.08204
-1.54686 -0.189039 0.0246471 0.025 4.08204
-1.53793 -0.184551 0.0246502 0.0249997 4.08204
-1.52926 -0.179561 0.0246562 0.0249994 4.08204
-1.52089 -0.174097 0.024665 0.0249992 4.08204
-1.51282 -0.168187 0.0246767 0.024999 4.08204
-1.50507 -0.161864 0.0246912 0.0249988 4.08204
-1.49765 -0.155157 0.0247083 0.0249986 4.08204
-1.49057 -0.148099 0.0247279 0.0249985 4.08204
-1.48381 -0.14072 0.0247498 0.0249984 4.08204
-1.47739 -0.133052 0.0247737 0.0249983 4.08204
-1.4713 -0.125125 0.0247994 0.0249983 4.08204
-1.46551 -0.116967 0.0248266 0.0249984 4.08204
-1.46002 -0.108606 0.0248551 0.0249985 4.08204
-1.45481 -0.100069 0.0248847 0.0249986 4.08204
-1.44986 -0.0913819 0.024915 0.0249987 4.08204
-1.44513 -0.0825681 0.0249457 0.0249989 4.08204
-1.4406 -0.0736513 0.0249769 0.0249992 4.08204
-1.43624 -0.0646547 0.0250081 0.0249994 4.08204
-1.43198 -0.0556037 0.0250393 0.0249997 4.08204
-1.42774 -0.0465505 0.0250705 0.0249999 4.08204
