-2.11195 -0.101173 0.0250069 0.0250001 4.02201
-2.10709 -0.0924302 0.0250073 0.0250001 4.02201
-2.10224 -0.0836842 0.0250077 0.0250003 4.02201
-2.09738 -0.0749451 0.025008 0.0250004 4.02201
-2.09248 -0.0662272 0.0250082 0.0250005 4.02201
-2.08752 -0.057548 0.0250084 0.0250006 4.02201
-2.08245 -0.0489276 0.0250083 0.0250007 4.02201
-2.07725 -0.0403895 0.0250081 0.0250008 4.02201
-2.07187 -0.0319599 0.0250076 0.0250009 4.02201
-2.06628 -0.0236687 0.0250067 0.025001 4.02201
-2.06044 -0.0155493 0.0250054 0.025001 4.02201
-2.05433 -0.00763874 0.0250037 0.025001 4.02201
-2.0479 2.18684e-05 0.0250015 0.0250011 4.02201
-2.04114 0.00738783 0.0249987 0.025001 4.02201
-2.03402 0.0144109 0.0249954 0.025001 4.02201
-2.02653 0.02104 0.0249917 0.0250009 4.02201
-2.01867 0.0272216 0.0249874 0.0250008 4.02201
-2.01044 0.0329013 0.0249829 0.0250007 4.02201
-2.00186 0.0380248 0.0249782 0.0250006 4.02201
-1.99293 0.0425383 0.0249736 0.0250005 4.02201
-1.98371 0.0463911 0.0249691 0.0250003 4.02201
-1.97421 0.0495364 0.024965 0.0250002 4.02201
-1.96451 0.0519335 0.0249614 0.0250001 4.02201
-1.95464 0.0535487 0.0249585 0.025 4.02201
-1.94467 0.0543574 0.0249564 0.0249999 4.02201
-1.93467 0.0543444 0.0249553 0.0249998 4.02201
-1.92471 0.053505 0.0249553 0.0249997 4.02201
-1.91484 0.0518454 0.0249564 0.0249996 4.02201
-1.90515 0.0493825 0.0249586 0.0249995 4.02201
-1.89569 0.0461433 0.024962 0.0249994 4.02201
-1.88652 0.042164 0.0249664 0.0249994 4.02201
-1.87768 0.0374888 0.0249718 0.0249993 4.02201
-1.86921 0.0321684 0.024978 0.0249993 4.02201
-1.86114 0.0262582 0.0249848 0.0249993 4.02201
-1.85349 0.0198162 0.024992 0.0249993 4.02201
-1.84627 0.0129018 0.0249994 0.0249993 4.02201
-1.83946 0.00557347 0.0250066 0.0249994 4.02201
-1.83306 -0.00211202 0.0250133 0.0249994 4.02201
-1.82705 -0.0101006 0.0250193 0.0249995 4.02201
-1.82138 -0.0183416 0.0250244 0.0249996 4.02201
-1.81603 -0.0267887 0.0250282 0.0249997 4.02201
-1.81094 -0.0353993 0.0250307 0.0249998 4.02201
-1.80608 -0.044135 0.0250316 0.0249999 4.02201
-1.80137 -0.0529604 0.0250308 0.025 4.02201
-1.79678 -0.0618432 0.0250283 0.0250002 4.02201
-1.79224 -0.0707534 0.0250239 0.0250004 4.02201
-1.7877 -0.0796623 0.0250175 0.0250006 4.02201
-1.7831 -0.0885417 0.0250092 0.0250008 4.02201
-1.77839 -0.0973633 0.024999 0.025001 4.02201
-1.77353 -0.106098 0.0249868 0.0250012 4.02201
-1.76845 -0.114714 0.0249728 0.0250014 4.02201
-1.76313 -0.123179 0.0249572 0.0250016 4.02201
-1.75753 -0.131459 0.02494 0.0250018 4.02201
-1.75161 -0.139517 0.0249215 0.025002 4.02201
-1.74535 -0.147314 0.0249019 0.0250021 4.02201
-1.73873 -0.15481 0.0248814 0.0250022 4.02201
-1.73175 -0.161963 0.0248605 0.0250023 4.02201
-1.72439 -0.168733 0.0248393 0.0250023 4.02201
-1.71666 -0.175079 0.0248182 0.0250023 4.02201
-1.70858 -0.180962 0.0247975 0.0250023 4.02201
-1.70015 -0.186343 0.0247775 0.0250023 4.02201
-1.69141 -0.191188 0.0247585 0.0250022 4.02201
-1.68237 -0.195466 0.0247408 0.0250021 4.02201
-1.67308 -0.199151 0.0247246 0.025002 4.02201
-1.66356 -0.202219 0.0247101 0.0250019 4.02201
-1.65386 -0.204653 0.0246976 0.0250017 4.02201
-1.64402 -0.20644 0.0246872 0.0250015 4.02201
-1.63409 -0.207573 0.024679 0.0250013 4.02201
-1.6241 -0.208049 0.024673 0.0250011 4.02201
-1.6141 -0.207869 0.0246693 0.0250009 4.02201
-1.60414 -0.20704 0.0246679 0.0250007 4.02201
-1.59425 -0.205572 0.0246687 0.0250004 4.02201
-1.58447 -0.20348 0.0246716 0.0250002 4.02201
-1.57484 -0.200779 0.0246767 0.0249999 4.02201
-1.5654 -0.197492 0.0246836 0.0249997 4.02201
-1.55617 -0.193642 0.0246925 0.0249994 4.02201
-1.54718 -0.189253 0.024703 0.0249992 4.02201
-1.53846 -0.184353 0.0247151 0.0249989 4.02201
-1.53003 -0.178972 0.0247286 0.0249987 4.02201
-1.52191 -0.173139 0.0247434 0.0249985 4.02201
-1.5141 -0.166886 0.0247594 0.0249983 4.02201
-1.50663 -0.160242 0.0247764 0.0249982 4.02201
-1.49949 -0.153239 0.0247942 0.0249981 4.02201
-1.49269 -0.145906 0.0248126 0.024998 4.02201
-1.48623 -0.138272 0.0248315 0.024998 4.02201
-1.4801 -0.130366 0.0248506 0.024998 4.02201
-1.4743 -0.122216 0.0248699 0.0249981 4.02201
-1.46883 -0.113847 0.024889 0.0249981 4.02201
-1.46366 -0.105283 0.0249081 0.0249982 4.02201
-1.45879 -0.0965487 0.0249268 0.0249983 4.02201
-1.45419 -0.0876647 0.0249452 0.0249984 4.02201
-1.44986 -0.0786509 0.0249631 0.0249986 4.02201
-1.44577 -0.0695257 0.0249806 0.0249987 4.02201
-1.44189 -0.0603059 0.0249976 0.0249989 4.02201
-1.43821 -0.0510067 0.0250142 0.0249991 4.02201
-1.4347 -0.041642 0.0250304 0.0249992 4.02201
-1.43134 -0.0322246 0.0250463 0.0249994 4.02201
-1.42809 -0.0227661 0.0250618 0.0249996 4.02201
-1.42493 -0.0132775 0.0250771 0.0249997 4.02201
-1.42183 -0.00376981 0.0250924 0.0249999 4.02201
-1.41874 0.00573804 0.0251075 0.0249999 4.02201
