-2.22115 -0.252373 0.0249035 0.0250001 4.24212
-2.21215 -0.248032 0.0249043 0.0250001 4.24212
-2.20328 -0.243399 0.0249051 0.0250003 4.24212
-2.19461 -0.238426 0.0249059 0.0250004 4.24212
-2.18616 -0.233082 0.0249069 0.0250005 4.24212
-2.17796 -0.227352 0.024908 0.0250006 4.24212
-2.17006 -0.22123 0.0249092 0.0250007 4.24212
-2.16247 -0.214717 0.0249108 0.0250008 4.24212
-2.15522 -0.207826 0.0249126 0.0250009 4.24212
-2.14834 -0.200574 0.0249148 0.025001 4.24212
-2.14183 -0.192984 0.0249174 0.0250012 4.24212
-2.1357 -0.185083 0.0249203 0.0250013 4.24212
-2.12995 -0.176901 0.0249236 0.0250015 4.24212
-2.12458 -0.168468 0.0249273 0.0250016 4.24212
-2.11957 -0.159817 0.0249313 0.0250018 4.24212
-2.11489 -0.150979 0.0249356 0.0250019 4.24212
-2.11053 -0.141983 0.0249401 0.0250021 4.24212
-2.10644 -0.132858 0.0249448 0.0250022 4.24212
-2.10259 -0.123631 0.0249496 0.0250024 4.24212
-2.09894 -0.114325 0.0249544 0.0250025 4.24212
-2.09543 -0.104964 0.0249593 0.0250027 4.24212
-2.09201 -0.0955684 0.024964 0.0250028 4.24212
-2.08863 -0.0861585 0.0249685 0.0250029 4.24212
-2.08524 -0.0767546 0.0249727 0.0250031 4.24212
-2.08177 -0.0673777 0.0249765 0.0250032 4.24212
-2.07817 -0.0580501 0.0249798 0.0250033 4.24212
-2.07439 -0.0487967 0.0249826 0.0250033 4.24212
-2.07036 -0.0396458 0.0249848 0.0250034 4.24212
-2.06604 -0.0306294 0.0249864 0.0250034 4.24212
-2.06138 -0.0217842 0.0249872 0.0250034 4.24212
-2.05634 -0.0131515 0.0249873 0.0250033 4.24212
-2.05088 -0.00477758 0.0249867 0.0250032 4.24212
-2.04497 0.00328713 0.0249854 0.0250031 4.24212
-2.0386 0.0109882 0.0249835 0.0250029 4.24212
-2.03174 0.0182686 0.024981 0.0250026 4.24212
-2.02442 0.0250697 0.0249781 0.0250023 4.24212
-2.01662 0.031333 0.0249748 0.0250019 4.24212
-2.00839 0.037002 0.0249712 0.0250015 4.24212
-1.99974 0.0420236 0.0249676 0.025001 4.24212
-1.99072 0.0463503 0.0249641 0.0250005 4.24212
-1.98139 0.0499419 0.0249608 0.0249999 4.24212
-1.9718 0.0527666 0.024958 0.0249993 4.24212
-1.96201 0.0548023 0.0249559 0.0249987 4.24212
-1.95208 0.0560374 0.0249545 0.0249981 4.24212
-1.94209 0.0564708 0.0249542 0.0249975 4.24212
-1.93209 0.0561119 0.024955 0.0249969 4.24212
-1.92216 0.0549794 0.0249569 0.0249964 4.24212
-1.91233 0.0531008 0.02496 0.024996 4.24212
-1.90267 0.0505111 0.0249644 0.0249956 4.24212
-1.89321 0.0472515 0.0249698 0.0249953 4.24212
-1.88399 0.0433678 0.0249763 0.024995 4.24212
-1.87504 0.0389091 0.0249836 0.0249948 4.24212
-1.86636 0.0339261 0.0249916 0.0249947 4.24212
-1.85798 0.0284704 0.0250002 0.0249946 4.24212
-1.84988 0.0225926 0.0250092 0.0249946 4.24212
-1.84207 0.016342 0.0250184 0.0249946 4.24212
-1.83453 0.00976598 0.0250277 0.0249947 4.24212
-1.82724 0.00290899 0.0250368 0.0249947 4.24212
-1.82019 -0.00418719 0.0250456 0.0249949 4.24212
-1.81335 -0.0114838 0.0250539 0.024995 4.24212
-1.80669 -0.0189451 0.0250617 0.0249951 4.24212
-1.80017 -0.0265381 0.0250689 0.0249953 4.24212
-1.79378 -0.0342323 0.0250753 0.0249955 4.24212
-1.78747 -0.0419997 0.0250809 0.0249956 4.24212
-1.78123 -0.049814 0.0250858 0.0249957 4.24212
-1.77501 -0.0576509 0.0250898 0.0249958 4.24212
-1.76879 -0.0654872 0.025093 0.0249959 4.24212
-1.76255 -0.073301 0.0250954 0.024996 4.24212
-1.75625 -0.081071 0.025097 0.024996 4.24212
-1.74987 -0.0887764 0.0250976 0.024996 4.24212
-1.74339 -0.0963968 0.025097 0.0249961 4.24212
-1.73679 -0.103912 0.0250953 0.0249961 4.24212
-1.73005 -0.111302 0.0250919 0.0249962 4.24212
-1.72315 -0.118546 0.0250867 0.0249963 4.24212
-1.71608 -0.125623 0.0250793 0.0249965 4.24212
-1.70883 -0.132513 0.0250694 0.0249967 4.24212
-1.70138 -0.139196 0.025057 0.0249969 4.24212
-1.69374 -0.14565 0.0250417 0.024997 4.24212
-1.6859 -0.151856 0.0250236 0.0249972 4.24212
-1.67785 -0.157793 0.0250026 0.0249974 4.24212
-1.6696 -0.163443 0.0249787 0.0249976 4.24212
-1.66114 -0.168786 0.0249521 0.0249977 4.24212
-1.65249 -0.173804 0.0249231 0.0249978 4.24212
-1.64365 -0.17848 0.0248917 0.0249979 4.24212
-1.63463 -0.182801 0.0248584 0.0249979 4.24212
-1.62544 -0.186751 0.0248234 0.024998 4.24212
-1.6161 -0.19032 0.024787 0.024998 4.24212
-1.60661 -0.193498 0.0247496 0.0249981 4.24212
-1.59701 -0.196277 0.0247114 0.0249981 4.24212
-1.58729 -0.198653 0.0246727 0.0249982 4.24212
-1.57749 -0.200623 0.0246337 0.0249983 4.24212
-1.56761 -0.202188 0.0245946 0.0249984 4.24212
-1.55767 -0.203355 0.0245556 0.0249985 4.24212
-1.5477 -0.20413 0.0245167 0.0249986 4.24212
-1.53771 -0.204528 0.0244781 0.0249988 4.24212
-1.52771 -0.204566 0.0244398 0.0249989 4.24212
-1.51771 -0.204271 0.0244018 0.0249991 4.24212
-1.50773 -0.203673 0.0243641 0.0249993 4.24212
-1.49777 -0.202817 0.0243267 0.0249995 4.24212
-1.48782 -0.201766 0.0242894 0.0249998 4.24212
-1.47788 -0.200703 0.0242523 0.0249999 4.24212
