-1.87171 0.01381 0.0250133 0.0250001 3.64182
-1.86486 0.00652826 0.0250132 0.0250001 3.64182
-1.85817 -0.000910364 0.0250132 0.0250003 3.64182
-1.85169 -0.00852068 0.0250132 0.0250004 3.64182
-1.84541 -0.0163061 0.0250132 0.0250005 3.64182
-1.83935 -0.024262 0.0250133 0.0250007 3.64182
-1.83351 -0.0323783 0.0250133 0.0250009 3.64182
-1.82788 -0.0406405 0.0250132 0.025001 3.64182
-1.82244 -0.0490315 0.0250131 0.0250012 3.64182
-1.81718 -0.0575321 0.0250128 0.0250014 3.64182
-1.81206 -0.0661217 0.0250123 0.0250016 3.64182
-1.80706 -0.074779 0.0250116 0.0250017 3.64182
-1.80214 -0.0834816 0.0250106 0.0250019 3.64182
-1.79725 -0.0922067 0.0250094 0.025002 3.64182
-1.79237 -0.10093 0.0250077 0.0250021 3.64182
-1.78744 -0.109628 0.0250057 0.0250022 3.64182
-1.78241 -0.118272 0.0250034 0.0250024 3.64182
-1.77725 -0.126833 0.0250005 0.0250024 3.64182
-1.7719 -0.135281 0.0249973 0.0250025 3.64182
-1.76632 -0.143579 0.0249938 0.0250026 3.64182
-1.76048 -0.151691 0.02499 0.0250026 3.64182
-1.75433 -0.159572 0.0249862 0.0250026 3.64182
-1.74784 -0.167178 0.0249824 0.0250026 3.64182
-1.74099 -0.174458 0.0249788 0.0250025 3.64182
-1.73375 -0.181357 0.0249757 0.0250024 3.64182
-1.72612 -0.187818 0.0249732 0.0250023 3.64182
-1.7181 -0.193783 0.0249715 0.0250022 3.64182
-1.70969 -0.199193 0.0249708 0.025002 3.64182
-1.70091 -0.203987 0.0249711 0.0250019 3.64182
-1.6918 -0.208112 0.0249727 0.0250016 3.64182
-1.6824 -0.211514 0.0249756 0.0250014 3.64182
-1.67276 -0.21415 0.0249796 0.0250011 3.64182
-1.66293 -0.215983 0.0249849 0.0250009 3.64182
-1.65298 -0.216985 0.0249911 0.0250007 3.64182
-1.64298 -0.217141 0.0249983 0.0250004 3.64182
-1.633 -0.216445 0.0250062 0.0250002 3.64182
-1.62312 -0.214905 0.0250145 0.0250001 3.64182
-1.61341 -0.212539 0.0250229 0.0249999 3.64182
-1.60392 -0.209376 0.0250313 0.0249997 3.64182
-1.59472 -0.205454 0.0250393 0.0249995 3.64182
-1.58586 -0.200821 0.025047 0.0249993 3.64182
-1.57737 -0.19553 0.0250541 0.0249991 3.64182
-1.56929 -0.189639 0.0250606 0.0249989 3.64182
-1.56163 -0.183207 0.0250667 0.0249987 3.64182
-1.5544 -0.176297 0.0250723 0.0249986 3.64182
-1.5476 -0.168966 0.0250773 0.0249985 3.64182
-1.54121 -0.161273 0.0250819 0.0249985 3.64182
-1.53521 -0.15327 0.025086 0.0249984 3.64182
-1.52958 -0.145007 0.0250895 0.0249984 3.64182
-1.52427 -0.13653 0.0250926 0.0249984 3.64182
-1.51925 -0.127879 0.0250951 0.0249984 3.64182
-1.51448 -0.11909 0.025097 0.0249984 3.64182
-1.5099 -0.110197 0.0250982 0.0249984 3.64182
-1.50548 -0.101229 0.0250987 0.0249985 3.64182
-1.50115 -0.0922111 0.0250982 0.0249986 3.64182
-1.49688 -0.0831688 0.0250966 0.0249987 3.64182
-1.49261 -0.0741248 0.0250938 0.0249988 3.64182
-1.4883 -0.0651014 0.0250895 0.024999 3.64182
-1.4839 -0.0561204 0.0250835 0.0249991 3.64182
-1.47937 -0.0472042 0.0250758 0.0249993 3.64182
-1.47467 -0.0383758 0.0250661 0.0249995 3.64182
-1.46977 -0.0296591 0.0250543 0.0249998 3.64182
-1.46463 -0.0210793 0.0250404 0.025 3.64182
-1.45923 -0.0126627 0.0250244 0.0250002 3.64182
-1.45355 -0.00443662 0.0250063 0.0250004 3.64182
-1.44756 0.00357031 0.0249862 0.0250006 3.64182
-1.44125 0.0113289 0.0249644 0.0250008 3.64182
-1.43461 0.0188093 0.0249411 0.0250009 3.64182
-1.42765 0.0259815 0.0249166 0.025001 3.64182
-1.42035 0.0328156 0.0248914 0.0250011 3.64182
-1.41272 0.039282 0.0248658 0.0250011 3.64182
-1.40477 0.0453519 0.0248402 0.0250011 3.64182
-1.39652 0.0509977 0.0248151 0.025001 3.64182
-1.38798 0.0561929 0.0247909 0.0250009 3.64182
-1.37916 0.0609131 0.0247679 0.0250007 3.64182
-1.3701 0.0651358 0.0247466 0.0250005 3.64182
-1.36081 0.0688407 0.024727 0.0250003 3.64182
-1.35133 0.0720105 0.0247095 0.0250002 3.64182
-1.34167 0.0746305 0.0246942 0.025 3.64182
-1.33189 0.0766894 0.0246811 0.0249998 3.64182
-1.322 0.0781791 0.0246703 0.0249996 3.64182
-1.31204 0.0790951 0.0246618 0.0249994 3.64182
-1.30205 0.0794367 0.0246556 0.0249992 3.64182
-1.29205 0.0792066 0.0246516 0.0249991 3.64182
-1.28208 0.0784114 0.0246498 0.0249989 3.64182
-1.27217 0.0770617 0.0246501 0.0249987 3.64182
-1.26235 0.0751713 0.0246526 0.0249986 3.64182
-1.25264 0.072757 0.024657 0.0249985 3.64182
-1.24308 0.0698386 0.0246634 0.0249984 3.64182
-1.23367 0.0664383 0.0246716 0.0249984 3.64182
-1.22445 0.062581 0.0246815 0.0249984 3.64182
-1.21541 0.0582938 0.0246928 0.0249984 3.64182
-1.20658 0.0536057 0.0247055 0.0249985 3.64182
-1.19795 0.0485473 0.0247193 0.0249986 3.64182
-1.18953 0.0431513 0.024734 0.0249987 3.64182
-1.18131 0.0374517 0.0247495 0.0249988 3.64182
-1.17328 0.0314846 0.0247655 0.024999 3.64182
-1.16543 0.0252887 0.0247819 0.0249992 3.64182
-1.15773 0.0189069 0.0247986 0.0249995 3.64182
-1.15015 0.0123921 0.0248153 0.0249997 3.64182
-1.14257 0.00586993 0.0248321 0.0249999 3.64182
