-0.420029 0.117723 0.025048 0.0249999 0.68034
-0.411315 0.112818 0.025047 0.0249998 0.68034
-0.402697 0.107746 0.025046 0.0249996 0.68034
-0.394192 0.102485 0.025045 0.0249995 0.68034
-0.385815 0.0970222 0.0250439 0.0249996 0.68034
-0.377578 0.091352 0.0250428 0.0249998 0.68034
-0.369487 0.0854747 0.0250415 0.0249999 0.68034
-0.361547 0.0793957 0.0250402 0.0250001 0.68034
-0.353759 0.0731239 0.0250388 0.0250003 0.68034
-0.346119 0.0666718 0.0250372 0.0250005 0.68034
-0.338622 0.0600543 0.0250356 0.0250006 0.68034
-0.331259 0.0532885 0.0250338 0.0250008 0.68034
-0.324018 0.0463932 0.0250318 0.025001 0.68034
-0.316882 0.0393887 0.0250297 0.0250012 0.68034
-0.309834 0.0322963 0.0250274 0.0250013 0.68034
-0.302852 0.0251382 0.0250249 0.0250015 0.68034
-0.295915 0.0179376 0.0250222 0.0250016 0.68034
-0.288997 0.0107182 0.0250193 0.0250018 0.68034
-0.282074 0.00350488 0.0250162 0.0250019 0.68034
-0.275117 -0.00367706 0.0250129 0.025002 0.68034
-0.268102 -0.0108013 0.0250094 0.025002 0.68034
-0.261002 -0.0178404 0.0250057 0.0250021 0.68034
-0.253791 -0.0247663 0.0250018 0.0250021 0.68034
-0.246445 -0.0315494 0.0249977 0.0250021 0.68034
-0.238944 -0.0381596 0.0249936 0.0250021 0.68034
-0.231267 -0.0445653 0.0249893 0.025002 0.68034
-0.223399 -0.0507347 0.0249851 0.025002 0.68034
-0.215327 -0.056635 0.0249809 0.0250018 0.68034
-0.207043 -0.0622337 0.0249768 0.0250016 0.68034
-0.198542 -0.0674981 0.0249729 0.0250014 0.68034
-0.189825 -0.0723966 0.0249693 0.0250012 0.68034
-0.180897 -0.076899 0.024966 0.0250009 0.68034
-0.171767 -0.080977 0.0249632 0.0250006 0.68034
-0.162449 -0.0846052 0.024961 0.0250002 0.68034
-0.15296 -0.0877617 0.0249595 0.0249997 0.68034
-0.143322 -0.0904281 0.0249589 0.0249993 0.68034
-0.133558 -0.0925904 0.0249591 0.024999 0.68034
-0.123693 -0.0942387 0.0249603 0.0249987 0.68034
-0.113756 -0.0953681 0.0249625 0.0249984 0.68034
-0.103773 -0.0959788 0.0249657 0.0249981 0.68034
-0.0937722 -0.0960755 0.02497 0.0249978 0.68034
-0.0837787 -0.0956678 0.0249751 0.0249976 0.68034
-0.0738171 -0.0947699 0.0249812 0.0249974 0.68034
-0.0639092 -0.0933999 0.0249881 0.0249972 0.68034
-0.054074 -0.0915797 0.0249957 0.0249971 0.68034
-0.0443269 -0.0893342 0.0250038 0.024997 0.68034
-0.0346801 -0.0866908 0.0250125 0.0249969 0.68034
-0.0251418 -0.0836791 0.0250214 0.0249969 0.68034
-0.0157166 -0.0803301 0.0250304 0.0249969 0.68034
-0.00640557 -0.0766757 0.0250395 0.0249969 0.68034
0.00279371 -0.0727485 0.0250484 0.0249969 0.68034
0.0118866 -0.068581 0.025057 0.024997 0.68034
0.0208814 -0.0642058 0.025065 0.024997 0.68034
0.0297883 -0.0596546 0.0250725 0.0249971 0.68034
0.0386198 -0.054959 0.0250792 0.0249972 0.68034
0.0473896 -0.0501492 0.025085 0.0249974 0.68034
0.0561124 -0.045255 0.0250899 0.0249975 0.68034
0.0648035 -0.0403049 0.0250936 0.0249976 0.68034
0.0734783 -0.0353265 0.0250962 0.0249978 0.68034
0.0821521 -0.0303465 0.0250975 0.0249979 0.68034
0.0908394 -0.0253904 0.0250976 0.0249981 0.68034
0.099554 -0.0204828 0.0250964 0.0249982 0.68034
0.108309 -0.0156473 0.0250939 0.0249983 0.68034
0.117115 -0.0109065 0.0250902 0.0249985 0.68034
0.125983 -0.00628197 0.0250853 0.0249986 0.68034
0.13492 -0.00179434 0.0250793 0.0249987 0.68034
0.143935 0.00253675 0.0250723 0.0249988 0.68034
0.153032 0.00669263 0.0250643 0.0249989 0.68034
0.162214 0.0106557 0.0250555 0.024999 0.68034
0.171483 0.0144091 0.025046 0.024999 0.68034
0.180841 0.0179373 0.0250359 0.0249991 0.68034
0.190286 0.0212254 0.0250255 0.0249991 0.68034
0.199815 0.0242598 0.0250148 0.0249992 0.68034
0.209425 0.0270275 0.025004 0.0249992 0.68034
0.219111 0.0295167 0.0249933 0.0249992 0.68034
0.228867 0.0317166 0.0249829 0.0249991 0.68034
0.238685 0.0336175 0.0249728 0.0249991 0.68034
0.248558 0.0352108 0.0249633 0.0249991 0.68034
0.258477 0.0364889 0.0249545 0.024999 0.68034
0.268432 0.0374456 0.0249465 0.024999 0.68034
0.278413 0.038076 0.0249394 0.0249989 0.68034
0.288409 0.0383763 0.0249334 0.0249988 0.68034
0.29841 0.0383442 0.0249286 0.0249988 0.68034
0.308404 0.0379788 0.0249249 0.0249987 0.68034
0.318381 0.037281 0.0249226 0.0249986 0.68034
0.328329 0.0362529 0.0249215 0.0249985 0.68034
0.338238 0.0348979 0.0249218 0.0249985 0.68034
0.348098 0.0332209 0.0249235 0.0249985 0.68034
0.357898 0.0312281 0.0249264 0.0249985 0.68034
0.367631 0.0289273 0.0249305 0.0249985 0.68034
0.377289 0.0263277 0.0249357 0.0249985 0.68034
0.386864 0.0234403 0.024942 0.0249985 0.68034
0.396352 0.0202774 0.0249492 0.0249986 0.68034
0.405749 0.0168533 0.0249571 0.0249987 0.68034
0.415052 0.0131843 0.0249657 0.0249988 0.68034
0.424263 0.00928847 0.0249749 0.024999 0.68034
0.433384 0.00518691 0.0249844 0.0249992 0.68034
0.442421 0.00090401 0.0249941 0.0249994 0.68034
0.451385 -0.00353052 0.0250041 0.0249996 0.68034
0.460292 -0.00807665 0.0250141 0.0249998 0.68034
0.469197 -0.0126271 0.0250241 0.0249999 0.68034
