-1.57702 -0.179019 0.0249342 0.025 3.16158
-1.57049 -0.171444 0.0249382 0.0250001 3.16158
-1.56416 -0.163701 0.0249424 0.0250002 3.16158
-1.55806 -0.155775 0.0249466 0.0250003 3.16158
-1.55222 -0.14766 0.0249508 0.0250004 3.16158
-1.54665 -0.139359 0.024955 0.0250006 3.16158
-1.54134 -0.130882 0.024959 0.0250008 3.16158
-1.53631 -0.122242 0.0249627 0.025001 3.16158
-1.53153 -0.113456 0.0249659 0.0250012 3.16158
-1.527 -0.104542 0.0249687 0.0250014 3.16158
-1.5227 -0.0955189 0.0249707 0.0250016 3.16158
-1.51858 -0.0864063 0.0249721 0.0250019 3.16158
-1.51463 -0.0772234 0.0249726 0.0250021 3.16158
-1.51079 -0.0679893 0.0249722 0.0250023 3.16158
-1.50704 -0.0587229 0.0249709 0.0250025 3.16158
-1.50332 -0.049443 0.0249688 0.0250027 3.16158
-1.49958 -0.0401688 0.0249657 0.0250028 3.16158
-1.49579 -0.0309208 0.024962 0.025003 3.16158
-1.49187 -0.0217207 0.0249575 0.0250031 3.16158
-1.48779 -0.0125928 0.0249526 0.0250031 3.16158
-1.4835 -0.00356432 0.0249473 0.0250031 3.16158
-1.47894 0.00533414 0.0249419 0.0250031 3.16158
-1.47408 0.0140677 0.0249367 0.025003 3.16158
-1.46886 0.0225968 0.0249317 0.0250029 3.16158
-1.46326 0.0308771 0.0249272 0.0250028 3.16158
-1.45724 0.0388597 0.0249235 0.0250027 3.16158
-1.45078 0.0464915 0.0249206 0.0250025 3.16158
-1.44387 0.0537156 0.0249188 0.0250023 3.16158
-1.4365 0.0604728 0.0249181 0.0250021 3.16158
-1.42868 0.0667025 0.0249187 0.0250019 3.16158
-1.42042 0.0723449 0.0249206 0.0250016 3.16158
-1.41176 0.0773421 0.0249238 0.0250014 3.16158
-1.40274 0.0816406 0.0249283 0.0250011 3.16158
-1.39339 0.0851932 0.0249341 0.0250008 3.16158
-1.38378 0.0879603 0.024941 0.0250006 3.16158
-1.37397 0.0899119 0.0249489 0.0250003 3.16158
-1.36404 0.0910282 0.0249575 0.0250001 3.16158
-1.35404 0.0913007 0.0249667 0.0249998 3.16158
-1.34406 0.0907329 0.0249763 0.0249995 3.16158
-1.33415 0.0893398 0.024986 0.0249992 3.16158
-1.3244 0.0871473 0.0249959 0.0249989 3.16158
-1.31484 0.0841909 0.0250057 0.0249986 3.16158
-1.30554 0.0805145 0.0250155 0.0249983 3.16158
-1.29653 0.0761678 0.0250252 0.0249981 3.16158
-1.28785 0.0712052 0.0250347 0.0249979 3.16158
-1.27951 0.0656836 0.0250439 0.0249977 3.16158
-1.27152 0.059661 0.0250528 0.0249976 3.16158
-1.26389 0.0531951 0.0250611 0.0249976 3.16158
-1.25661 0.0463419 0.0250689 0.0249976 3.16158
-1.24965 0.039155 0.025076 0.0249976 3.16158
-1.243 0.0316847 0.0250822 0.0249976 3.16158
-1.23663 0.0239779 0.0250877 0.0249977 3.16158
-1.23049 0.0160779 0.0250921 0.0249977 3.16158
-1.22456 0.00802425 0.0250954 0.0249978 3.16158
-1.21879 -0.000146593 0.0250975 0.0249979 3.16158
-1.21315 -0.00840111 0.0250984 0.0249981 3.16158
-1.20758 -0.0167082 0.0250978 0.0249982 3.16158
-1.20204 -0.0250387 0.0250958 0.0249983 3.16158
-1.1965 -0.0333647 0.0250922 0.0249985 3.16158
-1.19091 -0.0416595 0.0250869 0.0249986 3.16158
-1.18524 -0.0498965 0.0250799 0.0249988 3.16158
-1.17945 -0.0580495 0.0250712 0.0249989 3.16158
-1.1735 -0.066092 0.0250607 0.0249991 3.16158
-1.16738 -0.0739973 0.0250484 0.0249993 3.16158
-1.16105 -0.0817382 0.0250344 0.0249994 3.16158
-1.15449 -0.089287 0.0250188 0.0249996 3.16158
-1.14768 -0.0966155 0.0250016 0.0249997 3.16158
-1.14062 -0.103696 0.0249831 0.0249998 3.16158
-1.13329 -0.110499 0.0249634 0.0249999 3.16158
-1.12569 -0.116996 0.0249427 0.025 3.16158
-1.11782 -0.12316 0.0249211 0.025 3.16158
-1.10967 -0.128963 0.0248991 0.025 3.16158
-1.10126 -0.134377 0.0248767 0.025 3.16158
-1.0926 -0.139378 0.0248543 0.025 3.16158
-1.08371 -0.143941 0.0248322 0.025 3.16158
-1.07459 -0.148042 0.0248106 0.0249999 3.16158
-1.06526 -0.151662 0.0247899 0.0249998 3.16158
-1.05576 -0.154782 0.0247703 0.0249997 3.16158
-1.04611 -0.157385 0.0247519 0.0249996 3.16158
-1.03633 -0.15946 0.0247351 0.0249994 3.16158
-1.02644 -0.160994 0.02472 0.0249993 3.16158
-1.01649 -0.161982 0.0247066 0.0249991 3.16158
-1.0065 -0.162418 0.0246952 0.0249989 3.16158
-0.9965 -0.162304 0.0246857 0.0249988 3.16158
-0.986521 -0.161642 0.0246782 0.0249986 3.16158
-0.976592 -0.160438 0.0246725 0.0249984 3.16158
-0.966743 -0.158702 0.0246688 0.0249983 3.16158
-0.956998 -0.156449 0.0246668 0.0249982 3.16158
-0.947384 -0.153694 0.0246665 0.0249981 3.16158
-0.937921 -0.150457 0.0246677 0.0249981 3.16158
-0.928627 -0.14676 0.0246702 0.0249981 3.16158
-0.91952 -0.142627 0.024674 0.0249982 3.16158
-0.910609 -0.138086 0.0246788 0.0249983 3.16158
-0.901902 -0.133165 0.0246844 0.0249984 3.16158
-0.893401 -0.127896 0.0246906 0.0249986 3.16158
-0.885105 -0.122311 0.0246974 0.0249988 3.16158
-0.877004 -0.116447 0.0247046 0.024999 3.16158
-0.869083 -0.110342 0.0247121 0.0249993 3.16158
-0.861318 -0.10404 0.0247198 0.0249995 3.16158
-0.853671 -0.0975957 0.0247275 0.0249997 3.16158
-0.846031 -0.0911434 0.0247353 0.0249999 3.16158
