-0.404414 0.0653309 0.025002 0.0250001 0.90045
-0.396244 0.0710981 0.0250041 0.0250001 0.90045
-0.387961 0.0767 0.0250063 0.0250002 0.90045
-0.379537 0.0820889 0.0250084 0.0250003 0.90045
-0.370953 0.0872182 0.0250105 0.0250003 0.90045
-0.362194 0.0920421 0.0250125 0.0250004 0.90045
-0.353251 0.0965151 0.0250145 0.0250004 0.90045
-0.34412 0.100592 0.0250165 0.0250005 0.90045
-0.334805 0.104229 0.0250184 0.0250005 0.90045
-0.325316 0.107383 0.0250203 0.0250005 0.90045
-0.315669 0.110016 0.0250223 0.0250005 0.90045
-0.305887 0.11209 0.0250244 0.0250004 0.90045
-0.295998 0.113574 0.0250267 0.0250004 0.90045
-0.286036 0.114442 0.0250294 0.0250004 0.90045
-0.276039 0.114671 0.0250323 0.0250004 0.90045
-0.266048 0.114247 0.0250357 0.0250004 0.90045
-0.256107 0.113164 0.0250395 0.0250004 0.90045
-0.246261 0.111419 0.0250436 0.0250004 0.90045
-0.236553 0.109021 0.0250481 0.0250005 0.90045
-0.227026 0.105983 0.025053 0.0250005 0.90045
-0.217719 0.102327 0.0250581 0.0250006 0.90045
-0.208667 0.0980792 0.0250635 0.0250007 0.90045
-0.199898 0.0932732 0.0250689 0.0250009 0.90045
-0.191436 0.0879459 0.0250743 0.025001 0.90045
-0.183297 0.0821377 0.0250795 0.0250011 0.90045
-0.175489 0.0758914 0.0250844 0.0250013 0.90045
-0.168013 0.0692513 0.025089 0.0250015 0.90045
-0.160863 0.0622619 0.0250929 0.0250017 0.90045
-0.154025 0.0549672 0.0250962 0.0250019 0.90045
-0.147478 0.0474102 0.0250985 0.0250021 0.90045
-0.141196 0.0396322 0.0250999 0.0250023 0.90045
-0.135146 0.0316725 0.0251002 0.0250025 0.90045
-0.12929 0.0235684 0.0250993 0.0250027 0.90045
-0.123589 0.0153555 0.025097 0.0250029 0.90045
-0.117999 0.00706722 0.0250933 0.0250031 0.90045
-0.112472 -0.00126398 0.0250883 0.0250033 0.90045
-0.106964 -0.00960675 0.0250817 0.0250035 0.90045
-0.101426 -0.0179301 0.0250737 0.0250036 0.90045
-0.0958132 -0.0262028 0.0250644 0.0250037 0.90045
-0.0900811 -0.0343931 0.0250536 0.0250039 0.90045
-0.0841879 -0.0424683 0.0250416 0.0250039 0.90045
-0.0780956 -0.0503942 0.0250285 0.025004 0.90045
-0.0717702 -0.0581353 0.0250144 0.025004 0.90045
-0.0651828 -0.0656547 0.0249995 0.025004 0.90045
-0.0583099 -0.0729142 0.024984 0.0250039 0.90045
-0.0511343 -0.0798747 0.0249681 0.0250038 0.90045
-0.0436452 -0.0864969 0.0249521 0.0250037 0.90045
-0.0358386 -0.0927417 0.0249362 0.0250035 0.90045
-0.0277169 -0.0985713 0.0249206 0.0250033 0.90045
-0.0192894 -0.10395 0.0249057 0.025003 0.90045
-0.0105712 -0.108843 0.0248916 0.0250027 0.90045
-0.00158339 -0.113223 0.0248785 0.0250023 0.90045
0.00764834 -0.117062 0.0248668 0.0250019 0.90045
0.0170941 -0.120341 0.0248567 0.0250015 0.90045
0.0267209 -0.123043 0.0248482 0.0250011 0.90045
0.0364937 -0.125159 0.0248416 0.0250006 0.90045
0.0463763 -0.126685 0.0248369 0.0250002 0.90045
0.0563324 -0.127621 0.0248343 0.0249997 0.90045
0.0663266 -0.127974 0.0248338 0.0249992 0.90045
0.076325 -0.127755 0.0248355 0.0249988 0.90045
0.0862961 -0.12698 0.0248393 0.0249983 0.90045
0.0962112 -0.125668 0.0248451 0.0249979 0.90045
0.106045 -0.123841 0.0248529 0.0249975 0.90045
0.115775 -0.121524 0.0248626 0.0249972 0.90045
0.125383 -0.118743 0.0248738 0.0249969 0.90045
0.134854 -0.115527 0.0248865 0.0249966 0.90045
0.144177 -0.111901 0.0249002 0.0249964 0.90045
0.153343 -0.107895 0.0249148 0.0249962 0.90045
0.162346 -0.103536 0.0249299 0.024996 0.90045
0.171185 -0.0988518 0.0249452 0.0249959 0.90045
0.179858 -0.0938674 0.0249604 0.0249959 0.90045
0.188367 -0.0886082 0.0249752 0.0249959 0.90045
0.196716 -0.083098 0.0249892 0.0249959 0.90045
0.20491 -0.0773597 0.0250022 0.0249959 0.90045
0.212955 -0.0714148 0.0250138 0.024996 0.90045
0.220859 -0.0652841 0.0250239 0.0249961 0.90045
0.228631 -0.0589869 0.0250321 0.0249962 0.90045
0.236281 -0.0525421 0.0250384 0.0249964 0.90045
0.243819 -0.0459671 0.0250426 0.0249965 0.90045
0.251257 -0.0392788 0.0250444 0.0249967 0.90045
0.258606 -0.0324932 0.0250439 0.0249969 0.90045
0.265878 -0.0256257 0.025041 0.0249971 0.90045
0.273086 -0.0186908 0.0250357 0.0249973 0.90045
0.280242 -0.0117026 0.025028 0.0249975 0.90045
0.287359 -0.00467467 0.0250179 0.0249977 0.90045
0.294449 0.0023801 0.0250056 0.0249979 0.90045
0.301524 0.00944916 0.0249912 0.0249981 0.90045
0.308597 0.0165205 0.0249748 0.0249982 0.90045
0.315679 0.0235824 0.0249566 0.0249984 0.90045
0.322781 0.0306237 0.0249367 0.0249986 0.90045
0.329914 0.037634 0.0249154 0.0249987 0.90045
0.337087 0.0446033 0.0248928 0.0249989 0.90045
0.344308 0.0515225 0.0248692 0.024999 0.90045
0.351584 0.0583831 0.0248447 0.0249991 0.90045
0.358922 0.0651775 0.0248196 0.0249992 0.90045
0.366326 0.0718998 0.0247939 0.0249994 0.90045
0.373799 0.0785461 0.0247679 0.0249995 0.90045
0.381339 0.0851154 0.0247417 0.0249996 0.90045
0.388942 0.0916115 0.0247153 0.0249997 0.90045
0.396596 0.0980465 0.0246889 0.0249999 0.90045
0.404256 0.104475 0.0246625 0.0249999 0.90045
