-1.81049 -0.0974906 0.0249482 0.0250001 3.50175
-1.80435 -0.105384 0.0249558 0.0250001 3.50175
-1.79818 -0.113256 0.0249635 0.0250002 3.50175
-1.79196 -0.121088 0.0249711 0.0250003 3.50175
-1.78567 -0.128857 0.0249786 0.0250004 3.50175
-1.77927 -0.136537 0.0249859 0.0250006 3.50175
-1.77272 -0.144099 0.0249929 0.0250007 3.50175
-1.76601 -0.151509 0.0249994 0.0250008 3.50175
-1.75909 -0.158732 0.0250054 0.0250009 3.50175
-1.75195 -0.165727 0.0250107 0.0250009 3.50175
-1.74455 -0.172451 0.0250153 0.025001 3.50175
-1.73687 -0.178859 0.0250189 0.0250011 3.50175
-1.7289 -0.1849 0.0250217 0.0250011 3.50175
-1.72064 -0.190525 0.0250235 0.0250011 3.50175
-1.71207 -0.195679 0.0250243 0.025001 3.50175
-1.70321 -0.20031 0.0250243 0.0250009 3.50175
-1.69407 -0.204366 0.0250234 0.0250008 3.50175
-1.68467 -0.207795 0.0250218 0.0250006 3.50175
-1.67506 -0.210552 0.0250197 0.0250004 3.50175
-1.66527 -0.212595 0.0250173 0.0250002 3.50175
-1.65536 -0.213886 0.0250148 0.025 3.50175
-1.64537 -0.2144 0.0250123 0.0249998 3.50175
-1.63537 -0.214116 0.02501 0.0249996 3.50175
-1.62543 -0.213025 0.025008 0.0249995 3.50175
-1.61561 -0.211127 0.0250064 0.0249993 3.50175
-1.60598 -0.208434 0.0250053 0.0249992 3.50175
-1.5966 -0.204968 0.0250047 0.0249991 3.50175
-1.58753 -0.200758 0.0250046 0.024999 3.50175
-1.57882 -0.195845 0.025005 0.024999 3.50175
-1.57051 -0.190275 0.0250058 0.024999 3.50175
-1.56265 -0.1841 0.0250071 0.024999 3.50175
-1.55524 -0.177377 0.0250086 0.0249991 3.50175
-1.54832 -0.170164 0.0250104 0.0249992 3.50175
-1.54187 -0.16252 0.0250124 0.0249993 3.50175
-1.53589 -0.154501 0.0250144 0.0249994 3.50175
-1.53037 -0.146164 0.0250163 0.0249995 3.50175
-1.52527 -0.137559 0.025018 0.0249996 3.50175
-1.52057 -0.128734 0.0250194 0.0249997 3.50175
-1.51622 -0.119731 0.0250204 0.0249998 3.50175
-1.51217 -0.110587 0.025021 0.0249999 3.50175
-1.50837 -0.101336 0.025021 0.025 3.50175
-1.50477 -0.0920077 0.0250205 0.025 3.50175
-1.5013 -0.0826275 0.0250192 0.0250001 3.50175
-1.49791 -0.073219 0.0250171 0.0250003 3.50175
-1.49455 -0.0638041 0.025014 0.0250004 3.50175
-1.49113 -0.0544042 0.0250099 0.0250006 3.50175
-1.48762 -0.0450412 0.0250045 0.0250008 3.50175
-1.48396 -0.0357377 0.0249978 0.025001 3.50175
-1.48009 -0.0265187 0.0249894 0.0250012 3.50175
-1.47596 -0.0174114 0.0249794 0.0250015 3.50175
-1.47153 -0.00844586 0.0249675 0.0250017 3.50175
-1.46677 0.00034493 0.0249538 0.025002 3.50175
-1.46164 0.00892502 0.0249382 0.0250022 3.50175
-1.45611 0.0172559 0.0249208 0.0250024 3.50175
-1.45017 0.0252969 0.0249018 0.0250025 3.50175
-1.4438 0.0330062 0.0248811 0.0250027 3.50175
-1.43701 0.040341 0.0248593 0.0250027 3.50175
-1.42979 0.047259 0.0248365 0.0250027 3.50175
-1.42216 0.0537191 0.0248132 0.0250027 3.50175
-1.41413 0.0596823 0.0247897 0.0250026 3.50175
-1.40574 0.0651126 0.0247667 0.0250025 3.50175
-1.39701 0.0699778 0.0247444 0.0250023 3.50175
-1.38797 0.07425 0.0247234 0.025002 3.50175
-1.37866 0.0779062 0.0247042 0.0250017 3.50175
-1.36913 0.0809285 0.0246871 0.0250014 3.50175
-1.35942 0.0833042 0.0246725 0.0250011 3.50175
-1.34957 0.0850259 0.0246608 0.0250007 3.50175
-1.33962 0.0860914 0.0246521 0.0250003 3.50175
-1.32963 0.086503 0.0246465 0.025 3.50175
-1.31963 0.0862677 0.0246442 0.0249996 3.50175
-1.30967 0.0853962 0.0246452 0.0249993 3.50175
-1.29978 0.0839031 0.0246493 0.0249989 3.50175
-1.29 0.0818059 0.0246565 0.0249986 3.50175
-1.28037 0.0791252 0.0246665 0.0249983 3.50175
-1.27091 0.0758837 0.0246792 0.024998 3.50175
-1.26165 0.0721067 0.0246942 0.0249977 3.50175
-1.25261 0.0678209 0.0247114 0.0249975 3.50175
-1.24382 0.0630544 0.0247303 0.0249973 3.50175
-1.23528 0.057836 0.0247507 0.0249972 3.50175
-1.22702 0.0521945 0.0247721 0.0249971 3.50175
-1.21905 0.0461593 0.0247944 0.0249971 3.50175
-1.21136 0.0397592 0.024817 0.0249971 3.50175
-1.20397 0.0330228 0.0248397 0.0249972 3.50175
-1.19687 0.0259779 0.0248621 0.0249973 3.50175
-1.19006 0.0186517 0.0248841 0.0249974 3.50175
-1.18353 0.0110701 0.0249052 0.0249976 3.50175
-1.17729 0.00325806 0.0249254 0.0249978 3.50175
-1.17131 -0.00476074 0.0249446 0.024998 3.50175
-1.16559 -0.0129639 0.0249625 0.0249982 3.50175
-1.16011 -0.0213302 0.0249792 0.0249984 3.50175
-1.15485 -0.0298401 0.0249946 0.0249986 3.50175
-1.14981 -0.038475 0.0250089 0.0249988 3.50175
-1.14495 -0.0472177 0.025022 0.024999 3.50175
-1.14027 -0.0560525 0.0250341 0.0249992 3.50175
-1.13573 -0.0649646 0.0250453 0.0249994 3.50175
-1.13132 -0.0739401 0.0250558 0.0249995 3.50175
-1.12701 -0.0829663 0.0250657 0.0249996 3.50175
-1.12279 -0.0920309 0.0250752 0.0249997 3.50175
-1.11863 -0.101123 0.0250844 0.0249998 3.50175
-1.1145 -0.11023 0.0250935 0.0249999 3.50175
-1.11037 -0.119338 0.0251027 0.025 3.50175
