-1.22405 -0.0634888 0.0249596 0.0250001 2.50125
-1.21792 -0.0713846 0.0249659 0.0250001 2.50125
-1.21175 -0.0792582 0.0249721 0.0250003 2.50125
-1.20554 -0.0870909 0.0249782 0.0250004 2.50125
-1.19924 -0.0948598 0.0249842 0.0250005 2.50125
-1.19284 -0.102539 0.0249898 0.0250006 2.50125
-1.18629 -0.110098 0.0249951 0.0250007 2.50125
-1.17957 -0.117504 0.0249999 0.0250008 2.50125
-1.17265 -0.124722 0.0250042 0.0250009 2.50125
-1.1655 -0.13171 0.0250079 0.0250009 2.50125
-1.15809 -0.138427 0.0250109 0.0250009 2.50125
-1.15041 -0.144825 0.0250133 0.0250009 2.50125
-1.14243 -0.150856 0.025015 0.0250009 2.50125
-1.13416 -0.156468 0.025016 0.0250009 2.50125
-1.12558 -0.161609 0.0250163 0.0250008 2.50125
-1.11671 -0.166226 0.0250159 0.0250006 2.50125
-1.10756 -0.170266 0.0250149 0.0250005 2.50125
-1.09816 -0.173679 0.0250135 0.0250003 2.50125
-1.08855 -0.176419 0.0250116 0.0250001 2.50125
-1.07875 -0.178443 0.0250095 0.0249999 2.50125
-1.06883 -0.179717 0.0250072 0.0249997 2.50125
-1.05885 -0.180213 0.025005 0.0249996 2.50125
-1.04885 -0.179911 0.0250028 0.0249994 2.50125
-1.03891 -0.178803 0.0250009 0.0249993 2.50125
-1.0291 -0.176889 0.0249992 0.0249992 2.50125
-1.01947 -0.174181 0.0249978 0.0249992 2.50125
-1.01009 -0.1707 0.0249968 0.0249991 2.50125
-1.00103 -0.166476 0.0249963 0.0249991 2.50125
-0.992325 -0.161551 0.0249962 0.0249991 2.50125
-0.984027 -0.155969 0.0249967 0.0249991 2.50125
-0.976169 -0.149783 0.0249975 0.0249992 2.50125
-0.968774 -0.14305 0.0249988 0.0249992 2.50125
-0.961857 -0.135828 0.0250005 0.0249992 2.50125
-0.955419 -0.128175 0.0250025 0.0249993 2.50125
-0.949452 -0.120149 0.0250046 0.0249994 2.50125
-0.94394 -0.111805 0.0250068 0.0249994 2.50125
-0.938854 -0.103194 0.0250089 0.0249994 2.50125
-0.93416 -0.0943642 0.0250107 0.0249995 2.50125
-0.929815 -0.085357 0.0250122 0.0249995 2.50125
-0.925772 -0.0762106 0.0250131 0.0249996 2.50125
-0.921977 -0.0669583 0.0250133 0.0249997 2.50125
-0.918375 -0.0576294 0.0250126 0.0249998 2.50125
-0.914907 -0.0482498 0.0250108 0.0249999 2.50125
-0.911514 -0.0388431 0.0250078 0.0250001 2.50125
-0.908135 -0.0294315 0.0250033 0.0250003 2.50125
-0.90471 -0.0200363 0.0249972 0.0250005 2.50125
-0.901183 -0.0106795 0.0249894 0.0250007 2.50125
-0.897498 -0.00138403 0.0249797 0.025001 2.50125
-0.893603 0.0078252 0.0249681 0.0250012 2.50125
-0.88945 0.0169208 0.0249546 0.0250014 2.50125
-0.884995 0.0258725 0.0249391 0.0250016 2.50125
-0.880202 0.0346472 0.0249218 0.0250018 2.50125
-0.875038 0.0432089 0.0249029 0.025002 2.50125
-0.869479 0.0515191 0.0248826 0.0250021 2.50125
-0.863506 0.0595373 0.0248613 0.0250022 2.50125
-0.857109 0.0672215 0.0248391 0.0250022 2.50125
-0.850286 0.0745293 0.0248165 0.0250022 2.50125
-0.84304 0.0814186 0.024794 0.0250021 2.50125
-0.835383 0.0878484 0.0247719 0.025002 2.50125
-0.827334 0.09378 0.0247507 0.0250019 2.50125
-0.818918 0.0991775 0.0247307 0.0250017 2.50125
-0.810164 0.104009 0.0247123 0.0250015 2.50125
-0.801108 0.108247 0.0246959 0.0250013 2.50125
-0.791787 0.111868 0.0246817 0.0250011 2.50125
-0.782245 0.114854 0.02467 0.0250008 2.50125
-0.772523 0.117194 0.0246609 0.0250005 2.50125
-0.762666 0.118879 0.0246547 0.0250003 2.50125
-0.752719 0.119908 0.0246512 0.025 2.50125
-0.742726 0.120283 0.0246506 0.0249997 2.50125
-0.732729 0.120011 0.0246528 0.0249994 2.50125
-0.72277 0.119103 0.0246577 0.0249991 2.50125
-0.712887 0.117575 0.0246652 0.0249988 2.50125
-0.703116 0.115442 0.0246751 0.0249986 2.50125
-0.69349 0.112727 0.0246873 0.0249983 2.50125
-0.68404 0.109453 0.0247015 0.024998 2.50125
-0.674792 0.105644 0.0247176 0.0249978 2.50125
-0.665769 0.101329 0.0247353 0.0249976 2.50125
-0.656991 0.0965341 0.0247545 0.0249974 2.50125
-0.648474 0.0912891 0.0247748 0.0249973 2.50125
-0.640232 0.0856226 0.0247959 0.0249973 2.50125
-0.632274 0.0795638 0.0248176 0.0249972 2.50125
-0.624606 0.0731416 0.0248395 0.0249972 2.50125
-0.617231 0.0663845 0.0248615 0.0249973 2.50125
-0.61015 0.0593203 0.0248832 0.0249973 2.50125
-0.60336 0.0519761 0.0249045 0.0249974 2.50125
-0.596856 0.0443778 0.0249249 0.0249976 2.50125
-0.590629 0.0365505 0.0249445 0.0249977 2.50125
-0.58467 0.0285177 0.0249631 0.0249979 2.50125
-0.578967 0.0203019 0.0249804 0.0249981 2.50125
-0.573504 0.0119242 0.0249965 0.0249983 2.50125
-0.568266 0.00340424 0.0250113 0.0249985 2.50125
-0.563235 -0.00523947 0.0250248 0.0249988 2.50125
-0.558393 -0.0139898 0.0250371 0.024999 2.50125
-0.553719 -0.022831 0.0250483 0.0249992 2.50125
-0.549192 -0.0317485 0.0250584 0.0249994 2.50125
-0.544792 -0.0407286 0.0250676 0.0249996 2.50125
-0.540495 -0.0497586 0.0250762 0.0249997 2.50125
-0.536278 -0.0588265 0.0250842 0.0249998 2.50125
-0.53212 -0.067921 0.025092 0.0249999 2.50125
-0.527996 -0.0770311 0.0250996 0.025 2.50125
-0.523872 -0.0861412 0.0251072 0.025 2.50125
