-1.23938 -0.0290448 0.0251056 0.025 2.54127
-1.23369 -0.0372704 0.025102 0.025 2.54127
-1.22804 -0.0455229 0.0250985 0.0250001 2.54127
-1.22242 -0.0537942 0.0250948 0.0250003 2.54127
-1.21681 -0.0620713 0.0250909 0.0250005 2.54127
-1.21118 -0.0703375 0.0250865 0.0250006 2.54127
-1.20551 -0.0785729 0.0250816 0.0250008 2.54127
-1.19976 -0.0867545 0.0250761 0.025001 2.54127
-1.1939 -0.0948567 0.0250701 0.0250011 2.54127
-1.1879 -0.102851 0.0250636 0.0250012 2.54127
-1.18171 -0.110704 0.0250566 0.0250013 2.54127
-1.1753 -0.118382 0.025049 0.0250014 2.54127
-1.16865 -0.125846 0.0250409 0.0250014 2.54127
-1.16172 -0.133052 0.0250325 0.0250014 2.54127
-1.15448 -0.139955 0.0250237 0.0250014 2.54127
-1.14693 -0.146507 0.0250149 0.0250013 2.54127
-1.13905 -0.152655 0.0250063 0.0250012 2.54127
-1.13082 -0.158346 0.0249979 0.0250011 2.54127
-1.12227 -0.163526 0.0249902 0.0250009 2.54127
-1.1134 -0.168138 0.0249832 0.0250008 2.54127
-1.10423 -0.17213 0.0249773 0.0250006 2.54127
-1.0948 -0.175451 0.0249725 0.0250004 2.54127
-1.08514 -0.178055 0.024969 0.0250002 2.54127
-1.07532 -0.179902 0.0249669 0.0249999 2.54127
-1.06537 -0.180959 0.0249662 0.0249997 2.54127
-1.05538 -0.181203 0.024967 0.0249995 2.54127
-1.04539 -0.18062 0.0249692 0.0249993 2.54127
-1.03549 -0.179207 0.0249728 0.0249992 2.54127
-1.02574 -0.176973 0.0249776 0.024999 2.54127
-1.01621 -0.173936 0.0249835 0.0249989 2.54127
-1.00697 -0.170126 0.0249902 0.0249988 2.54127
-0.998059 -0.165582 0.0249975 0.0249988 2.54127
-0.989536 -0.16035 0.0250052 0.0249988 2.54127
-0.981437 -0.154482 0.025013 0.0249988 2.54127
-0.97379 -0.148037 0.0250205 0.0249989 2.54127
-0.966612 -0.141073 0.0250275 0.024999 2.54127
-0.959909 -0.133651 0.0250337 0.0249991 2.54127
-0.953677 -0.12583 0.0250389 0.0249992 2.54127
-0.9479 -0.117666 0.0250427 0.0249993 2.54127
-0.942554 -0.109215 0.0250451 0.0249994 2.54127
-0.937606 -0.100524 0.025046 0.0249994 2.54127
-0.933016 -0.0916393 0.0250454 0.0249995 2.54127
-0.928738 -0.0826003 0.0250432 0.0249996 2.54127
-0.92472 -0.0734425 0.0250394 0.0249997 2.54127
-0.92091 -0.0641968 0.0250341 0.0249998 2.54127
-0.917248 -0.0548909 0.0250274 0.0249999 2.54127
-0.913679 -0.0455495 0.0250192 0.025 2.54127
-0.910144 -0.0361953 0.0250097 0.0250002 2.54127
-0.906585 -0.0268502 0.0249989 0.0250003 2.54127
-0.902948 -0.0175356 0.0249868 0.0250005 2.54127
-0.899178 -0.00827398 0.0249737 0.0250007 2.54127
-0.895225 0.000910992 0.0249594 0.0250009 2.54127
-0.891043 0.00999365 0.0249442 0.0250011 2.54127
-0.886589 0.018946 0.0249283 0.0250012 2.54127
-0.881826 0.0277377 0.0249116 0.0250014 2.54127
-0.876723 0.0363358 0.0248944 0.0250016 2.54127
-0.871252 0.044705 0.0248768 0.0250017 2.54127
-0.865395 0.0528083 0.0248591 0.0250019 2.54127
-0.859138 0.060607 0.0248414 0.025002 2.54127
-0.852475 0.0680618 0.0248238 0.0250021 2.54127
-0.845407 0.0751332 0.0248067 0.0250022 2.54127
-0.83794 0.0817824 0.0247901 0.0250023 2.54127
-0.830088 0.087972 0.0247743 0.0250023 2.54127
-0.82187 0.0936667 0.0247593 0.0250023 2.54127
-0.813311 0.0988337 0.0247454 0.0250023 2.54127
-0.804439 0.103444 0.0247327 0.0250023 2.54127
-0.795288 0.107472 0.0247214 0.0250022 2.54127
-0.785895 0.110896 0.0247114 0.0250021 2.54127
-0.776297 0.1137 0.0247028 0.025002 2.54127
-0.766537 0.115871 0.0246958 0.0250019 2.54127
-0.756657 0.1174 0.0246904 0.0250017 2.54127
-0.746697 0.118284 0.0246866 0.0250015 2.54127
-0.736701 0.118523 0.0246843 0.0250014 2.54127
-0.72671 0.118121 0.0246836 0.0250011 2.54127
-0.716764 0.117088 0.0246845 0.0250009 2.54127
-0.706903 0.115436 0.0246869 0.0250007 2.54127
-0.697161 0.113179 0.0246909 0.0250004 2.54127
-0.687573 0.110339 0.0246964 0.0250002 2.54127
-0.67817 0.106935 0.0247034 0.0249999 2.54127
-0.66898 0.102992 0.0247119 0.0249996 2.54127
-0.660027 0.0985374 0.0247218 0.0249994 2.54127
-0.651331 0.0935984 0.0247332 0.0249991 2.54127
-0.642909 0.0882043 0.0247461 0.0249989 2.54127
-0.634776 0.0823845 0.0247604 0.0249987 2.54127
-0.626941 0.0761692 0.0247759 0.0249986 2.54127
-0.61941 0.0695885 0.0247927 0.0249985 2.54127
-0.612186 0.0626721 0.0248106 0.0249984 2.54127
-0.605268 0.0554494 0.0248294 0.0249983 2.54127
-0.598652 0.047949 0.0248491 0.0249983 2.54127
-0.592331 0.0401987 0.0248696 0.0249983 2.54127
-0.586294 0.0322249 0.0248906 0.0249984 2.54127
-0.580528 0.024053 0.0249121 0.0249984 2.54127
-0.575017 0.015707 0.0249339 0.0249985 2.54127
-0.569743 0.00720958 0.024956 0.0249986 2.54127
-0.564685 -0.00141791 0.0249782 0.0249988 2.54127
-0.559819 -0.0101554 0.0250004 0.0249989 2.54127
-0.555121 -0.0189839 0.0250226 0.0249991 2.54127
-0.550563 -0.0278854 0.0250448 0.0249993 2.54127
-0.546115 -0.036842 0.0250668 0.0249995 2.54127
-0.541741 -0.0458352 0.0250887 0.0249998 2.54127
-0.537369 -0.054829 0.0251105 0.0249999 2.54127
