-1.79332 -0.132028 0.0248442 0.025 3.46173
-1.78632 -0.139163 0.0248587 0.0250001 3.46173
-1.77923 -0.146217 0.0248732 0.0250002 3.46173
-1.77203 -0.153156 0.0248877 0.0250003 3.46173
-1.76469 -0.159946 0.024902 0.0250004 3.46173
-1.75718 -0.166547 0.0249161 0.0250005 3.46173
-1.74947 -0.172918 0.0249299 0.0250005 3.46173
-1.74154 -0.179015 0.0249432 0.0250006 3.46173
-1.73338 -0.184792 0.0249559 0.0250007 3.46173
-1.72497 -0.190199 0.0249678 0.0250007 3.46173
-1.7163 -0.195186 0.0249787 0.0250008 3.46173
-1.70738 -0.1997 0.0249887 0.0250008 3.46173
-1.69821 -0.203691 0.0249976 0.0250008 3.46173
-1.68881 -0.207108 0.0250053 0.0250007 3.46173
-1.67921 -0.209904 0.0250117 0.0250007 3.46173
-1.66944 -0.212034 0.025017 0.0250006 3.46173
-1.65955 -0.21346 0.0250211 0.0250004 3.46173
-1.64957 -0.214151 0.0250241 0.0250002 3.46173
-1.63957 -0.214081 0.0250263 0.025 3.46173
-1.62961 -0.213236 0.0250277 0.0249998 3.46173
-1.61974 -0.211611 0.0250286 0.0249996 3.46173
-1.61003 -0.20921 0.025029 0.0249995 3.46173
-1.60054 -0.206045 0.0250292 0.0249993 3.46173
-1.59134 -0.202141 0.0250292 0.0249992 3.46173
-1.58246 -0.19753 0.0250291 0.024999 3.46173
-1.57397 -0.192251 0.025029 0.0249989 3.46173
-1.56589 -0.186351 0.0250289 0.0249989 3.46173
-1.55827 -0.179881 0.0250288 0.0249988 3.46173
-1.55111 -0.172896 0.0250288 0.0249988 3.46173
-1.54443 -0.165453 0.0250288 0.0249988 3.46173
-1.53823 -0.157608 0.0250287 0.0249988 3.46173
-1.53249 -0.149415 0.0250285 0.0249988 3.46173
-1.5272 -0.140928 0.0250281 0.0249989 3.46173
-1.52233 -0.132195 0.0250274 0.024999 3.46173
-1.51783 -0.123262 0.0250264 0.0249991 3.46173
-1.51367 -0.114167 0.0250248 0.0249992 3.46173
-1.5098 -0.104946 0.0250227 0.0249993 3.46173
-1.50616 -0.0956316 0.0250199 0.0249994 3.46173
-1.5027 -0.08625 0.0250163 0.0249996 3.46173
-1.49935 -0.0768262 0.0250117 0.0249997 3.46173
-1.49606 -0.0673824 0.0250062 0.0249999 3.46173
-1.49277 -0.0579399 0.0249997 0.025 3.46173
-1.48942 -0.0485198 0.024992 0.0250002 3.46173
-1.48594 -0.0391439 0.0249832 0.0250003 3.46173
-1.48228 -0.0298357 0.0249732 0.0250004 3.46173
-1.4784 -0.0206211 0.0249621 0.0250005 3.46173
-1.47424 -0.011529 0.0249498 0.0250006 3.46173
-1.46975 -0.00259122 0.0249365 0.0250007 3.46173
-1.46491 0.00615675 0.0249221 0.0250008 3.46173
-1.45968 0.0146764 0.0249069 0.0250008 3.46173
-1.45403 0.0229263 0.024891 0.0250008 3.46173
-1.44794 0.0308631 0.0248745 0.0250008 3.46173
-1.44142 0.0384416 0.0248577 0.0250007 3.46173
-1.43446 0.0456165 0.0248406 0.0250006 3.46173
-1.42706 0.052343 0.0248236 0.0250005 3.46173
-1.41924 0.0585778 0.0248069 0.0250004 3.46173
-1.41102 0.0642806 0.0247906 0.0250002 3.46173
-1.40244 0.0694147 0.0247751 0.025 3.46173
-1.39353 0.0739478 0.0247604 0.0249998 3.46173
-1.38432 0.0778531 0.0247469 0.0249995 3.46173
-1.37487 0.0811096 0.0247346 0.0249992 3.46173
-1.36521 0.0837023 0.0247237 0.024999 3.46173
-1.35539 0.0856224 0.0247145 0.0249987 3.46173
-1.34547 0.0868672 0.0247069 0.0249984 3.46173
-1.33549 0.0874398 0.0247011 0.0249981 3.46173
-1.32548 0.0873486 0.0246973 0.0249978 3.46173
-1.31551 0.086607 0.0246953 0.0249975 3.46173
-1.3056 0.0852326 0.0246953 0.0249972 3.46173
-1.2958 0.0832464 0.0246974 0.0249969 3.46173
-1.28613 0.0806726 0.0247014 0.0249967 3.46173
-1.27664 0.0775376 0.0247074 0.0249965 3.46173
-1.26733 0.0738691 0.0247153 0.0249963 3.46173
-1.25824 0.0696956 0.024725 0.0249961 3.46173
-1.24938 0.0650466 0.0247364 0.024996 3.46173
-1.24077 0.0599517 0.0247495 0.024996 3.46173
-1.23242 0.0544405 0.0247639 0.0249959 3.46173
-1.22435 0.0485425 0.0247795 0.0249959 3.46173
-1.21654 0.0422867 0.0247962 0.0249959 3.46173
-1.20901 0.0357013 0.0248137 0.024996 3.46173
-1.20176 0.0288137 0.0248319 0.0249961 3.46173
-1.19477 0.0216503 0.0248504 0.0249963 3.46173
-1.18806 0.0142365 0.0248691 0.0249965 3.46173
-1.1816 0.00659599 0.0248879 0.0249966 3.46173
-1.1754 -0.00124833 0.0249067 0.0249968 3.46173
-1.16943 -0.00927507 0.0249253 0.0249969 3.46173
-1.16368 -0.0174641 0.0249438 0.0249971 3.46173
-1.15815 -0.0257967 0.0249619 0.0249972 3.46173
-1.15281 -0.0342549 0.0249796 0.0249974 3.46173
-1.14765 -0.0428225 0.0249968 0.0249976 3.46173
-1.14265 -0.051484 0.0250132 0.0249978 3.46173
-1.13779 -0.0602252 0.0250287 0.0249981 3.46173
-1.13305 -0.0690329 0.0250432 0.0249984 3.46173
-1.12842 -0.0778953 0.0250565 0.0249987 3.46173
-1.12387 -0.0868012 0.0250686 0.0249991 3.46173
-1.11938 -0.0957403 0.0250794 0.0249994 3.46173
-1.11495 -0.104703 0.0250892 0.0249996 3.46173
-1.11054 -0.113679 0.0250982 0.0249998 3.46173
-1.10614 -0.122662 0.0251067 0.0249999 3.46173
-1.10175 -0.131645 0.025115 0.0249999 3.46173
-1.09735 -0.140623 0.0251233 0.025 3.46173
-1.09294 -0.1496 0.0251316 0.025 3.46173
