-0.486172 0.0122737 0.025004 0.0249999 0.4002
-0.476972 0.00835335 0.0250031 0.0249998 0.4002
-0.467738 0.00451511 0.0250022 0.0249996 0.4002
-0.458461 0.000781341 0.0250014 0.0249994 0.4002
-0.449134 -0.00282717 0.0250005 0.0249992 0.4002
-0.439752 -0.00629059 0.0249996 0.024999 0.4002
-0.430311 -0.00958999 0.0249986 0.0249988 0.4002
-0.420808 -0.0127073 0.0249977 0.0249985 0.4002
-0.411242 -0.0156253 0.0249968 0.0249983 0.4002
-0.401613 -0.0183279 0.024996 0.0249981 0.4002
-0.391922 -0.0208004 0.0249952 0.0249978 0.4002
-0.382171 -0.0230291 0.0249944 0.0249976 0.4002
-0.372366 -0.0250023 0.0249938 0.0249973 0.4002
-0.36251 -0.0267097 0.0249933 0.024997 0.4002
-0.352611 -0.028143 0.024993 0.0249968 0.4002
-0.342675 -0.0292962 0.024993 0.0249965 0.4002
-0.33271 -0.0301644 0.0249932 0.0249962 0.4002
-0.322724 -0.030745 0.0249937 0.024996 0.4002
-0.312725 -0.0310373 0.0249945 0.0249957 0.4002
-0.302721 -0.0310427 0.0249956 0.0249955 0.4002
-0.292721 -0.0307646 0.024997 0.0249953 0.4002
-0.282733 -0.0302084 0.0249986 0.0249951 0.4002
-0.272763 -0.0293815 0.0250005 0.0249949 0.4002
-0.262818 -0.0282932 0.0250025 0.0249947 0.4002
-0.252904 -0.0269548 0.0250047 0.0249945 0.4002
-0.243024 -0.025379 0.025007 0.0249943 0.4002
-0.233183 -0.0235801 0.0250093 0.0249942 0.4002
-0.223381 -0.0215741 0.0250116 0.024994 0.4002
-0.21362 -0.019378 0.0250139 0.0249939 0.4002
-0.2039 -0.01701 0.025016 0.024994 0.4002
-0.194218 -0.0144893 0.0250179 0.0249942 0.4002
-0.184572 -0.0118359 0.0250195 0.0249944 0.4002
-0.174957 -0.00907042 0.0250209 0.0249946 0.4002
-0.165369 -0.00621388 0.0250219 0.0249947 0.4002
-0.155803 -0.00328764 0.0250225 0.0249949 0.4002
-0.146251 -0.000313193 0.0250228 0.0249951 0.4002
-0.136708 0.002688 0.0250225 0.0249952 0.4002
-0.127167 0.00569465 0.0250219 0.0249954 0.4002
-0.117621 0.00868576 0.0250207 0.0249955 0.4002
-0.108063 0.0116408 0.0250192 0.0249956 0.4002
-0.0984892 0.0145398 0.0250172 0.0249957 0.4002
-0.0888927 0.0173637 0.0250148 0.0249958 0.4002
-0.0792691 0.0200939 0.025012 0.0249958 0.4002
-0.0696148 0.0227133 0.0250089 0.0249959 0.4002
-0.0599269 0.0252055 0.0250056 0.0249959 0.4002
-0.0502037 0.0275557 0.0250021 0.0249959 0.4002
-0.0404441 0.0297501 0.0249984 0.0249959 0.4002
-0.0306483 0.0317768 0.0249947 0.0249959 0.4002
-0.0208173 0.0336252 0.0249911 0.0249959 0.4002
-0.0109529 0.0352864 0.0249876 0.0249959 0.4002
-0.00105766 0.0367532 0.0249842 0.0249958 0.4002
0.00886514 0.0380203 0.0249812 0.0249958 0.4002
0.0188118 0.0390841 0.0249785 0.0249957 0.4002
0.0287783 0.0399429 0.0249763 0.0249957 0.4002
0.0387605 0.0405961 0.0249746 0.0249956 0.4002
0.048754 0.0410447 0.0249735 0.0249956 0.4002
0.0587545 0.0412909 0.0249729 0.0249955 0.4002
0.068758 0.0413382 0.024973 0.0249955 0.4002
0.0787605 0.0411914 0.0249737 0.0249955 0.4002
0.0887585 0.0408562 0.024975 0.0249955 0.4002
0.0987488 0.0403392 0.024977 0.0249955 0.4002
0.108728 0.0396479 0.0249794 0.0249955 0.4002
0.118695 0.0387901 0.0249823 0.0249955 0.4002
0.128647 0.0377746 0.0249857 0.0249956 0.4002
0.138583 0.0366101 0.0249895 0.0249956 0.4002
0.148501 0.0353058 0.0249935 0.0249957 0.4002
0.158401 0.033871 0.0249977 0.0249957 0.4002
0.168282 0.0323149 0.0250021 0.0249958 0.4002
0.178146 0.0306467 0.0250065 0.0249959 0.4002
0.187991 0.0288754 0.0250109 0.024996 0.4002
0.197818 0.0270099 0.0250152 0.0249961 0.4002
0.207629 0.0250586 0.0250192 0.0249962 0.4002
0.217424 0.0230298 0.025023 0.0249963 0.4002
0.227205 0.0209316 0.0250264 0.0249965 0.4002
0.236972 0.0187718 0.0250294 0.0249966 0.4002
0.246726 0.0165579 0.0250319 0.0249967 0.4002
0.25647 0.0142973 0.0250339 0.0249969 0.4002
0.266204 0.0119973 0.0250354 0.024997 0.4002
0.275931 0.00966472 0.0250362 0.0249972 0.4002
0.285651 0.00730649 0.0250364 0.0249973 0.4002
0.295367 0.0049292 0.025036 0.0249975 0.4002
0.305079 0.00253929 0.025035 0.0249976 0.4002
0.314789 0.000143034 0.0250334 0.0249977 0.4002
0.3245 -0.00225348 0.0250311 0.0249979 0.4002
0.334211 -0.00464438 0.0250283 0.024998 0.4002
0.343926 -0.00702397 0.0250249 0.0249982 0.4002
0.353644 -0.00938683 0.025021 0.0249983 0.4002
0.363368 -0.0117278 0.0250166 0.0249984 0.4002
0.373097 -0.0140419 0.0250118 0.0249986 0.4002
0.382834 -0.0163248 0.0250067 0.0249987 0.4002
0.39258 -0.0185726 0.0250012 0.0249988 0.4002
0.402334 -0.0207813 0.0249955 0.0249989 0.4002
0.412097 -0.0229472 0.0249896 0.024999 0.4002
0.42187 -0.0250673 0.0249835 0.0249992 0.4002
0.431654 -0.027139 0.0249773 0.0249993 0.4002
0.441448 -0.0291606 0.0249711 0.0249994 0.4002
0.451252 -0.0311317 0.0249648 0.0249995 0.4002
0.461066 -0.0330535 0.0249586 0.0249996 0.4002
0.470889 -0.0349298 0.0249523 0.0249997 0.4002
0.480719 -0.0367691 0.0249461 0.0249999 0.4002
0.490549 -0.0386037 0.0249399 0.0249999 0.4002
