-0.377668 0.0159231 0.0250243 0.0250001 0.98049
-0.3721 0.0242299 0.0250249 0.0250001 0.98049
-0.36647 0.0324941 0.0250255 0.0250002 0.98049
-0.360748 0.0406947 0.0250261 0.0250004 0.98049
-0.354902 0.0488076 0.0250267 0.0250005 0.98049
-0.3489 0.0568056 0.0250271 0.0250006 0.98049
-0.342709 0.0646584 0.0250275 0.0250007 0.98049
-0.336299 0.0723325 0.0250276 0.0250008 0.98049
-0.329639 0.0797912 0.0250276 0.0250008 0.98049
-0.322703 0.0869942 0.0250273 0.0250009 0.98049
-0.31547 0.0938984 0.0250268 0.0250009 0.98049
-0.307923 0.100458 0.025026 0.025001 0.98049
-0.300051 0.106624 0.025025 0.0250009 0.98049
-0.291852 0.112348 0.0250237 0.0250009 0.98049
-0.28333 0.117578 0.0250223 0.0250008 0.98049
-0.274497 0.122265 0.0250209 0.0250007 0.98049
-0.265374 0.12636 0.0250195 0.0250006 0.98049
-0.255992 0.129818 0.0250183 0.0250005 0.98049
-0.246386 0.132598 0.0250175 0.0250004 0.98049
-0.236603 0.134665 0.0250171 0.0250002 0.98049
-0.226691 0.135988 0.0250172 0.0250001 0.98049
-0.216706 0.136548 0.0250179 0.0250001 0.98049
-0.206709 0.136332 0.0250192 0.025 0.98049
-0.196758 0.135337 0.0250212 0.0249999 0.98049
-0.186916 0.133569 0.0250238 0.0249999 0.98049
-0.177239 0.131045 0.025027 0.0249998 0.98049
-0.167784 0.127789 0.0250307 0.0249998 0.98049
-0.158599 0.123836 0.0250349 0.0249998 0.98049
-0.149726 0.119224 0.0250395 0.0249999 0.98049
-0.141199 0.113999 0.0250443 0.0249999 0.98049
-0.133042 0.108213 0.0250492 0.025 0.98049
-0.125272 0.101918 0.025054 0.0250001 0.98049
-0.117894 0.0951691 0.0250587 0.0250002 0.98049
-0.110902 0.0880196 0.0250629 0.0250003 0.98049
-0.104284 0.080523 0.0250667 0.0250004 0.98049
-0.0980184 0.0727301 0.0250697 0.0250006 0.98049
-0.0920746 0.0646889 0.0250719 0.0250007 0.98049
-0.0864171 0.0564439 0.0250732 0.0250009 0.98049
-0.0810045 0.0480364 0.0250734 0.0250011 0.98049
-0.0757909 0.039504 0.0250724 0.0250012 0.98049
-0.0707276 0.0308819 0.0250702 0.0250014 0.98049
-0.0657636 0.0222023 0.0250666 0.0250016 0.98049
-0.0608467 0.0134961 0.0250617 0.0250017 0.98049
-0.0559251 0.00479282 0.0250555 0.0250019 0.98049
-0.0509474 -0.00387846 0.0250479 0.025002 0.98049
-0.0458644 -0.0124883 0.0250391 0.0250022 0.98049
-0.0406294 -0.0210065 0.0250291 0.0250023 0.98049
-0.0351993 -0.0294016 0.0250179 0.0250023 0.98049
-0.0295352 -0.0376405 0.0250057 0.0250024 0.98049
-0.0236031 -0.0456885 0.0249927 0.0250024 0.98049
-0.0173747 -0.0535095 0.024979 0.0250024 0.98049
-0.0108276 -0.0610657 0.0249647 0.0250024 0.98049
-0.00394595 -0.0683186 0.0249501 0.0250024 0.98049
0.00327935 -0.0752293 0.0249354 0.0250023 0.98049
0.0108507 -0.0817591 0.0249206 0.0250021 0.98049
0.0187639 -0.0878704 0.0249062 0.025002 0.98049
0.0270082 -0.0935273 0.0248921 0.0250018 0.98049
0.0355669 -0.0986966 0.0248786 0.0250016 0.98049
0.0444178 -0.103348 0.0248659 0.0250014 0.98049
0.0535341 -0.107456 0.0248541 0.0250012 0.98049
0.062885 -0.110997 0.0248434 0.0250009 0.98049
0.0724367 -0.113956 0.0248337 0.0250006 0.98049
0.082153 -0.11632 0.0248253 0.0250003 0.98049
0.0919966 -0.11808 0.0248181 0.025 0.98049
0.10193 -0.119236 0.0248123 0.0249997 0.98049
0.111915 -0.119788 0.0248078 0.0249994 0.98049
0.121915 -0.119744 0.0248047 0.0249991 0.98049
0.131896 -0.119113 0.0248029 0.0249988 0.98049
0.141825 -0.117909 0.0248025 0.0249984 0.98049
0.15167 -0.116148 0.0248033 0.0249981 0.98049
0.161404 -0.113851 0.0248054 0.0249978 0.98049
0.171002 -0.111036 0.0248088 0.0249975 0.98049
0.180441 -0.107728 0.0248134 0.0249973 0.98049
0.189702 -0.10395 0.024819 0.0249971 0.98049
0.198769 -0.0997255 0.0248257 0.0249969 0.98049
0.207627 -0.0950796 0.0248333 0.0249968 0.98049
0.216265 -0.0900372 0.0248417 0.0249967 0.98049
0.224676 -0.0846232 0.0248507 0.0249966 0.98049
0.232854 -0.0788624 0.0248601 0.0249966 0.98049
0.240794 -0.0727792 0.0248699 0.0249966 0.98049
0.248496 -0.0663975 0.0248799 0.0249966 0.98049
0.255962 -0.0597406 0.0248898 0.0249966 0.98049
0.263195 -0.0528312 0.0248997 0.0249967 0.98049
0.2702 -0.0456912 0.0249094 0.0249968 0.98049
0.276985 -0.0383414 0.0249187 0.0249969 0.98049
0.283558 -0.030802 0.0249275 0.0249971 0.98049
0.28993 -0.0230922 0.0249359 0.0249972 0.98049
0.296113 -0.0152302 0.0249437 0.0249974 0.98049
0.302121 -0.00723328 0.0249509 0.0249976 0.98049
0.307967 0.000882139 0.0249574 0.0249977 0.98049
0.313667 0.00910062 0.0249632 0.0249979 0.98049
0.319237 0.0174076 0.0249684 0.0249981 0.98049
0.324694 0.0257893 0.0249729 0.0249984 0.98049
0.330054 0.0342328 0.0249767 0.0249986 0.98049
0.335335 0.0427262 0.02498 0.0249988 0.98049
0.340552 0.051258 0.0249827 0.024999 0.98049
0.345724 0.0598179 0.024985 0.0249992 0.98049
0.350864 0.0683964 0.0249868 0.0249994 0.98049
0.355986 0.0769852 0.0249884 0.0249996 0.98049
0.361103 0.0855771 0.0249897 0.0249998 0.98049
0.366224 0.0941668 0.024991 0.0249999 0.98049
