-0.495168 -0.0061726 0.0249921 0.0249999 0.32016
-0.485375 -0.00819625 0.0249924 0.0249998 0.32016
-0.475562 -0.0101215 0.0249927 0.0249996 0.32016
-0.465726 -0.0119269 0.0249931 0.0249994 0.32016
-0.455865 -0.0135944 0.0249934 0.0249992 0.32016
-0.44598 -0.0151087 0.0249938 0.024999 0.32016
-0.43607 -0.0164567 0.0249941 0.0249988 0.32016
-0.426138 -0.0176276 0.0249946 0.0249986 0.32016
-0.416185 -0.0186124 0.024995 0.0249984 0.32016
-0.406215 -0.0194042 0.0249956 0.0249981 0.32016
-0.396231 -0.0199974 0.0249963 0.0249979 0.32016
-0.386237 -0.0203881 0.024997 0.0249977 0.32016
-0.376237 -0.0205743 0.0249979 0.0249975 0.32016
-0.366235 -0.0205553 0.0249989 0.0249973 0.32016
-0.356235 -0.0203323 0.025 0.0249971 0.32016
-0.346242 -0.019908 0.0250012 0.0249969 0.32016
-0.336259 -0.0192868 0.0250025 0.0249968 0.32016
-0.326289 -0.0184745 0.0250038 0.0249966 0.32016
-0.316336 -0.0174783 0.0250052 0.0249964 0.32016
-0.306402 -0.016307 0.0250065 0.0249962 0.32016
-0.296489 -0.0149704 0.0250079 0.0249961 0.32016
-0.286597 -0.0134798 0.0250091 0.0249959 0.32016
-0.276728 -0.0118472 0.0250102 0.0249957 0.32016
-0.266881 -0.0100859 0.0250112 0.0249956 0.32016
-0.257055 -0.00820987 0.0250121 0.0249954 0.32016
-0.247248 -0.00623393 0.0250127 0.0249953 0.32016
-0.237459 -0.00417349 0.0250131 0.0249954 0.32016
-0.227684 -0.00204446 0.0250133 0.0249956 0.32016
-0.217921 0.000136852 0.0250132 0.0249957 0.32016
-0.208167 0.00235392 0.0250129 0.0249958 0.32016
-0.198417 0.00459005 0.0250123 0.024996 0.32016
-0.188667 0.00682855 0.0250115 0.0249961 0.32016
-0.178915 0.00905287 0.0250104 0.0249962 0.32016
-0.169155 0.0112467 0.025009 0.0249963 0.32016
-0.159385 0.0133942 0.0250074 0.0249964 0.32016
-0.149602 0.0154799 0.0250057 0.0249964 0.32016
-0.139803 0.0174893 0.0250038 0.0249965 0.32016
-0.129986 0.0194083 0.0250017 0.0249965 0.32016
-0.12015 0.0212242 0.0249996 0.0249964 0.32016
-0.110292 0.0229249 0.0249975 0.0249962 0.32016
-0.100414 0.0244997 0.0249953 0.0249959 0.32016
-0.0905147 0.0259392 0.0249933 0.0249956 0.32016
-0.0805954 0.0272351 0.0249914 0.0249953 0.32016
-0.0706574 0.0283809 0.0249897 0.024995 0.32016
-0.0607024 0.0293714 0.0249882 0.0249947 0.32016
-0.0507327 0.0302025 0.024987 0.0249945 0.32016
-0.0407506 0.0308714 0.0249861 0.0249944 0.32016
-0.0307589 0.0313767 0.0249856 0.0249944 0.32016
-0.0207603 0.0317183 0.0249854 0.0249944 0.32016
-0.0107574 0.0318973 0.0249855 0.0249945 0.32016
-0.000753034 0.0319161 0.024986 0.0249945 0.32016
0.00925041 0.0317783 0.0249868 0.0249945 0.32016
0.0192506 0.0314886 0.024988 0.0249946 0.32016
0.0292454 0.0310527 0.0249893 0.0249946 0.32016
0.0392331 0.0304772 0.0249909 0.0249947 0.32016
0.0492122 0.0297695 0.0249927 0.0249948 0.32016
0.0591817 0.0289377 0.0249947 0.0249949 0.32016
0.0691408 0.0279904 0.0249967 0.024995 0.32016
0.0790891 0.0269368 0.0249988 0.0249951 0.32016
0.0890267 0.0257862 0.0250009 0.0249952 0.32016
0.0989536 0.0245484 0.0250029 0.0249953 0.32016
0.10887 0.0232332 0.0250048 0.0249954 0.32016
0.118778 0.0218503 0.0250066 0.0249956 0.32016
0.128677 0.0204095 0.0250082 0.0249957 0.32016
0.138569 0.0189205 0.0250097 0.0249959 0.32016
0.148455 0.0173924 0.0250109 0.024996 0.32016
0.158336 0.0158346 0.0250118 0.0249961 0.32016
0.168214 0.0142556 0.0250125 0.0249963 0.32016
0.178089 0.012664 0.025013 0.0249964 0.32016
0.187964 0.0110678 0.0250132 0.0249965 0.32016
0.197839 0.00947444 0.0250131 0.0249967 0.32016
0.207715 0.00789121 0.0250128 0.0249968 0.32016
0.217594 0.0063249 0.0250122 0.0249969 0.32016
0.227477 0.00478195 0.0250115 0.0249971 0.32016
0.237364 0.00326848 0.0250106 0.0249972 0.32016
0.247257 0.0017903 0.0250095 0.0249973 0.32016
0.257155 0.000352917 0.0250083 0.0249974 0.32016
0.26706 -0.00103845 0.025007 0.0249975 0.32016
0.276971 -0.00237886 0.0250056 0.0249976 0.32016
0.28689 -0.00366366 0.0250042 0.0249977 0.32016
0.296817 -0.00488846 0.0250028 0.0249978 0.32016
0.306751 -0.00604917 0.0250014 0.0249979 0.32016
0.316693 -0.00714199 0.0250001 0.024998 0.32016
0.326642 -0.00816345 0.0249988 0.0249981 0.32016
0.336599 -0.00911038 0.0249977 0.0249982 0.32016
0.346562 -0.00998024 0.0249966 0.0249983 0.32016
0.356532 -0.0107707 0.0249957 0.0249984 0.32016
0.366508 -0.0114795 0.024995 0.0249985 0.32016
0.37649 -0.0121046 0.0249944 0.0249985 0.32016
0.386476 -0.0126442 0.024994 0.0249986 0.32016
0.396467 -0.013097 0.0249937 0.0249988 0.32016
0.406462 -0.0134621 0.0249937 0.0249989 0.32016
0.416459 -0.0137391 0.0249937 0.024999 0.32016
0.426458 -0.0139284 0.0249939 0.0249991 0.32016
0.436458 -0.0140313 0.0249942 0.0249992 0.32016
0.446458 -0.0140501 0.0249946 0.0249993 0.32016
0.456459 -0.0139887 0.0249951 0.0249994 0.32016
0.466458 -0.0138528 0.0249956 0.0249996 0.32016
0.476456 -0.0136515 0.0249961 0.0249997 0.32016
0.486453 -0.0133995 0.0249967 0.0249998 0.32016
0.49645 -0.0131443 0.0249973 0.0249999 0.32016
