-2.35988 -0.199099 0.02481 0.025 4.42221
-2.35178 -0.204954 0.0248236 0.0250001 4.42221
-2.34356 -0.210655 0.0248372 0.0250002 4.42221
-2.33521 -0.216154 0.024851 0.0250003 4.42221
-2.3267 -0.221401 0.0248647 0.0250003 4.42221
-2.31801 -0.226348 0.0248784 0.0250004 4.42221
-2.30913 -0.230942 0.0248921 0.0250004 4.42221
-2.30005 -0.235134 0.0249055 0.0250005 4.42221
-2.29077 -0.238871 0.0249187 0.0250005 4.42221
-2.28131 -0.242104 0.0249316 0.0250005 4.42221
-2.27168 -0.244784 0.0249441 0.0250005 4.42221
-2.2619 -0.246864 0.0249561 0.0250004 4.42221
-2.252 -0.248305 0.0249675 0.0250004 4.42221
-2.24203 -0.249069 0.0249784 0.0250003 4.42221
-2.23203 -0.249128 0.0249886 0.0250002 4.42221
-2.22205 -0.24846 0.0249982 0.025 4.42221
-2.21215 -0.247052 0.0250073 0.0249998 4.42221
-2.20239 -0.244901 0.0250159 0.0249997 4.42221
-2.19281 -0.242012 0.025024 0.0249996 4.42221
-2.18349 -0.238401 0.0250316 0.0249994 4.42221
-2.17446 -0.23409 0.0250388 0.0249994 4.42221
-2.16579 -0.229113 0.0250454 0.0249993 4.42221
-2.15751 -0.223508 0.0250516 0.0249993 4.42221
-2.14965 -0.21732 0.0250572 0.0249993 4.42221
-2.14225 -0.210597 0.0250621 0.0249993 4.42221
-2.13531 -0.203394 0.0250663 0.0249993 4.42221
-2.12885 -0.195762 0.0250697 0.0249994 4.42221
-2.12285 -0.187756 0.0250722 0.0249995 4.42221
-2.11732 -0.179428 0.0250737 0.0249996 4.42221
-2.11222 -0.170826 0.0250741 0.0249997 4.42221
-2.10752 -0.161997 0.0250734 0.0249999 4.42221
-2.10319 -0.152982 0.0250714 0.025 4.42221
-2.09919 -0.143819 0.0250681 0.0250002 4.42221
-2.09546 -0.134542 0.0250635 0.0250003 4.42221
-2.09194 -0.12518 0.0250576 0.0250005 4.42221
-2.08859 -0.115759 0.0250503 0.0250007 4.42221
-2.08534 -0.106302 0.0250416 0.0250008 4.42221
-2.08214 -0.0968302 0.0250316 0.025001 4.42221
-2.07891 -0.0873653 0.0250204 0.0250011 4.42221
-2.07561 -0.0779279 0.0250079 0.0250012 4.42221
-2.07217 -0.0685402 0.0249944 0.0250013 4.42221
-2.06853 -0.0592264 0.0249799 0.0250014 4.42221
-2.06464 -0.0500134 0.0249645 0.0250014 4.42221
-2.06046 -0.0409317 0.0249484 0.0250015 4.42221
-2.05593 -0.0320152 0.0249318 0.0250015 4.42221
-2.05103 -0.0233017 0.0249148 0.0250015 4.42221
-2.04572 -0.0148325 0.0248976 0.0250014 4.42221
-2.03997 -0.00665194 0.0248804 0.0250013 4.42221
-2.03377 0.00119328 0.0248634 0.0250012 4.42221
-2.02711 0.00865499 0.0248467 0.0250011 4.42221
-2.02 0.0156847 0.0248307 0.0250009 4.42221
-2.01244 0.0222347 0.0248154 0.0250007 4.42221
-2.00446 0.0282595 0.0248011 0.0250004 4.42221
-1.99608 0.033717 0.0247878 0.0250002 4.42221
-1.98734 0.0385694 0.0247758 0.0249999 4.42221
-1.97827 0.0427845 0.0247652 0.0249996 4.42221
-1.96892 0.0463363 0.0247561 0.0249993 4.42221
-1.95934 0.0492056 0.0247485 0.024999 4.42221
-1.94958 0.0513802 0.0247426 0.0249986 4.42221
-1.93969 0.0528551 0.0247384 0.0249983 4.42221
-1.92972 0.0536322 0.0247359 0.024998 4.42221
-1.91972 0.0537199 0.0247351 0.0249976 4.42221
-1.90973 0.0531326 0.0247361 0.0249973 4.42221
-1.89981 0.0518897 0.0247388 0.024997 4.42221
-1.88998 0.0500152 0.0247433 0.0249967 4.42221
-1.88029 0.0475369 0.0247494 0.0249964 4.42221
-1.87077 0.0444851 0.0247571 0.0249962 4.42221
-1.86143 0.0408918 0.0247663 0.024996 4.42221
-1.85231 0.0367901 0.0247769 0.0249958 4.42221
-1.84341 0.0322132 0.0247888 0.0249957 4.42221
-1.83476 0.0271942 0.0248017 0.0249956 4.42221
-1.82636 0.0217656 0.0248153 0.0249955 4.42221
-1.81821 0.0159591 0.0248296 0.0249955 4.42221
-1.81032 0.00980531 0.0248442 0.0249956 4.42221
-1.80269 0.00333357 0.0248589 0.0249956 4.42221
-1.79532 -0.00342802 0.0248734 0.0249957 4.42221
-1.7882 -0.0104527 0.0248876 0.0249958 4.42221
-1.78132 -0.0177153 0.024901 0.024996 4.42221
-1.77468 -0.0251919 0.0249137 0.0249961 4.42221
-1.76825 -0.0328602 0.0249252 0.0249963 4.42221
-1.76204 -0.0406991 0.0249355 0.0249965 4.42221
-1.75602 -0.0486891 0.0249443 0.0249967 4.42221
-1.75018 -0.056812 0.0249516 0.0249969 4.42221
-1.74451 -0.0650505 0.0249571 0.0249971 4.42221
-1.73899 -0.073389 0.0249609 0.0249973 4.42221
-1.7336 -0.0818126 0.0249629 0.0249976 4.42221
-1.72832 -0.0903075 0.024963 0.0249978 4.42221
-1.72313 -0.0988608 0.0249612 0.024998 4.42221
-1.71803 -0.107461 0.0249576 0.0249982 4.42221
-1.71298 -0.116096 0.0249523 0.0249984 4.42221
-1.70798 -0.124756 0.0249454 0.0249986 4.42221
-1.703 -0.13343 0.024937 0.0249988 4.42221
-1.69803 -0.142109 0.0249273 0.0249989 4.42221
-1.69305 -0.150783 0.0249163 0.0249991 4.42221
-1.68805 -0.159445 0.0249044 0.0249992 4.42221
-1.68302 -0.168085 0.0248917 0.0249994 4.42221
-1.67794 -0.176699 0.0248783 0.0249995 4.42221
-1.6728 -0.185282 0.0248644 0.0249996 4.42221
-1.66762 -0.193831 0.0248502 0.0249997 4.42221
-1.66238 -0.202349 0.0248358 0.0249999 4.42221
-1.65714 -0.210865 0.0248213 0.0249999 4.42221
