-2.71671 -0.187599 0.0250878 0.0250001 5.08254
-2.71191 -0.178828 0.0250797 0.0250001 5.08254
-2.70722 -0.169996 0.0250715 0.0250003 5.08254
-2.70265 -0.161102 0.0250633 0.0250005 5.08254
-2.69819 -0.152152 0.0250552 0.0250006 5.08254
-2.69383 -0.143153 0.0250469 0.0250008 5.08254
-2.68954 -0.134119 0.0250387 0.0250009 5.08254
-2.6853 -0.125062 0.0250303 0.025001 5.08254
-2.68108 -0.115998 0.0250219 0.0250012 5.08254
-2.67684 -0.106945 0.0250133 0.0250013 5.08254
-2.67253 -0.0979199 0.0250046 0.0250014 5.08254
-2.66812 -0.0889449 0.0249958 0.0250015 5.08254
-2.66357 -0.080043 0.0249868 0.0250016 5.08254
-2.65883 -0.0712405 0.0249778 0.0250017 5.08254
-2.65386 -0.0625669 0.0249686 0.0250017 5.08254
-2.64861 -0.0540555 0.0249595 0.0250018 5.08254
-2.64305 -0.0457437 0.0249505 0.0250018 5.08254
-2.63715 -0.0376729 0.0249418 0.0250017 5.08254
-2.63087 -0.0298888 0.0249336 0.0250016 5.08254
-2.6242 -0.0224408 0.024926 0.0250016 5.08254
-2.61712 -0.0153822 0.0249193 0.0250014 5.08254
-2.60962 -0.00876914 0.0249136 0.0250013 5.08254
-2.60171 -0.00265934 0.0249092 0.0250012 5.08254
-2.59339 0.00288888 0.0249063 0.025001 5.08254
-2.58469 0.00781832 0.0249048 0.0250008 5.08254
-2.57564 0.0120745 0.024905 0.0250006 5.08254
-2.56628 0.0156076 0.0249068 0.0250004 5.08254
-2.55668 0.0183741 0.0249103 0.0250002 5.08254
-2.54687 0.0203384 0.0249154 0.025 5.08254
-2.53693 0.0214745 0.024922 0.0249999 5.08254
-2.52694 0.0217669 0.0249299 0.0249997 5.08254
-2.51695 0.0212115 0.024939 0.0249995 5.08254
-2.50705 0.0198157 0.0249488 0.0249994 5.08254
-2.4973 0.0175982 0.0249593 0.0249993 5.08254
-2.48776 0.0145884 0.02497 0.0249992 5.08254
-2.4785 0.0108247 0.0249807 0.0249992 5.08254
-2.46955 0.00635371 0.0249909 0.0249993 5.08254
-2.46097 0.0012277 0.0250004 0.0249993 5.08254
-2.45277 -0.00449672 0.0250089 0.0249994 5.08254
-2.44497 -0.0107602 0.0250162 0.0249994 5.08254
-2.43758 -0.0175025 0.0250221 0.0249994 5.08254
-2.4306 -0.0246637 0.0250265 0.0249994 5.08254
-2.42401 -0.0321863 0.0250295 0.0249994 5.08254
-2.41779 -0.0400156 0.0250312 0.0249994 5.08254
-2.41191 -0.0481007 0.0250315 0.0249994 5.08254
-2.40632 -0.0563947 0.0250307 0.0249994 5.08254
-2.40099 -0.0648548 0.0250289 0.0249994 5.08254
-2.39586 -0.0734423 0.0250261 0.0249994 5.08254
-2.39089 -0.0821219 0.0250225 0.0249994 5.08254
-2.38603 -0.0908615 0.0250181 0.0249995 5.08254
-2.38123 -0.099631 0.0250131 0.0249996 5.08254
-2.37642 -0.108402 0.0250073 0.0249997 5.08254
-2.37157 -0.117146 0.0250008 0.0249999 5.08254
-2.36662 -0.125837 0.0249937 0.025 5.08254
-2.36153 -0.134445 0.0249859 0.0250002 5.08254
-2.35626 -0.142942 0.0249773 0.0250004 5.08254
-2.35077 -0.151296 0.0249679 0.0250006 5.08254
-2.34502 -0.159477 0.0249578 0.0250008 5.08254
-2.33898 -0.16745 0.0249467 0.025001 5.08254
-2.33264 -0.175181 0.0249348 0.0250012 5.08254
-2.32598 -0.182634 0.024922 0.0250015 5.08254
-2.31897 -0.189773 0.0249084 0.0250017 5.08254
-2.31163 -0.19656 0.0248939 0.0250019 5.08254
-2.30395 -0.202959 0.0248787 0.025002 5.08254
-2.29593 -0.208935 0.0248628 0.0250022 5.08254
-2.2876 -0.214453 0.0248464 0.0250023 5.08254
-2.27895 -0.219481 0.0248294 0.0250024 5.08254
-2.27003 -0.223988 0.0248122 0.0250024 5.08254
-2.26085 -0.227949 0.0247948 0.0250024 5.08254
-2.25144 -0.231338 0.0247774 0.0250024 5.08254
-2.24184 -0.234136 0.0247602 0.0250024 5.08254
-2.23209 -0.236326 0.0247434 0.0250023 5.08254
-2.22222 -0.237896 0.0247272 0.0250022 5.08254
-2.21226 -0.238836 0.0247118 0.0250021 5.08254
-2.20227 -0.239142 0.0246975 0.0250019 5.08254
-2.19227 -0.238814 0.0246845 0.0250017 5.08254
-2.18232 -0.237856 0.0246731 0.0250015 5.08254
-2.17245 -0.236275 0.0246636 0.0250012 5.08254
-2.16269 -0.234083 0.0246561 0.0250009 5.08254
-2.15309 -0.231297 0.024651 0.0250006 5.08254
-2.14367 -0.227933 0.0246483 0.0250003 5.08254
-2.13447 -0.224014 0.0246484 0.025 5.08254
-2.12552 -0.219564 0.0246512 0.0249997 5.08254
-2.11683 -0.21461 0.024657 0.0249994 5.08254
-2.10843 -0.20918 0.0246657 0.0249992 5.08254
-2.10034 -0.203303 0.0246772 0.024999 5.08254
-2.09257 -0.197011 0.0246915 0.0249988 5.08254
-2.08512 -0.190333 0.0247085 0.0249986 5.08254
-2.07801 -0.183302 0.024728 0.0249985 5.08254
-2.07123 -0.175949 0.0247497 0.0249984 5.08254
-2.06478 -0.168304 0.0247736 0.0249983 5.08254
-2.05866 -0.160398 0.0247992 0.0249983 5.08254
-2.05284 -0.15226 0.0248264 0.0249984 5.08254
-2.04733 -0.143918 0.0248549 0.0249985 5.08254
-2.04209 -0.135399 0.0248844 0.0249986 5.08254
-2.0371 -0.126728 0.0249147 0.0249987 5.08254
-2.03235 -0.117929 0.0249455 0.0249989 5.08254
-2.02779 -0.109026 0.0249766 0.0249992 5.08254
-2.0234 -0.100043 0.0250078 0.0249994 5.08254
-2.01912 -0.0910045 0.0250391 0.0249997 5.08254
-2.01485 -0.0819639 0.0250702 0.0249999 5.08254
