-0.412078 0.0864077 0.0250056 0.025 0.86043
-0.402834 0.0902235 0.025007 0.0250001 0.86043
-0.393503 0.0938181 0.0250085 0.0250002 0.86043
-0.384069 0.0971355 0.02501 0.0250002 0.86043
-0.374527 0.100125 0.0250115 0.0250003 0.86043
-0.364875 0.102741 0.0250131 0.0250004 0.86043
-0.35512 0.10494 0.0250146 0.0250004 0.86043
-0.345274 0.106681 0.0250163 0.0250004 0.86043
-0.335352 0.107932 0.0250182 0.0250002 0.86043
-0.325379 0.10866 0.0250203 0.0249999 0.86043
-0.31538 0.10884 0.0250228 0.0249997 0.86043
-0.305388 0.108453 0.0250257 0.0249996 0.86043
-0.295434 0.107484 0.0250291 0.0249997 0.86043
-0.285556 0.105927 0.0250331 0.0249997 0.86043
-0.275789 0.103779 0.0250375 0.0249998 0.86043
-0.26617 0.101047 0.0250424 0.0249999 0.86043
-0.256731 0.0977424 0.0250477 0.025 0.86043
-0.247506 0.093883 0.0250533 0.0250001 0.86043
-0.238522 0.0894923 0.025059 0.0250003 0.86043
-0.229802 0.0845983 0.0250648 0.0250005 0.86043
-0.221363 0.0792331 0.0250705 0.0250007 0.86043
-0.213219 0.0734319 0.0250761 0.0250009 0.86043
-0.205374 0.067232 0.0250814 0.0250011 0.86043
-0.197827 0.0606722 0.0250863 0.0250013 0.86043
-0.190572 0.0537919 0.0250907 0.0250015 0.86043
-0.183594 0.0466303 0.0250946 0.0250017 0.86043
-0.176875 0.0392261 0.0250979 0.0250019 0.86043
-0.170389 0.0316171 0.0251004 0.0250021 0.86043
-0.164106 0.0238395 0.025102 0.0250023 0.86043
-0.157993 0.0159283 0.0251027 0.0250025 0.86043
-0.152011 0.00791733 0.0251024 0.0250027 0.86043
-0.14612 -0.00016091 0.025101 0.0250028 0.86043
-0.140279 -0.00827461 0.0250984 0.025003 0.86043
-0.134444 -0.0163924 0.0250944 0.0250031 0.86043
-0.128571 -0.0244831 0.0250891 0.0250033 0.86043
-0.122618 -0.0325149 0.0250822 0.0250034 0.86043
-0.116544 -0.0404556 0.0250739 0.0250035 0.86043
-0.110311 -0.0482718 0.0250641 0.0250036 0.86043
-0.103884 -0.0559289 0.025053 0.0250036 0.86043
-0.097231 -0.063391 0.0250405 0.0250036 0.86043
-0.0903268 -0.0706211 0.0250269 0.0250036 0.86043
-0.0831503 -0.0775811 0.0250123 0.0250035 0.86043
-0.0756867 -0.0842323 0.0249971 0.0250033 0.86043
-0.0679273 -0.0905363 0.0249815 0.0250031 0.86043
-0.0598699 -0.0964548 0.0249658 0.0250028 0.86043
-0.0515185 -0.101951 0.0249502 0.0250025 0.86043
-0.0428837 -0.106991 0.024935 0.0250022 0.86043
-0.0339816 -0.111543 0.0249206 0.0250018 0.86043
-0.0248337 -0.11558 0.024907 0.0250014 0.86043
-0.015466 -0.119076 0.0248946 0.0250009 0.86043
-0.00590826 -0.122016 0.0248836 0.0250005 0.86043
0.003807 -0.124384 0.0248742 0.025 0.86043
0.0136456 -0.126175 0.0248666 0.0249995 0.86043
0.0235726 -0.127385 0.024861 0.024999 0.86043
0.0335534 -0.12802 0.0248575 0.0249985 0.86043
0.0435546 -0.128088 0.0248562 0.024998 0.86043
0.0535446 -0.127604 0.0248573 0.0249976 0.86043
0.0634947 -0.126584 0.0248608 0.0249971 0.86043
0.073379 -0.125052 0.0248664 0.0249967 0.86043
0.0831754 -0.12303 0.0248743 0.0249964 0.86043
0.0928652 -0.120547 0.0248841 0.0249961 0.86043
0.102434 -0.117629 0.0248956 0.0249958 0.86043
0.111869 -0.114307 0.0249087 0.0249957 0.86043
0.121165 -0.11061 0.024923 0.0249955 0.86043
0.130315 -0.106568 0.0249383 0.0249954 0.86043
0.13932 -0.10221 0.0249543 0.0249953 0.86043
0.148179 -0.0975643 0.0249706 0.0249953 0.86043
0.156898 -0.0926588 0.0249869 0.0249953 0.86043
0.165481 -0.0875198 0.0250028 0.0249954 0.86043
0.173935 -0.0821722 0.0250181 0.0249954 0.86043
0.182269 -0.0766396 0.0250323 0.0249955 0.86043
0.190493 -0.0709441 0.0250453 0.0249957 0.86043
0.198617 -0.0651068 0.0250568 0.0249958 0.86043
0.206651 -0.0591474 0.0250665 0.024996 0.86043
0.214608 -0.0530847 0.0250742 0.0249961 0.86043
0.222498 -0.0469363 0.0250798 0.0249963 0.86043
0.230334 -0.0407192 0.0250831 0.0249965 0.86043
0.238128 -0.0344495 0.025084 0.0249967 0.86043
0.245892 -0.0281427 0.0250824 0.0249969 0.86043
0.253638 -0.0218137 0.0250784 0.0249971 0.86043
0.261376 -0.0154769 0.025072 0.0249973 0.86043
0.26912 -0.00914606 0.0250631 0.0249975 0.86043
0.276879 -0.00283481 0.025052 0.0249976 0.86043
0.284665 0.00344376 0.0250386 0.0249978 0.86043
0.292487 0.00967687 0.0250232 0.0249979 0.86043
0.300354 0.0158521 0.0250058 0.0249981 0.86043
0.308276 0.0219574 0.0249866 0.0249982 0.86043
0.31626 0.0279812 0.0249658 0.0249983 0.86043
0.324313 0.0339124 0.0249436 0.0249984 0.86043
0.33244 0.0397406 0.0249202 0.0249986 0.86043
0.340647 0.0454561 0.0248957 0.0249987 0.86043
0.348937 0.0510504 0.0248704 0.0249988 0.86043
0.357313 0.0565157 0.0248443 0.0249989 0.86043
0.365775 0.0618456 0.0248177 0.024999 0.86043
0.374323 0.0670354 0.0247907 0.0249991 0.86043
0.382957 0.0720831 0.0247633 0.0249992 0.86043
0.391671 0.0769895 0.0247358 0.0249994 0.86043
0.40046 0.0817602 0.0247082 0.0249995 0.86043
0.409315 0.0864076 0.0246805 0.0249997 0.86043
0.418221 0.0909565 0.0246528 0.0249998 0.86043
0.42713 0.0954969 0.0246251 0.0249999 0.86043
