-1.78352 -0.14876 0.0248161 0.025 3.44172
-1.77597 -0.155315 0.0248308 0.0250001 3.44172
-1.76832 -0.161754 0.0248456 0.0250002 3.44172
-1.76054 -0.168035 0.0248605 0.0250002 3.44172
-1.7526 -0.174116 0.0248752 0.0250003 3.44172
-1.74448 -0.179953 0.0248898 0.0250004 3.44172
-1.73616 -0.185498 0.0249042 0.0250005 3.44172
-1.72762 -0.190703 0.0249182 0.0250005 3.44172
-1.71885 -0.195518 0.0249317 0.0250006 3.44172
-1.70986 -0.199891 0.0249446 0.0250006 3.44172
-1.70065 -0.203773 0.0249568 0.0250006 3.44172
-1.69122 -0.207113 0.0249681 0.0250006 3.44172
-1.68161 -0.209862 0.0249785 0.0250005 3.44172
-1.67183 -0.211976 0.0249879 0.0250005 3.44172
-1.66194 -0.213416 0.0249963 0.0250004 3.44172
-1.65196 -0.214147 0.0250036 0.0250002 3.44172
-1.64196 -0.214143 0.02501 0.0250001 3.44172
-1.63199 -0.213386 0.0250156 0.0249999 3.44172
-1.62211 -0.211866 0.0250204 0.0249997 3.44172
-1.61237 -0.209586 0.0250246 0.0249995 3.44172
-1.60284 -0.206554 0.0250283 0.0249994 3.44172
-1.59358 -0.202789 0.0250316 0.0249993 3.44172
-1.58463 -0.19832 0.0250344 0.0249992 3.44172
-1.57605 -0.193183 0.0250369 0.0249991 3.44172
-1.56788 -0.187421 0.0250391 0.024999 3.44172
-1.56014 -0.181082 0.025041 0.024999 3.44172
-1.55287 -0.174219 0.0250425 0.024999 3.44172
-1.54607 -0.166886 0.0250437 0.024999 3.44172
-1.53974 -0.159138 0.0250445 0.0249991 3.44172
-1.53389 -0.151029 0.0250448 0.0249991 3.44172
-1.52849 -0.142612 0.0250445 0.0249992 3.44172
-1.52352 -0.133936 0.0250436 0.0249993 3.44172
-1.51893 -0.125047 0.0250421 0.0249994 3.44172
-1.5147 -0.115985 0.0250398 0.0249995 3.44172
-1.51078 -0.106787 0.0250366 0.0249997 3.44172
-1.50711 -0.0974852 0.0250326 0.0249998 3.44172
-1.50363 -0.0881082 0.0250275 0.0249999 3.44172
-1.5003 -0.0786809 0.0250214 0.0250001 3.44172
-1.49704 -0.0692262 0.0250143 0.0250002 3.44172
-1.4938 -0.0597654 0.025006 0.0250004 3.44172
-1.49052 -0.0503194 0.0249966 0.0250005 3.44172
-1.48714 -0.0409095 0.0249862 0.0250007 3.44172
-1.4836 -0.0315586 0.0249746 0.0250008 3.44172
-1.47984 -0.0222918 0.0249621 0.0250009 3.44172
-1.47582 -0.013137 0.0249486 0.025001 3.44172
-1.47148 -0.00412571 0.0249343 0.025001 3.44172
-1.4668 0.00470735 0.0249193 0.025001 3.44172
-1.46172 0.0133238 0.0249037 0.0250011 3.44172
-1.45624 0.0216821 0.0248877 0.025001 3.44172
-1.45031 0.0297382 0.0248714 0.025001 3.44172
-1.44394 0.0374459 0.024855 0.0250009 3.44172
-1.43712 0.0447584 0.0248388 0.0250008 3.44172
-1.42986 0.0516289 0.0248228 0.0250006 3.44172
-1.42216 0.0580119 0.0248074 0.0250005 3.44172
-1.41405 0.0638646 0.0247927 0.0250003 3.44172
-1.40556 0.0691476 0.0247788 0.025 3.44172
-1.39672 0.0738261 0.024766 0.0249998 3.44172
-1.38758 0.0778709 0.0247545 0.0249995 3.44172
-1.37817 0.0812587 0.0247443 0.0249992 3.44172
-1.36854 0.0839728 0.0247356 0.0249989 3.44172
-1.35875 0.086003 0.0247285 0.0249986 3.44172
-1.34884 0.0873459 0.024723 0.0249983 3.44172
-1.33886 0.0880042 0.0247193 0.024998 3.44172
-1.32886 0.0879868 0.0247173 0.0249977 3.44172
-1.31888 0.0873078 0.0247171 0.0249974 3.44172
-1.30896 0.085986 0.0247187 0.0249971 3.44172
-1.29915 0.0840441 0.0247221 0.0249968 3.44172
-1.28948 0.0815083 0.0247272 0.0249965 3.44172
-1.27997 0.0784071 0.024734 0.0249963 3.44172
-1.27065 0.0747703 0.0247424 0.0249961 3.44172
-1.26154 0.0706285 0.0247524 0.024996 3.44172
-1.25267 0.066013 0.0247637 0.0249959 3.44172
-1.24404 0.0609547 0.0247761 0.0249958 3.44172
-1.23566 0.0554845 0.0247896 0.0249958 3.44172
-1.22755 0.0496327 0.0248039 0.0249958 3.44172
-1.2197 0.0434288 0.0248187 0.0249958 3.44172
-1.21212 0.0369015 0.0248338 0.0249959 3.44172
-1.20481 0.0300782 0.0248491 0.024996 3.44172
-1.19775 0.0229854 0.0248642 0.0249961 3.44172
-1.19095 0.015648 0.0248791 0.0249962 3.44172
-1.1844 0.00808993 0.0248935 0.0249964 3.44172
-1.17809 0.000333547 0.0249072 0.0249965 3.44172
-1.17199 -0.00760002 0.02492 0.0249967 3.44172
-1.16611 -0.015691 0.0249319 0.0249969 3.44172
-1.16043 -0.0239208 0.0249427 0.0249971 3.44172
-1.15492 -0.0322723 0.0249523 0.0249973 3.44172
-1.14958 -0.0407293 0.0249606 0.0249976 3.44172
-1.14439 -0.0492768 0.0249676 0.0249978 3.44172
-1.13932 -0.057901 0.0249733 0.024998 3.44172
-1.13437 -0.0665889 0.0249777 0.0249982 3.44172
-1.12951 -0.0753285 0.0249808 0.0249984 3.44172
-1.12472 -0.0841089 0.0249827 0.0249986 3.44172
-1.11999 -0.0929193 0.0249834 0.0249988 3.44172
-1.11529 -0.10175 0.0249831 0.024999 3.44172
-1.11062 -0.110591 0.0249819 0.0249991 3.44172
-1.10595 -0.119435 0.0249798 0.0249993 3.44172
-1.10127 -0.128274 0.0249772 0.0249994 3.44172
-1.09657 -0.137101 0.0249741 0.0249996 3.44172
-1.09184 -0.145913 0.0249706 0.0249997 3.44172
-1.08708 -0.154708 0.0249669 0.0249999 3.44172
-1.08232 -0.163501 0.024963 0.0249999 3.44172
