-2.67264 -0.0634263 0.0248397 0.025 4.94247
-2.66593 -0.0560045 0.0248519 0.0250001 4.94247
-2.65912 -0.0486857 0.0248641 0.0250002 4.94247
-2.65216 -0.0415065 0.0248764 0.0250002 4.94247
-2.64502 -0.0345057 0.0248886 0.0250003 4.94247
-2.63767 -0.0277244 0.0249006 0.0250004 4.94247
-2.63009 -0.0212064 0.0249123 0.0250004 4.94247
-2.62225 -0.0149979 0.0249237 0.0250005 4.94247
-2.61414 -0.00914756 0.0249345 0.0250006 4.94247
-2.60575 -0.00370559 0.0249447 0.0250006 4.94247
-2.59708 0.00127668 0.0249542 0.0250006 4.94247
-2.58813 0.00574785 0.0249627 0.0250006 4.94247
-2.57893 0.00965758 0.0249704 0.0250006 4.94247
-2.56949 0.0129579 0.0249771 0.0250005 4.94247
-2.55985 0.0156044 0.0249828 0.0250004 4.94247
-2.55004 0.017558 0.0249876 0.0250003 4.94247
-2.54012 0.0187858 0.0249915 0.0250001 4.94247
-2.53013 0.0192631 0.0249948 0.0249999 4.94247
-2.52013 0.0189735 0.0249974 0.0249998 4.94247
-2.51019 0.0179096 0.0249996 0.0249996 4.94247
-2.50036 0.0160734 0.0250015 0.0249995 4.94247
-2.4907 0.0134769 0.0250031 0.0249993 4.94247
-2.48127 0.010141 0.0250046 0.0249993 4.94247
-2.47213 0.00609544 0.0250059 0.0249992 4.94247
-2.46331 0.0013778 0.0250072 0.0249991 4.94247
-2.45486 -0.003968 0.0250083 0.0249991 4.94247
-2.4468 -0.00989296 0.0250094 0.0249991 4.94247
-2.43916 -0.0163445 0.0250103 0.0249991 4.94247
-2.43194 -0.0232683 0.0250111 0.0249991 4.94247
-2.42515 -0.0306091 0.0250117 0.0249992 4.94247
-2.41878 -0.038313 0.0250119 0.0249992 4.94247
-2.41279 -0.0463278 0.0250118 0.0249993 4.94247
-2.40718 -0.054604 0.0250113 0.0249994 4.94247
-2.4019 -0.063096 0.0250101 0.0249995 4.94247
-2.39691 -0.0717615 0.0250083 0.0249996 4.94247
-2.39216 -0.0805621 0.0250058 0.0249998 4.94247
-2.3876 -0.0894629 0.0250024 0.0249999 4.94247
-2.38318 -0.0984319 0.0249981 0.025 4.94247
-2.37883 -0.107439 0.0249928 0.0250002 4.94247
-2.37451 -0.116456 0.0249865 0.0250003 4.94247
-2.37015 -0.125456 0.0249791 0.0250005 4.94247
-2.3657 -0.134409 0.0249705 0.0250006 4.94247
-2.3611 -0.143287 0.0249608 0.0250008 4.94247
-2.3563 -0.152058 0.0249501 0.0250009 4.94247
-2.35125 -0.160689 0.0249382 0.025001 4.94247
-2.34591 -0.169144 0.0249254 0.025001 4.94247
-2.34024 -0.177382 0.0249117 0.0250011 4.94247
-2.33422 -0.185362 0.0248973 0.0250011 4.94247
-2.32781 -0.193041 0.0248822 0.0250011 4.94247
-2.32101 -0.20037 0.0248667 0.0250011 4.94247
-2.31381 -0.207305 0.0248509 0.025001 4.94247
-2.3062 -0.213797 0.0248351 0.0250009 4.94247
-2.2982 -0.2198 0.0248194 0.0250008 4.94247
-2.28984 -0.225272 0.0248041 0.0250006 4.94247
-2.28112 -0.23017 0.0247893 0.0250004 4.94247
-2.27208 -0.234461 0.0247753 0.0250002 4.94247
-2.26278 -0.238112 0.0247623 0.0249999 4.94247
-2.25323 -0.241099 0.0247505 0.0249997 4.94247
-2.2435 -0.243403 0.0247399 0.0249994 4.94247
-2.23363 -0.245014 0.0247309 0.0249991 4.94247
-2.22367 -0.245926 0.0247234 0.0249987 4.94247
-2.21367 -0.246142 0.0247177 0.0249984 4.94247
-2.20368 -0.245669 0.0247137 0.0249981 4.94247
-2.19375 -0.244522 0.0247116 0.0249978 4.94247
-2.18391 -0.242719 0.0247113 0.0249975 4.94247
-2.17421 -0.240283 0.024713 0.0249972 4.94247
-2.16468 -0.237242 0.0247165 0.0249969 4.94247
-2.15535 -0.233625 0.0247219 0.0249966 4.94247
-2.14626 -0.229464 0.0247292 0.0249964 4.94247
-2.13741 -0.224791 0.0247382 0.0249962 4.94247
-2.12884 -0.21964 0.0247488 0.024996 4.94247
-2.12055 -0.214042 0.0247609 0.0249959 4.94247
-2.11255 -0.208031 0.0247743 0.0249958 4.94247
-2.10486 -0.201639 0.0247888 0.0249958 4.94247
-2.09747 -0.194896 0.0248041 0.0249958 4.94247
-2.09038 -0.187832 0.0248202 0.0249958 4.94247
-2.08361 -0.180476 0.0248366 0.0249959 4.94247
-2.07713 -0.172856 0.0248532 0.024996 4.94247
-2.07094 -0.164996 0.0248698 0.0249961 4.94247
-2.06503 -0.156922 0.0248862 0.0249962 4.94247
-2.0594 -0.148655 0.0249021 0.0249964 4.94247
-2.05403 -0.140218 0.0249174 0.0249965 4.94247
-2.0489 -0.13163 0.0249319 0.0249967 4.94247
-2.044 -0.122909 0.0249455 0.0249969 4.94247
-2.03931 -0.114072 0.024958 0.0249971 4.94247
-2.03483 -0.105134 0.0249693 0.0249973 4.94247
-2.03051 -0.0961093 0.0249794 0.0249975 4.94247
-2.02636 -0.0870112 0.0249882 0.0249978 4.94247
-2.02234 -0.0778513 0.0249956 0.024998 4.94247
-2.01844 -0.0686402 0.0250018 0.0249982 4.94247
-2.01465 -0.0593879 0.0250067 0.0249984 4.94247
-2.01093 -0.0501031 0.0250104 0.0249986 4.94247
-2.00727 -0.0407944 0.0250129 0.0249988 4.94247
-2.00366 -0.0314696 0.0250144 0.0249989 4.94247
-2.00007 -0.0221357 0.0250149 0.0249991 4.94247
-1.99648 -0.0127994 0.0250147 0.0249993 4.94247
-1.99289 -0.00346652 0.0250139 0.0249994 4.94247
-1.98928 0.00585813 0.0250126 0.0249996 4.94247
-1.98563 0.0151711 0.0250109 0.0249997 4.94247
-1.98196 0.0244718 0.025009 0.0249999 4.94247
-1.97828 0.0337709 0.025007 0.0249999 4.94247
