-0.657957 0.0221369 0.0249872 0.0250001 1.56078
-0.652286 0.0139004 0.0249896 0.0250001 1.56078
-0.646687 0.00561487 0.0249919 0.0250002 1.56078
-0.641156 -0.00271616 0.0249941 0.0250004 1.56078
-0.635681 -0.0110834 0.0249962 0.0250005 1.56078
-0.63024 -0.0194733 0.0249979 0.0250006 1.56078
-0.624809 -0.0278693 0.0249992 0.0250008 1.56078
-0.619357 -0.0362518 0.0249999 0.0250009 1.56078
-0.613852 -0.0445989 0.025 0.0250011 1.56078
-0.608257 -0.0528859 0.0249994 0.0250012 1.56078
-0.602534 -0.0610854 0.024998 0.0250014 1.56078
-0.596647 -0.0691672 0.0249957 0.0250015 1.56078
-0.590557 -0.0770978 0.0249927 0.0250016 1.56078
-0.584231 -0.0848404 0.0249889 0.0250016 1.56078
-0.577634 -0.0923543 0.0249845 0.0250016 1.56078
-0.570739 -0.0995956 0.0249796 0.0250016 1.56078
-0.563523 -0.106517 0.0249743 0.0250016 1.56078
-0.555969 -0.113068 0.0249691 0.0250015 1.56078
-0.548067 -0.119194 0.024964 0.0250014 1.56078
-0.539816 -0.124842 0.0249594 0.0250013 1.56078
-0.531222 -0.129953 0.0249555 0.0250012 1.56078
-0.522303 -0.134473 0.0249525 0.025001 1.56078
-0.513085 -0.138348 0.0249505 0.0250008 1.56078
-0.503604 -0.141527 0.0249498 0.0250006 1.56078
-0.493906 -0.143965 0.0249505 0.0250004 1.56078
-0.484045 -0.145624 0.0249527 0.0250002 1.56078
-0.474082 -0.146474 0.0249563 0.025 1.56078
-0.464081 -0.146494 0.0249613 0.0249998 1.56078
-0.454115 -0.145676 0.0249678 0.0249996 1.56078
-0.444252 -0.144022 0.0249754 0.0249994 1.56078
-0.434564 -0.141542 0.0249841 0.0249993 1.56078
-0.425116 -0.138263 0.0249937 0.0249991 1.56078
-0.41597 -0.134218 0.0250039 0.0249991 1.56078
-0.407179 -0.12945 0.0250143 0.024999 1.56078
-0.398788 -0.124008 0.0250247 0.024999 1.56078
-0.390832 -0.117949 0.0250347 0.0249991 1.56078
-0.383334 -0.111332 0.0250441 0.0249991 1.56078
-0.376306 -0.104217 0.0250524 0.0249992 1.56078
-0.36975 -0.0966645 0.0250594 0.0249993 1.56078
-0.363658 -0.088734 0.0250648 0.0249993 1.56078
-0.358009 -0.0804817 0.0250686 0.0249994 1.56078
-0.352775 -0.0719601 0.0250706 0.0249994 1.56078
-0.347921 -0.0632169 0.0250709 0.0249995 1.56078
-0.343403 -0.0542954 0.0250694 0.0249995 1.56078
-0.339173 -0.0452335 0.0250662 0.0249996 1.56078
-0.335179 -0.0360653 0.0250613 0.0249997 1.56078
-0.331367 -0.0268203 0.025055 0.0249997 1.56078
-0.327679 -0.017525 0.0250473 0.0249999 1.56078
-0.324059 -0.00820314 0.0250383 0.025 1.56078
-0.32045 0.001123 0.0250281 0.0250001 1.56078
-0.316798 0.0104318 0.0250169 0.0250003 1.56078
-0.313047 0.0197016 0.0250046 0.0250004 1.56078
-0.309148 0.0289097 0.0249916 0.0250006 1.56078
-0.305053 0.0380321 0.0249778 0.0250008 1.56078
-0.300718 0.0470427 0.0249633 0.0250009 1.56078
-0.296103 0.0559132 0.0249483 0.0250011 1.56078
-0.291174 0.064613 0.0249328 0.0250013 1.56078
-0.285902 0.0731092 0.024917 0.0250015 1.56078
-0.280264 0.081367 0.0249009 0.0250016 1.56078
-0.274244 0.0893497 0.0248846 0.0250018 1.56078
-0.267829 0.0970195 0.0248682 0.025002 1.56078
-0.261017 0.104338 0.0248518 0.0250021 1.56078
-0.25381 0.111268 0.0248355 0.0250023 1.56078
-0.246215 0.11777 0.0248192 0.0250024 1.56078
-0.238248 0.12381 0.0248033 0.0250024 1.56078
-0.229927 0.129354 0.0247876 0.0250025 1.56078
-0.221278 0.134369 0.0247724 0.0250025 1.56078
-0.21233 0.138829 0.0247578 0.0250025 1.56078
-0.203115 0.142708 0.0247437 0.0250025 1.56078
-0.19367 0.145986 0.0247305 0.0250024 1.56078
-0.184032 0.148646 0.0247181 0.0250024 1.56078
-0.174242 0.150676 0.0247067 0.0250022 1.56078
-0.164341 0.152068 0.0246965 0.0250021 1.56078
-0.154371 0.152817 0.0246875 0.0250019 1.56078
-0.144373 0.152924 0.0246799 0.0250017 1.56078
-0.134389 0.152394 0.0246739 0.0250015 1.56078
-0.124457 0.151234 0.0246695 0.0250012 1.56078
-0.114617 0.149458 0.024667 0.0250009 1.56078
-0.104904 0.147081 0.0246664 0.0250006 1.56078
-0.0953523 0.144122 0.0246679 0.0250003 1.56078
-0.0859919 0.140604 0.0246716 0.025 1.56078
-0.0768501 0.13655 0.0246775 0.0249997 1.56078
-0.0679509 0.131989 0.0246857 0.0249995 1.56078
-0.0593147 0.126946 0.0246963 0.0249992 1.56078
-0.0509581 0.121452 0.0247092 0.024999 1.56078
-0.0428941 0.115537 0.0247243 0.0249988 1.56078
-0.0351316 0.109231 0.0247415 0.0249986 1.56078
-0.0276759 0.102565 0.0247607 0.0249985 1.56078
-0.0205283 0.0955698 0.0247817 0.0249984 1.56078
-0.0136865 0.088275 0.0248045 0.0249984 1.56078
-0.00714447 0.08071 0.0248287 0.0249984 1.56078
-0.000892816 0.0729035 0.0248541 0.0249984 1.56078
0.00508137 0.0648826 0.0248807 0.0249984 1.56078
0.0107942 0.0566736 0.024908 0.0249985 1.56078
0.0162649 0.0483015 0.0249361 0.0249987 1.56078
0.0215157 0.0397898 0.0249645 0.0249988 1.56078
0.0265721 0.0311614 0.0249933 0.024999 1.56078
0.0314628 0.0224382 0.0250222 0.0249992 1.56078
0.0362206 0.013642 0.0250511 0.0249995 1.56078
0.0408857 0.00479654 0.0250799 0.0249997 1.56078
0.0455474 -0.00405052 0.0251086 0.0249999 1.56078
