-1.63326 -0.217266 0.0248781 0.0250001 3.24162
-1.62426 -0.212905 0.0248803 0.0250001 3.24162
-1.61541 -0.208253 0.0248824 0.0250003 3.24162
-1.60674 -0.203262 0.0248846 0.0250004 3.24162
-1.5983 -0.197901 0.0248869 0.0250005 3.24162
-1.59012 -0.192154 0.0248893 0.0250006 3.24162
-1.58222 -0.186016 0.0248918 0.0250007 3.24162
-1.57465 -0.179489 0.0248946 0.0250008 3.24162
-1.56741 -0.172585 0.0248977 0.0250009 3.24162
-1.56054 -0.165322 0.0249011 0.0250011 3.24162
-1.55404 -0.157722 0.0249048 0.0250012 3.24162
-1.54793 -0.149812 0.0249087 0.0250014 3.24162
-1.54219 -0.141623 0.024913 0.0250015 3.24162
-1.53683 -0.133184 0.0249175 0.0250017 3.24162
-1.53182 -0.124528 0.0249223 0.0250018 3.24162
-1.52715 -0.115687 0.0249273 0.025002 3.24162
-1.52279 -0.106689 0.0249324 0.0250021 3.24162
-1.51871 -0.0975626 0.0249376 0.0250023 3.24162
-1.51486 -0.088335 0.0249428 0.0250024 3.24162
-1.5112 -0.07903 0.024948 0.0250026 3.24162
-1.50769 -0.0696702 0.024953 0.0250027 3.24162
-1.50427 -0.0602767 0.0249579 0.0250028 3.24162
-1.50088 -0.0508697 0.0249624 0.025003 3.24162
-1.49748 -0.0414697 0.0249666 0.0250031 3.24162
-1.494 -0.0320974 0.0249703 0.0250032 3.24162
-1.49038 -0.0227755 0.0249735 0.0250033 3.24162
-1.48658 -0.013529 0.0249761 0.0250034 3.24162
-1.48254 -0.00438627 0.0249781 0.0250034 3.24162
-1.4782 0.0046204 0.0249794 0.0250034 3.24162
-1.47352 0.0134542 0.0249799 0.0250034 3.24162
-1.46845 0.0220735 0.0249798 0.0250034 3.24162
-1.46297 0.0304321 0.024979 0.0250032 3.24162
-1.45704 0.0384792 0.0249775 0.0250031 3.24162
-1.45064 0.0461603 0.0249754 0.0250029 3.24162
-1.44376 0.0534183 0.0249729 0.0250026 3.24162
-1.43641 0.0601946 0.0249698 0.0250023 3.24162
-1.4286 0.0664308 0.0249665 0.0250019 3.24162
-1.42034 0.0720704 0.024963 0.0250015 3.24162
-1.41167 0.0770607 0.0249596 0.025001 3.24162
-1.40264 0.0813544 0.0249562 0.0250005 3.24162
-1.3933 0.0849116 0.0249532 0.0249999 3.24162
-1.38369 0.0877009 0.0249507 0.0249993 3.24162
-1.3739 0.0897006 0.0249489 0.0249987 3.24162
-1.36397 0.0908997 0.024948 0.024998 3.24162
-1.35397 0.0912975 0.0249481 0.0249975 3.24162
-1.34398 0.0909036 0.0249493 0.0249969 3.24162
-1.33404 0.0897372 0.0249518 0.0249964 3.24162
-1.32422 0.0878261 0.0249555 0.024996 3.24162
-1.31457 0.0852056 0.0249604 0.0249956 3.24162
-1.30512 0.0819171 0.0249664 0.0249953 3.24162
-1.29591 0.0780066 0.0249734 0.024995 3.24162
-1.28697 0.0735232 0.0249812 0.0249948 3.24162
-1.27831 0.0685178 0.0249898 0.0249947 3.24162
-1.26994 0.0630419 0.024999 0.0249946 3.24162
-1.26185 0.0571462 0.0250084 0.0249946 3.24162
-1.25406 0.0508799 0.0250181 0.0249946 3.24162
-1.24653 0.0442902 0.0250277 0.0249947 3.24162
-1.23925 0.0374217 0.0250372 0.0249948 3.24162
-1.23221 0.0303159 0.0250462 0.0249949 3.24162
-1.22538 0.0230115 0.0250548 0.024995 3.24162
-1.21872 0.0155442 0.0250627 0.0249952 3.24162
-1.21221 0.00794691 0.02507 0.0249953 3.24162
-1.20582 0.000249943 0.0250764 0.0249955 3.24162
-1.19952 -0.00751863 0.025082 0.0249956 3.24162
-1.19327 -0.0153327 0.0250867 0.0249958 3.24162
-1.18705 -0.0231678 0.0250906 0.0249959 3.24162
-1.18083 -0.0310009 0.0250935 0.024996 3.24162
-1.17458 -0.03881 0.0250956 0.024996 3.24162
-1.16827 -0.0465737 0.0250967 0.0249961 3.24162
-1.16189 -0.0542713 0.0250969 0.0249961 3.24162
-1.15539 -0.0618824 0.0250959 0.0249961 3.24162
-1.14878 -0.0693865 0.0250936 0.0249962 3.24162
-1.14202 -0.0767634 0.0250896 0.0249963 3.24162
-1.13511 -0.0839924 0.0250838 0.0249964 3.24162
-1.12802 -0.0910532 0.0250758 0.0249966 3.24162
-1.12076 -0.0979251 0.0250654 0.0249968 3.24162
-1.1133 -0.104588 0.0250525 0.024997 3.24162
-1.10564 -0.11102 0.025037 0.0249972 3.24162
-1.09777 -0.117202 0.0250188 0.0249973 3.24162
-1.08971 -0.123114 0.024998 0.0249975 3.24162
-1.08143 -0.128736 0.0249745 0.0249976 3.24162
-1.07296 -0.134049 0.0249486 0.0249977 3.24162
-1.06429 -0.139036 0.0249204 0.0249978 3.24162
-1.05543 -0.14368 0.0248902 0.0249979 3.24162
-1.04639 -0.147966 0.0248583 0.0249979 3.24162
-1.03719 -0.15188 0.0248248 0.024998 3.24162
-1.02783 -0.155411 0.0247903 0.024998 3.24162
-1.01834 -0.158549 0.0247548 0.0249981 3.24162
-1.00872 -0.161288 0.0247188 0.0249981 3.24162
-0.998992 -0.163621 0.0246823 0.0249982 3.24162
-0.989178 -0.165548 0.0246458 0.0249983 3.24162
-0.979293 -0.167069 0.0246092 0.0249984 3.24162
-0.969355 -0.168189 0.0245728 0.0249985 3.24162
-0.95938 -0.168918 0.0245366 0.0249986 3.24162
-0.949386 -0.169269 0.0245008 0.0249988 3.24162
-0.939385 -0.169261 0.0244654 0.0249989 3.24162
-0.92939 -0.168918 0.0244302 0.0249991 3.24162
-0.91941 -0.168273 0.0243954 0.0249993 3.24162
-0.909451 -0.167369 0.0243609 0.0249995 3.24162
-0.899511 -0.166271 0.0243266 0.0249998 3.24162
-0.889573 -0.16516 0.0242924 0.0249999 3.24162
