-0.819907 0.124399 0.0250596 0.0250001 1.8009
-0.809915 0.124805 0.0250593 0.0250001 1.8009
-0.799916 0.124887 0.025059 0.0250002 1.8009
-0.789921 0.124576 0.0250587 0.0250003 1.8009
-0.77995 0.123816 0.0250585 0.0250004 1.8009
-0.770029 0.122564 0.0250583 0.0250004 1.8009
-0.760189 0.120785 0.0250582 0.0250005 1.8009
-0.750465 0.118455 0.0250583 0.0250005 1.8009
-0.740894 0.115559 0.0250585 0.0250005 1.8009
-0.731515 0.11209 0.0250591 0.0250006 1.8009
-0.722368 0.10805 0.0250599 0.0250006 1.8009
-0.713489 0.103451 0.025061 0.0250007 1.8009
-0.704913 0.0983093 0.0250624 0.0250008 1.8009
-0.696668 0.0926508 0.0250641 0.0250008 1.8009
-0.68878 0.086506 0.025066 0.0250009 1.8009
-0.681265 0.07991 0.0250681 0.025001 1.8009
-0.674133 0.0729016 0.0250703 0.0250011 1.8009
-0.667386 0.0655216 0.0250726 0.0250012 1.8009
-0.661019 0.0578117 0.0250748 0.0250013 1.8009
-0.655019 0.0498137 0.0250767 0.0250015 1.8009
-0.649363 0.0415682 0.0250784 0.0250016 1.8009
-0.644024 0.0331144 0.0250797 0.0250017 1.8009
-0.638966 0.0244892 0.0250804 0.0250019 1.8009
-0.634151 0.0157269 0.0250804 0.025002 1.8009
-0.629531 0.00686001 0.0250796 0.0250022 1.8009
-0.625057 -0.00208153 0.0250778 0.0250023 1.8009
-0.620677 -0.0110691 0.0250751 0.0250025 1.8009
-0.616336 -0.0200752 0.0250712 0.0250026 1.8009
-0.611976 -0.0290725 0.0250661 0.0250028 1.8009
-0.607542 -0.0380331 0.0250597 0.0250029 1.8009
-0.602976 -0.0469274 0.0250519 0.025003 1.8009
-0.598225 -0.0557239 0.0250429 0.0250031 1.8009
-0.593237 -0.064388 0.0250325 0.0250032 1.8009
-0.587963 -0.0728814 0.0250208 0.0250032 1.8009
-0.582362 -0.0811623 0.0250079 0.0250032 1.8009
-0.576397 -0.0891848 0.0249939 0.0250032 1.8009
-0.570038 -0.0968995 0.0249789 0.0250031 1.8009
-0.563265 -0.104254 0.0249631 0.0250029 1.8009
-0.556068 -0.111193 0.0249468 0.0250027 1.8009
-0.548445 -0.117662 0.02493 0.0250025 1.8009
-0.540404 -0.123604 0.0249131 0.0250022 1.8009
-0.531965 -0.128966 0.0248963 0.0250018 1.8009
-0.523157 -0.133698 0.02488 0.0250014 1.8009
-0.514018 -0.137755 0.0248643 0.0250009 1.8009
-0.504594 -0.141098 0.0248496 0.0250005 1.8009
-0.494938 -0.143697 0.024836 0.0249999 1.8009
-0.485107 -0.14553 0.024824 0.0249994 1.8009
-0.475162 -0.146584 0.0248137 0.0249988 1.8009
-0.465165 -0.146858 0.0248053 0.0249983 1.8009
-0.455176 -0.146357 0.024799 0.0249977 1.8009
-0.445253 -0.145099 0.0247949 0.0249972 1.8009
-0.435451 -0.143107 0.0247933 0.0249967 1.8009
-0.425817 -0.140414 0.0247941 0.0249963 1.8009
-0.416395 -0.137056 0.0247974 0.0249959 1.8009
-0.407218 -0.133075 0.0248031 0.0249955 1.8009
-0.398313 -0.128516 0.0248111 0.0249952 1.8009
-0.389701 -0.123425 0.0248213 0.024995 1.8009
-0.381394 -0.117851 0.0248335 0.0249948 1.8009
-0.373398 -0.111839 0.0248476 0.0249947 1.8009
-0.36571 -0.105437 0.0248632 0.0249946 1.8009
-0.358326 -0.0986871 0.0248802 0.0249946 1.8009
-0.351233 -0.0916318 0.0248982 0.0249945 1.8009
-0.344416 -0.0843098 0.0249171 0.0249946 1.8009
-0.337855 -0.0767571 0.0249364 0.0249946 1.8009
-0.331529 -0.0690066 0.024956 0.0249947 1.8009
-0.325415 -0.0610886 0.0249755 0.0249947 1.8009
-0.319486 -0.0530304 0.0249946 0.0249949 1.8009
-0.313718 -0.0448568 0.025013 0.024995 1.8009
-0.308083 -0.0365904 0.0250303 0.0249951 1.8009
-0.302557 -0.0282517 0.0250463 0.0249953 1.8009
-0.297112 -0.0198594 0.0250606 0.0249954 1.8009
-0.291724 -0.0114307 0.0250729 0.0249956 1.8009
-0.286369 -0.00298172 0.025083 0.0249958 1.8009
-0.281021 0.00547247 0.0250905 0.024996 1.8009
-0.27566 0.0139174 0.0250953 0.0249962 1.8009
-0.270262 0.0223391 0.0250971 0.0249964 1.8009
-0.264808 0.0307239 0.0250956 0.0249966 1.8009
-0.259277 0.0390584 0.0250909 0.0249968 1.8009
-0.253652 0.0473291 0.0250827 0.024997 1.8009
-0.247915 0.0555225 0.0250709 0.0249971 1.8009
-0.24205 0.0636251 0.0250556 0.0249973 1.8009
-0.236044 0.0716234 0.0250367 0.0249974 1.8009
-0.229885 0.0795035 0.0250142 0.0249976 1.8009
-0.22356 0.0872518 0.0249883 0.0249977 1.8009
-0.217061 0.0948548 0.024959 0.0249978 1.8009
-0.210382 0.102299 0.0249266 0.0249979 1.8009
-0.203516 0.109571 0.0248912 0.024998 1.8009
-0.196458 0.116658 0.024853 0.0249982 1.8009
-0.189207 0.123546 0.0248123 0.0249983 1.8009
-0.181762 0.130224 0.0247692 0.0249984 1.8009
-0.174124 0.13668 0.024724 0.0249985 1.8009
-0.166297 0.142906 0.0246771 0.0249987 1.8009
-0.158287 0.148894 0.0246285 0.0249988 1.8009
-0.1501 0.154638 0.0245786 0.024999 1.8009
-0.141747 0.160137 0.0245277 0.0249991 1.8009
-0.133238 0.165392 0.0244759 0.0249993 1.8009
-0.124589 0.170411 0.0244235 0.0249994 1.8009
-0.115814 0.175208 0.0243707 0.0249995 1.8009
-0.106935 0.179809 0.0243176 0.0249997 1.8009
-0.0979782 0.184255 0.0242644 0.0249998 1.8009
-0.0890161 0.188692 0.0242112 0.0249999 1.8009
