-0.685267 0.0684545 0.0251033 0.0250001 1.62081
-0.678864 0.0607739 0.0250921 0.0250002 1.62081
-0.672614 0.0529677 0.025081 0.0250004 1.62081
-0.666537 0.0450267 0.02507 0.0250006 1.62081
-0.66064 0.0369509 0.025059 0.0250008 1.62081
-0.654923 0.0287472 0.0250481 0.025001 1.62081
-0.649377 0.020427 0.0250374 0.0250012 1.62081
-0.643987 0.012005 0.025027 0.0250013 1.62081
-0.638732 0.00349852 0.0250169 0.0250015 1.62081
-0.633585 -0.00507368 0.0250072 0.0250017 1.62081
-0.628515 -0.0136913 0.024998 0.0250018 1.62081
-0.623485 -0.0223327 0.0249893 0.025002 1.62081
-0.618458 -0.0309753 0.0249812 0.0250021 1.62081
-0.613391 -0.0395946 0.0249737 0.0250022 1.62081
-0.608242 -0.0481648 0.024967 0.0250022 1.62081
-0.602966 -0.0566575 0.0249611 0.0250023 1.62081
-0.597519 -0.0650419 0.024956 0.0250023 1.62081
-0.591859 -0.0732838 0.0249519 0.0250023 1.62081
-0.585946 -0.0813459 0.0249487 0.0250023 1.62081
-0.579742 -0.0891867 0.0249466 0.0250022 1.62081
-0.573216 -0.0967612 0.0249456 0.0250021 1.62081
-0.566341 -0.104021 0.0249458 0.025002 1.62081
-0.559097 -0.110912 0.0249471 0.0250019 1.62081
-0.551472 -0.11738 0.0249497 0.0250018 1.62081
-0.543464 -0.123367 0.0249535 0.0250016 1.62081
-0.53508 -0.128815 0.0249585 0.0250015 1.62081
-0.526336 -0.133664 0.0249647 0.0250013 1.62081
-0.517259 -0.13786 0.0249719 0.0250011 1.62081
-0.507889 -0.141349 0.02498 0.025001 1.62081
-0.498271 -0.144086 0.024989 0.0250008 1.62081
-0.488463 -0.146031 0.0249986 0.0250006 1.62081
-0.478527 -0.147154 0.0250087 0.0250005 1.62081
-0.468531 -0.147435 0.0250191 0.0250004 1.62081
-0.458547 -0.146866 0.0250295 0.0250003 1.62081
-0.448649 -0.145449 0.0250398 0.0250002 1.62081
-0.438905 -0.1432 0.0250497 0.0250002 1.62081
-0.429384 -0.140144 0.0250591 0.0250001 1.62081
-0.420146 -0.136315 0.0250676 0.025 1.62081
-0.411244 -0.131759 0.0250753 0.0249999 1.62081
-0.402721 -0.126527 0.0250818 0.0249998 1.62081
-0.394611 -0.120676 0.0250872 0.0249997 1.62081
-0.386936 -0.114266 0.0250915 0.0249995 1.62081
-0.379704 -0.107358 0.0250947 0.0249994 1.62081
-0.372917 -0.100014 0.025097 0.0249993 1.62081
-0.366562 -0.092292 0.0250984 0.0249991 1.62081
-0.36062 -0.0842478 0.0250992 0.024999 1.62081
-0.355063 -0.0759328 0.0250995 0.0249988 1.62081
-0.349857 -0.0673941 0.0250993 0.0249987 1.62081
-0.344959 -0.0586741 0.0250986 0.0249986 1.62081
-0.340327 -0.0498106 0.0250974 0.0249985 1.62081
-0.33591 -0.0408374 0.0250954 0.0249986 1.62081
-0.331659 -0.0317846 0.0250926 0.0249987 1.62081
-0.327523 -0.0226792 0.0250887 0.0249989 1.62081
-0.323449 -0.0135457 0.0250837 0.0249991 1.62081
-0.319387 -0.00440713 0.0250776 0.0249993 1.62081
-0.315288 0.00471449 0.0250702 0.0249995 1.62081
-0.311103 0.0137972 0.0250617 0.0249997 1.62081
-0.306789 0.0228187 0.0250519 0.0249998 1.62081
-0.302302 0.0317558 0.0250409 0.025 1.62081
-0.297605 0.0405839 0.0250286 0.0250002 1.62081
-0.292663 0.0492771 0.0250149 0.0250004 1.62081
-0.287446 0.0578079 0.0249999 0.0250006 1.62081
-0.281929 0.0661473 0.0249834 0.0250008 1.62081
-0.27609 0.0742652 0.0249657 0.025001 1.62081
-0.269916 0.0821302 0.0249469 0.0250012 1.62081
-0.263395 0.0897102 0.0249271 0.0250013 1.62081
-0.256522 0.0969727 0.0249064 0.0250015 1.62081
-0.249298 0.103885 0.024885 0.0250016 1.62081
-0.241726 0.110415 0.0248632 0.0250016 1.62081
-0.233817 0.116532 0.0248411 0.0250016 1.62081
-0.225583 0.122205 0.0248191 0.0250016 1.62081
-0.217044 0.127406 0.0247973 0.0250016 1.62081
-0.20822 0.13211 0.024776 0.0250015 1.62081
-0.199138 0.13629 0.0247555 0.0250015 1.62081
-0.189824 0.139928 0.0247361 0.0250013 1.62081
-0.18031 0.143003 0.024718 0.0250012 1.62081
-0.170628 0.145502 0.0247014 0.025001 1.62081
-0.160813 0.147413 0.0246866 0.0250008 1.62081
-0.1509 0.148727 0.0246738 0.0250006 1.62081
-0.140926 0.149442 0.0246632 0.0250004 1.62081
-0.130927 0.149556 0.0246548 0.0250001 1.62081
-0.120939 0.149074 0.024649 0.0249999 1.62081
-0.110996 0.148003 0.0246457 0.0249996 1.62081
-0.101133 0.146354 0.024645 0.0249994 1.62081
-0.0913796 0.144142 0.024647 0.0249992 1.62081
-0.0817664 0.141385 0.0246518 0.024999 1.62081
-0.0723193 0.138104 0.0246592 0.0249988 1.62081
-0.0630615 0.13432 0.0246692 0.0249986 1.62081
-0.0540128 0.130061 0.0246816 0.0249985 1.62081
-0.0451892 0.125353 0.0246963 0.0249985 1.62081
-0.0366027 0.120225 0.0247132 0.0249984 1.62081
-0.0282612 0.114707 0.0247319 0.0249984 1.62081
-0.0201681 0.108831 0.0247524 0.0249985 1.62081
-0.0123222 0.102629 0.0247742 0.0249986 1.62081
-0.00471768 0.0961333 0.0247973 0.0249987 1.62081
0.00265647 0.0893775 0.0248213 0.0249988 1.62081
0.00981657 0.0823953 0.024846 0.024999 1.62081
0.0167851 0.0752223 0.0248712 0.0249992 1.62081
0.0235923 0.0678962 0.0248966 0.0249995 1.62081
0.030281 0.0604619 0.0249222 0.0249997 1.62081
0.0369631 0.053022 0.0249478 0.0249999 1.62081
