-0.696379 0.0820907 0.0250858 0.0250001 1.64082
-0.689522 0.0748118 0.0250784 0.0250001 1.64082
-0.682834 0.0673769 0.0250711 0.0250003 1.64082
-0.676342 0.0597716 0.0250638 0.0250005 1.64082
-0.670059 0.0519924 0.0250566 0.0250006 1.64082
-0.663992 0.0440441 0.0250494 0.0250008 1.64082
-0.658139 0.0359369 0.0250422 0.025001 1.64082
-0.652491 0.0276852 0.0250351 0.0250012 1.64082
-0.647035 0.0193062 0.025028 0.0250014 1.64082
-0.641749 0.0108192 0.0250209 0.0250016 1.64082
-0.636605 0.00224484 0.0250139 0.0250019 1.64082
-0.631574 -0.0063955 0.0250069 0.025002 1.64082
-0.626619 -0.0150795 0.0250001 0.0250022 1.64082
-0.6217 -0.0237842 0.0249935 0.0250024 1.64082
-0.616776 -0.0324854 0.0249871 0.0250025 1.64082
-0.611802 -0.041158 0.024981 0.0250026 1.64082
-0.606731 -0.0497748 0.0249755 0.0250027 1.64082
-0.601519 -0.0583066 0.0249704 0.0250027 1.64082
-0.59612 -0.0667213 0.024966 0.0250027 1.64082
-0.590491 -0.0749835 0.0249623 0.0250027 1.64082
-0.58459 -0.0830543 0.0249594 0.0250026 1.64082
-0.578381 -0.090891 0.0249575 0.0250025 1.64082
-0.571834 -0.0984467 0.0249566 0.0250024 1.64082
-0.564922 -0.105671 0.0249568 0.0250023 1.64082
-0.557628 -0.112509 0.024958 0.0250022 1.64082
-0.549943 -0.118905 0.0249604 0.025002 1.64082
-0.541866 -0.124799 0.024964 0.0250018 1.64082
-0.533409 -0.130132 0.0249686 0.0250016 1.64082
-0.524592 -0.134848 0.0249744 0.0250014 1.64082
-0.515446 -0.138889 0.0249811 0.0250012 1.64082
-0.506014 -0.142207 0.0249887 0.025001 1.64082
-0.496345 -0.144757 0.024997 0.0250008 1.64082
-0.486499 -0.146503 0.0250059 0.0250006 1.64082
-0.476542 -0.14742 0.0250152 0.0250005 1.64082
-0.466542 -0.147492 0.0250247 0.0250003 1.64082
-0.456573 -0.146715 0.0250341 0.0250002 1.64082
-0.446704 -0.145097 0.0250432 0.0250001 1.64082
-0.437007 -0.142657 0.0250518 0.0249999 1.64082
-0.427543 -0.139425 0.0250596 0.0249998 1.64082
-0.418372 -0.135439 0.0250666 0.0249996 1.64082
-0.40954 -0.130748 0.0250727 0.0249994 1.64082
-0.401087 -0.125405 0.0250779 0.0249992 1.64082
-0.39304 -0.119467 0.0250823 0.024999 1.64082
-0.385415 -0.112995 0.025086 0.0249989 1.64082
-0.37822 -0.106049 0.0250891 0.0249987 1.64082
-0.371449 -0.098688 0.0250917 0.0249986 1.64082
-0.36509 -0.090969 0.0250938 0.0249986 1.64082
-0.35912 -0.0829448 0.0250954 0.0249985 1.64082
-0.353511 -0.0746649 0.0250967 0.0249985 1.64082
-0.348226 -0.0661738 0.0250977 0.0249984 1.64082
-0.343226 -0.0575121 0.0250983 0.0249984 1.64082
-0.338467 -0.0487159 0.0250985 0.0249984 1.64082
-0.333901 -0.0398176 0.0250982 0.0249984 1.64082
-0.329481 -0.0308463 0.0250973 0.0249984 1.64082
-0.325156 -0.0218283 0.0250956 0.0249985 1.64082
-0.320879 -0.012788 0.0250928 0.0249986 1.64082
-0.3166 -0.00374841 0.0250888 0.0249988 1.64082
-0.312274 0.00526823 0.0250834 0.024999 1.64082
-0.307855 0.0142398 0.0250763 0.0249992 1.64082
-0.303302 0.0231439 0.0250674 0.0249994 1.64082
-0.298576 0.0319574 0.0250566 0.0249996 1.64082
-0.293643 0.040656 0.0250438 0.0249998 1.64082
-0.28847 0.0492145 0.025029 0.025 1.64082
-0.283032 0.0576063 0.0250123 0.0250003 1.64082
-0.277306 0.065804 0.0249938 0.0250004 1.64082
-0.271273 0.0737787 0.0249736 0.0250006 1.64082
-0.264921 0.0815012 0.0249521 0.0250007 1.64082
-0.25824 0.0889414 0.0249295 0.0250008 1.64082
-0.251227 0.0960694 0.0249063 0.0250009 1.64082
-0.243883 0.102855 0.0248826 0.0250009 1.64082
-0.236212 0.109269 0.0248589 0.0250008 1.64082
-0.228222 0.115282 0.0248356 0.0250008 1.64082
-0.219927 0.120866 0.0248129 0.0250007 1.64082
-0.211344 0.125995 0.0247912 0.0250005 1.64082
-0.202491 0.130645 0.0247707 0.0250004 1.64082
-0.193392 0.134793 0.0247516 0.0250003 1.64082
-0.184072 0.138418 0.0247341 0.0250001 1.64082
-0.174561 0.141505 0.0247183 0.025 1.64082
-0.164887 0.144037 0.0247043 0.0249998 1.64082
-0.155082 0.146005 0.0246923 0.0249997 1.64082
-0.145179 0.1474 0.0246822 0.0249995 1.64082
-0.135212 0.148219 0.024674 0.0249993 1.64082
-0.125215 0.148461 0.0246679 0.0249992 1.64082
-0.11522 0.148129 0.0246637 0.024999 1.64082
-0.105259 0.147231 0.0246616 0.0249989 1.64082
-0.0953643 0.145778 0.0246615 0.0249987 1.64082
-0.0855641 0.143783 0.0246635 0.0249986 1.64082
-0.0758851 0.141265 0.0246675 0.0249985 1.64082
-0.0663512 0.138244 0.0246734 0.0249984 1.64082
-0.0569833 0.134741 0.0246813 0.0249984 1.64082
-0.0477986 0.130783 0.024691 0.0249984 1.64082
-0.0388106 0.126397 0.0247023 0.0249984 1.64082
-0.0300286 0.121611 0.0247152 0.0249984 1.64082
-0.0214575 0.116457 0.0247293 0.0249985 1.64082
-0.0130974 0.110968 0.0247446 0.0249986 1.64082
-0.0049432 0.105178 0.0247608 0.0249988 1.64082
0.00301589 0.099122 0.0247777 0.024999 1.64082
0.0107971 0.0928397 0.0247951 0.0249992 1.64082
0.0184261 0.0863736 0.0248128 0.0249994 1.64082
0.0259413 0.0797761 0.0248307 0.0249997 1.64082
0.03345 0.0731714 0.0248485 0.0249999 1.64082
