-1.46529 0.0541622 0.024862 0.0250001 2.88144
-1.45665 0.0591922 0.0248681 0.0250001 2.88144
-1.44788 0.0640032 0.0248742 0.0250003 2.88144
-1.43897 0.0685344 0.0248803 0.0250004 2.88144
-1.42989 0.0727287 0.0248865 0.0250005 2.88144
-1.42064 0.0765308 0.0248929 0.0250005 2.88144
-1.41122 0.0798876 0.0248994 0.0250006 2.88144
-1.40164 0.0827481 0.0249061 0.0250006 2.88144
-1.39191 0.0850644 0.024913 0.0250006 2.88144
-1.38206 0.0867927 0.0249202 0.0250006 2.88144
-1.37213 0.0878945 0.0249278 0.0250005 2.88144
-1.36214 0.0883371 0.0249359 0.0250004 2.88144
-1.35214 0.0880955 0.0249444 0.0250003 2.88144
-1.34218 0.0871524 0.0249534 0.0250002 2.88144
-1.33232 0.0854992 0.024963 0.0250001 2.88144
-1.32261 0.0831358 0.0249731 0.025 2.88144
-1.31309 0.0800715 0.0249837 0.0249999 2.88144
-1.30381 0.0763238 0.0249947 0.0249999 2.88144
-1.29484 0.0719189 0.025006 0.0249998 2.88144
-1.28619 0.06689 0.0250175 0.0249998 2.88144
-1.27792 0.0612764 0.0250289 0.0249998 2.88144
-1.27004 0.0551226 0.0250402 0.0249999 2.88144
-1.26256 0.0484762 0.0250511 0.025 2.88144
-1.25551 0.0413873 0.0250614 0.025 2.88144
-1.24887 0.0339064 0.0250708 0.0250002 2.88144
-1.24265 0.0260835 0.0250793 0.0250003 2.88144
-1.2368 0.017967 0.0250865 0.0250005 2.88144
-1.23132 0.00960287 0.0250923 0.0250006 2.88144
-1.22617 0.0010341 0.0250965 0.0250008 2.88144
-1.2213 -0.00769968 0.025099 0.025001 2.88144
-1.21667 -0.0165621 0.0250995 0.0250012 2.88144
-1.21223 -0.0255199 0.025098 0.0250014 2.88144
-1.20792 -0.0345422 0.0250944 0.0250016 2.88144
-1.20369 -0.0436004 0.0250887 0.0250018 2.88144
-1.19947 -0.0526667 0.0250808 0.025002 2.88144
-1.19521 -0.0617138 0.0250709 0.0250021 2.88144
-1.19086 -0.0707134 0.025059 0.0250023 2.88144
-1.18635 -0.0796362 0.0250451 0.0250024 2.88144
-1.18163 -0.0884501 0.0250296 0.0250024 2.88144
-1.17665 -0.0971205 0.0250125 0.0250025 2.88144
-1.17137 -0.105609 0.0249942 0.0250025 2.88144
-1.16574 -0.113875 0.0249748 0.0250024 2.88144
-1.15974 -0.121873 0.0249547 0.0250024 2.88144
-1.15334 -0.129555 0.0249342 0.0250022 2.88144
-1.14653 -0.136871 0.0249136 0.0250021 2.88144
-1.13929 -0.14377 0.0248932 0.0250019 2.88144
-1.13164 -0.150201 0.0248734 0.0250016 2.88144
-1.12357 -0.156112 0.0248545 0.0250014 2.88144
-1.11512 -0.161455 0.0248369 0.0250011 2.88144
-1.10631 -0.166187 0.0248207 0.0250007 2.88144
-1.09718 -0.170268 0.0248063 0.0250003 2.88144
-1.08778 -0.173665 0.0247938 0.025 2.88144
-1.07814 -0.176352 0.0247835 0.0249996 2.88144
-1.06834 -0.178312 0.0247755 0.0249992 2.88144
-1.05841 -0.179534 0.0247698 0.0249988 2.88144
-1.04842 -0.180017 0.0247665 0.0249983 2.88144
-1.03842 -0.179768 0.0247656 0.0249979 2.88144
-1.02847 -0.1788 0.024767 0.0249976 2.88144
-1.01861 -0.177133 0.0247707 0.0249972 2.88144
-1.00888 -0.174794 0.0247764 0.0249968 2.88144
-0.999333 -0.171815 0.0247842 0.0249965 2.88144
-0.989995 -0.16823 0.0247938 0.0249962 2.88144
-0.980895 -0.164076 0.0248051 0.0249959 2.88144
-0.972054 -0.159395 0.0248178 0.0249956 2.88144
-0.96349 -0.154226 0.0248317 0.0249954 2.88144
-0.955212 -0.148609 0.0248467 0.0249953 2.88144
-0.947227 -0.142582 0.0248623 0.0249952 2.88144
-0.939536 -0.136185 0.0248784 0.0249952 2.88144
-0.932137 -0.129452 0.0248947 0.0249951 2.88144
-0.925024 -0.122418 0.0249108 0.0249952 2.88144
-0.918189 -0.115113 0.0249264 0.0249952 2.88144
-0.911621 -0.107567 0.0249412 0.0249953 2.88144
-0.905308 -0.0998071 0.024955 0.0249954 2.88144
-0.899235 -0.0918579 0.0249674 0.0249956 2.88144
-0.893387 -0.0837421 0.0249783 0.0249957 2.88144
-0.887746 -0.0754807 0.0249873 0.0249959 2.88144
-0.882296 -0.0670927 0.0249943 0.0249961 2.88144
-0.877017 -0.0585958 0.0249991 0.0249963 2.88144
-0.871892 -0.0500058 0.0250014 0.0249965 2.88144
-0.8669 -0.0413376 0.0250013 0.0249967 2.88144
-0.862023 -0.0326048 0.0249985 0.0249969 2.88144
-0.85724 -0.0238199 0.0249931 0.0249971 2.88144
-0.852533 -0.0149947 0.024985 0.0249973 2.88144
-0.847881 -0.00613997 0.0249743 0.0249976 2.88144
-0.843267 0.00273385 0.024961 0.0249978 2.88144
-0.838671 0.011617 0.0249451 0.0249979 2.88144
-0.834076 0.0205004 0.0249268 0.0249981 2.88144
-0.829464 0.0293749 0.0249063 0.0249983 2.88144
-0.824818 0.0382319 0.0248837 0.0249984 2.88144
-0.820123 0.0470625 0.0248591 0.0249986 2.88144
-0.815364 0.0558584 0.0248329 0.0249987 2.88144
-0.810526 0.0646111 0.0248051 0.0249989 2.88144
-0.805597 0.0733129 0.0247761 0.024999 2.88144
-0.800566 0.0819564 0.024746 0.0249991 2.88144
-0.795426 0.090535 0.0247149 0.0249993 2.88144
-0.790171 0.0990434 0.0246832 0.0249994 2.88144
-0.784799 0.107478 0.0246509 0.0249995 2.88144
-0.779311 0.115838 0.0246183 0.0249996 2.88144
-0.773718 0.124128 0.0245854 0.0249998 2.88144
-0.768038 0.132359 0.0245524 0.0249999 2.88144
-0.762352 0.140585 0.0245194 0.0249999 2.88144
