-1.94455 0.057215 0.0249086 0.0250001 3.74187
-1.9351 0.0539593 0.0249122 0.0250001 3.74187
-1.92575 0.0503961 0.0249158 0.0250003 3.74187
-1.91655 0.0464737 0.0249194 0.0250004 3.74187
-1.90753 0.0421579 0.0249231 0.0250005 3.74187
-1.89872 0.0374278 0.0249268 0.0250006 3.74187
-1.89015 0.0322741 0.0249307 0.0250007 3.74187
-1.88185 0.0266965 0.0249349 0.0250008 3.74187
-1.87385 0.0207033 0.0249392 0.0250009 3.74187
-1.86616 0.0143098 0.0249437 0.025001 3.74187
-1.85881 0.00753735 0.0249485 0.0250011 3.74187
-1.85179 0.000411906 0.0249535 0.0250013 3.74187
-1.84512 -0.00703706 0.0249588 0.0250014 3.74187
-1.83879 -0.0147777 0.0249641 0.0250015 3.74187
-1.83279 -0.0227769 0.0249697 0.0250017 3.74187
-1.82711 -0.0310012 0.0249753 0.0250019 3.74187
-1.82171 -0.0394176 0.0249809 0.025002 3.74187
-1.81657 -0.047994 0.0249864 0.0250022 3.74187
-1.81165 -0.0566995 0.0249919 0.0250023 3.74187
-1.80692 -0.0655049 0.0249971 0.0250025 3.74187
-1.80232 -0.0743819 0.0250021 0.0250026 3.74187
-1.7978 -0.0833034 0.0250067 0.0250028 3.74187
-1.79333 -0.092243 0.0250108 0.0250029 3.74187
-1.78883 -0.101174 0.0250145 0.025003 3.74187
-1.78427 -0.110069 0.0250176 0.0250032 3.74187
-1.77958 -0.118898 0.02502 0.0250033 3.74187
-1.77471 -0.12763 0.0250218 0.0250033 3.74187
-1.76962 -0.136231 0.0250228 0.0250034 3.74187
-1.76425 -0.144663 0.025023 0.0250034 3.74187
-1.75856 -0.152883 0.0250224 0.0250034 3.74187
-1.75251 -0.160845 0.025021 0.0250033 3.74187
-1.74608 -0.168499 0.0250188 0.0250032 3.74187
-1.73924 -0.175792 0.025016 0.025003 3.74187
-1.73198 -0.182667 0.0250125 0.0250028 3.74187
-1.7243 -0.189066 0.0250084 0.0250025 3.74187
-1.7162 -0.194931 0.0250039 0.0250022 3.74187
-1.70771 -0.200206 0.0249991 0.0250018 3.74187
-1.69885 -0.204836 0.0249941 0.0250014 3.74187
-1.68966 -0.208775 0.0249891 0.0250009 3.74187
-1.68018 -0.211979 0.0249843 0.0250003 3.74187
-1.67048 -0.214414 0.0249798 0.0249998 3.74187
-1.66062 -0.216057 0.0249759 0.0249992 3.74187
-1.65065 -0.216893 0.0249726 0.0249985 3.74187
-1.64065 -0.216918 0.0249702 0.0249979 3.74187
-1.63068 -0.216139 0.0249689 0.0249973 3.74187
-1.6208 -0.214574 0.0249687 0.0249968 3.74187
-1.61107 -0.212248 0.0249697 0.0249963 3.74187
-1.60155 -0.209195 0.024972 0.0249958 3.74187
-1.59227 -0.205458 0.0249754 0.0249954 3.74187
-1.58327 -0.20108 0.02498 0.0249951 3.74187
-1.57459 -0.196113 0.0249856 0.0249949 3.74187
-1.56624 -0.190607 0.0249921 0.0249947 3.74187
-1.55822 -0.184615 0.0249993 0.0249946 3.74187
-1.55056 -0.17819 0.0250071 0.0249945 3.74187
-1.54323 -0.171381 0.0250153 0.0249945 3.74187
-1.53622 -0.164238 0.0250236 0.0249945 3.74187
-1.52953 -0.156804 0.025032 0.0249946 3.74187
-1.52312 -0.149123 0.0250404 0.0249947 3.74187
-1.51697 -0.141233 0.0250484 0.0249948 3.74187
-1.51105 -0.133169 0.0250561 0.0249949 3.74187
-1.50532 -0.124964 0.0250633 0.0249951 3.74187
-1.49976 -0.116647 0.0250699 0.0249952 3.74187
-1.49433 -0.108244 0.0250758 0.0249954 3.74187
-1.489 -0.0997802 0.0250811 0.0249955 3.74187
-1.48373 -0.0912768 0.0250857 0.0249957 3.74187
-1.47849 -0.0827548 0.0250896 0.0249958 3.74187
-1.47325 -0.0742337 0.0250928 0.0249959 3.74187
-1.46798 -0.0657321 0.0250952 0.0249959 3.74187
-1.46265 -0.0572679 0.0250969 0.024996 3.74187
-1.45723 -0.0488588 0.0250978 0.024996 3.74187
-1.45171 -0.0405224 0.0250977 0.024996 3.74187
-1.44604 -0.0322763 0.0250965 0.024996 3.74187
-1.44023 -0.0241386 0.0250939 0.0249961 3.74187
-1.43424 -0.0161275 0.0250895 0.0249962 3.74187
-1.42806 -0.0082618 0.025083 0.0249964 3.74187
-1.42167 -0.000560599 0.0250742 0.0249966 3.74187
-1.41507 0.00695671 0.0250627 0.0249968 3.74187
-1.40825 0.0142705 0.0250484 0.024997 3.74187
-1.4012 0.0213611 0.0250312 0.0249972 3.74187
-1.3939 0.0282088 0.025011 0.0249974 3.74187
-1.38638 0.0347941 0.0249878 0.0249976 3.74187
-1.37861 0.0410982 0.0249619 0.0249977 3.74187
-1.37061 0.0471027 0.0249333 0.0249978 3.74187
-1.36239 0.0527902 0.0249024 0.0249979 3.74187
-1.35394 0.0581443 0.0248694 0.0249979 3.74187
-1.34528 0.0631507 0.0248347 0.024998 3.74187
-1.33642 0.0677962 0.0247986 0.024998 3.74187
-1.32738 0.0720695 0.0247614 0.0249981 3.74187
-1.31817 0.0759613 0.0247234 0.0249981 3.74187
-1.3088 0.0794647 0.0246849 0.0249982 3.74187
-1.29929 0.0825757 0.024646 0.0249983 3.74187
-1.28967 0.0852935 0.0246071 0.0249984 3.74187
-1.27994 0.0876207 0.0245681 0.0249985 3.74187
-1.27013 0.0895643 0.0245292 0.0249986 3.74187
-1.26025 0.0911355 0.0244906 0.0249988 3.74187
-1.25033 0.092351 0.0244523 0.0249989 3.74187
-1.24037 0.0932339 0.0244142 0.0249991 3.74187
-1.23038 0.0938152 0.0243764 0.0249993 3.74187
-1.22039 0.0941376 0.0243389 0.0249995 3.74187
-1.21039 0.0942646 0.0243015 0.0249998 3.74187
-1.20039 0.0943791 0.0242642 0.0249999 3.74187
