-0.919885 0.0229321 0.025083 0.025 1.96098
-0.913778 0.0308507 0.0250854 0.0250001 1.96098
-0.907579 0.0386972 0.0250877 0.0250002 1.96098
-0.901253 0.0464422 0.02509 0.0250003 1.96098
-0.894768 0.0540539 0.0250923 0.0250004 1.96098
-0.888091 0.0614971 0.0250944 0.0250005 1.96098
-0.88119 0.0687338 0.0250962 0.0250005 1.96098
-0.874038 0.0757226 0.0250976 0.0250006 1.96098
-0.866612 0.0824192 0.0250986 0.0250007 1.96098
-0.858893 0.0887763 0.0250989 0.0250007 1.96098
-0.85087 0.0947441 0.0250987 0.0250008 1.96098
-0.842537 0.100271 0.0250976 0.0250008 1.96098
-0.833898 0.105306 0.0250958 0.0250007 1.96098
-0.824963 0.109796 0.0250932 0.0250007 1.96098
-0.815753 0.113691 0.0250898 0.0250006 1.96098
-0.806297 0.116943 0.0250857 0.0250004 1.96098
-0.796633 0.11951 0.0250809 0.0250003 1.96098
-0.786804 0.121354 0.0250756 0.0250001 1.96098
-0.776864 0.122445 0.0250699 0.0249999 1.96098
-0.766869 0.122763 0.025064 0.0249996 1.96098
-0.75688 0.122293 0.0250581 0.0249995 1.96098
-0.746959 0.121034 0.0250523 0.0249993 1.96098
-0.737169 0.118991 0.0250466 0.0249991 1.96098
-0.727571 0.116182 0.0250412 0.024999 1.96098
-0.718221 0.112633 0.0250361 0.0249988 1.96098
-0.709171 0.108377 0.0250314 0.0249987 1.96098
-0.700464 0.103457 0.025027 0.0249987 1.96098
-0.692135 0.0979197 0.0250228 0.0249986 1.96098
-0.684211 0.0918182 0.025019 0.0249986 1.96098
-0.676707 0.0852069 0.0250152 0.0249986 1.96098
-0.669628 0.078142 0.0250116 0.0249986 1.96098
-0.66297 0.0706794 0.0250079 0.0249987 1.96098
-0.656717 0.0628735 0.0250041 0.0249988 1.96098
-0.650848 0.0547763 0.025 0.0249989 1.96098
-0.645329 0.0464361 0.0249955 0.024999 1.96098
-0.640122 0.0378976 0.0249904 0.0249991 1.96098
-0.635183 0.029202 0.0249847 0.0249993 1.96098
-0.630461 0.0203865 0.0249783 0.0249994 1.96098
-0.625903 0.0114852 0.0249711 0.0249996 1.96098
-0.621453 0.00252926 0.0249629 0.0249997 1.96098
-0.617055 -0.00645181 0.0249538 0.0249999 1.96098
-0.612651 -0.0154298 0.0249437 0.025 1.96098
-0.608184 -0.0243765 0.0249326 0.0250002 1.96098
-0.603599 -0.0332633 0.0249204 0.0250003 1.96098
-0.598844 -0.04206 0.0249073 0.0250004 1.96098
-0.59387 -0.0507346 0.0248931 0.0250005 1.96098
-0.588632 -0.0592524 0.0248781 0.0250006 1.96098
-0.583091 -0.0675765 0.0248623 0.0250007 1.96098
-0.577215 -0.075667 0.0248458 0.0250007 1.96098
-0.570976 -0.0834817 0.0248288 0.0250008 1.96098
-0.564357 -0.0909767 0.0248114 0.0250007 1.96098
-0.557346 -0.0981067 0.0247938 0.0250007 1.96098
-0.549941 -0.104826 0.0247762 0.0250006 1.96098
-0.542146 -0.111089 0.0247588 0.0250005 1.96098
-0.533975 -0.116853 0.0247418 0.0250004 1.96098
-0.525448 -0.122077 0.0247253 0.0250003 1.96098
-0.516593 -0.126723 0.0247097 0.0250001 1.96098
-0.507444 -0.13076 0.0246952 0.0249998 1.96098
-0.498039 -0.134159 0.0246819 0.0249996 1.96098
-0.488421 -0.136898 0.02467 0.0249994 1.96098
-0.478636 -0.138964 0.0246597 0.0249991 1.96098
-0.468731 -0.140346 0.0246511 0.0249989 1.96098
-0.458755 -0.141042 0.0246444 0.0249986 1.96098
-0.448753 -0.141055 0.0246397 0.0249983 1.96098
-0.438774 -0.140394 0.024637 0.024998 1.96098
-0.428859 -0.139075 0.0246365 0.0249977 1.96098
-0.419051 -0.137115 0.0246383 0.0249974 1.96098
-0.409387 -0.134536 0.0246425 0.0249971 1.96098
-0.399901 -0.131365 0.024649 0.0249967 1.96098
-0.390622 -0.12763 0.0246578 0.0249965 1.96098
-0.381576 -0.123361 0.0246688 0.0249963 1.96098
-0.372785 -0.118587 0.0246818 0.0249961 1.96098
-0.364268 -0.11334 0.0246967 0.0249961 1.96098
-0.356039 -0.107653 0.0247133 0.024996 1.96098
-0.34811 -0.101555 0.0247312 0.024996 1.96098
-0.340487 -0.0950779 0.0247504 0.0249961 1.96098
-0.333175 -0.0882513 0.0247706 0.0249961 1.96098
-0.326176 -0.0811043 0.0247918 0.0249962 1.96098
-0.31949 -0.0736648 0.0248137 0.0249962 1.96098
-0.313111 -0.0659596 0.0248363 0.0249963 1.96098
-0.307034 -0.0580141 0.0248593 0.0249963 1.96098
-0.30125 -0.0498526 0.0248827 0.0249964 1.96098
-0.29575 -0.0414979 0.0249061 0.0249965 1.96098
-0.29052 -0.0329712 0.0249293 0.0249966 1.96098
-0.285547 -0.0242925 0.0249521 0.0249967 1.96098
-0.280814 -0.0154804 0.0249741 0.0249969 1.96098
-0.276305 -0.0065519 0.0249949 0.0249972 1.96098
-0.272002 0.00247728 0.0250142 0.0249975 1.96098
-0.267886 0.0115929 0.0250318 0.0249979 1.96098
-0.263938 0.0207819 0.0250474 0.0249983 1.96098
-0.260137 0.0300328 0.025061 0.0249987 1.96098
-0.256465 0.0393353 0.0250725 0.024999 1.96098
-0.252902 0.0486795 0.0250822 0.0249994 1.96098
-0.249426 0.0580566 0.0250902 0.0249996 1.96098
-0.246018 0.0674582 0.025097 0.0249997 1.96098
-0.242658 0.0768768 0.0251029 0.0249998 1.96098
-0.239326 0.0863056 0.0251083 0.0249998 1.96098
-0.236006 0.0957385 0.0251134 0.0249999 1.96098
-0.232684 0.105171 0.0251185 0.0249999 1.96098
-0.229352 0.114599 0.0251235 0.025 1.96098
-0.226017 0.124027 0.0251286 0.025 1.96098
