-1.52944 -0.0836227 0.0250443 0.025 3.04152
-1.52475 -0.0747899 0.0250431 0.0250001 3.04152
-1.52011 -0.0659347 0.0250419 0.0250002 3.04152
-1.51549 -0.0570636 0.0250406 0.0250003 3.04152
-1.51089 -0.0481872 0.0250391 0.0250004 3.04152
-1.50627 -0.0393191 0.0250373 0.0250006 3.04152
-1.5016 -0.0304758 0.0250351 0.0250007 3.04152
-1.49685 -0.021676 0.0250324 0.0250008 3.04152
-1.49198 -0.0129415 0.0250291 0.025001 3.04152
-1.48696 -0.00429673 0.0250251 0.0250011 3.04152
-1.48174 0.00423078 0.0250203 0.0250012 3.04152
-1.47628 0.0126099 0.0250148 0.0250013 3.04152
-1.47055 0.0208059 0.0250086 0.0250014 3.04152
-1.46452 0.0287801 0.0250017 0.0250014 3.04152
-1.45816 0.0364899 0.0249943 0.0250014 3.04152
-1.45143 0.0438888 0.0249865 0.0250013 3.04152
-1.44433 0.0509272 0.0249786 0.0250012 3.04152
-1.43684 0.0575525 0.0249708 0.0250011 3.04152
-1.42896 0.0637096 0.0249634 0.025001 3.04152
-1.4207 0.0693424 0.0249567 0.0250008 3.04152
-1.41207 0.0743952 0.0249508 0.0250007 3.04152
-1.4031 0.0788135 0.024946 0.0250005 3.04152
-1.39382 0.0825466 0.0249425 0.0250003 3.04152
-1.38428 0.0855485 0.0249404 0.0250001 3.04152
-1.37454 0.0877802 0.0249398 0.0249999 3.04152
-1.36464 0.0892104 0.0249408 0.0249997 3.04152
-1.35466 0.0898177 0.0249434 0.0249995 3.04152
-1.34466 0.0895907 0.0249475 0.0249993 3.04152
-1.33471 0.0885292 0.024953 0.0249991 3.04152
-1.32489 0.0866442 0.0249599 0.024999 3.04152
-1.31526 0.0839571 0.0249679 0.0249989 3.04152
-1.30588 0.0804996 0.0249767 0.0249988 3.04152
-1.29679 0.0763124 0.0249862 0.0249988 3.04152
-1.28806 0.0714433 0.024996 0.0249988 3.04152
-1.2797 0.0659458 0.0250058 0.0249989 3.04152
-1.27175 0.0598773 0.0250153 0.024999 3.04152
-1.26422 0.0532967 0.0250241 0.0249991 3.04152
-1.25711 0.0462636 0.025032 0.0249992 3.04152
-1.25042 0.0388363 0.0250387 0.0249992 3.04152
-1.24411 0.0310713 0.025044 0.0249993 3.04152
-1.23818 0.0230217 0.0250477 0.0249994 3.04152
-1.23258 0.0147367 0.0250497 0.0249995 3.04152
-1.22727 0.0062615 0.0250501 0.0249996 3.04152
-1.22221 -0.0023628 0.0250488 0.0249996 3.04152
-1.21734 -0.0110988 0.0250457 0.0249997 3.04152
-1.21262 -0.0199125 0.025041 0.0249999 3.04152
-1.20798 -0.0287724 0.0250346 0.025 3.04152
-1.20338 -0.0376492 0.0250267 0.0250002 3.04152
-1.19875 -0.0465146 0.0250172 0.0250003 3.04152
-1.19405 -0.0553406 0.0250063 0.0250005 3.04152
-1.18922 -0.0640988 0.024994 0.0250007 3.04152
-1.18423 -0.0727598 0.0249805 0.0250009 3.04152
-1.17901 -0.0812927 0.0249659 0.0250011 3.04152
-1.17355 -0.0896647 0.0249503 0.0250013 3.04152
-1.16779 -0.0978413 0.0249339 0.0250015 3.04152
-1.16172 -0.105786 0.0249168 0.0250016 3.04152
-1.15531 -0.113461 0.0248993 0.0250018 3.04152
-1.14855 -0.120827 0.0248816 0.0250019 3.04152
-1.14143 -0.127844 0.0248637 0.0250021 3.04152
-1.13394 -0.134472 0.024846 0.0250022 3.04152
-1.1261 -0.140672 0.0248287 0.0250023 3.04152
-1.11791 -0.146407 0.0248118 0.0250023 3.04152
-1.10939 -0.15164 0.0247957 0.0250024 3.04152
-1.10056 -0.156338 0.0247804 0.0250024 3.04152
-1.09146 -0.160473 0.0247661 0.0250024 3.04152
-1.08211 -0.164018 0.024753 0.0250023 3.04152
-1.07255 -0.166951 0.0247411 0.0250023 3.04152
-1.06283 -0.169256 0.0247305 0.0250022 3.04152
-1.05297 -0.170921 0.0247214 0.0250021 3.04152
-1.04302 -0.171937 0.0247138 0.025002 3.04152
-1.03303 -0.172301 0.0247076 0.0250018 3.04152
-1.02303 -0.172015 0.0247031 0.0250016 3.04152
-1.01308 -0.171083 0.0247001 0.0250014 3.04152
-1.0032 -0.169515 0.0246987 0.0250012 3.04152
-0.993447 -0.167324 0.0246989 0.025001 3.04152
-0.983847 -0.164527 0.0247007 0.0250007 3.04152
-0.974437 -0.161144 0.024704 0.0250005 3.04152
-0.965249 -0.157198 0.0247089 0.0250002 3.04152
-0.956311 -0.152713 0.0247153 0.0249999 3.04152
-0.947648 -0.147719 0.0247232 0.0249997 3.04152
-0.93928 -0.142242 0.0247326 0.0249994 3.04152
-0.931226 -0.136315 0.0247435 0.0249991 3.04152
-0.923498 -0.129967 0.0247559 0.0249989 3.04152
-0.916106 -0.12323 0.0247696 0.0249988 3.04152
-0.909058 -0.116134 0.0247846 0.0249986 3.04152
-0.902356 -0.108712 0.0248008 0.0249985 3.04152
-0.895998 -0.100991 0.024818 0.0249984 3.04152
-0.889981 -0.0930023 0.0248363 0.0249984 3.04152
-0.884297 -0.084773 0.0248554 0.0249983 3.04152
-0.878936 -0.07633 0.0248752 0.0249984 3.04152
-0.873885 -0.0676983 0.0248956 0.0249984 3.04152
-0.869126 -0.0589016 0.0249165 0.0249985 3.04152
-0.864642 -0.049962 0.0249377 0.0249985 3.04152
-0.860411 -0.0408997 0.0249592 0.0249987 3.04152
-0.856411 -0.0317336 0.0249809 0.0249988 3.04152
-0.852616 -0.0224809 0.0250026 0.024999 3.04152
-0.848998 -0.0131574 0.0250243 0.0249991 3.04152
-0.845529 -0.00377794 0.0250459 0.0249993 3.04152
-0.842175 0.00564343 0.0250674 0.0249996 3.04152
-0.8389 0.0150923 0.0250889 0.0249998 3.04152
-0.835628 0.0245416 0.0251102 0.0249999 3.04152
