-0.387264 -0.0960687 0.0250969 0.0250001 1.14057
-0.381437 -0.0879418 0.0250916 0.0250002 1.14057
-0.375798 -0.0796833 0.0250863 0.0250003 1.14057
-0.370374 -0.0712824 0.025081 0.0250005 1.14057
-0.36518 -0.0627378 0.0250757 0.0250007 1.14057
-0.360221 -0.054055 0.0250703 0.0250008 1.14057
-0.355492 -0.0452442 0.025065 0.025001 1.14057
-0.350985 -0.0363185 0.0250595 0.0250012 1.14057
-0.346682 -0.0272931 0.0250539 0.0250014 1.14057
-0.342558 -0.0181843 0.0250481 0.0250015 1.14057
-0.338584 -0.00900905 0.025042 0.0250017 1.14057
-0.334726 0.000215369 0.0250357 0.0250019 1.14057
-0.330946 0.00947152 0.025029 0.025002 1.14057
-0.3272 0.0187416 0.0250219 0.0250022 1.14057
-0.323443 0.0280072 0.0250144 0.0250023 1.14057
-0.319628 0.0372488 0.0250064 0.0250025 1.14057
-0.315706 0.0464453 0.024998 0.0250026 1.14057
-0.311627 0.0555732 0.024989 0.0250026 1.14057
-0.307342 0.0646063 0.0249797 0.0250027 1.14057
-0.302804 0.0735148 0.02497 0.0250027 1.14057
-0.297967 0.0822649 0.0249601 0.0250027 1.14057
-0.292791 0.0908184 0.0249501 0.0250027 1.14057
-0.287239 0.0991327 0.0249402 0.0250026 1.14057
-0.281279 0.10716 0.0249306 0.0250025 1.14057
-0.274888 0.114849 0.0249215 0.0250024 1.14057
-0.26805 0.122143 0.024913 0.0250023 1.14057
-0.260759 0.128984 0.0249055 0.0250022 1.14057
-0.253018 0.135312 0.024899 0.0250021 1.14057
-0.244841 0.141066 0.0248938 0.0250019 1.14057
-0.236253 0.146187 0.02489 0.0250017 1.14057
-0.227291 0.150619 0.0248878 0.0250015 1.14057
-0.217999 0.154314 0.0248872 0.0250013 1.14057
-0.208434 0.157227 0.0248883 0.0250011 1.14057
-0.198658 0.159325 0.024891 0.0250009 1.14057
-0.188738 0.160586 0.0248955 0.0250007 1.14057
-0.178747 0.160996 0.0249016 0.0250005 1.14057
-0.168757 0.160556 0.0249091 0.0250003 1.14057
-0.15884 0.159276 0.024918 0.0250001 1.14057
-0.149062 0.157179 0.024928 0.0249999 1.14057
-0.139486 0.154297 0.0249389 0.0249997 1.14057
-0.130166 0.15067 0.0249505 0.0249995 1.14057
-0.121148 0.146349 0.0249627 0.0249992 1.14057
-0.112465 0.141388 0.0249753 0.024999 1.14057
-0.104141 0.135843 0.0249882 0.0249988 1.14057
-0.0961917 0.129775 0.0250011 0.0249987 1.14057
-0.0886185 0.123243 0.0250139 0.0249986 1.14057
-0.0814154 0.116305 0.0250263 0.0249985 1.14057
-0.0745673 0.109016 0.0250382 0.0249985 1.14057
-0.0680511 0.101429 0.0250494 0.0249985 1.14057
-0.0618371 0.0935926 0.0250596 0.0249986 1.14057
-0.0558906 0.0855514 0.0250685 0.0249986 1.14057
-0.0501723 0.0773464 0.0250761 0.0249987 1.14057
-0.04464 0.0690149 0.0250822 0.0249988 1.14057
-0.0392495 0.0605911 0.0250864 0.024999 1.14057
-0.0339555 0.0521065 0.0250888 0.0249991 1.14057
-0.0287129 0.0435902 0.0250891 0.0249993 1.14057
-0.0234768 0.03507 0.0250873 0.0249995 1.14057
-0.0182041 0.0265726 0.0250832 0.0249997 1.14057
-0.0128535 0.0181242 0.0250768 0.0249998 1.14057
-0.00738639 0.00975098 0.0250682 0.025 1.14057
-0.00176717 0.00147921 0.0250572 0.0250002 1.14057
0.00403624 -0.00666421 0.025044 0.0250004 1.14057
0.0100521 -0.0146518 0.0250287 0.0250006 1.14057
0.0163047 -0.0224553 0.0250114 0.0250007 1.14057
0.0228138 -0.030046 0.0249922 0.0250008 1.14057
0.029595 -0.0373945 0.0249715 0.0250009 1.14057
0.0366592 -0.0444714 0.0249495 0.025001 1.14057
0.0440128 -0.0512468 0.0249263 0.0250011 1.14057
0.051658 -0.0576914 0.0249024 0.0250011 1.14057
0.0595927 -0.0637761 0.024878 0.0250011 1.14057
0.0678104 -0.0694727 0.0248535 0.0250011 1.14057
0.076301 -0.0747539 0.0248292 0.025001 1.14057
0.0850507 -0.0795941 0.0248053 0.0250009 1.14057
0.0940422 -0.0839688 0.0247823 0.0250008 1.14057
0.103255 -0.087856 0.0247604 0.0250007 1.14057
0.112666 -0.0912356 0.0247398 0.0250005 1.14057
0.12225 -0.0940902 0.0247209 0.0250004 1.14057
0.131978 -0.096405 0.0247038 0.0250002 1.14057
0.141821 -0.0981684 0.0246888 0.025 1.14057
0.151748 -0.099372 0.0246759 0.0249998 1.14057
0.161728 -0.10001 0.0246654 0.0249996 1.14057
0.171728 -0.100082 0.0246572 0.0249994 1.14057
0.181717 -0.0995889 0.0246516 0.0249992 1.14057
0.191662 -0.0985359 0.0246484 0.024999 1.14057
0.201533 -0.096932 0.0246478 0.0249988 1.14057
0.211302 -0.0947894 0.0246497 0.0249987 1.14057
0.220941 -0.0921237 0.0246541 0.0249985 1.14057
0.230427 -0.0889534 0.024661 0.0249984 1.14057
0.239737 -0.0852992 0.0246702 0.0249983 1.14057
0.248852 -0.0811845 0.0246816 0.0249982 1.14057
0.257759 -0.0766347 0.0246951 0.0249982 1.14057
0.266445 -0.0716771 0.0247104 0.0249982 1.14057
0.274904 -0.0663406 0.0247274 0.0249983 1.14057
0.283132 -0.0606556 0.0247458 0.0249984 1.14057
0.291133 -0.0546539 0.0247654 0.0249985 1.14057
0.298912 -0.0483685 0.024786 0.0249987 1.14057
0.306483 -0.0418338 0.0248072 0.0249989 1.14057
0.313864 -0.0350865 0.024829 0.0249991 1.14057
0.321085 -0.0281672 0.024851 0.0249994 1.14057
0.328185 -0.0211249 0.0248732 0.0249997 1.14057
0.335279 -0.0140765 0.0248954 0.0249998 1.14057
