-2.7046 -0.153397 0.0250653 0.0250001 5.04252
-2.69991 -0.144565 0.0250615 0.0250001 5.04252
-2.69526 -0.13571 0.0250577 0.0250002 5.04252
-2.69065 -0.126838 0.0250537 0.0250003 5.04252
-2.68605 -0.117959 0.0250496 0.0250005 5.04252
-2.68143 -0.109087 0.0250452 0.0250006 5.04252
-2.67677 -0.100239 0.0250404 0.0250007 5.04252
-2.67204 -0.0914321 0.0250351 0.0250009 5.04252
-2.66719 -0.0826887 0.0250293 0.025001 5.04252
-2.66218 -0.0740329 0.0250227 0.0250011 5.04252
-2.65698 -0.0654921 0.0250155 0.0250012 5.04252
-2.65155 -0.057097 0.0250076 0.0250013 5.04252
-2.64585 -0.0488821 0.024999 0.0250014 5.04252
-2.63985 -0.0408858 0.0249899 0.0250014 5.04252
-2.63351 -0.0331504 0.0249804 0.0250014 5.04252
-2.62682 -0.0257221 0.0249706 0.0250013 5.04252
-2.61975 -0.0186503 0.0249609 0.0250012 5.04252
-2.61229 -0.0119876 0.0249514 0.0250011 5.04252
-2.60445 -0.00578876 0.0249425 0.025001 5.04252
-2.59622 -0.000110004 0.0249344 0.0250008 5.04252
-2.58762 0.00499267 0.0249273 0.0250007 5.04252
-2.57867 0.0094648 0.0249214 0.0250005 5.04252
-2.56942 0.0132552 0.024917 0.0250002 5.04252
-2.5599 0.0163174 0.0249141 0.025 5.04252
-2.55017 0.0186117 0.024913 0.0249998 5.04252
-2.54028 0.0201063 0.0249135 0.0249996 5.04252
-2.5303 0.0207788 0.0249157 0.0249994 5.04252
-2.5203 0.0206172 0.0249196 0.0249992 5.04252
-2.51035 0.0196205 0.0249251 0.0249991 5.04252
-2.50052 0.0177985 0.024932 0.0249989 5.04252
-2.49087 0.0151722 0.02494 0.0249988 5.04252
-2.48146 0.0117725 0.0249491 0.0249988 5.04252
-2.47236 0.00763942 0.0249588 0.0249987 5.04252
-2.46359 0.00282035 0.0249689 0.0249987 5.04252
-2.45521 -0.00263151 0.0249792 0.0249988 5.04252
-2.44723 -0.00865911 0.0249891 0.0249989 5.04252
-2.43967 -0.0152034 0.0249985 0.024999 5.04252
-2.43252 -0.0222051 0.025007 0.0249991 5.04252
-2.4258 -0.0296053 0.0250143 0.0249992 5.04252
-2.41947 -0.0373476 0.0250203 0.0249992 5.04252
-2.41351 -0.0453787 0.0250247 0.0249993 5.04252
-2.40789 -0.0536489 0.0250276 0.0249994 5.04252
-2.40256 -0.0621128 0.0250287 0.0249995 5.04252
-2.39748 -0.070729 0.0250282 0.0249996 5.04252
-2.39261 -0.07946 0.025026 0.0249997 5.04252
-2.38788 -0.0882714 0.0250222 0.0249998 5.04252
-2.38324 -0.0971317 0.0250168 0.0249999 5.04252
-2.37864 -0.106011 0.0250098 0.0250001 5.04252
-2.37403 -0.114882 0.0250013 0.0250002 5.04252
-2.36934 -0.123716 0.0249914 0.0250004 5.04252
-2.36454 -0.132485 0.0249801 0.0250006 5.04252
-2.35956 -0.14116 0.0249676 0.0250008 5.04252
-2.35438 -0.14971 0.024954 0.025001 5.04252
-2.34894 -0.158102 0.0249393 0.0250012 5.04252
-2.34322 -0.166303 0.0249237 0.0250014 5.04252
-2.33718 -0.174275 0.0249074 0.0250015 5.04252
-2.33081 -0.181982 0.0248906 0.0250017 5.04252
-2.32409 -0.189384 0.0248734 0.0250019 5.04252
-2.31701 -0.196441 0.024856 0.025002 5.04252
-2.30956 -0.203114 0.0248386 0.0250021 5.04252
-2.30176 -0.209363 0.0248214 0.0250022 5.04252
-2.29361 -0.215151 0.0248046 0.0250023 5.04252
-2.28512 -0.220442 0.0247883 0.0250023 5.04252
-2.27633 -0.225202 0.0247728 0.0250024 5.04252
-2.26726 -0.229402 0.0247581 0.0250023 5.04252
-2.25794 -0.233015 0.0247445 0.0250023 5.04252
-2.2484 -0.236019 0.024732 0.0250023 5.04252
-2.23869 -0.238398 0.0247208 0.0250022 5.04252
-2.22884 -0.240138 0.0247109 0.0250021 5.04252
-2.2189 -0.24123 0.0247024 0.025002 5.04252
-2.20892 -0.241672 0.0246954 0.0250018 5.04252
-2.19892 -0.241462 0.0246899 0.0250016 5.04252
-2.18896 -0.240607 0.024686 0.0250014 5.04252
-2.17907 -0.239116 0.0246837 0.0250012 5.04252
-2.1693 -0.237 0.024683 0.025001 5.04252
-2.15968 -0.234276 0.024684 0.0250008 5.04252
-2.15024 -0.230964 0.0246865 0.0250005 5.04252
-2.14102 -0.227087 0.0246907 0.0250002 5.04252
-2.13205 -0.222668 0.0246965 0.025 5.04252
-2.12335 -0.217736 0.0247039 0.0249997 5.04252
-2.11495 -0.212319 0.024713 0.0249994 5.04252
-2.10685 -0.206448 0.0247237 0.0249992 5.04252
-2.09908 -0.200153 0.024736 0.024999 5.04252
-2.09165 -0.193465 0.0247498 0.0249988 5.04252
-2.08455 -0.186415 0.0247651 0.0249986 5.04252
-2.0778 -0.179034 0.0247817 0.0249985 5.04252
-2.0714 -0.171352 0.0247996 0.0249984 5.04252
-2.06534 -0.163398 0.0248186 0.0249984 5.04252
-2.05961 -0.155201 0.0248386 0.0249983 5.04252
-2.0542 -0.146787 0.0248595 0.0249983 5.04252
-2.0491 -0.138182 0.0248811 0.0249984 5.04252
-2.0443 -0.129409 0.0249033 0.0249984 5.04252
-2.03977 -0.12049 0.0249259 0.0249985 5.04252
-2.0355 -0.111447 0.0249489 0.0249986 5.04252
-2.03146 -0.102299 0.024972 0.0249988 5.04252
-2.02763 -0.0930618 0.0249953 0.0249989 5.04252
-2.02397 -0.0837527 0.0250186 0.0249991 5.04252
-2.02047 -0.0743864 0.0250418 0.0249993 5.04252
-2.01708 -0.0649774 0.025065 0.0249995 5.04252
-2.01377 -0.0555402 0.025088 0.0249998 5.04252
-2.01047 -0.0461025 0.025111 0.0249999 5.04252
