-0.675337 0.0536993 0.0250995 0.0250001 1.6008
-0.669297 0.0457297 0.0250879 0.0250002 1.6008
-0.663388 0.0376624 0.0250762 0.0250004 1.6008
-0.657622 0.0294929 0.0250645 0.0250007 1.6008
-0.651999 0.0212242 0.0250527 0.0250009 1.6008
-0.646512 0.0128651 0.0250411 0.0250011 1.6008
-0.641145 0.00442824 0.0250295 0.0250013 1.6008
-0.635878 -0.00407096 0.0250182 0.0250014 1.6008
-0.630684 -0.0126148 0.0250073 0.0250016 1.6008
-0.625532 -0.0211839 0.0249968 0.0250017 1.6008
-0.620387 -0.0297569 0.024987 0.0250018 1.6008
-0.61521 -0.0383109 0.0249778 0.0250019 1.6008
-0.609962 -0.0468212 0.0249694 0.025002 1.6008
-0.6046 -0.0552605 0.024962 0.025002 1.6008
-0.599083 -0.0635991 0.0249555 0.025002 1.6008
-0.59337 -0.0718043 0.0249501 0.025002 1.6008
-0.58742 -0.0798398 0.0249458 0.0250019 1.6008
-0.581197 -0.0876658 0.0249427 0.0250019 1.6008
-0.574669 -0.0952386 0.0249407 0.0250018 1.6008
-0.567807 -0.102511 0.0249399 0.0250017 1.6008
-0.56059 -0.109432 0.0249404 0.0250015 1.6008
-0.553006 -0.115947 0.0249421 0.0250014 1.6008
-0.545048 -0.122001 0.0249449 0.0250012 1.6008
-0.53672 -0.127535 0.024949 0.0250011 1.6008
-0.528036 -0.132492 0.0249542 0.0250009 1.6008
-0.51902 -0.136816 0.0249605 0.0250008 1.6008
-0.509706 -0.140454 0.0249678 0.0250006 1.6008
-0.500137 -0.143357 0.024976 0.0250005 1.6008
-0.490366 -0.145484 0.0249849 0.0250004 1.6008
-0.480453 -0.146801 0.0249944 0.0250003 1.6008
-0.470465 -0.147285 0.0250043 0.0250002 1.6008
-0.460472 -0.146923 0.0250145 0.0250001 1.6008
-0.450546 -0.145713 0.0250247 0.0250001 1.6008
-0.440757 -0.143666 0.0250347 0.0250001 1.6008
-0.431176 -0.140802 0.0250443 0.0250001 1.6008
-0.421866 -0.137153 0.0250533 0.0250001 1.6008
-0.412883 -0.13276 0.0250614 0.0250001 1.6008
-0.404274 -0.127672 0.0250685 0.025 1.6008
-0.396077 -0.121943 0.0250744 0.025 1.6008
-0.388319 -0.115633 0.025079 0.0249999 1.6008
-0.381015 -0.108803 0.0250825 0.0249998 1.6008
-0.374168 -0.101514 0.0250847 0.0249996 1.6008
-0.367772 -0.0938269 0.0250857 0.0249995 1.6008
-0.36181 -0.0857983 0.0250857 0.0249994 1.6008
-0.356255 -0.0774821 0.0250847 0.0249993 1.6008
-0.351075 -0.0689276 0.0250828 0.0249992 1.6008
-0.34623 -0.0601793 0.0250802 0.0249992 1.6008
-0.341673 -0.0512768 0.0250768 0.0249992 1.6008
-0.337358 -0.0422551 0.0250727 0.0249992 1.6008
-0.333232 -0.0331453 0.025068 0.0249992 1.6008
-0.329242 -0.023975 0.0250627 0.0249993 1.6008
-0.325336 -0.0147691 0.0250567 0.0249994 1.6008
-0.321458 -0.00555102 0.02505 0.0249995 1.6008
-0.317558 0.00365729 0.0250426 0.0249997 1.6008
-0.313584 0.0128339 0.0250344 0.0249998 1.6008
-0.309488 0.0219567 0.0250254 0.025 1.6008
-0.305225 0.0310024 0.0250156 0.0250002 1.6008
-0.300753 0.0399464 0.0250049 0.0250004 1.6008
-0.296034 0.0487627 0.0249932 0.0250006 1.6008
-0.291035 0.0574231 0.0249805 0.0250008 1.6008
-0.285728 0.0658978 0.0249669 0.025001 1.6008
-0.28009 0.0741554 0.0249522 0.0250012 1.6008
-0.274102 0.0821629 0.0249366 0.0250014 1.6008
-0.267752 0.0898864 0.02492 0.0250016 1.6008
-0.261033 0.0972913 0.0249025 0.0250018 1.6008
-0.253944 0.104343 0.0248843 0.0250019 1.6008
-0.24649 0.111006 0.0248653 0.025002 1.6008
-0.23868 0.117249 0.0248458 0.0250021 1.6008
-0.230528 0.123038 0.0248259 0.0250021 1.6008
-0.222054 0.128343 0.0248059 0.0250022 1.6008
-0.21328 0.133137 0.0247858 0.0250021 1.6008
-0.204233 0.137393 0.0247661 0.0250021 1.6008
-0.194943 0.14109 0.0247468 0.025002 1.6008
-0.185443 0.144208 0.0247283 0.0250019 1.6008
-0.175768 0.14673 0.0247108 0.0250018 1.6008
-0.165955 0.148646 0.0246947 0.0250016 1.6008
-0.156041 0.149948 0.0246801 0.0250014 1.6008
-0.146065 0.15063 0.0246674 0.0250012 1.6008
-0.136066 0.150694 0.0246568 0.0250009 1.6008
-0.126082 0.150142 0.0246485 0.0250006 1.6008
-0.11615 0.148983 0.0246427 0.0250004 1.6008
-0.106305 0.147228 0.0246395 0.0250001 1.6008
-0.0965816 0.144892 0.0246393 0.0249998 1.6008
-0.0870104 0.141995 0.024642 0.0249995 1.6008
-0.0776197 0.138556 0.0246477 0.0249992 1.6008
-0.0684349 0.134599 0.0246564 0.024999 1.6008
-0.0594778 0.130151 0.0246681 0.0249988 1.6008
-0.0507663 0.125239 0.0246826 0.0249986 1.6008
-0.0423148 0.119892 0.0246998 0.0249985 1.6008
-0.0341332 0.114139 0.0247196 0.0249984 1.6008
-0.0262276 0.108013 0.0247416 0.0249983 1.6008
-0.0185997 0.101545 0.0247657 0.0249983 1.6008
-0.0112467 0.0947657 0.0247915 0.0249984 1.6008
-0.00416163 0.0877068 0.0248189 0.0249984 1.6008
0.00266696 0.0803997 0.0248475 0.0249986 1.6008
0.00925513 0.0728753 0.024877 0.0249987 1.6008
0.0156237 0.0651643 0.0249072 0.0249989 1.6008
0.021799 0.0572978 0.0249378 0.0249991 1.6008
0.0278139 0.0493084 0.0249686 0.0249994 1.6008
0.0337129 0.0412332 0.0249995 0.0249997 1.6008
0.0396059 0.033154 0.0250303 0.0249998 1.6008
