-1.25507 0.00377409 0.0250836 0.0250001 2.58129
-1.2493 -0.00439321 0.0250796 0.0250002 2.58129
-1.24363 -0.0126333 0.0250755 0.0250003 2.58129
-1.23807 -0.0209467 0.0250715 0.0250005 2.58129
-1.23262 -0.0293275 0.0250674 0.0250006 2.58129
-1.22725 -0.0377648 0.0250633 0.0250008 2.58129
-1.22195 -0.0462446 0.0250591 0.0250009 2.58129
-1.21669 -0.0547498 0.0250548 0.0250011 2.58129
-1.21145 -0.0632614 0.0250504 0.0250012 2.58129
-1.20618 -0.0717581 0.0250458 0.0250013 2.58129
-1.20084 -0.0802164 0.0250411 0.0250014 2.58129
-1.19541 -0.0886106 0.0250363 0.0250015 2.58129
-1.18984 -0.0969122 0.0250312 0.0250016 2.58129
-1.18408 -0.10509 0.025026 0.0250017 2.58129
-1.17811 -0.113109 0.0250207 0.0250017 2.58129
-1.17188 -0.120931 0.0250152 0.0250017 2.58129
-1.16537 -0.128515 0.0250096 0.0250017 2.58129
-1.15854 -0.135814 0.025004 0.0250017 2.58129
-1.15136 -0.14278 0.0249986 0.0250016 2.58129
-1.14383 -0.14936 0.0249933 0.0250015 2.58129
-1.13594 -0.1555 0.0249885 0.0250014 2.58129
-1.12769 -0.161143 0.0249841 0.0250013 2.58129
-1.11908 -0.166233 0.0249804 0.0250011 2.58129
-1.11014 -0.170712 0.0249775 0.025001 2.58129
-1.1009 -0.174528 0.0249754 0.0250009 2.58129
-1.09139 -0.17763 0.0249743 0.0250007 2.58129
-1.08167 -0.179974 0.0249742 0.0250006 2.58129
-1.07179 -0.181524 0.0249751 0.0250005 2.58129
-1.06182 -0.182253 0.0249772 0.0250003 2.58129
-1.05182 -0.182143 0.0249802 0.0250002 2.58129
-1.04187 -0.181187 0.0249843 0.0250001 2.58129
-1.03203 -0.179392 0.0249892 0.025 2.58129
-1.02238 -0.176773 0.0249949 0.0249999 2.58129
-1.01298 -0.173358 0.0250012 0.0249998 2.58129
-1.00389 -0.169184 0.025008 0.0249998 2.58129
-0.995167 -0.164297 0.0250149 0.0249997 2.58129
-0.986847 -0.158749 0.0250218 0.0249997 2.58129
-0.978962 -0.152598 0.0250285 0.0249996 2.58129
-0.971534 -0.145903 0.0250345 0.0249996 2.58129
-0.96457 -0.138726 0.0250399 0.0249995 2.58129
-0.958069 -0.131127 0.0250443 0.0249995 2.58129
-0.952018 -0.123165 0.0250476 0.0249994 2.58129
-0.946396 -0.114895 0.0250497 0.0249994 2.58129
-0.94117 -0.106368 0.0250506 0.0249994 2.58129
-0.936305 -0.0976307 0.0250501 0.0249994 2.58129
-0.931756 -0.0887247 0.0250484 0.0249994 2.58129
-0.927475 -0.0796871 0.0250455 0.0249994 2.58129
-0.923409 -0.0705505 0.0250414 0.0249995 2.58129
-0.919504 -0.0613438 0.0250361 0.0249996 2.58129
-0.915707 -0.0520926 0.0250298 0.0249997 2.58129
-0.911961 -0.0428206 0.0250225 0.0249999 2.58129
-0.908212 -0.03355 0.0250143 0.025 2.58129
-0.904406 -0.0243023 0.0250053 0.0250002 2.58129
-0.900494 -0.0150996 0.0249956 0.0250003 2.58129
-0.896427 -0.0059646 0.0249852 0.0250005 2.58129
-0.892159 0.0030785 0.0249743 0.0250007 2.58129
-0.88765 0.0120037 0.0249628 0.0250008 2.58129
-0.882864 0.020783 0.0249509 0.025001 2.58129
-0.877768 0.0293864 0.0249385 0.0250012 2.58129
-0.872337 0.0377817 0.0249256 0.0250014 2.58129
-0.866549 0.0459351 0.0249122 0.0250015 2.58129
-0.86039 0.0538114 0.0248984 0.0250017 2.58129
-0.85385 0.0613746 0.024884 0.0250019 2.58129
-0.846927 0.0685879 0.0248691 0.0250021 2.58129
-0.839622 0.0754152 0.0248537 0.0250022 2.58129
-0.831946 0.0818209 0.0248378 0.0250023 2.58129
-0.823911 0.0877709 0.0248214 0.0250024 2.58129
-0.815537 0.093233 0.0248047 0.0250025 2.58129
-0.806847 0.0981773 0.0247877 0.0250026 2.58129
-0.797869 0.102577 0.0247707 0.0250026 2.58129
-0.788635 0.106409 0.0247538 0.0250026 2.58129
-0.779177 0.109652 0.0247372 0.0250025 2.58129
-0.769534 0.11229 0.0247213 0.0250024 2.58129
-0.759742 0.11431 0.0247062 0.0250022 2.58129
-0.749841 0.115704 0.0246923 0.025002 2.58129
-0.739872 0.116468 0.0246798 0.0250018 2.58129
-0.729874 0.116601 0.0246691 0.0250015 2.58129
-0.719887 0.116106 0.0246602 0.0250012 2.58129
-0.70995 0.114993 0.0246535 0.0250009 2.58129
-0.7001 0.113271 0.0246492 0.0250006 2.58129
-0.690372 0.110957 0.0246474 0.0250003 2.58129
-0.680799 0.108068 0.0246482 0.025 2.58129
-0.67141 0.104626 0.0246517 0.0249997 2.58129
-0.662232 0.100655 0.0246581 0.0249994 2.58129
-0.653288 0.0961796 0.0246672 0.0249992 2.58129
-0.644599 0.0912284 0.0246791 0.024999 2.58129
-0.63618 0.08583 0.0246937 0.0249988 2.58129
-0.628044 0.0800145 0.0247109 0.0249986 2.58129
-0.620198 0.0738125 0.0247304 0.0249985 2.58129
-0.612647 0.0672548 0.0247522 0.0249984 2.58129
-0.60539 0.0603724 0.0247761 0.0249984 2.58129
-0.598425 0.0531959 0.0248017 0.0249984 2.58129
-0.591742 0.0457553 0.0248289 0.0249984 2.58129
-0.585329 0.0380801 0.0248574 0.0249985 2.58129
-0.579173 0.0301989 0.024887 0.0249986 2.58129
-0.573251 0.0221392 0.0249173 0.0249987 2.58129
-0.567542 0.0139282 0.0249483 0.0249989 2.58129
-0.562016 0.00559267 0.0249795 0.0249992 2.58129
-0.55664 -0.0028402 0.0250109 0.0249994 2.58129
-0.551372 -0.01134 0.0250423 0.0249997 2.58129
-0.546108 -0.0198425 0.0250736 0.0249998 2.58129
