-0.499905 -0.005654 0.0249993 0.0249999 0.10005
-0.489908 -0.00542473 0.0249994 0.0249998 0.10005
-0.479911 -0.00517857 0.0249995 0.0249996 0.10005
-0.469914 -0.00491336 0.0249997 0.0249994 0.10005
-0.459917 -0.00462812 0.0249998 0.0249993 0.10005
-0.449921 -0.00432272 0.0249999 0.0249991 0.10005
-0.439926 -0.00399768 0.025 0.0249989 0.10005
-0.429931 -0.00365406 0.0250001 0.0249987 0.10005
-0.419936 -0.00329334 0.0250002 0.0249985 0.10005
-0.409942 -0.00291737 0.0250002 0.0249984 0.10005
-0.399948 -0.00252826 0.0250003 0.0249985 0.10005
-0.389955 -0.00212837 0.0250004 0.0249985 0.10005
-0.379962 -0.0017202 0.0250004 0.0249985 0.10005
-0.36997 -0.00130638 0.0250005 0.0249984 0.10005
-0.359977 -0.000889621 0.0250005 0.0249983 0.10005
-0.349984 -0.000472637 0.0250005 0.0249981 0.10005
-0.339991 -5.81346e-05 0.0250004 0.0249979 0.10005
-0.329998 0.000351246 0.0250004 0.0249977 0.10005
-0.320004 0.000753018 0.0250003 0.0249975 0.10005
-0.310009 0.00114498 0.0250003 0.0249973 0.10005
-0.300014 0.00152492 0.0250002 0.0249971 0.10005
-0.290019 0.00189039 0.0250001 0.0249969 0.10005
-0.280022 0.00223901 0.025 0.0249967 0.10005
-0.270025 0.00256841 0.0249999 0.0249965 0.10005
-0.260027 0.00287635 0.0249998 0.0249963 0.10005
-0.250028 0.00316069 0.0249998 0.0249962 0.10005
-0.240028 0.00341946 0.0249997 0.024996 0.10005
-0.230028 0.0036509 0.0249996 0.0249958 0.10005
-0.220026 0.00385345 0.0249996 0.0249956 0.10005
-0.210024 0.00402583 0.0249996 0.0249954 0.10005
-0.200021 0.00416701 0.0249995 0.0249952 0.10005
-0.190018 0.00427628 0.0249995 0.0249953 0.10005
-0.180015 0.00435322 0.0249996 0.0249954 0.10005
-0.170011 0.00439778 0.0249996 0.0249955 0.10005
-0.160007 0.0044102 0.0249996 0.0249956 0.10005
-0.150004 0.00439104 0.0249997 0.0249958 0.10005
-0.140001 0.00434121 0.0249998 0.0249959 0.10005
-0.129998 0.00426189 0.0249998 0.024996 0.10005
-0.119995 0.00415457 0.0249999 0.0249962 0.10005
-0.109993 0.00402097 0.025 0.0249963 0.10005
-0.0999915 0.0038631 0.0250001 0.0249964 0.10005
-0.0899903 0.00368314 0.0250001 0.0249965 0.10005
-0.0799896 0.00348348 0.0250002 0.0249967 0.10005
-0.0699893 0.00326663 0.0250003 0.0249968 0.10005
-0.0599895 0.00303522 0.0250003 0.0249969 0.10005
-0.04999 0.00279197 0.0250004 0.0249971 0.10005
-0.0399909 0.0025396 0.0250004 0.0249972 0.10005
-0.029992 0.00228087 0.0250004 0.0249973 0.10005
-0.0199934 0.00201845 0.0250004 0.0249974 0.10005
-0.00999482 0.00175496 0.0250004 0.0249976 0.10005
3.65491e-06 0.00149289 0.0250003 0.0249977 0.10005
0.0100021 0.00123458 0.0250003 0.0249978 0.10005
0.0200007 0.000982198 0.0250003 0.0249979 0.10005
0.0299993 0.000737679 0.0250002 0.024998 0.10005
0.039998 0.000502733 0.0250001 0.0249982 0.10005
0.049997 0.000278809 0.0250001 0.0249983 0.10005
0.059996 6.7077e-05 0.025 0.0249984 0.10005
0.0699953 -0.000131587 0.0249999 0.0249985 0.10005
0.0799947 -0.000316603 0.0249999 0.0249986 0.10005
0.0899943 -0.000487781 0.0249998 0.0249987 0.10005
0.099994 -0.000645335 0.0249998 0.0249989 0.10005
0.109994 -0.000789535 0.0249998 0.024999 0.10005
0.119994 -0.00092057 0.0249998 0.0249991 0.10005
0.129994 -0.00103868 0.0249998 0.0249992 0.10005
0.139994 -0.00114415 0.0249998 0.0249993 0.10005
0.149994 -0.00123732 0.0249998 0.0249993 0.10005
0.159994 -0.00131856 0.0249998 0.0249992 0.10005
0.169995 -0.00138825 0.0249999 0.0249992 0.10005
0.179995 -0.00144677 0.0249999 0.0249992 0.10005
0.189996 -0.00149449 0.0249999 0.0249992 0.10005
0.199996 -0.00153175 0.025 0.0249992 0.10005
0.209997 -0.00155884 0.025 0.0249992 0.10005
0.219997 -0.001576 0.025 0.0249992 0.10005
0.229998 -0.00158341 0.025 0.0249992 0.10005
0.239999 -0.00158116 0.025 0.0249992 0.10005
0.249999 -0.0015693 0.025 0.0249992 0.10005
0.26 -0.00154779 0.025 0.0249992 0.10005
0.270001 -0.00151652 0.025 0.0249991 0.10005
0.280001 -0.00147533 0.025 0.0249991 0.10005
0.290002 -0.00142395 0.0249999 0.0249991 0.10005
0.300002 -0.00136208 0.0249999 0.0249991 0.10005
0.310003 -0.00128935 0.0249999 0.0249991 0.10005
0.320003 -0.00120532 0.0249998 0.0249992 0.10005
0.330003 -0.00110952 0.0249998 0.0249992 0.10005
0.340003 -0.00100143 0.0249998 0.0249993 0.10005
0.350003 -0.000880478 0.0249998 0.0249994 0.10005
0.360003 -0.000746092 0.0249997 0.0249995 0.10005
0.370002 -0.000597667 0.0249998 0.0249996 0.10005
0.380001 -0.000434596 0.0249998 0.0249997 0.10005
0.39 -0.000256274 0.0249998 0.0249999 0.10005
0.399998 -6.21156e-05 0.0249999 0.025 0.10005
0.409995 0.000148429 0.0249999 0.0250001 0.10005
0.419993 0.000375981 0.025 0.0250002 0.10005
0.42999 0.000621125 0.0250001 0.0250004 0.10005
0.439986 0.000884035 0.0250001 0.0250005 0.10005
0.449981 0.0011644 0.0250002 0.0250006 0.10005
0.459976 0.00146147 0.0250003 0.0250006 0.10005
0.469971 0.00177398 0.0250004 0.0250005 0.10005
0.479965 0.00209993 0.0250005 0.0250004 0.10005
0.489959 0.00243602 0.0250005 0.0250002 0.10005
0.499954 0.00277094 0.0250006 0.0250001 0.10005
