-0.363206 -0.0105574 0.025055 0.0250001 1.02051
-0.358579 -0.00169234 0.0250528 0.0250002 1.02051
-0.353957 0.00717481 0.0250506 0.0250003 1.02051
-0.349319 0.0160339 0.0250483 0.0250005 1.02051
-0.34464 0.0248713 0.025046 0.0250007 1.02051
-0.33989 0.0336702 0.0250436 0.0250008 1.02051
-0.335034 0.0424112 0.0250411 0.025001 1.02051
-0.330036 0.0510716 0.0250384 0.0250012 1.02051
-0.324858 0.0596259 0.0250356 0.0250013 1.02051
-0.319464 0.068045 0.0250325 0.0250014 1.02051
-0.313817 0.0762962 0.0250291 0.0250016 1.02051
-0.307882 0.084343 0.0250255 0.0250017 1.02051
-0.301628 0.0921449 0.0250217 0.0250017 1.02051
-0.295031 0.0996575 0.0250177 0.0250018 1.02051
-0.288067 0.106833 0.0250136 0.0250018 1.02051
-0.280725 0.11362 0.0250093 0.0250018 1.02051
-0.272997 0.119964 0.0250051 0.0250018 1.02051
-0.264887 0.125812 0.0250009 0.0250017 1.02051
-0.256406 0.131107 0.024997 0.0250016 1.02051
-0.247575 0.135797 0.0249935 0.0250015 1.02051
-0.238425 0.139829 0.0249905 0.0250013 1.02051
-0.228996 0.143156 0.0249883 0.0250012 1.02051
-0.219336 0.145737 0.0249869 0.0250011 1.02051
-0.2095 0.147538 0.0249865 0.0250009 1.02051
-0.19955 0.148533 0.024987 0.0250008 1.02051
-0.189552 0.148706 0.0249887 0.0250006 1.02051
-0.179574 0.148053 0.0249914 0.0250005 1.02051
-0.169684 0.146577 0.0249951 0.0250004 1.02051
-0.159948 0.144295 0.0249997 0.0250003 1.02051
-0.150428 0.141234 0.0250053 0.0250002 1.02051
-0.141181 0.137429 0.0250116 0.0250001 1.02051
-0.132253 0.132924 0.0250185 0.025 1.02051
-0.123685 0.127767 0.0250258 0.025 1.02051
-0.115505 0.122015 0.0250334 0.025 1.02051
-0.107732 0.115724 0.0250411 0.025 1.02051
-0.100372 0.108954 0.0250486 0.0250001 1.02051
-0.0934227 0.101764 0.0250558 0.0250001 1.02051
-0.0868713 0.0942086 0.0250626 0.0250002 1.02051
-0.0806958 0.0863435 0.0250686 0.0250003 1.02051
-0.0748661 0.0782189 0.0250738 0.0250003 1.02051
-0.0693453 0.0698814 0.0250781 0.0250004 1.02051
-0.064091 0.0613735 0.0250812 0.0250006 1.02051
-0.0590562 0.052734 0.0250831 0.0250007 1.02051
-0.0541908 0.0439981 0.0250836 0.0250008 1.02051
-0.0494424 0.0351982 0.0250826 0.025001 1.02051
-0.0447578 0.0263643 0.0250801 0.0250011 1.02051
-0.0400837 0.017525 0.025076 0.0250013 1.02051
-0.0353675 0.00870827 0.0250703 0.0250015 1.02051
-0.0305587 -5.81663e-05 0.025063 0.0250017 1.02051
-0.0256094 -0.00874585 0.0250542 0.0250018 1.02051
-0.0204748 -0.0173252 0.0250438 0.025002 1.02051
-0.0151145 -0.0257653 0.0250322 0.0250021 1.02051
-0.00949278 -0.0340333 0.0250192 0.0250022 1.02051
-0.00357912 -0.0420951 0.0250053 0.0250023 1.02051
0.00265116 -0.0499146 0.0249903 0.0250024 1.02051
0.00921658 -0.0574548 0.0249747 0.0250025 1.02051
0.0161293 -0.064678 0.0249584 0.0250026 1.02051
0.0233949 -0.0715459 0.0249418 0.0250026 1.02051
0.0310126 -0.0780211 0.0249248 0.0250026 1.02051
0.0389752 -0.0840671 0.0249077 0.0250027 1.02051
0.0472696 -0.0896493 0.0248905 0.0250027 1.02051
0.0558769 -0.0947356 0.0248734 0.0250027 1.02051
0.0647736 -0.099297 0.0248565 0.0250027 1.02051
0.0739315 -0.103308 0.02484 0.0250026 1.02051
0.0833192 -0.106748 0.0248239 0.0250026 1.02051
0.0929021 -0.109599 0.0248084 0.0250025 1.02051
0.102644 -0.111848 0.0247937 0.0250023 1.02051
0.112506 -0.113488 0.02478 0.0250022 1.02051
0.122452 -0.114515 0.0247675 0.0250019 1.02051
0.132442 -0.11493 0.0247565 0.0250017 1.02051
0.142439 -0.114735 0.024747 0.0250014 1.02051
0.152406 -0.113939 0.0247395 0.0250011 1.02051
0.162309 -0.112553 0.0247341 0.0250008 1.02051
0.172114 -0.110592 0.0247308 0.0250004 1.02051
0.181791 -0.108071 0.02473 0.0250001 1.02051
0.191311 -0.10501 0.0247316 0.0249997 1.02051
0.200649 -0.101431 0.0247358 0.0249993 1.02051
0.209782 -0.097356 0.0247424 0.024999 1.02051
0.21869 -0.09281 0.0247515 0.0249987 1.02051
0.227356 -0.0878183 0.0247629 0.0249984 1.02051
0.235767 -0.0824071 0.0247763 0.0249981 1.02051
0.243913 -0.0766033 0.0247917 0.0249979 1.02051
0.251785 -0.0704335 0.0248086 0.0249978 1.02051
0.259379 -0.0639247 0.0248268 0.0249977 1.02051
0.266693 -0.0571033 0.0248459 0.0249976 1.02051
0.27373 -0.0499952 0.0248657 0.0249976 1.02051
0.280492 -0.0426259 0.0248859 0.0249977 1.02051
0.286987 -0.0350197 0.024906 0.0249978 1.02051
0.293223 -0.0272 0.0249259 0.024998 1.02051
0.299211 -0.0191893 0.0249454 0.0249982 1.02051
0.304965 -0.0110087 0.0249642 0.0249984 1.02051
0.310499 -0.00267826 0.0249822 0.0249986 1.02051
0.315831 0.00578317 0.0249994 0.0249988 1.02051
0.320978 0.0143579 0.0250158 0.024999 1.02051
0.325959 0.0230294 0.0250315 0.0249993 1.02051
0.330797 0.0317819 0.0250466 0.0249995 1.02051
0.335512 0.0406008 0.0250611 0.0249996 1.02051
0.340128 0.0494721 0.0250752 0.0249998 1.02051
0.344668 0.0583822 0.0250892 0.0249999 1.02051
0.349159 0.067317 0.0251031 0.025 1.02051
0.353652 0.0762511 0.025117 0.025 1.02051
