-2.65302 -0.0301797 0.0248439 0.0250001 4.90245
-2.64502 -0.0241841 0.024851 0.0250001 4.90245
-2.63689 -0.0183668 0.0248581 0.0250002 4.90245
-2.62859 -0.0127809 0.0248653 0.0250003 4.90245
-2.62011 -0.00747844 0.0248726 0.0250004 4.90245
-2.61143 -0.0025114 0.0248799 0.0250004 4.90245
-2.60254 0.00206817 0.0248873 0.0250005 4.90245
-2.59344 0.00620847 0.0248949 0.0250005 4.90245
-2.58413 0.00985864 0.0249025 0.0250005 4.90245
-2.57463 0.0129697 0.0249102 0.0250005 4.90245
-2.56495 0.0154956 0.024918 0.0250004 4.90245
-2.55514 0.0173943 0.024926 0.0250003 4.90245
-2.54521 0.0186293 0.024934 0.0250002 4.90245
-2.53523 0.0191705 0.0249423 0.0250001 4.90245
-2.52523 0.0189953 0.0249507 0.0249999 4.90245
-2.51527 0.0180899 0.0249594 0.0249997 4.90245
-2.50541 0.016449 0.0249682 0.0249996 4.90245
-2.49569 0.0140766 0.0249772 0.0249995 4.90245
-2.48618 0.0109857 0.0249864 0.0249994 4.90245
-2.47692 0.00719785 0.0249955 0.0249993 4.90245
-2.46797 0.00274289 0.0250046 0.0249993 4.90245
-2.45936 -0.00234241 0.0250134 0.0249993 4.90245
-2.45112 -0.00801537 0.0250218 0.0249993 4.90245
-2.44329 -0.0142288 0.0250297 0.0249993 4.90245
-2.43587 -0.0209325 0.0250369 0.0249994 4.90245
-2.42887 -0.0280748 0.0250433 0.0249995 4.90245
-2.42229 -0.0356035 0.0250486 0.0249997 4.90245
-2.41611 -0.0434677 0.0250527 0.0249998 4.90245
-2.41031 -0.0516184 0.0250554 0.025 4.90245
-2.40487 -0.0600093 0.0250568 0.0250002 4.90245
-2.39975 -0.0685975 0.0250565 0.0250003 4.90245
-2.3949 -0.0773434 0.0250547 0.0250005 4.90245
-2.39028 -0.0862109 0.0250511 0.0250007 4.90245
-2.38584 -0.0951668 0.0250458 0.0250009 4.90245
-2.38151 -0.104181 0.0250389 0.0250011 4.90245
-2.37724 -0.113224 0.0250302 0.0250012 4.90245
-2.37298 -0.122268 0.02502 0.0250013 4.90245
-2.36866 -0.131287 0.0250083 0.0250015 4.90245
-2.36423 -0.14025 0.0249951 0.0250016 4.90245
-2.35963 -0.149129 0.0249808 0.0250016 4.90245
-2.35481 -0.157892 0.0249654 0.0250017 4.90245
-2.34973 -0.166502 0.024949 0.0250017 4.90245
-2.34434 -0.174921 0.0249321 0.0250017 4.90245
-2.3386 -0.183109 0.0249146 0.0250016 4.90245
-2.33249 -0.19102 0.0248969 0.0250015 4.90245
-2.32597 -0.198608 0.0248792 0.0250014 4.90245
-2.31905 -0.205822 0.0248617 0.0250013 4.90245
-2.31171 -0.212614 0.0248447 0.0250011 4.90245
-2.30396 -0.218933 0.0248283 0.0250009 4.90245
-2.29582 -0.224731 0.0248128 0.0250007 4.90245
-2.28729 -0.229962 0.0247983 0.0250004 4.90245
-2.27843 -0.234584 0.0247851 0.0250002 4.90245
-2.26925 -0.238561 0.0247733 0.0249999 4.90245
-2.25981 -0.241863 0.024763 0.0249995 4.90245
-2.25016 -0.244466 0.0247544 0.0249992 4.90245
-2.24033 -0.246354 0.0247475 0.0249989 4.90245
-2.2304 -0.247519 0.0247425 0.0249985 4.90245
-2.22041 -0.24796 0.0247393 0.0249982 4.90245
-2.21041 -0.247684 0.024738 0.0249978 4.90245
-2.20046 -0.246704 0.0247386 0.0249975 4.90245
-2.1906 -0.245041 0.0247411 0.0249971 4.90245
-2.18087 -0.242719 0.0247455 0.0249968 4.90245
-2.17131 -0.239769 0.0247516 0.0249965 4.90245
-2.16196 -0.236223 0.0247594 0.0249962 4.90245
-2.15283 -0.232117 0.0247688 0.0249959 4.90245
-2.14397 -0.227488 0.0247798 0.0249957 4.90245
-2.13537 -0.222373 0.0247922 0.0249955 4.90245
-2.12705 -0.216811 0.0248057 0.0249954 4.90245
-2.11903 -0.210837 0.0248202 0.0249953 4.90245
-2.1113 -0.204487 0.0248354 0.0249952 4.90245
-2.10386 -0.197795 0.0248511 0.0249952 4.90245
-2.09672 -0.190792 0.024867 0.0249952 4.90245
-2.08986 -0.18351 0.0248828 0.0249953 4.90245
-2.08328 -0.175976 0.0248982 0.0249954 4.90245
-2.07697 -0.168217 0.0249129 0.0249955 4.90245
-2.07091 -0.160257 0.0249267 0.0249956 4.90245
-2.06509 -0.152119 0.0249393 0.0249958 4.90245
-2.0595 -0.143823 0.0249504 0.0249959 4.90245
-2.05412 -0.135389 0.0249599 0.0249961 4.90245
-2.04894 -0.126835 0.0249675 0.0249963 4.90245
-2.04393 -0.118177 0.024973 0.0249965 4.90245
-2.03908 -0.109429 0.0249763 0.0249968 4.90245
-2.03436 -0.100606 0.0249774 0.024997 4.90245
-2.02977 -0.0917197 0.0249761 0.0249972 4.90245
-2.02528 -0.0827822 0.0249725 0.0249974 4.90245
-2.02087 -0.0738041 0.0249664 0.0249977 4.90245
-2.01653 -0.0647956 0.024958 0.0249979 4.90245
-2.01223 -0.0557659 0.0249474 0.0249981 4.90245
-2.00795 -0.0467237 0.0249346 0.0249983 4.90245
-2.00369 -0.0376776 0.0249198 0.0249985 4.90245
-1.99941 -0.0286359 0.0249032 0.0249986 4.90245
-1.99511 -0.0196064 0.0248849 0.0249988 4.90245
-1.99077 -0.0105968 0.0248651 0.024999 4.90245
-1.98638 -0.0016141 0.0248442 0.0249991 4.90245
-1.98191 0.0073351 0.0248222 0.0249993 4.90245
-1.97737 0.0162451 0.0247993 0.0249994 4.90245
-1.97275 0.0251114 0.0247759 0.0249995 4.90245
-1.96803 0.0339315 0.024752 0.0249996 4.90245
-1.96324 0.0427058 0.0247278 0.0249998 4.90245
-1.95837 0.0514409 0.0247035 0.0249999 4.90245
-1.95349 0.0601727 0.0246791 0.0249999 4.90245
