-2.41299 -0.0971643 0.0250676 0.0250001 4.54227
-2.4073 -0.10539 0.0250677 0.0250001 4.54227
-2.40166 -0.113643 0.0250677 0.0250002 4.54227
-2.39604 -0.121917 0.0250676 0.0250003 4.54227
-2.39043 -0.130198 0.0250673 0.0250004 4.54227
-2.38482 -0.138471 0.0250668 0.0250006 4.54227
-2.37916 -0.146715 0.0250658 0.0250007 4.54227
-2.37343 -0.154908 0.0250642 0.0250008 4.54227
-2.36758 -0.163024 0.0250621 0.025001 4.54227
-2.3616 -0.171034 0.0250591 0.0250011 4.54227
-2.35544 -0.178907 0.0250554 0.0250012 4.54227
-2.34906 -0.186608 0.0250509 0.0250013 4.54227
-2.34243 -0.194097 0.0250455 0.0250014 4.54227
-2.33553 -0.201333 0.0250395 0.0250014 4.54227
-2.32833 -0.208271 0.0250328 0.0250014 4.54227
-2.32081 -0.21486 0.0250256 0.0250013 4.54227
-2.31296 -0.221051 0.0250183 0.0250012 4.54227
-2.30477 -0.226789 0.0250109 0.0250011 4.54227
-2.29625 -0.23202 0.0250038 0.025001 4.54227
-2.28741 -0.236689 0.0249973 0.0250009 4.54227
-2.27826 -0.240741 0.0249915 0.0250007 4.54227
-2.26886 -0.244126 0.0249867 0.0250005 4.54227
-2.25922 -0.246797 0.0249831 0.0250003 4.54227
-2.2494 -0.248713 0.0249807 0.0250001 4.54227
-2.23947 -0.249841 0.0249798 0.0249999 4.54227
-2.22947 -0.250156 0.0249804 0.0249997 4.54227
-2.21949 -0.249644 0.0249824 0.0249995 4.54227
-2.20958 -0.248301 0.0249859 0.0249993 4.54227
-2.19981 -0.246134 0.0249907 0.0249992 4.54227
-2.19026 -0.243161 0.0249968 0.024999 4.54227
-2.18099 -0.239412 0.0250039 0.0249989 4.54227
-2.17206 -0.234924 0.0250119 0.0249989 4.54227
-2.1635 -0.229742 0.0250203 0.0249988 4.54227
-2.15537 -0.223921 0.0250291 0.0249988 4.54227
-2.14769 -0.217516 0.0250379 0.0249989 4.54227
-2.14048 -0.210588 0.0250462 0.024999 4.54227
-2.13374 -0.203197 0.0250539 0.0249991 4.54227
-2.12748 -0.195402 0.0250606 0.0249992 4.54227
-2.12167 -0.18726 0.0250661 0.0249993 4.54227
-2.11629 -0.178826 0.0250701 0.0249993 4.54227
-2.11132 -0.170149 0.0250725 0.0249994 4.54227
-2.10671 -0.161275 0.0250732 0.0249995 4.54227
-2.10242 -0.152244 0.0250722 0.0249996 4.54227
-2.09839 -0.143092 0.0250695 0.0249997 4.54227
-2.09457 -0.133849 0.025065 0.0249998 4.54227
-2.0909 -0.124545 0.0250588 0.0249999 4.54227
-2.08733 -0.115204 0.025051 0.025 4.54227
-2.0838 -0.105848 0.0250415 0.0250002 4.54227
-2.08025 -0.0964994 0.0250305 0.0250004 4.54227
-2.07663 -0.0871798 0.0250181 0.0250005 4.54227
-2.07287 -0.0779114 0.0250043 0.0250007 4.54227
-2.06894 -0.0687176 0.0249893 0.0250009 4.54227
-2.06478 -0.0596239 0.0249731 0.0250011 4.54227
-2.06036 -0.050658 0.024956 0.0250013 4.54227
-2.05562 -0.0418502 0.024938 0.0250015 4.54227
-2.05055 -0.033233 0.0249195 0.0250017 4.54227
-2.04512 -0.0248415 0.0249005 0.0250018 4.54227
-2.0393 -0.0167125 0.0248812 0.025002 4.54227
-2.03308 -0.00888466 0.0248619 0.0250021 4.54227
-2.02645 -0.00139709 0.0248428 0.0250022 4.54227
-2.01942 0.00571071 0.0248241 0.0250023 4.54227
-2.01199 0.0123999 0.0248059 0.0250023 4.54227
-2.00417 0.0186328 0.0247885 0.0250024 4.54227
-1.99598 0.0243739 0.0247719 0.0250024 4.54227
-1.98745 0.0295905 0.0247565 0.0250024 4.54227
-1.97861 0.0342529 0.0247422 0.0250024 4.54227
-1.96948 0.0383352 0.0247292 0.0250023 4.54227
-1.96011 0.0418158 0.0247177 0.0250022 4.54227
-1.95053 0.0446772 0.0247076 0.0250021 4.54227
-1.94078 0.0469062 0.0246992 0.025002 4.54227
-1.93091 0.0484944 0.0246923 0.0250018 4.54227
-1.92096 0.0494373 0.0246871 0.0250016 4.54227
-1.91096 0.0497349 0.0246836 0.0250014 4.54227
-1.90097 0.0493916 0.0246817 0.0250012 4.54227
-1.89102 0.0484153 0.0246816 0.025001 4.54227
-1.88115 0.0468183 0.0246831 0.0250007 4.54227
-1.8714 0.0446158 0.0246863 0.0250005 4.54227
-1.86179 0.0418266 0.0246912 0.0250002 4.54227
-1.85237 0.0384722 0.0246976 0.0249999 4.54227
-1.84316 0.0345766 0.0247057 0.0249997 4.54227
-1.83419 0.0301662 0.0247154 0.0249994 4.54227
-1.82547 0.0252689 0.0247267 0.0249992 4.54227
-1.81702 0.0199135 0.0247394 0.0249989 4.54227
-1.80886 0.0141298 0.0247537 0.0249988 4.54227
-1.801 0.00794774 0.0247693 0.0249986 4.54227
-1.79344 0.00139741 0.0247862 0.0249985 4.54227
-1.78619 -0.00549123 0.0248042 0.0249984 4.54227
-1.77925 -0.0126888 0.0248232 0.0249984 4.54227
-1.77261 -0.0201664 0.0248432 0.0249983 4.54227
-1.76626 -0.0278965 0.0248639 0.0249983 4.54227
-1.7602 -0.0358522 0.0248853 0.0249984 4.54227
-1.75441 -0.0440081 0.0249072 0.0249984 4.54227
-1.74888 -0.05234 0.0249295 0.0249985 4.54227
-1.74359 -0.060825 0.0249521 0.0249987 4.54227
-1.73851 -0.0694417 0.0249748 0.0249988 4.54227
-1.73363 -0.0781698 0.0249976 0.024999 4.54227
-1.72891 -0.0869901 0.0250204 0.0249991 4.54227
-1.72434 -0.0958844 0.0250431 0.0249993 4.54227
-1.71988 -0.104835 0.0250658 0.0249995 4.54227
-1.71549 -0.113822 0.0250883 0.0249998 4.54227
-1.71111 -0.12281 0.0251108 0.0249999 4.54227
