-1.56603 -0.165243 0.0249757 0.0250001 3.14157
-1.56009 -0.157201 0.0249758 0.0250001 3.14157
-1.55433 -0.149023 0.024976 0.0250003 3.14157
-1.54879 -0.140699 0.0249762 0.0250004 3.14157
-1.54348 -0.132226 0.0249765 0.0250006 3.14157
-1.53841 -0.123609 0.0249768 0.0250007 3.14157
-1.53357 -0.114859 0.024977 0.0250009 3.14157
-1.52895 -0.105989 0.0249772 0.0250011 3.14157
-1.52454 -0.0970148 0.0249773 0.0250013 3.14157
-1.52032 -0.0879523 0.0249772 0.0250015 3.14157
-1.51625 -0.0788192 0.0249768 0.0250016 3.14157
-1.5123 -0.0696329 0.024976 0.0250018 3.14157
-1.50844 -0.0604114 0.0249749 0.025002 3.14157
-1.50461 -0.0511727 0.0249733 0.0250022 3.14157
-1.50079 -0.0419357 0.0249712 0.0250023 3.14157
-1.49691 -0.03272 0.0249685 0.0250025 3.14157
-1.49293 -0.0235469 0.0249653 0.0250026 3.14157
-1.48881 -0.0144398 0.0249615 0.0250027 3.14157
-1.48449 -0.00542492 0.0249572 0.0250028 3.14157
-1.47992 0.0034682 0.0249526 0.0250028 3.14157
-1.47506 0.0122062 0.0249477 0.0250028 3.14157
-1.46987 0.0207513 0.0249428 0.0250028 3.14157
-1.46431 0.0290612 0.024938 0.0250027 3.14157
-1.45835 0.0370885 0.0249335 0.0250026 3.14157
-1.45197 0.0447819 0.0249295 0.0250025 3.14157
-1.44514 0.0520858 0.0249261 0.0250024 3.14157
-1.43786 0.058942 0.0249235 0.0250023 3.14157
-1.43014 0.0652904 0.0249218 0.0250021 3.14157
-1.42198 0.0710705 0.0249212 0.025002 3.14157
-1.41341 0.0762234 0.0249217 0.0250018 3.14157
-1.40447 0.0806934 0.0249234 0.0250016 3.14157
-1.39519 0.0844301 0.0249264 0.0250014 3.14157
-1.38564 0.0873903 0.0249308 0.0250012 3.14157
-1.37588 0.0895395 0.0249365 0.0250009 3.14157
-1.36596 0.0908536 0.0249435 0.0250007 3.14157
-1.35598 0.0913195 0.0249518 0.0250004 3.14157
-1.34598 0.0909358 0.0249611 0.0250001 3.14157
-1.33606 0.0897128 0.0249713 0.0249998 3.14157
-1.32627 0.087672 0.0249822 0.0249996 3.14157
-1.31668 0.0848455 0.0249934 0.0249993 3.14157
-1.30733 0.0812741 0.0250048 0.0249991 3.14157
-1.29829 0.0770062 0.025016 0.0249988 3.14157
-1.28958 0.0720957 0.025027 0.0249986 3.14157
-1.28122 0.0666004 0.0250375 0.0249984 3.14157
-1.27323 0.0605802 0.0250474 0.0249983 3.14157
-1.26562 0.0540945 0.0250566 0.0249982 3.14157
-1.25837 0.0472015 0.0250651 0.0249982 3.14157
-1.25148 0.0399571 0.0250727 0.0249982 3.14157
-1.24491 0.0324138 0.0250794 0.0249982 3.14157
-1.23864 0.0246205 0.0250852 0.0249982 3.14157
-1.23264 0.0166223 0.02509 0.0249982 3.14157
-1.22686 0.00846022 0.0250937 0.0249982 3.14157
-1.22126 0.000172106 0.0250965 0.0249983 3.14157
-1.2158 -0.0082075 0.025098 0.0249983 3.14157
-1.21043 -0.0166466 0.0250984 0.0249984 3.14157
-1.20511 -0.0251153 0.0250974 0.0249985 3.14157
-1.19979 -0.0335852 0.0250949 0.0249986 3.14157
-1.19443 -0.0420286 0.0250907 0.0249988 3.14157
-1.18899 -0.0504183 0.0250846 0.024999 3.14157
-1.18343 -0.0587274 0.0250765 0.0249992 3.14157
-1.1777 -0.0669281 0.0250662 0.0249994 3.14157
-1.17179 -0.0749927 0.0250537 0.0249997 3.14157
-1.16566 -0.0828924 0.0250389 0.0249999 3.14157
-1.15928 -0.090598 0.025022 0.0250002 3.14157
-1.15265 -0.0980796 0.0250032 0.0250004 3.14157
-1.14574 -0.105307 0.0249827 0.0250006 3.14157
-1.13854 -0.112249 0.0249608 0.0250007 3.14157
-1.13105 -0.118877 0.0249378 0.0250008 3.14157
-1.12327 -0.125159 0.0249142 0.0250008 3.14157
-1.11521 -0.131065 0.0248903 0.0250008 3.14157
-1.10686 -0.136568 0.0248666 0.0250008 3.14157
-1.09824 -0.141639 0.0248432 0.0250007 3.14157
-1.08937 -0.146253 0.0248206 0.0250006 3.14157
-1.08026 -0.150385 0.0247989 0.0250005 3.14157
-1.07094 -0.154012 0.0247784 0.0250004 3.14157
-1.06144 -0.157115 0.0247593 0.0250003 3.14157
-1.05177 -0.159677 0.0247415 0.0250002 3.14157
-1.04197 -0.161683 0.0247254 0.0250001 3.14157
-1.03208 -0.163122 0.024711 0.0249999 3.14157
-1.02212 -0.163987 0.0246983 0.0249998 3.14157
-1.01212 -0.164274 0.0246874 0.0249996 3.14157
-1.00212 -0.163983 0.0246786 0.0249995 3.14157
-0.992161 -0.163116 0.0246717 0.0249993 3.14157
-0.982263 -0.161681 0.024667 0.0249991 3.14157
-0.972463 -0.159687 0.0246644 0.0249989 3.14157
-0.962789 -0.157151 0.024664 0.0249987 3.14157
-0.953269 -0.154087 0.0246656 0.0249986 3.14157
-0.943927 -0.150517 0.0246694 0.0249985 3.14157
-0.934784 -0.146463 0.0246751 0.0249984 3.14157
-0.925859 -0.14195 0.0246827 0.0249984 3.14157
-0.917166 -0.137004 0.0246919 0.0249984 3.14157
-0.908716 -0.131654 0.0247028 0.0249984 3.14157
-0.900515 -0.12593 0.024715 0.0249985 3.14157
-0.892563 -0.119864 0.0247284 0.0249986 3.14157
-0.884859 -0.113487 0.0247429 0.0249987 3.14157
-0.877393 -0.106833 0.0247582 0.0249989 3.14157
-0.87015 -0.0999373 0.0247742 0.0249991 3.14157
-0.863109 -0.0928351 0.0247907 0.0249993 3.14157
-0.85624 -0.0855667 0.0248074 0.0249995 3.14157
-0.849499 -0.0781799 0.0248243 0.0249997 3.14157
-0.842766 -0.0707865 0.0248412 0.0249999 3.14157
