-0.567952 -0.124163 0.0249871 0.0250001 1.38069
-0.558747 -0.128069 0.0249822 0.0250001 1.38069
-0.549445 -0.131741 0.0249773 0.0250003 1.38069
-0.540032 -0.135116 0.0249724 0.0250004 1.38069
-0.530499 -0.138134 0.0249676 0.0250005 1.38069
-0.520845 -0.140741 0.0249629 0.0250006 1.38069
-0.511078 -0.142883 0.0249584 0.0250007 1.38069
-0.501212 -0.144511 0.0249541 0.0250007 1.38069
-0.49127 -0.145579 0.0249501 0.0250007 1.38069
-0.481281 -0.146048 0.0249465 0.0250007 1.38069
-0.471283 -0.145883 0.0249434 0.0250007 1.38069
-0.461318 -0.145056 0.0249408 0.0250006 1.38069
-0.451433 -0.143549 0.024939 0.0250005 1.38069
-0.441678 -0.141351 0.024938 0.0250004 1.38069
-0.432105 -0.13846 0.0249378 0.0250003 1.38069
-0.422766 -0.134884 0.0249387 0.0250002 1.38069
-0.413713 -0.130637 0.0249405 0.0250001 1.38069
-0.404992 -0.125744 0.0249432 0.0250001 1.38069
-0.396645 -0.120237 0.0249469 0.025 1.38069
-0.388708 -0.114154 0.0249514 0.025 1.38069
-0.381208 -0.107539 0.0249567 0.025 1.38069
-0.374166 -0.100439 0.0249625 0.025 1.38069
-0.367593 -0.0929036 0.0249687 0.025 1.38069
-0.361488 -0.0849833 0.0249752 0.025 1.38069
-0.355844 -0.0767281 0.0249817 0.0250001 1.38069
-0.350644 -0.0681864 0.024988 0.0250002 1.38069
-0.345863 -0.0594037 0.0249938 0.0250003 1.38069
-0.341467 -0.0504222 0.024999 0.0250005 1.38069
-0.337416 -0.0412799 0.0250033 0.0250006 1.38069
-0.333664 -0.0320111 0.0250065 0.0250008 1.38069
-0.33016 -0.0226459 0.0250084 0.025001 1.38069
-0.326848 -0.0132111 0.0250087 0.0250012 1.38069
-0.323671 -0.00373034 0.0250075 0.0250014 1.38069
-0.320568 0.00577472 0.0250044 0.0250016 1.38069
-0.317477 0.0152836 0.0249995 0.0250018 1.38069
-0.314337 0.0247762 0.0249927 0.025002 1.38069
-0.311086 0.0342312 0.0249839 0.0250021 1.38069
-0.307664 0.0436259 0.0249733 0.0250023 1.38069
-0.304016 0.0529345 0.0249608 0.0250024 1.38069
-0.300087 0.0621281 0.0249467 0.0250024 1.38069
-0.295827 0.0711735 0.0249311 0.0250025 1.38069
-0.291195 0.0800337 0.0249143 0.0250025 1.38069
-0.286153 0.0886672 0.0248964 0.0250024 1.38069
-0.280672 0.0970288 0.0248778 0.0250024 1.38069
-0.27473 0.10507 0.0248589 0.0250022 1.38069
-0.268316 0.11274 0.02484 0.025002 1.38069
-0.261428 0.119987 0.0248214 0.0250018 1.38069
-0.254071 0.126758 0.0248036 0.0250015 1.38069
-0.246262 0.133003 0.0247868 0.0250012 1.38069
-0.238028 0.138675 0.0247715 0.0250008 1.38069
-0.2294 0.143731 0.0247578 0.0250005 1.38069
-0.220421 0.148132 0.0247462 0.0250001 1.38069
-0.211137 0.151847 0.0247367 0.0249996 1.38069
-0.201599 0.154854 0.0247297 0.0249992 1.38069
-0.191862 0.157136 0.0247251 0.0249988 1.38069
-0.181982 0.158687 0.0247232 0.0249984 1.38069
-0.172014 0.159506 0.0247238 0.0249979 1.38069
-0.162013 0.159602 0.0247271 0.0249975 1.38069
-0.152029 0.158992 0.0247329 0.0249971 1.38069
-0.142111 0.157696 0.0247411 0.0249967 1.38069
-0.132301 0.155741 0.0247515 0.0249964 1.38069
-0.122637 0.15316 0.024764 0.024996 1.38069
-0.11315 0.149987 0.0247784 0.0249957 1.38069
-0.103867 0.14626 0.0247945 0.0249955 1.38069
-0.0948075 0.142017 0.0248119 0.0249952 1.38069
-0.0859869 0.137298 0.0248304 0.0249951 1.38069
-0.077415 0.13214 0.0248497 0.024995 1.38069
-0.0690972 0.126582 0.0248694 0.0249949 1.38069
-0.0610349 0.120659 0.0248892 0.0249949 1.38069
-0.0532259 0.114406 0.0249086 0.0249949 1.38069
-0.045665 0.107855 0.0249274 0.024995 1.38069
-0.0383445 0.101036 0.0249451 0.0249951 1.38069
-0.0312545 0.0939788 0.0249614 0.0249952 1.38069
-0.0243833 0.0867081 0.0249759 0.0249953 1.38069
-0.0177175 0.0792488 0.0249885 0.0249955 1.38069
-0.0112427 0.0716235 0.0249987 0.0249957 1.38069
-0.00494307 0.0638529 0.0250064 0.0249959 1.38069
0.00119778 0.0559564 0.0250113 0.0249961 1.38069
0.00719698 0.0479521 0.0250133 0.0249964 1.38069
0.0130722 0.0398565 0.0250123 0.0249966 1.38069
0.0188412 0.0316851 0.0250081 0.0249968 1.38069
0.0245223 0.0234526 0.0250007 0.0249971 1.38069
0.0301334 0.0151725 0.0249902 0.0249973 1.38069
0.0356925 0.00685761 0.0249764 0.0249975 1.38069
0.0412175 -0.00147982 0.0249596 0.0249977 1.38069
0.0467253 -0.00982838 0.0249399 0.0249979 1.38069
0.0522326 -0.018177 0.0249173 0.0249981 1.38069
0.0577561 -0.0265149 0.0248921 0.0249983 1.38069
0.0633116 -0.0348312 0.0248644 0.0249985 1.38069
0.0689143 -0.0431156 0.0248346 0.0249986 1.38069
0.0745786 -0.051358 0.0248028 0.0249988 1.38069
0.0803172 -0.0595486 0.0247693 0.0249989 1.38069
0.0861418 -0.0676781 0.0247343 0.0249991 1.38069
0.0920619 -0.0757381 0.0246981 0.0249992 1.38069
0.0980853 -0.0837213 0.0246609 0.0249993 1.38069
0.104217 -0.0916215 0.0246229 0.0249994 1.38069
0.110458 -0.0994353 0.0245844 0.0249995 1.38069
0.116806 -0.107162 0.0245455 0.0249997 1.38069
0.123253 -0.114806 0.0245064 0.0249998 1.38069
0.12978 -0.122383 0.0244671 0.0249999 1.38069
0.136313 -0.129954 0.0244279 0.0249999 1.38069
