-1.28481 0.0481446 0.0250077 0.0250001 2.64132
-1.27798 0.0408365 0.0250095 0.0250001 2.64132
-1.27133 0.0333726 0.0250114 0.0250003 2.64132
-1.26487 0.0257384 0.0250132 0.0250004 2.64132
-1.25862 0.0179305 0.0250152 0.0250005 2.64132
-1.25259 0.0099535 0.0250171 0.0250007 2.64132
-1.24678 0.0018177 0.0250189 0.0250008 2.64132
-1.24117 -0.00646257 0.0250207 0.025001 2.64132
-1.23576 -0.0148701 0.0250223 0.0250011 2.64132
-1.23052 -0.0233856 0.0250235 0.0250013 2.64132
-1.22542 -0.0319887 0.0250244 0.0250015 2.64132
-1.22044 -0.0406579 0.0250248 0.0250016 2.64132
-1.21554 -0.0493711 0.0250247 0.0250018 2.64132
-1.21067 -0.0581055 0.0250241 0.025002 2.64132
-1.2058 -0.0668372 0.0250228 0.0250021 2.64132
-1.20088 -0.0755413 0.025021 0.0250022 2.64132
-1.19586 -0.0841909 0.0250185 0.0250023 2.64132
-1.19071 -0.0927571 0.0250155 0.0250024 2.64132
-1.18537 -0.101208 0.0250119 0.0250024 2.64132
-1.17979 -0.109509 0.0250078 0.0250024 2.64132
-1.17395 -0.117621 0.0250033 0.0250024 2.64132
-1.1678 -0.125503 0.0249986 0.0250024 2.64132
-1.16131 -0.133107 0.0249936 0.0250024 2.64132
-1.15445 -0.140383 0.0249887 0.0250024 2.64132
-1.14721 -0.147276 0.0249839 0.0250024 2.64132
-1.13957 -0.153731 0.0249796 0.0250023 2.64132
-1.13154 -0.159687 0.0249758 0.0250022 2.64132
-1.12313 -0.165086 0.0249728 0.0250021 2.64132
-1.11434 -0.169868 0.0249708 0.0250019 2.64132
-1.10523 -0.173977 0.02497 0.0250018 2.64132
-1.09582 -0.177363 0.0249704 0.0250016 2.64132
-1.08617 -0.179981 0.0249722 0.0250013 2.64132
-1.07634 -0.181793 0.0249754 0.0250011 2.64132
-1.06639 -0.182773 0.0249799 0.0250008 2.64132
-1.05639 -0.182905 0.0249857 0.0250006 2.64132
-1.04641 -0.182185 0.0249925 0.0250003 2.64132
-1.03654 -0.180621 0.0250003 0.0250001 2.64132
-1.02683 -0.17823 0.0250087 0.0249999 2.64132
-1.01735 -0.175042 0.0250174 0.0249997 2.64132
-1.00816 -0.171096 0.0250262 0.0249995 2.64132
-0.99931 -0.166441 0.0250349 0.0249993 2.64132
-0.990837 -0.161128 0.0250433 0.0249991 2.64132
-0.98277 -0.155217 0.0250512 0.0249989 2.64132
-0.975127 -0.148767 0.0250586 0.0249987 2.64132
-0.967913 -0.14184 0.0250654 0.0249986 2.64132
-0.961125 -0.134495 0.0250717 0.0249985 2.64132
-0.95475 -0.126789 0.0250773 0.0249985 2.64132
-0.948766 -0.118776 0.0250823 0.0249985 2.64132
-0.943143 -0.110505 0.0250867 0.0249985 2.64132
-0.937847 -0.102021 0.0250904 0.0249985 2.64132
-0.932838 -0.0933646 0.0250934 0.0249985 2.64132
-0.928071 -0.0845724 0.0250958 0.0249985 2.64132
-0.9235 -0.0756767 0.0250975 0.0249985 2.64132
-0.919078 -0.0667065 0.0250984 0.0249985 2.64132
-0.914754 -0.0576884 0.0250984 0.0249986 2.64132
-0.91048 -0.0486465 0.0250974 0.0249987 2.64132
-0.906207 -0.039604 0.0250951 0.0249988 2.64132
-0.90189 -0.030583 0.0250914 0.0249989 2.64132
-0.897483 -0.0216056 0.025086 0.0249991 2.64132
-0.892944 -0.0126943 0.0250787 0.0249993 2.64132
-0.888234 -0.00387217 0.0250693 0.0249995 2.64132
-0.883319 0.00483659 0.0250576 0.0249997 2.64132
-0.878165 0.0134067 0.0250436 0.025 2.64132
-0.872748 0.0218117 0.0250272 0.0250003 2.64132
-0.867042 0.0300241 0.0250085 0.0250005 2.64132
-0.861031 0.0380152 0.0249878 0.0250007 2.64132
-0.854701 0.0457556 0.0249651 0.0250009 2.64132
-0.848042 0.0532155 0.0249409 0.025001 2.64132
-0.841052 0.0603648 0.0249154 0.0250011 2.64132
-0.833729 0.0671736 0.0248892 0.0250011 2.64132
-0.826079 0.0736123 0.0248626 0.0250011 2.64132
-0.81811 0.0796521 0.024836 0.025001 2.64132
-0.809835 0.0852655 0.02481 0.0250009 2.64132
-0.80127 0.090426 0.024785 0.0250008 2.64132
-0.792436 0.0951093 0.0247612 0.0250006 2.64132
-0.783353 0.0992929 0.024739 0.0250005 2.64132
-0.774049 0.102957 0.0247187 0.0250003 2.64132
-0.764551 0.106084 0.0247003 0.0250001 2.64132
-0.754888 0.108659 0.0246842 0.0249999 2.64132
-0.745092 0.110672 0.0246702 0.0249997 2.64132
-0.735197 0.112114 0.0246585 0.0249996 2.64132
-0.725234 0.112981 0.0246492 0.0249994 2.64132
-0.715238 0.113273 0.0246421 0.0249992 2.64132
-0.705241 0.112994 0.0246374 0.0249991 2.64132
-0.695276 0.112149 0.0246351 0.0249989 2.64132
-0.685373 0.110749 0.0246351 0.0249987 2.64132
-0.675562 0.108809 0.0246374 0.0249986 2.64132
-0.665869 0.106346 0.024642 0.0249984 2.64132
-0.656318 0.103379 0.0246488 0.0249983 2.64132
-0.64693 0.0999316 0.0246576 0.0249983 2.64132
-0.637721 0.096028 0.0246682 0.0249982 2.64132
-0.628707 0.0916956 0.0246805 0.0249983 2.64132
-0.619896 0.0869637 0.0246942 0.0249983 2.64132
-0.611293 0.081863 0.0247091 0.0249984 2.64132
-0.602899 0.0764262 0.024725 0.0249986 2.64132
-0.594708 0.0706873 0.0247417 0.0249987 2.64132
-0.586711 0.0646823 0.0247588 0.024999 2.64132
-0.57889 0.0584498 0.0247764 0.0249992 2.64132
-0.571219 0.0520325 0.0247942 0.0249995 2.64132
-0.563662 0.0454831 0.0248121 0.0249997 2.64132
-0.556112 0.0389264 0.0248299 0.0249999 2.64132
