-1.11208 -0.183792 0.0247644 0.0250001 2.32116
-1.10209 -0.184251 0.0247725 0.0250001 2.32116
-1.09209 -0.184395 0.0247805 0.0250002 2.32116
-1.0821 -0.184157 0.0247885 0.0250003 2.32116
-1.07212 -0.183478 0.0247966 0.0250004 2.32116
-1.06219 -0.182312 0.0248048 0.0250005 2.32116
-1.05233 -0.18062 0.0248131 0.0250005 2.32116
-1.04259 -0.178372 0.0248215 0.0250006 2.32116
-1.033 -0.175548 0.0248302 0.0250006 2.32116
-1.0236 -0.172135 0.0248392 0.0250006 2.32116
-1.01443 -0.168133 0.0248485 0.0250006 2.32116
-1.00555 -0.163547 0.0248582 0.0250006 2.32116
-0.996981 -0.15839 0.0248684 0.0250006 2.32116
-0.988769 -0.152685 0.024879 0.0250006 2.32116
-0.980943 -0.146461 0.0248899 0.0250007 2.32116
-0.973529 -0.139751 0.0249012 0.0250007 2.32116
-0.966545 -0.132594 0.0249127 0.0250008 2.32116
-0.960003 -0.125032 0.0249243 0.0250009 2.32116
-0.953905 -0.117107 0.024936 0.025001 2.32116
-0.948244 -0.108865 0.0249476 0.0250011 2.32116
-0.943007 -0.100347 0.024959 0.0250012 2.32116
-0.938172 -0.0915948 0.02497 0.0250014 2.32116
-0.933709 -0.0826475 0.0249806 0.0250015 2.32116
-0.929581 -0.0735405 0.0249904 0.0250017 2.32116
-0.925747 -0.0643062 0.0249994 0.0250018 2.32116
-0.922159 -0.0549737 0.0250075 0.025002 2.32116
-0.918766 -0.0455688 0.0250144 0.0250022 2.32116
-0.915511 -0.036115 0.0250201 0.0250023 2.32116
-0.912339 -0.0266338 0.0250245 0.0250025 2.32116
-0.909187 -0.0171454 0.0250273 0.0250027 2.32116
-0.905998 -0.00767007 0.0250285 0.0250028 2.32116
-0.902708 0.0017711 0.0250281 0.0250029 2.32116
-0.89926 0.0111553 0.025026 0.0250031 2.32116
-0.895596 0.0204568 0.0250221 0.0250032 2.32116
-0.891659 0.0296467 0.0250165 0.0250032 2.32116
-0.8874 0.0386916 0.0250092 0.0250033 2.32116
-0.882774 0.0475539 0.0250002 0.0250033 2.32116
-0.877739 0.0561913 0.0249897 0.0250032 2.32116
-0.872266 0.0645571 0.0249777 0.0250032 2.32116
-0.866329 0.0726009 0.0249644 0.0250031 2.32116
-0.859914 0.0802694 0.02495 0.0250029 2.32116
-0.853017 0.0875075 0.0249347 0.0250027 2.32116
-0.845644 0.0942596 0.0249187 0.0250024 2.32116
-0.83781 0.100472 0.0249024 0.0250021 2.32116
-0.82954 0.106092 0.024886 0.0250017 2.32116
-0.820871 0.111073 0.0248698 0.0250013 2.32116
-0.811844 0.115375 0.0248542 0.0250009 2.32116
-0.802511 0.118963 0.0248394 0.0250004 2.32116
-0.792925 0.121812 0.0248259 0.0249999 2.32116
-0.783146 0.123905 0.0248141 0.0249993 2.32116
-0.773235 0.125236 0.0248041 0.0249988 2.32116
-0.76325 0.125807 0.0247963 0.0249982 2.32116
-0.75325 0.125628 0.0247909 0.0249977 2.32116
-0.743289 0.12472 0.0247883 0.0249972 2.32116
-0.733417 0.123108 0.0247884 0.0249967 2.32116
-0.723679 0.120824 0.0247913 0.0249963 2.32116
-0.714111 0.117905 0.0247972 0.0249959 2.32116
-0.704744 0.114393 0.0248057 0.0249955 2.32116
-0.695603 0.11033 0.0248169 0.0249952 2.32116
-0.686704 0.10576 0.0248306 0.024995 2.32116
-0.678058 0.100727 0.0248464 0.0249948 2.32116
-0.669669 0.0952761 0.0248641 0.0249946 2.32116
-0.661537 0.0894493 0.0248834 0.0249945 2.32116
-0.653655 0.0832876 0.0249039 0.0249945 2.32116
-0.646014 0.0768297 0.0249251 0.0249945 2.32116
-0.638601 0.0701117 0.0249467 0.0249945 2.32116
-0.631399 0.0631675 0.0249682 0.0249946 2.32116
-0.624391 0.056028 0.0249892 0.0249947 2.32116
-0.617557 0.0487221 0.0250092 0.0249948 2.32116
-0.610876 0.0412759 0.0250278 0.024995 2.32116
-0.604327 0.0337135 0.0250446 0.0249952 2.32116
-0.597888 0.026057 0.0250592 0.0249954 2.32116
-0.591539 0.0183268 0.0250712 0.0249956 2.32116
-0.585257 0.0105417 0.0250804 0.0249958 2.32116
-0.579022 0.00271961 0.0250864 0.0249961 2.32116
-0.572812 -0.00512289 0.0250889 0.0249963 2.32116
-0.566609 -0.0129698 0.0250879 0.0249965 2.32116
-0.560392 -0.020806 0.0250833 0.0249968 2.32116
-0.554143 -0.0286166 0.0250748 0.024997 2.32116
-0.547845 -0.0363871 0.0250625 0.0249972 2.32116
-0.541481 -0.0441035 0.0250465 0.0249974 2.32116
-0.535036 -0.0517518 0.0250268 0.0249976 2.32116
-0.528495 -0.0593182 0.0250036 0.0249977 2.32116
-0.521845 -0.0667891 0.024977 0.0249979 2.32116
-0.515075 -0.0741511 0.0249472 0.024998 2.32116
-0.508175 -0.081391 0.0249145 0.0249981 2.32116
-0.501135 -0.0884956 0.0248792 0.0249982 2.32116
-0.493949 -0.0954516 0.0248415 0.0249983 2.32116
-0.486611 -0.102246 0.0248016 0.0249984 2.32116
-0.479115 -0.108868 0.0247598 0.0249985 2.32116
-0.471461 -0.115305 0.0247164 0.0249986 2.32116
-0.463647 -0.121547 0.0246716 0.0249987 2.32116
-0.455675 -0.127585 0.0246256 0.0249988 2.32116
-0.447549 -0.133414 0.0245787 0.0249989 2.32116
-0.439273 -0.13903 0.024531 0.024999 2.32116
-0.430857 -0.144432 0.0244826 0.0249992 2.32116
-0.422311 -0.149625 0.0244338 0.0249993 2.32116
-0.413647 -0.15462 0.0243847 0.0249995 2.32116
-0.404884 -0.159438 0.0243353 0.0249996 2.32116
-0.396046 -0.164116 0.0242858 0.0249998 2.32116
-0.387202 -0.168784 0.0242362 0.0249999 2.32116
