-2.6266 -0.00333644 0.024853 0.0250001 4.86243
-2.61747 0.000722091 0.0248579 0.0250001 4.86243
-2.60822 0.00452711 0.0248629 0.0250003 4.86243
-2.59885 0.00801271 0.0248679 0.0250004 4.86243
-2.58934 0.0111188 0.0248729 0.0250005 4.86243
-2.5797 0.0137894 0.0248779 0.0250006 4.86243
-2.56995 0.0159726 0.024883 0.0250007 4.86243
-2.56008 0.0176205 0.0248883 0.0250007 4.86243
-2.55014 0.0186906 0.0248937 0.0250007 4.86243
-2.54015 0.019146 0.0248994 0.0250007 4.86243
-2.53015 0.0189573 0.0249054 0.0250007 4.86243
-2.52019 0.0181021 0.024912 0.0250006 4.86243
-2.51031 0.0165664 0.0249191 0.0250006 4.86243
-2.50056 0.0143445 0.0249268 0.0250006 4.86243
-2.49099 0.0114398 0.0249351 0.0250005 4.86243
-2.48165 0.00786427 0.024944 0.0250005 4.86243
-2.47259 0.00363828 0.0249536 0.0250005 4.86243
-2.46385 -0.00121014 0.0249637 0.0250005 4.86243
-2.45545 -0.00664625 0.0249742 0.0250005 4.86243
-2.44744 -0.0126298 0.0249851 0.0250005 4.86243
-2.43983 -0.0191162 0.0249961 0.0250005 4.86243
-2.43263 -0.0260582 0.0250072 0.0250006 4.86243
-2.42585 -0.033407 0.0250181 0.0250006 4.86243
-2.41948 -0.0411135 0.0250287 0.0250007 4.86243
-2.4135 -0.0491299 0.0250386 0.0250008 4.86243
-2.4079 -0.0574101 0.0250478 0.025001 4.86243
-2.40263 -0.0659106 0.0250559 0.0250011 4.86243
-2.39767 -0.074591 0.0250627 0.0250013 4.86243
-2.39297 -0.0834142 0.025068 0.0250014 4.86243
-2.38847 -0.0923459 0.0250716 0.0250016 4.86243
-2.38413 -0.101355 0.0250734 0.0250018 4.86243
-2.3799 -0.110412 0.0250731 0.025002 4.86243
-2.37571 -0.119488 0.0250707 0.0250022 4.86243
-2.3715 -0.128558 0.025066 0.0250024 4.86243
-2.36722 -0.137592 0.025059 0.0250026 4.86243
-2.3628 -0.146563 0.0250498 0.0250028 4.86243
-2.3582 -0.155439 0.0250383 0.025003 4.86243
-2.35336 -0.164187 0.0250246 0.0250031 4.86243
-2.34823 -0.172769 0.025009 0.0250031 4.86243
-2.34277 -0.181145 0.0249916 0.0250032 4.86243
-2.33695 -0.189271 0.0249726 0.0250032 4.86243
-2.33073 -0.1971 0.0249525 0.0250031 4.86243
-2.3241 -0.20458 0.0249315 0.025003 4.86243
-2.31704 -0.211661 0.02491 0.0250028 4.86243
-2.30956 -0.218288 0.0248883 0.0250026 4.86243
-2.30165 -0.22441 0.024867 0.0250024 4.86243
-2.29335 -0.229976 0.0248463 0.025002 4.86243
-2.28466 -0.234938 0.0248268 0.0250017 4.86243
-2.27565 -0.239253 0.0248087 0.0250013 4.86243
-2.26633 -0.242885 0.0247924 0.0250008 4.86243
-2.25677 -0.245805 0.0247782 0.0250004 4.86243
-2.24701 -0.24799 0.0247664 0.0249999 4.86243
-2.23711 -0.249428 0.0247572 0.0249994 4.86243
-2.22713 -0.250114 0.0247507 0.0249989 4.86243
-2.21713 -0.250052 0.024747 0.0249984 4.86243
-2.20716 -0.249254 0.0247462 0.0249979 4.86243
-2.19728 -0.24774 0.0247482 0.0249975 4.86243
-2.18752 -0.245536 0.0247529 0.024997 4.86243
-2.17794 -0.242673 0.0247603 0.0249966 4.86243
-2.16856 -0.239187 0.0247701 0.0249962 4.86243
-2.15942 -0.235118 0.0247823 0.0249959 4.86243
-2.15054 -0.230508 0.0247965 0.0249956 4.86243
-2.14194 -0.225397 0.0248126 0.0249953 4.86243
-2.13363 -0.219828 0.0248301 0.0249951 4.86243
-2.12562 -0.213843 0.0248488 0.024995 4.86243
-2.1179 -0.207481 0.0248683 0.0249949 4.86243
-2.11047 -0.200781 0.0248881 0.0249949 4.86243
-2.10332 -0.193778 0.024908 0.0249949 4.86243
-2.09645 -0.186506 0.0249275 0.0249949 4.86243
-2.08985 -0.178996 0.0249462 0.024995 4.86243
-2.08348 -0.171276 0.0249638 0.0249951 4.86243
-2.07735 -0.163372 0.0249799 0.0249953 4.86243
-2.07143 -0.155307 0.0249943 0.0249954 4.86243
-2.06571 -0.147104 0.0250065 0.0249956 4.86243
-2.06016 -0.138782 0.0250164 0.0249958 4.86243
-2.05476 -0.130358 0.0250238 0.024996 4.86243
-2.0495 -0.12185 0.0250285 0.0249962 4.86243
-2.04436 -0.113271 0.0250303 0.0249964 4.86243
-2.03931 -0.104637 0.0250291 0.0249966 4.86243
-2.03433 -0.0959596 0.0250249 0.0249968 4.86243
-2.02941 -0.0872514 0.0250176 0.024997 4.86243
-2.02452 -0.0785237 0.0250074 0.0249973 4.86243
-2.01965 -0.0697873 0.0249941 0.0249974 4.86243
-2.01478 -0.0610525 0.024978 0.0249976 4.86243
-2.00989 -0.0523296 0.0249592 0.0249978 4.86243
-2.00496 -0.043628 0.0249377 0.024998 4.86243
-1.99997 -0.0349574 0.0249138 0.0249981 4.86243
-1.99492 -0.0263273 0.0248877 0.0249983 4.86243
-1.98978 -0.0177472 0.0248596 0.0249984 4.86243
-1.98454 -0.00922663 0.0248297 0.0249985 4.86243
-1.97919 -0.000774768 0.0247982 0.0249987 4.86243
-1.97373 0.00759942 0.0247653 0.0249988 4.86243
-1.96813 0.0158875 0.0247313 0.0249989 4.86243
-1.9624 0.0240819 0.0246963 0.024999 4.86243
-1.95652 0.0321761 0.0246606 0.0249992 4.86243
-1.95051 0.0401655 0.0246243 0.0249993 4.86243
-1.94435 0.048048 0.0245876 0.0249994 4.86243
-1.93807 0.055825 0.0245505 0.0249996 4.86243
-1.93166 0.0635042 0.0245133 0.0249997 4.86243
-1.92516 0.0711036 0.024476 0.0249999 4.86243
-1.91865 0.078697 0.0244387 0.0249999 4.86243
