-0.457075 0.0620919 0.0250179 0.0250001 0.52026
-0.449131 0.0560184 0.0250171 0.0250001 0.52026
-0.441188 0.0499428 0.0250163 0.0250002 0.52026
-0.433241 0.0438737 0.0250156 0.0250003 0.52026
-0.42528 0.0378226 0.0250148 0.0250005 0.52026
-0.417295 0.0318034 0.025014 0.0250006 0.52026
-0.409274 0.0258318 0.0250132 0.0250007 0.52026
-0.401205 0.0199252 0.0250123 0.0250008 0.52026
-0.393077 0.0141021 0.0250114 0.0250009 0.52026
-0.384875 0.00838251 0.0250103 0.025001 0.52026
-0.376588 0.00278704 0.0250092 0.025001 0.52026
-0.368204 -0.00266268 0.0250079 0.0250011 0.52026
-0.359714 -0.00794447 0.0250065 0.0250011 0.52026
-0.351108 -0.0130358 0.0250049 0.0250009 0.52026
-0.342379 -0.0179138 0.0250033 0.0250006 0.52026
-0.333522 -0.0225557 0.0250015 0.0250003 0.52026
-0.324534 -0.0269389 0.0249996 0.025 0.52026
-0.315414 -0.0310414 0.0249977 0.0249997 0.52026
-0.306164 -0.0348421 0.0249957 0.0249994 0.52026
-0.296788 -0.038321 0.0249937 0.024999 0.52026
-0.287293 -0.0414599 0.0249918 0.0249987 0.52026
-0.277686 -0.0442421 0.02499 0.0249983 0.52026
-0.26798 -0.0466536 0.0249884 0.0249979 0.52026
-0.258186 -0.0486827 0.0249872 0.0249975 0.52026
-0.248319 -0.05032 0.0249863 0.0249972 0.52026
-0.238393 -0.0515589 0.0249858 0.0249968 0.52026
-0.228426 -0.0523957 0.0249858 0.0249964 0.52026
-0.218432 -0.0528298 0.0249862 0.0249961 0.52026
-0.208429 -0.0528639 0.0249871 0.0249958 0.52026
-0.198432 -0.0525035 0.0249885 0.0249956 0.52026
-0.188456 -0.0517576 0.0249904 0.0249955 0.52026
-0.178516 -0.0506381 0.0249926 0.0249956 0.52026
-0.168622 -0.0491596 0.0249953 0.0249957 0.52026
-0.158785 -0.0473395 0.0249982 0.0249958 0.52026
-0.149014 -0.0451975 0.0250014 0.0249959 0.52026
-0.139314 -0.0427552 0.0250048 0.024996 0.52026
-0.129687 -0.0400359 0.0250082 0.0249961 0.52026
-0.120136 -0.0370645 0.0250117 0.0249963 0.52026
-0.110658 -0.0338668 0.0250152 0.0249964 0.52026
-0.101249 -0.0304694 0.0250185 0.0249966 0.52026
-0.0919055 -0.0268994 0.0250216 0.0249968 0.52026
-0.0826184 -0.0231844 0.0250245 0.0249969 0.52026
-0.0733794 -0.0193519 0.025027 0.0249971 0.52026
-0.0641784 -0.0154292 0.0250291 0.0249973 0.52026
-0.0550047 -0.0114436 0.0250308 0.0249974 0.52026
-0.0458469 -0.00742178 0.025032 0.0249976 0.52026
-0.0366936 -0.00339007 0.0250327 0.0249977 0.52026
-0.0275335 0.00062592 0.025033 0.0249978 0.52026
-0.0183559 0.0046013 0.0250327 0.024998 0.52026
-0.0091505 0.00851198 0.0250319 0.0249981 0.52026
9.15904e-05 0.0123348 0.0250306 0.0249981 0.52026
0.00937835 0.0160477 0.0250289 0.0249982 0.52026
0.0187164 0.0196295 0.0250267 0.0249983 0.52026
0.0281108 0.0230606 0.0250243 0.0249983 0.52026
0.0375652 0.0263224 0.0250215 0.0249983 0.52026
0.0470819 0.0293979 0.0250184 0.0249983 0.52026
0.0566615 0.0322716 0.0250152 0.0249983 0.52026
0.0663032 0.0349295 0.0250119 0.0249983 0.52026
0.0760049 0.0373593 0.0250085 0.0249983 0.52026
0.0857633 0.0395504 0.0250052 0.0249982 0.52026
0.0955741 0.0414938 0.0250019 0.0249982 0.52026
0.105432 0.0431822 0.0249989 0.0249981 0.52026
0.115331 0.0446102 0.024996 0.024998 0.52026
0.125265 0.0457737 0.0249935 0.024998 0.52026
0.135226 0.0466705 0.0249913 0.0249979 0.52026
0.145208 0.0472995 0.0249894 0.0249978 0.52026
0.155203 0.0476613 0.024988 0.0249977 0.52026
0.165205 0.0477575 0.024987 0.0249976 0.52026
0.175205 0.047591 0.0249865 0.0249975 0.52026
0.185198 0.0471657 0.0249864 0.0249974 0.52026
0.195177 0.0464859 0.0249869 0.0249974 0.52026
0.205136 0.0455563 0.0249878 0.0249973 0.52026
0.215069 0.0443822 0.0249891 0.0249973 0.52026
0.224971 0.042969 0.0249909 0.0249972 0.52026
0.234837 0.0413228 0.024993 0.0249972 0.52026
0.244662 0.0394499 0.0249953 0.0249973 0.52026
0.254443 0.0373568 0.0249978 0.0249973 0.52026
0.264175 0.0350503 0.0250005 0.0249973 0.52026
0.273857 0.0325376 0.0250031 0.0249974 0.52026
0.283484 0.0298258 0.0250058 0.0249974 0.52026
0.293056 0.0269227 0.0250084 0.0249975 0.52026
0.302569 0.0238357 0.0250108 0.0249976 0.52026
0.312024 0.0205728 0.025013 0.0249977 0.52026
0.321419 0.0171421 0.0250149 0.0249978 0.52026
0.330754 0.0135518 0.0250165 0.0249979 0.52026
0.34003 0.00981029 0.0250178 0.024998 0.52026
0.349246 0.00592609 0.0250187 0.0249981 0.52026
0.358405 0.00190792 0.0250192 0.0249982 0.52026
0.367508 -0.00223538 0.0250194 0.0249983 0.52026
0.376557 -0.00649485 0.0250191 0.0249985 0.52026
0.385554 -0.0108614 0.0250185 0.0249986 0.52026
0.394504 -0.0153258 0.0250175 0.0249987 0.52026
0.403408 -0.0198787 0.0250162 0.0249988 0.52026
0.412272 -0.0245108 0.0250146 0.024999 0.52026
0.421098 -0.0292125 0.0250128 0.0249991 0.52026
0.429893 -0.0339742 0.0250107 0.0249992 0.52026
0.438659 -0.0387865 0.0250085 0.0249994 0.52026
0.447403 -0.0436394 0.0250061 0.0249996 0.52026
0.45613 -0.0485233 0.0250036 0.0249997 0.52026
0.464845 -0.0534272 0.025001 0.0249999 0.52026
0.473562 -0.0583282 0.0249985 0.0249999 0.52026
