-2.09317 -0.0466975 0.0248511 0.025 3.96198
-2.08707 -0.0387723 0.0248642 0.0250001 3.96198
-2.08088 -0.0309179 0.0248774 0.0250002 3.96198
-2.07457 -0.0231633 0.0248906 0.0250003 3.96198
-2.0681 -0.0155402 0.0249036 0.0250004 3.96198
-2.06143 -0.00808334 0.0249163 0.0250005 3.96198
-2.05455 -0.000830556 0.0249287 0.0250006 3.96198
-2.04742 0.00617704 0.0249406 0.0250006 3.96198
-2.04001 0.0128952 0.0249519 0.0250007 3.96198
-2.03231 0.0192769 0.0249624 0.0250008 3.96198
-2.02431 0.0252725 0.024972 0.0250008 3.96198
-2.016 0.0308307 0.0249806 0.0250008 3.96198
-2.00738 0.0358994 0.0249882 0.0250008 3.96198
-1.99846 0.0404265 0.0249947 0.0250007 3.96198
-1.98927 0.0443614 0.025 0.0250007 3.96198
-1.97983 0.0476565 0.0250042 0.0250005 3.96198
-1.97018 0.0502682 0.0250074 0.0250004 3.96198
-1.96036 0.0521589 0.0250096 0.0250002 3.96198
-1.95042 0.0532983 0.0250111 0.025 3.96198
-1.94043 0.0536642 0.0250119 0.0249998 3.96198
-1.93044 0.0532432 0.0250124 0.0249996 3.96198
-1.92051 0.0520316 0.0250125 0.0249994 3.96198
-1.91071 0.0500355 0.0250125 0.0249993 3.96198
-1.9011 0.0472708 0.0250124 0.0249991 3.96198
-1.89173 0.0437631 0.0250124 0.024999 3.96198
-1.88267 0.0395461 0.0250124 0.0249989 3.96198
-1.87394 0.0346613 0.0250126 0.0249988 3.96198
-1.86559 0.0291559 0.0250129 0.0249988 3.96198
-1.85764 0.0230821 0.0250133 0.0249988 3.96198
-1.85012 0.0164946 0.0250137 0.0249988 3.96198
-1.84302 0.00944965 0.0250143 0.0249988 3.96198
-1.83634 0.00200328 0.0250147 0.0249988 3.96198
-1.83008 -0.00578984 0.025015 0.0249989 3.96198
-1.82419 -0.0138776 0.0250151 0.0249989 3.96198
-1.81867 -0.0222112 0.0250149 0.024999 3.96198
-1.81345 -0.0307454 0.0250142 0.0249991 3.96198
-1.80851 -0.0394393 0.0250128 0.0249993 3.96198
-1.80379 -0.0482551 0.0250108 0.0249994 3.96198
-1.79923 -0.0571589 0.025008 0.0249995 3.96198
-1.79479 -0.0661192 0.0250043 0.0249997 3.96198
-1.79041 -0.0751067 0.0249995 0.0249998 3.96198
-1.78602 -0.084093 0.0249936 0.025 3.96198
-1.78158 -0.0930502 0.0249865 0.0250001 3.96198
-1.77702 -0.10195 0.0249781 0.0250003 3.96198
-1.77229 -0.110761 0.0249685 0.0250004 3.96198
-1.76734 -0.119453 0.0249576 0.0250006 3.96198
-1.76214 -0.127992 0.0249455 0.0250007 3.96198
-1.75663 -0.136339 0.0249323 0.0250008 3.96198
-1.75079 -0.144456 0.0249179 0.0250008 3.96198
-1.74459 -0.152301 0.0249025 0.0250009 3.96198
-1.73801 -0.159829 0.0248863 0.0250009 3.96198
-1.73104 -0.166996 0.0248695 0.0250009 3.96198
-1.72367 -0.173756 0.0248522 0.0250008 3.96198
-1.71591 -0.180064 0.0248347 0.0250007 3.96198
-1.70778 -0.185875 0.0248172 0.0250006 3.96198
-1.69928 -0.19115 0.0248 0.0250004 3.96198
-1.69045 -0.195849 0.0247832 0.0250003 3.96198
-1.68133 -0.199941 0.0247672 0.0250001 3.96198
-1.67195 -0.203397 0.0247521 0.0249999 3.96198
-1.66235 -0.206196 0.0247381 0.0249996 3.96198
-1.65257 -0.208321 0.0247255 0.0249994 3.96198
-1.64268 -0.209762 0.0247143 0.0249991 3.96198
-1.6327 -0.210517 0.0247048 0.0249988 3.96198
-1.6227 -0.210589 0.0246972 0.0249985 3.96198
-1.61272 -0.209986 0.0246916 0.0249981 3.96198
-1.6028 -0.208722 0.0246881 0.0249978 3.96198
-1.59298 -0.206815 0.0246868 0.0249975 3.96198
-1.5833 -0.204288 0.0246877 0.0249972 3.96198
-1.5738 -0.201165 0.0246908 0.0249969 3.96198
-1.5645 -0.197475 0.0246961 0.0249967 3.96198
-1.55544 -0.193248 0.0247033 0.0249966 3.96198
-1.54663 -0.188513 0.0247125 0.0249965 3.96198
-1.53809 -0.183302 0.0247234 0.0249964 3.96198
-1.52984 -0.177646 0.0247361 0.0249964 3.96198
-1.52189 -0.171577 0.0247503 0.0249964 3.96198
-1.51424 -0.165125 0.0247659 0.0249964 3.96198
-1.50691 -0.158319 0.0247829 0.0249964 3.96198
-1.4999 -0.15119 0.0248012 0.0249964 3.96198
-1.49319 -0.143764 0.0248207 0.0249964 3.96198
-1.4868 -0.13607 0.0248412 0.0249964 3.96198
-1.48072 -0.128132 0.0248625 0.0249964 3.96198
-1.47492 -0.119976 0.0248844 0.0249964 3.96198
-1.46942 -0.111625 0.0249067 0.0249965 3.96198
-1.46419 -0.103099 0.024929 0.0249966 3.96198
-1.45922 -0.0944199 0.0249509 0.0249967 3.96198
-1.45449 -0.0856058 0.0249722 0.024997 3.96198
-1.44998 -0.076674 0.0249925 0.0249972 3.96198
-1.44569 -0.0676403 0.0250114 0.0249975 3.96198
-1.44159 -0.0585192 0.0250288 0.0249979 3.96198
-1.43765 -0.0493236 0.0250444 0.0249983 3.96198
-1.43387 -0.0400655 0.0250581 0.0249986 3.96198
-1.43022 -0.0307552 0.02507 0.024999 3.96198
-1.42668 -0.0214023 0.0250802 0.0249993 3.96198
-1.42323 -0.012016 0.0250888 0.0249995 3.96198
-1.41985 -0.00260454 0.0250961 0.0249997 3.96198
-1.41652 0.00682462 0.0251025 0.0249998 3.96198
-1.41322 0.0162646 0.0251084 0.0249999 3.96198
-1.40993 0.0257094 0.0251139 0.0249999 3.96198
-1.40664 0.0351541 0.0251194 0.0249999 3.96198
-1.40335 0.0445955 0.0251249 0.025 3.96198
-1.40005 0.0540359 0.0251305 0.025 3.96198
