-1.06302 -0.1875 0.0248188 0.0250001 2.26113
-1.05358 -0.184214 0.0248224 0.0250001 2.26113
-1.04425 -0.180617 0.024826 0.0250002 2.26113
-1.03506 -0.176654 0.0248297 0.0250003 2.26113
-1.02607 -0.172287 0.0248334 0.0250004 2.26113
-1.01729 -0.167492 0.0248374 0.0250005 2.26113
-1.00877 -0.162256 0.0248415 0.0250005 2.26113
-1.00054 -0.156576 0.024846 0.0250006 2.26113
-0.992636 -0.150458 0.0248508 0.0250007 2.26113
-0.985075 -0.143914 0.024856 0.0250008 2.26113
-0.977884 -0.136966 0.0248616 0.0250009 2.26113
-0.97108 -0.129638 0.0248676 0.025001 2.26113
-0.964674 -0.121961 0.024874 0.0250011 2.26113
-0.958668 -0.113966 0.0248807 0.0250012 2.26113
-0.953059 -0.105689 0.0248877 0.0250014 2.26113
-0.947835 -0.097163 0.0248949 0.0250015 2.26113
-0.942977 -0.0884237 0.0249023 0.0250016 2.26113
-0.93846 -0.0795036 0.0249097 0.0250018 2.26113
-0.934251 -0.0704341 0.0249171 0.0250019 2.26113
-0.930313 -0.061244 0.0249243 0.0250021 2.26113
-0.926603 -0.0519598 0.0249313 0.0250023 2.26113
-0.923072 -0.0426058 0.0249379 0.0250024 2.26113
-0.91967 -0.0332043 0.0249441 0.0250026 2.26113
-0.916343 -0.0237763 0.0249498 0.0250028 2.26113
-0.913034 -0.014342 0.0249549 0.0250029 2.26113
-0.909686 -0.00492158 0.0249593 0.025003 2.26113
-0.906241 0.00446357 0.024963 0.0250031 2.26113
-0.902641 0.0137903 0.024966 0.0250032 2.26113
-0.898829 0.0230326 0.0249681 0.0250033 2.26113
-0.894753 0.0321609 0.0249695 0.0250033 2.26113
-0.89036 0.0411415 0.0249701 0.0250033 2.26113
-0.885606 0.0499361 0.0249698 0.0250033 2.26113
-0.88045 0.0585014 0.0249689 0.0250032 2.26113
-0.87486 0.0667899 0.0249672 0.0250031 2.26113
-0.86881 0.0747495 0.0249649 0.0250029 2.26113
-0.862286 0.0823253 0.024962 0.0250026 2.26113
-0.855282 0.0894598 0.0249586 0.0250024 2.26113
-0.847803 0.096095 0.0249548 0.025002 2.26113
-0.839864 0.102174 0.0249508 0.0250016 2.26113
-0.831493 0.107641 0.0249467 0.0250012 2.26113
-0.822724 0.112448 0.0249426 0.0250007 2.26113
-0.813605 0.116549 0.0249386 0.0250002 2.26113
-0.804186 0.11991 0.0249349 0.0249996 2.26113
-0.794527 0.122502 0.0249317 0.024999 2.26113
-0.784691 0.124307 0.0249291 0.0249984 2.26113
-0.77474 0.12532 0.0249272 0.0249979 2.26113
-0.764741 0.125542 0.0249263 0.0249973 2.26113
-0.754754 0.124988 0.0249265 0.0249967 2.26113
-0.744837 0.123679 0.0249278 0.0249963 2.26113
-0.735043 0.121645 0.0249303 0.0249958 2.26113
-0.725417 0.118923 0.0249341 0.0249955 2.26113
-0.715997 0.115555 0.024939 0.0249952 2.26113
-0.706814 0.111587 0.024945 0.0249949 2.26113
-0.697889 0.107066 0.0249521 0.0249947 2.26113
-0.689237 0.102043 0.02496 0.0249946 2.26113
-0.680864 0.0965679 0.0249687 0.0249945 2.26113
-0.67277 0.0906885 0.0249779 0.0249945 2.26113
-0.664947 0.0844522 0.0249876 0.0249945 2.26113
-0.657383 0.0779041 0.0249975 0.0249946 2.26113
-0.650062 0.0710865 0.0250076 0.0249946 2.26113
-0.642961 0.0640387 0.0250176 0.0249947 2.26113
-0.636059 0.0567975 0.0250274 0.0249948 2.26113
-0.629328 0.0493966 0.0250369 0.024995 2.26113
-0.622741 0.0418672 0.0250461 0.0249951 2.26113
-0.61627 0.0342378 0.0250547 0.0249952 2.26113
-0.609887 0.0265351 0.0250628 0.0249954 2.26113
-0.603563 0.0187835 0.0250702 0.0249955 2.26113
-0.597272 0.0110061 0.0250768 0.0249956 2.26113
-0.590986 0.00322441 0.0250827 0.0249957 2.26113
-0.58468 -0.00454103 0.0250876 0.0249958 2.26113
-0.57833 -0.0122705 0.0250916 0.0249958 2.26113
-0.571913 -0.0199448 0.0250945 0.0249959 2.26113
-0.56541 -0.0275453 0.025096 0.0249959 2.26113
-0.558799 -0.0350531 0.0250959 0.024996 2.26113
-0.552065 -0.0424497 0.0250941 0.0249961 2.26113
-0.54519 -0.0497165 0.0250901 0.0249962 2.26113
-0.538162 -0.0568346 0.0250837 0.0249963 2.26113
-0.530969 -0.0637851 0.0250745 0.0249964 2.26113
-0.5236 -0.0705493 0.0250622 0.0249966 2.26113
-0.516048 -0.0771082 0.0250465 0.0249967 2.26113
-0.508307 -0.0834432 0.0250272 0.0249969 2.26113
-0.500374 -0.089536 0.0250042 0.0249971 2.26113
-0.492249 -0.0953689 0.0249774 0.0249973 2.26113
-0.483932 -0.100925 0.0249468 0.0249974 2.26113
-0.475427 -0.106188 0.0249126 0.0249976 2.26113
-0.46674 -0.111145 0.0248751 0.0249978 2.26113
-0.457877 -0.11578 0.0248345 0.0249979 2.26113
-0.448849 -0.120083 0.0247911 0.0249981 2.26113
-0.439664 -0.124043 0.0247453 0.0249983 2.26113
-0.430336 -0.12765 0.0246975 0.0249985 2.26113
-0.420878 -0.130898 0.0246479 0.0249987 2.26113
-0.411302 -0.133785 0.0245971 0.0249988 2.26113
-0.401626 -0.136309 0.0245453 0.024999 2.26113
-0.391862 -0.138475 0.0244928 0.0249992 2.26113
-0.382028 -0.14029 0.02444 0.0249993 2.26113
-0.372137 -0.141767 0.024387 0.0249994 2.26113
-0.362204 -0.142925 0.0243341 0.0249996 2.26113
-0.352242 -0.143793 0.0242815 0.0249997 2.26113
-0.342261 -0.144409 0.0242291 0.0249998 2.26113
-0.33227 -0.144834 0.024177 0.0249999 2.26113
-0.322278 -0.145246 0.0241251 0.0249999 2.26113
