-2.37083 -0.183073 0.0248167 0.025 4.44222
-2.3633 -0.189648 0.0248325 0.0250001 4.44222
-2.35566 -0.196108 0.0248484 0.0250002 4.44222
-2.3479 -0.202411 0.0248643 0.0250002 4.44222
-2.33998 -0.208515 0.0248801 0.0250003 4.44222
-2.33188 -0.214376 0.0248958 0.0250004 4.44222
-2.32357 -0.219947 0.0249112 0.0250004 4.44222
-2.31505 -0.22518 0.0249262 0.0250005 4.44222
-2.3063 -0.230025 0.0249407 0.0250005 4.44222
-2.29733 -0.234431 0.0249546 0.0250006 4.44222
-2.28813 -0.238346 0.0249676 0.0250006 4.44222
-2.27871 -0.241721 0.0249797 0.0250006 4.44222
-2.26911 -0.244507 0.0249907 0.0250006 4.44222
-2.25934 -0.246659 0.0250007 0.0250005 4.44222
-2.24945 -0.248138 0.0250096 0.0250004 4.44222
-2.23948 -0.248909 0.0250174 0.0250003 4.44222
-2.22948 -0.248945 0.0250241 0.0250001 4.44222
-2.21951 -0.248228 0.0250299 0.0249999 4.44222
-2.20962 -0.24675 0.0250349 0.0249997 4.44222
-2.19987 -0.244508 0.0250391 0.0249996 4.44222
-2.19033 -0.241514 0.0250427 0.0249994 4.44222
-2.18105 -0.237786 0.0250459 0.0249993 4.44222
-2.17209 -0.233352 0.0250485 0.0249992 4.44222
-2.16349 -0.228248 0.0250508 0.0249992 4.44222
-2.15529 -0.222516 0.0250527 0.0249991 4.44222
-2.14754 -0.216205 0.0250543 0.0249991 4.44222
-2.14024 -0.209366 0.0250555 0.0249991 4.44222
-2.13342 -0.202055 0.0250563 0.0249991 4.44222
-2.12707 -0.194326 0.0250567 0.0249991 4.44222
-2.12119 -0.186234 0.0250566 0.0249992 4.44222
-2.11577 -0.177831 0.025056 0.0249992 4.44222
-2.11077 -0.169167 0.0250548 0.0249993 4.44222
-2.10617 -0.160288 0.0250529 0.0249994 4.44222
-2.10193 -0.151234 0.0250503 0.0249996 4.44222
-2.09799 -0.142043 0.0250469 0.0249997 4.44222
-2.0943 -0.132747 0.0250426 0.0249998 4.44222
-2.09082 -0.123374 0.0250374 0.025 4.44222
-2.08747 -0.113949 0.0250311 0.0250001 4.44222
-2.08421 -0.104497 0.0250238 0.0250003 4.44222
-2.08097 -0.0950371 0.0250154 0.0250004 4.44222
-2.07769 -0.0855914 0.025006 0.0250006 4.44222
-2.0743 -0.076181 0.0249954 0.0250007 4.44222
-2.07076 -0.0668288 0.0249838 0.0250008 4.44222
-2.06701 -0.0575597 0.0249711 0.0250009 4.44222
-2.063 -0.0484015 0.0249575 0.025001 4.44222
-2.05868 -0.0393856 0.0249431 0.0250011 4.44222
-2.054 -0.0305467 0.0249279 0.0250011 4.44222
-2.04894 -0.0219229 0.0249121 0.0250011 4.44222
-2.04347 -0.0135556 0.0248958 0.0250011 4.44222
-2.03756 -0.00548902 0.0248793 0.0250011 4.44222
-2.0312 0.00223098 0.0248626 0.025001 4.44222
-2.0244 0.00955748 0.024846 0.0250009 4.44222
-2.01715 0.0164437 0.0248296 0.0250007 4.44222
-2.00946 0.0228441 0.0248137 0.0250006 4.44222
-2.00137 0.0287158 0.0247985 0.0250004 4.44222
-1.99289 0.0340192 0.0247842 0.0250001 4.44222
-1.98407 0.0387193 0.0247709 0.0249999 4.44222
-1.97493 0.0427868 0.0247588 0.0249996 4.44222
-1.96553 0.0461981 0.024748 0.0249993 4.44222
-1.95591 0.0489363 0.0247388 0.024999 4.44222
-1.94612 0.0509909 0.0247311 0.0249987 4.44222
-1.93622 0.0523582 0.0247252 0.0249984 4.44222
-1.92624 0.0530408 0.024721 0.0249981 4.44222
-1.91624 0.0530472 0.0247186 0.0249978 4.44222
-1.90626 0.0523913 0.024718 0.0249975 4.44222
-1.89634 0.0510917 0.0247193 0.0249972 4.44222
-1.88652 0.0491711 0.0247223 0.0249969 4.44222
-1.87684 0.0466553 0.0247273 0.0249966 4.44222
-1.86733 0.0435728 0.0247339 0.0249964 4.44222
-1.858 0.0399533 0.0247423 0.0249962 4.44222
-1.84889 0.0358275 0.0247522 0.0249961 4.44222
-1.84001 0.0312263 0.0247636 0.0249959 4.44222
-1.83137 0.0261808 0.0247762 0.0249959 4.44222
-1.82299 0.020722 0.0247899 0.0249958 4.44222
-1.81486 0.01488 0.0248044 0.0249958 4.44222
-1.80701 0.00868457 0.0248196 0.0249959 4.44222
-1.79942 0.00216425 0.0248352 0.0249959 4.44222
-1.7921 -0.00465332 0.0248511 0.024996 4.44222
-1.78505 -0.0117418 0.0248669 0.0249961 4.44222
-1.77824 -0.0190759 0.0248825 0.0249962 4.44222
-1.77169 -0.0266318 0.0248976 0.0249964 4.44222
-1.76537 -0.0343871 0.0249122 0.0249966 4.44222
-1.75928 -0.0423205 0.024926 0.0249967 4.44222
-1.7534 -0.0504121 0.024939 0.0249969 4.44222
-1.74772 -0.0586434 0.0249509 0.0249971 4.44222
-1.74222 -0.0669971 0.0249617 0.0249974 4.44222
-1.73688 -0.075457 0.0249713 0.0249976 4.44222
-1.73169 -0.0840081 0.0249796 0.0249978 4.44222
-1.72663 -0.0926364 0.0249867 0.024998 4.44222
-1.72169 -0.101329 0.0249926 0.0249982 4.44222
-1.71683 -0.110074 0.0249972 0.0249984 4.44222
-1.71206 -0.11886 0.0250006 0.0249986 4.44222
-1.70733 -0.127676 0.0250029 0.0249988 4.44222
-1.70265 -0.136514 0.0250042 0.0249989 4.44222
-1.69799 -0.145362 0.0250047 0.0249991 4.44222
-1.69334 -0.154214 0.0250043 0.0249993 4.44222
-1.68868 -0.163061 0.0250034 0.0249994 4.44222
-1.68399 -0.171897 0.0250019 0.0249996 4.44222
-1.67928 -0.180718 0.0250001 0.0249997 4.44222
-1.67454 -0.189522 0.0249981 0.0249999 4.44222
-1.66979 -0.198325 0.024996 0.0249999 4.44222
