-0.488048 -0.154093 0.0250983 0.0250001 1.28064
-0.478283 -0.151936 0.0250863 0.0250001 1.28064
-0.468595 -0.149457 0.0250742 0.0250003 1.28064
-0.459014 -0.146596 0.0250621 0.0250004 1.28064
-0.449571 -0.143306 0.0250502 0.0250005 1.28064
-0.440301 -0.139555 0.0250383 0.0250005 1.28064
-0.431241 -0.135324 0.0250268 0.0250006 1.28064
-0.422428 -0.1306 0.0250157 0.0250007 1.28064
-0.413897 -0.125383 0.0250051 0.0250007 1.28064
-0.405683 -0.119681 0.0249951 0.0250008 1.28064
-0.397817 -0.113507 0.0249858 0.0250008 1.28064
-0.390325 -0.106884 0.0249772 0.0250009 1.28064
-0.383229 -0.0998396 0.0249695 0.025001 1.28064
-0.376542 -0.0924054 0.0249626 0.0250011 1.28064
-0.370272 -0.0846166 0.0249565 0.0250012 1.28064
-0.364418 -0.0765103 0.0249513 0.0250013 1.28064
-0.358972 -0.0681244 0.0249468 0.0250014 1.28064
-0.353919 -0.0594963 0.0249431 0.0250015 1.28064
-0.349236 -0.0506622 0.02494 0.0250016 1.28064
-0.344892 -0.0416562 0.0249374 0.0250017 1.28064
-0.340852 -0.0325101 0.0249354 0.0250018 1.28064
-0.337074 -0.0232528 0.0249337 0.025002 1.28064
-0.333512 -0.0139107 0.0249323 0.0250021 1.28064
-0.330114 -0.00450758 0.0249311 0.0250023 1.28064
-0.326826 0.00493462 0.0249299 0.0250024 1.28064
-0.323593 0.0143953 0.0249286 0.0250025 1.28064
-0.320355 0.0238544 0.0249272 0.0250027 1.28064
-0.317054 0.0332914 0.0249256 0.0250028 1.28064
-0.31363 0.0426846 0.0249237 0.0250029 1.28064
-0.310025 0.0520099 0.0249214 0.025003 1.28064
-0.306184 0.0612399 0.0249188 0.0250031 1.28064
-0.302052 0.0703437 0.0249157 0.0250031 1.28064
-0.297581 0.0792857 0.0249123 0.0250031 1.28064
-0.292727 0.0880257 0.0249084 0.0250031 1.28064
-0.287452 0.0965185 0.0249042 0.025003 1.28064
-0.281727 0.104715 0.0248997 0.0250029 1.28064
-0.275532 0.112562 0.0248949 0.0250027 1.28064
-0.268854 0.120003 0.02489 0.0250025 1.28064
-0.261694 0.12698 0.0248851 0.0250022 1.28064
-0.25406 0.133437 0.0248802 0.0250018 1.28064
-0.245973 0.139318 0.0248756 0.0250015 1.28064
-0.237464 0.144569 0.0248713 0.025001 1.28064
-0.228573 0.149144 0.0248674 0.0250005 1.28064
-0.219347 0.153002 0.0248642 0.025 1.28064
-0.209842 0.15611 0.0248617 0.0249995 1.28064
-0.200119 0.158447 0.0248601 0.024999 1.28064
-0.190239 0.159998 0.0248594 0.0249984 1.28064
-0.180266 0.160761 0.0248599 0.0249978 1.28064
-0.170264 0.160742 0.0248617 0.0249973 1.28064
-0.160293 0.159958 0.0248647 0.0249967 1.28064
-0.150407 0.158434 0.0248692 0.0249963 1.28064
-0.140656 0.156202 0.0248751 0.0249959 1.28064
-0.131082 0.153299 0.0248825 0.0249955 1.28064
-0.121722 0.14977 0.0248911 0.0249952 1.28064
-0.112602 0.145658 0.0249011 0.024995 1.28064
-0.103742 0.141012 0.0249121 0.0249948 1.28064
-0.0951538 0.135881 0.024924 0.0249946 1.28064
-0.0868424 0.130313 0.0249368 0.0249946 1.28064
-0.0788063 0.124354 0.0249501 0.0249945 1.28064
-0.071038 0.11805 0.0249638 0.0249945 1.28064
-0.0635252 0.111444 0.0249777 0.0249946 1.28064
-0.0562515 0.104575 0.0249916 0.0249946 1.28064
-0.049197 0.0974815 0.0250052 0.0249947 1.28064
-0.0423393 0.0901976 0.0250185 0.0249948 1.28064
-0.0356541 0.0827551 0.0250313 0.024995 1.28064
-0.0291159 0.0751834 0.0250433 0.0249951 1.28064
-0.0226985 0.067509 0.0250545 0.0249952 1.28064
-0.0163757 0.0597568 0.0250646 0.0249953 1.28064
-0.0101211 0.0519495 0.0250736 0.0249955 1.28064
-0.00390937 0.0441083 0.0250814 0.0249956 1.28064
0.00228441 0.0362529 0.0250876 0.0249957 1.28064
0.00848391 0.0284022 0.0250924 0.0249958 1.28064
0.0147118 0.0205741 0.0250954 0.024996 1.28064
0.0209896 0.0127861 0.0250965 0.024996 1.28064
0.0273375 0.0050552 0.0250956 0.0249961 1.28064
0.0337742 -0.00260182 0.0250925 0.0249962 1.28064
0.0403174 -0.010168 0.025087 0.0249963 1.28064
0.0469828 -0.0176265 0.0250787 0.0249965 1.28064
0.0537848 -0.0249606 0.0250675 0.0249966 1.28064
0.0607358 -0.0321533 0.0250532 0.0249968 1.28064
0.0678466 -0.039188 0.0250357 0.0249969 1.28064
0.0751262 -0.0460476 0.0250147 0.0249971 1.28064
0.0825815 -0.0527158 0.0249903 0.0249972 1.28064
0.0902174 -0.0591761 0.0249623 0.0249974 1.28064
0.0980368 -0.0654127 0.0249309 0.0249975 1.28064
0.10604 -0.071411 0.024896 0.0249977 1.28064
0.114227 -0.077157 0.0248579 0.0249979 1.28064
0.122593 -0.0826372 0.0248168 0.0249981 1.28064
0.131135 -0.0878392 0.0247729 0.0249983 1.28064
0.139847 -0.0927522 0.0247265 0.0249985 1.28064
0.148719 -0.0973668 0.0246779 0.0249987 1.28064
0.157744 -0.101676 0.0246275 0.0249989 1.28064
0.16691 -0.105675 0.0245755 0.024999 1.28064
0.176206 -0.109364 0.0245223 0.0249992 1.28064
0.185618 -0.112744 0.0244683 0.0249994 1.28064
0.195132 -0.115823 0.0244136 0.0249995 1.28064
0.204735 -0.118616 0.0243587 0.0249996 1.28064
0.21441 -0.121143 0.0243037 0.0249997 1.28064
0.224143 -0.123437 0.0242487 0.0249998 1.28064
0.233917 -0.125552 0.0241939 0.0249999 1.28064
0.243693 -0.127655 0.0241392 0.025 1.28064
