-2.49986 0.0114629 0.0249361 0.0250001 4.70235
-2.49135 0.00621604 0.0249399 0.0250001 4.70235
-2.483 0.000713322 0.0249438 0.0250003 4.70235
-2.47485 -0.00508097 0.0249477 0.0250004 4.70235
-2.46693 -0.0111862 0.0249517 0.0250005 4.70235
-2.45927 -0.0176097 0.0249557 0.0250007 4.70235
-2.45188 -0.0243497 0.0249598 0.0250008 4.70235
-2.44479 -0.0313964 0.024964 0.0250009 4.70235
-2.43799 -0.0387341 0.0249683 0.0250011 4.70235
-2.43151 -0.0463426 0.0249725 0.0250013 4.70235
-2.42532 -0.0541981 0.0249768 0.0250014 4.70235
-2.41943 -0.0622747 0.0249809 0.0250016 4.70235
-2.41381 -0.0705452 0.024985 0.0250017 4.70235
-2.40844 -0.0789818 0.0249889 0.0250019 4.70235
-2.4033 -0.0875568 0.0249925 0.0250021 4.70235
-2.39835 -0.0962431 0.0249958 0.0250023 4.70235
-2.39355 -0.105014 0.0249987 0.0250024 4.70235
-2.38886 -0.113844 0.0250011 0.0250026 4.70235
-2.38423 -0.122707 0.0250031 0.0250028 4.70235
-2.37962 -0.131577 0.0250046 0.0250029 4.70235
-2.37497 -0.140428 0.0250055 0.025003 4.70235
-2.37024 -0.149233 0.0250059 0.0250031 4.70235
-2.36536 -0.157962 0.0250057 0.0250032 4.70235
-2.3603 -0.166582 0.0250051 0.0250033 4.70235
-2.355 -0.17506 0.0250039 0.0250033 4.70235
-2.34942 -0.183354 0.0250023 0.0250033 4.70235
-2.34352 -0.191424 0.0250004 0.0250032 4.70235
-2.33726 -0.19922 0.0249982 0.0250031 4.70235
-2.33062 -0.206693 0.0249959 0.025003 4.70235
-2.32357 -0.213787 0.0249935 0.0250028 4.70235
-2.31611 -0.220445 0.0249913 0.0250025 4.70235
-2.30824 -0.226609 0.0249894 0.0250023 4.70235
-2.29997 -0.232221 0.0249879 0.0250019 4.70235
-2.29131 -0.237222 0.0249868 0.0250016 4.70235
-2.2823 -0.241558 0.0249863 0.0250012 4.70235
-2.27298 -0.24518 0.0249863 0.0250008 4.70235
-2.2634 -0.248046 0.024987 0.0250003 4.70235
-2.25362 -0.250122 0.0249883 0.0249998 4.70235
-2.2437 -0.251385 0.0249902 0.0249993 4.70235
-2.2337 -0.25182 0.0249928 0.0249987 4.70235
-2.22371 -0.251427 0.024996 0.0249982 4.70235
-2.21378 -0.250214 0.025 0.0249976 4.70235
-2.20399 -0.248202 0.0250046 0.0249971 4.70235
-2.19438 -0.24542 0.0250099 0.0249967 4.70235
-2.18501 -0.241906 0.0250157 0.0249963 4.70235
-2.17594 -0.237704 0.0250222 0.024996 4.70235
-2.16718 -0.232864 0.025029 0.0249957 4.70235
-2.15877 -0.227441 0.0250361 0.0249955 4.70235
-2.15073 -0.221488 0.0250433 0.0249954 4.70235
-2.14307 -0.215062 0.0250506 0.0249953 4.70235
-2.13577 -0.208218 0.0250577 0.0249953 4.70235
-2.12884 -0.201007 0.0250646 0.0249953 4.70235
-2.12225 -0.19348 0.0250711 0.0249954 4.70235
-2.11598 -0.185684 0.025077 0.0249955 4.70235
-2.11 -0.177662 0.0250823 0.0249956 4.70235
-2.10429 -0.169452 0.0250868 0.0249957 4.70235
-2.0988 -0.16109 0.0250905 0.0249958 4.70235
-2.09349 -0.152609 0.0250934 0.024996 4.70235
-2.08834 -0.144038 0.0250953 0.0249961 4.70235
-2.08329 -0.135403 0.0250963 0.0249962 4.70235
-2.0783 -0.126729 0.0250963 0.0249963 4.70235
-2.07335 -0.118039 0.0250952 0.0249964 4.70235
-2.06839 -0.109353 0.025093 0.0249966 4.70235
-2.06338 -0.100694 0.0250896 0.0249967 4.70235
-2.05829 -0.0920816 0.0250848 0.0249968 4.70235
-2.0531 -0.0835359 0.0250787 0.024997 4.70235
-2.04776 -0.0750775 0.0250711 0.0249972 4.70235
-2.04225 -0.066727 0.025062 0.0249973 4.70235
-2.03656 -0.0585056 0.0250514 0.0249975 4.70235
-2.03065 -0.0504348 0.0250394 0.0249976 4.70235
-2.02451 -0.0425366 0.025026 0.0249977 4.70235
-2.01813 -0.0348334 0.0250113 0.0249978 4.70235
-2.0115 -0.0273483 0.0249954 0.0249979 4.70235
-2.0046 -0.0201046 0.0249784 0.0249979 4.70235
-1.99744 -0.0131256 0.0249603 0.024998 4.70235
-1.99 -0.00643495 0.0249413 0.024998 4.70235
-1.9823 -5.58442e-05 0.0249215 0.0249981 4.70235
-1.97433 0.00598883 0.0249011 0.0249981 4.70235
-1.96611 0.0116769 0.0248802 0.0249981 4.70235
-1.95763 0.016987 0.0248589 0.0249981 4.70235
-1.94892 0.0218993 0.0248373 0.0249981 4.70235
-1.93998 0.0263951 0.0248155 0.0249981 4.70235
-1.93084 0.030458 0.0247937 0.0249981 4.70235
-1.92152 0.0340735 0.0247719 0.0249981 4.70235
-1.91203 0.0372296 0.0247503 0.024998 4.70235
-1.9024 0.0399171 0.0247291 0.024998 4.70235
-1.89264 0.0421298 0.0247084 0.024998 4.70235
-1.88279 0.043865 0.0246882 0.024998 4.70235
-1.87287 0.0451227 0.0246688 0.024998 4.70235
-1.8629 0.0459063 0.0246502 0.0249981 4.70235
-1.8529 0.0462225 0.0246325 0.0249981 4.70235
-1.8429 0.0460818 0.0246156 0.0249982 4.70235
-1.83292 0.0454985 0.0245996 0.0249983 4.70235
-1.82297 0.0444907 0.0245844 0.0249985 4.70235
-1.81307 0.0430809 0.02457 0.0249987 4.70235
-1.80323 0.0412962 0.0245563 0.0249988 4.70235
-1.79345 0.0391687 0.0245432 0.024999 4.70235
-1.78375 0.0367376 0.0245306 0.0249992 4.70235
-1.77412 0.0340514 0.0245184 0.0249995 4.70235
-1.76454 0.0311764 0.0245065 0.0249997 4.70235
-1.75497 0.0282898 0.0244946 0.0249999 4.70235
