-0.499965 -0.00353213 0.0249997 0.0249999 0.08004
-0.489966 -0.00337131 0.0249998 0.0249998 0.08004
-0.479967 -0.0031999 0.0249998 0.0249996 0.08004
-0.469969 -0.00301671 0.0249999 0.0249994 0.08004
-0.45997 -0.00282138 0.0249999 0.0249992 0.08004
-0.449972 -0.0026141 0.025 0.0249991 0.08004
-0.439973 -0.00239551 0.025 0.0249991 0.08004
-0.429975 -0.0021666 0.025 0.0249992 0.08004
-0.419977 -0.0019286 0.0250001 0.0249993 0.08004
-0.40998 -0.00168297 0.0250001 0.0249994 0.08004
-0.399983 -0.00143131 0.0250001 0.0249995 0.08004
-0.389985 -0.0011753 0.0250002 0.0249997 0.08004
-0.379989 -0.00091672 0.0250002 0.0249997 0.08004
-0.369992 -0.000657343 0.0250002 0.0249998 0.08004
-0.359995 -0.000398937 0.0250002 0.0249998 0.08004
-0.349998 -0.000143217 0.0250002 0.0249998 0.08004
-0.340001 0.000108189 0.0250002 0.0249997 0.08004
-0.330004 0.000353854 0.0250001 0.0249995 0.08004
-0.320006 0.000592594 0.0250001 0.0249993 0.08004
-0.310008 0.000823147 0.0250001 0.0249992 0.08004
-0.30001 0.00104407 0.025 0.024999 0.08004
-0.290011 0.00125392 0.025 0.0249988 0.08004
-0.280012 0.00145125 0.025 0.0249986 0.08004
-0.270013 0.0016347 0.0249999 0.0249984 0.08004
-0.260013 0.00180295 0.0249999 0.0249982 0.08004
-0.250012 0.00195481 0.0249999 0.024998 0.08004
-0.240011 0.00208921 0.0249998 0.0249978 0.08004
-0.23001 0.0022052 0.0249998 0.0249976 0.08004
-0.220009 0.00230204 0.0249998 0.0249975 0.08004
-0.210007 0.00237915 0.0249998 0.0249974 0.08004
-0.200005 0.00243615 0.0249998 0.0249975 0.08004
-0.190003 0.00247289 0.0249998 0.0249976 0.08004
-0.180001 0.00248944 0.0249998 0.0249977 0.08004
-0.17 0.00248609 0.0249999 0.0249978 0.08004
-0.159998 0.00246337 0.0249999 0.024998 0.08004
-0.149996 0.00242201 0.0249999 0.0249981 0.08004
-0.139995 0.00236296 0.025 0.0249982 0.08004
-0.129994 0.00228736 0.025 0.0249983 0.08004
-0.119993 0.00219653 0.025 0.0249985 0.08004
-0.109993 0.00209194 0.0250001 0.0249986 0.08004
-0.0999921 0.00197523 0.0250001 0.0249987 0.08004
-0.089992 0.0018481 0.0250001 0.0249989 0.08004
-0.079992 0.00171237 0.0250001 0.024999 0.08004
-0.0699923 0.00156992 0.0250002 0.0249991 0.08004
-0.0599927 0.00142264 0.0250002 0.0249992 0.08004
-0.0499933 0.00127241 0.0250002 0.0249994 0.08004
-0.039994 0.00112112 0.0250002 0.0249995 0.08004
-0.0299947 0.00097055 0.0250002 0.0249996 0.08004
-0.0199956 0.000822412 0.0250001 0.0249997 0.08004
-0.00999644 0.00067829 0.0250001 0.0249999 0.08004
2.66261e-06 0.00053962 0.0250001 0.025 0.08004
0.0100017 0.000407662 0.0250001 0.0250001 0.08004
0.0200008 0.000283479 0.025 0.0250002 0.08004
0.03 0.000167913 0.025 0.0250002 0.08004
0.0399993 6.15653e-05 0.025 0.0250002 0.08004
0.0499987 -3.52142e-05 0.0249999 0.0250001 0.08004
0.0599983 -0.000122345 0.0249999 0.025 0.08004
0.069998 -0.00020025 0.0249999 0.025 0.08004
0.0799977 -0.000269509 0.0249999 0.025 0.08004
0.0899976 -0.000330514 0.0249999 0.0249999 0.08004
0.0999975 -0.000383695 0.0249999 0.0249999 0.08004
0.109998 -0.000429514 0.0249999 0.0249999 0.08004
0.119998 -0.000468468 0.0249999 0.0249999 0.08004
0.129998 -0.000501077 0.0249999 0.0249999 0.08004
0.139998 -0.000527878 0.025 0.0249999 0.08004
0.149998 -0.000549416 0.025 0.0249999 0.08004
0.159998 -0.000566228 0.025 0.0249999 0.08004
0.169998 -0.000578837 0.025 0.0249999 0.08004
0.179998 -0.00058773 0.0250001 0.0249999 0.08004
0.189998 -0.00059335 0.0250001 0.0249999 0.08004
0.199998 -0.000596078 0.0250001 0.0249999 0.08004
0.209998 -0.000596225 0.0250001 0.0249999 0.08004
0.219998 -0.000594024 0.0250001 0.0249999 0.08004
0.229998 -0.000589628 0.0250001 0.0249999 0.08004
0.239998 -0.00058311 0.0250001 0.0249999 0.08004
0.249998 -0.000574456 0.0250001 0.0249999 0.08004
0.259998 -0.000563574 0.025 0.0249999 0.08004
0.269999 -0.000550285 0.025 0.0249999 0.08004
0.279999 -0.000534336 0.025 0.0249999 0.08004
0.289999 -0.000515394 0.0249999 0.0249999 0.08004
0.299999 -0.000493056 0.0249999 0.0249999 0.08004
0.309999 -0.000466852 0.0249999 0.0249999 0.08004
0.319999 -0.000436246 0.0249999 0.0249999 0.08004
0.329999 -0.000400648 0.0249999 0.0249999 0.08004
0.339999 -0.000359412 0.0249999 0.0249999 0.08004
0.349999 -0.00031185 0.0249999 0.0249999 0.08004
0.359999 -0.000257242 0.0249999 0.0249999 0.08004
0.369999 -0.000194836 0.0249999 0.0249999 0.08004
0.379998 -0.000123857 0.0249999 0.025 0.08004
0.389998 -4.3513e-05 0.0249999 0.025 0.08004
0.399998 4.69932e-05 0.0249999 0.0250001 0.08004
0.409997 0.000148685 0.025 0.0250002 0.08004
0.419996 0.000262449 0.025 0.0250002 0.08004
0.429995 0.000388675 0.025 0.0250003 0.08004
0.439994 0.000527465 0.0250001 0.0250003 0.08004
0.449992 0.000678616 0.0250001 0.0250003 0.08004
0.459991 0.000841588 0.0250001 0.0250003 0.08004
0.469989 0.00101544 0.0250002 0.0250003 0.08004
0.479987 0.00119872 0.0250002 0.0250002 0.08004
0.489985 0.00138906 0.0250002 0.0250001 0.08004
0.499983 0.0015786 0.0250002 0.025 0.08004
