-0.607561 -0.0811679 0.0248841 0.025 1.44072
-0.599949 -0.0876531 0.0248921 0.0250001 1.44072
-0.592237 -0.0940191 0.0249001 0.0250002 1.44072
-0.584396 -0.100225 0.0249082 0.0250002 1.44072
-0.576397 -0.106227 0.0249164 0.0250003 1.44072
-0.568219 -0.11198 0.0249245 0.0250004 1.44072
-0.55984 -0.117439 0.0249326 0.0250004 1.44072
-0.551247 -0.122553 0.0249405 0.0250005 1.44072
-0.542432 -0.127273 0.0249481 0.0250005 1.44072
-0.533392 -0.131548 0.0249554 0.0250005 1.44072
-0.524134 -0.135326 0.0249622 0.0250005 1.44072
-0.514671 -0.138559 0.0249685 0.0250005 1.44072
-0.505026 -0.141198 0.0249742 0.0250005 1.44072
-0.495229 -0.143199 0.0249791 0.0250004 1.44072
-0.485317 -0.144522 0.0249834 0.0250003 1.44072
-0.475336 -0.145136 0.024987 0.0250002 1.44072
-0.465337 -0.145014 0.0249899 0.025 1.44072
-0.455375 -0.14414 0.0249923 0.0249998 1.44072
-0.44551 -0.142504 0.0249941 0.0249996 1.44072
-0.4358 -0.14011 0.0249956 0.0249994 1.44072
-0.426306 -0.136968 0.0249967 0.0249992 1.44072
-0.417084 -0.133099 0.0249977 0.0249991 1.44072
-0.408187 -0.128531 0.0249986 0.024999 1.44072
-0.399662 -0.123302 0.0249993 0.0249989 1.44072
-0.391548 -0.117456 0.025 0.0249988 1.44072
-0.383875 -0.111041 0.0250005 0.0249988 1.44072
-0.376666 -0.10411 0.0250009 0.0249988 1.44072
-0.369931 -0.0967165 0.0250011 0.0249988 1.44072
-0.363672 -0.0889162 0.025001 0.0249988 1.44072
-0.357881 -0.080763 0.0250007 0.0249989 1.44072
-0.352538 -0.0723086 0.0249999 0.024999 1.44072
-0.347619 -0.0636016 0.0249987 0.0249991 1.44072
-0.343086 -0.0546868 0.0249969 0.0249992 1.44072
-0.3389 -0.0456045 0.0249944 0.0249994 1.44072
-0.335013 -0.0363906 0.0249913 0.0249995 1.44072
-0.331371 -0.0270768 0.0249873 0.0249996 1.44072
-0.32792 -0.0176911 0.0249825 0.0249998 1.44072
-0.3246 -0.00825803 0.0249768 0.025 1.44072
-0.321352 0.00119972 0.0249702 0.0250001 1.44072
-0.318115 0.010661 0.0249627 0.0250003 1.44072
-0.314828 0.020105 0.0249542 0.0250004 1.44072
-0.311431 0.0295102 0.0249448 0.0250005 1.44072
-0.307868 0.0388535 0.0249346 0.0250006 1.44072
-0.304085 0.0481094 0.0249235 0.0250007 1.44072
-0.300029 0.0572496 0.0249117 0.0250008 1.44072
-0.295657 0.0662421 0.0248992 0.0250009 1.44072
-0.290926 0.0750517 0.0248862 0.0250009 1.44072
-0.285804 0.0836394 0.0248728 0.0250009 1.44072
-0.280263 0.0919631 0.0248592 0.0250009 1.44072
-0.274285 0.0999782 0.0248454 0.0250008 1.44072
-0.267857 0.107638 0.0248318 0.0250007 1.44072
-0.260979 0.114896 0.0248183 0.0250006 1.44072
-0.253655 0.121704 0.0248052 0.0250005 1.44072
-0.2459 0.128018 0.0247927 0.0250003 1.44072
-0.237737 0.133794 0.0247809 0.0250001 1.44072
-0.229195 0.138992 0.02477 0.0249999 1.44072
-0.220309 0.143579 0.0247601 0.0249996 1.44072
-0.21112 0.147526 0.0247513 0.0249994 1.44072
-0.201674 0.15081 0.0247437 0.0249991 1.44072
-0.192018 0.153414 0.0247375 0.0249988 1.44072
-0.182202 0.15533 0.0247327 0.0249985 1.44072
-0.172276 0.156554 0.0247294 0.0249982 1.44072
-0.162289 0.15709 0.0247275 0.0249979 1.44072
-0.152288 0.156948 0.0247272 0.0249976 1.44072
-0.142318 0.156143 0.0247284 0.0249973 1.44072
-0.132422 0.154693 0.0247312 0.024997 1.44072
-0.122636 0.152624 0.0247354 0.0249967 1.44072
-0.112994 0.149961 0.0247412 0.0249964 1.44072
-0.103526 0.146733 0.0247484 0.0249962 1.44072
-0.0942569 0.142972 0.024757 0.024996 1.44072
-0.0852081 0.138707 0.0247669 0.0249959 1.44072
-0.0763967 0.133972 0.0247778 0.0249958 1.44072
-0.0678361 0.128797 0.0247898 0.0249957 1.44072
-0.0595362 0.123213 0.0248024 0.0249957 1.44072
-0.0515037 0.117251 0.0248157 0.0249957 1.44072
-0.0437418 0.11094 0.0248293 0.0249958 1.44072
-0.0362512 0.10431 0.024843 0.0249958 1.44072
-0.0290297 0.0973879 0.0248566 0.0249959 1.44072
-0.0220726 0.0902001 0.0248699 0.024996 1.44072
-0.0153731 0.0827718 0.0248827 0.0249962 1.44072
-0.00892243 0.0751267 0.0248948 0.0249963 1.44072
-0.00270977 0.067287 0.024906 0.0249965 1.44072
0.00327717 0.0592739 0.0249162 0.0249967 1.44072
0.00905213 0.0511068 0.0249252 0.0249969 1.44072
0.0146301 0.0428041 0.0249329 0.0249971 1.44072
0.0200272 0.0343829 0.0249391 0.0249973 1.44072
0.0252602 0.0258591 0.0249439 0.0249975 1.44072
0.0303468 0.0172472 0.0249472 0.0249978 1.44072
0.0353051 0.00856107 0.024949 0.024998 1.44072
0.0401533 -0.000186777 0.0249493 0.0249982 1.44072
0.0449099 -0.00898464 0.0249481 0.0249984 1.44072
0.0495932 -0.0178215 0.0249456 0.0249986 1.44072
0.0542217 -0.0266871 0.0249418 0.0249988 1.44072
0.0588135 -0.0355715 0.0249369 0.024999 1.44072
0.0633858 -0.0444658 0.0249309 0.0249991 1.44072
0.0679549 -0.0533617 0.0249242 0.0249993 1.44072
0.0725349 -0.0622518 0.0249167 0.0249994 1.44072
0.0771375 -0.0711301 0.0249087 0.0249996 1.44072
0.0817706 -0.0799924 0.0249003 0.0249997 1.44072
0.086435 -0.0888381 0.0248917 0.0249999 1.44072
0.0911029 -0.0976819 0.024883 0.0249999 1.44072
