-0.521079 -0.14947 0.0250631 0.0250001 1.32066
-0.511086 -0.149845 0.0250523 0.0250001 1.32066
-0.501086 -0.149905 0.0250415 0.0250003 1.32066
-0.491092 -0.149583 0.0250307 0.0250004 1.32066
-0.481121 -0.14882 0.02502 0.0250004 1.32066
-0.4712 -0.14757 0.0250095 0.0250005 1.32066
-0.461359 -0.145795 0.0249992 0.0250005 1.32066
-0.451635 -0.143465 0.0249893 0.0250005 1.32066
-0.442067 -0.14056 0.0249798 0.0250005 1.32066
-0.432696 -0.137071 0.024971 0.0250005 1.32066
-0.423565 -0.132994 0.0249629 0.0250005 1.32066
-0.414716 -0.128337 0.0249557 0.0250005 1.32066
-0.406189 -0.123113 0.0249494 0.0250005 1.32066
-0.398021 -0.117345 0.024944 0.0250006 1.32066
-0.390242 -0.111062 0.0249397 0.0250006 1.32066
-0.382877 -0.104298 0.0249365 0.0250006 1.32066
-0.375944 -0.0970923 0.0249343 0.0250007 1.32066
-0.369454 -0.0894856 0.0249331 0.0250007 1.32066
-0.363407 -0.0815215 0.0249328 0.0250008 1.32066
-0.357798 -0.0732435 0.0249335 0.0250008 1.32066
-0.352611 -0.0646946 0.0249349 0.0250009 1.32066
-0.347824 -0.0559156 0.0249369 0.025001 1.32066
-0.343407 -0.046945 0.0249395 0.0250011 1.32066
-0.339323 -0.0378181 0.0249423 0.0250012 1.32066
-0.335529 -0.0285668 0.0249454 0.0250013 1.32066
-0.331977 -0.01922 0.0249484 0.0250014 1.32066
-0.328616 -0.00980323 0.0249513 0.0250016 1.32066
-0.325389 -0.000339591 0.0249538 0.0250017 1.32066
-0.322238 0.00914967 0.0249558 0.0250019 1.32066
-0.319105 0.0186443 0.0249571 0.025002 1.32066
-0.315927 0.0281242 0.0249576 0.0250022 1.32066
-0.312645 0.0375683 0.0249571 0.0250023 1.32066
-0.309198 0.0469535 0.0249556 0.0250024 1.32066
-0.305529 0.0562541 0.0249531 0.0250025 1.32066
-0.301584 0.0654406 0.0249494 0.0250026 1.32066
-0.297311 0.0744795 0.0249445 0.0250027 1.32066
-0.292665 0.0833325 0.0249384 0.0250027 1.32066
-0.287608 0.0919569 0.0249313 0.0250027 1.32066
-0.282107 0.100306 0.024923 0.0250026 1.32066
-0.27614 0.108328 0.0249138 0.0250025 1.32066
-0.269693 0.115969 0.0249037 0.0250024 1.32066
-0.262761 0.123174 0.0248928 0.0250022 1.32066
-0.255352 0.129888 0.0248815 0.0250019 1.32066
-0.247482 0.136055 0.0248699 0.0250016 1.32066
-0.239177 0.141624 0.0248582 0.0250013 1.32066
-0.230475 0.146547 0.0248467 0.0250009 1.32066
-0.221417 0.150785 0.0248356 0.0250005 1.32066
-0.212057 0.154303 0.0248252 0.025 1.32066
-0.202449 0.157077 0.0248159 0.0249995 1.32066
-0.192653 0.159089 0.0248078 0.024999 1.32066
-0.18273 0.160335 0.0248012 0.0249985 1.32066
-0.17274 0.160817 0.0247965 0.0249979 1.32066
-0.162742 0.160546 0.0247937 0.0249974 1.32066
-0.15279 0.159542 0.0247932 0.0249969 1.32066
-0.142935 0.157833 0.0247949 0.0249965 1.32066
-0.133219 0.155452 0.0247991 0.0249961 1.32066
-0.123681 0.152436 0.0248057 0.0249957 1.32066
-0.114352 0.148826 0.0248146 0.0249954 1.32066
-0.105254 0.144665 0.0248258 0.0249951 1.32066
-0.0964055 0.139999 0.0248391 0.0249949 1.32066
-0.0878155 0.134871 0.0248543 0.0249947 1.32066
-0.0794885 0.129326 0.0248712 0.0249946 1.32066
-0.0714234 0.123407 0.0248895 0.0249945 1.32066
-0.0636141 0.117153 0.0249088 0.0249944 1.32066
-0.0560504 0.110605 0.024929 0.0249944 1.32066
-0.0487189 0.103798 0.0249496 0.0249944 1.32066
-0.0416034 0.0967651 0.0249702 0.0249944 1.32066
-0.0346853 0.0895382 0.0249905 0.0249945 1.32066
-0.027945 0.0821453 0.02501 0.0249946 1.32066
-0.0213615 0.0746125 0.0250284 0.0249947 1.32066
-0.0149132 0.0669638 0.0250453 0.0249949 1.32066
-0.00857852 0.059221 0.0250603 0.0249951 1.32066
-0.00233546 0.0514042 0.025073 0.0249953 1.32066
0.00383763 0.0435323 0.0250831 0.0249955 1.32066
0.00996213 0.0356227 0.0250903 0.0249957 1.32066
0.016059 0.027692 0.0250942 0.0249959 1.32066
0.0221485 0.0197559 0.0250946 0.0249961 1.32066
0.0282504 0.0118296 0.0250914 0.0249964 1.32066
0.0343835 0.00392761 0.0250842 0.0249966 1.32066
0.0405657 -0.0039358 0.0250731 0.0249968 1.32066
0.0468139 -0.0117466 0.025058 0.024997 1.32066
0.0531438 -0.0194911 0.0250389 0.0249972 1.32066
0.0595701 -0.0271556 0.0250157 0.0249974 1.32066
0.0661061 -0.0347266 0.0249887 0.0249976 1.32066
0.0727633 -0.042191 0.024958 0.0249978 1.32066
0.0795521 -0.0495359 0.0249237 0.0249979 1.32066
0.0864815 -0.0567479 0.0248862 0.0249981 1.32066
0.0935593 -0.0638143 0.0248455 0.0249982 1.32066
0.100792 -0.0707223 0.0248021 0.0249983 1.32066
0.108183 -0.0774597 0.0247562 0.0249985 1.32066
0.115735 -0.0840155 0.024708 0.0249986 1.32066
0.12345 -0.0903792 0.0246579 0.0249988 1.32066
0.131326 -0.0965424 0.0246062 0.0249989 1.32066
0.13936 -0.102498 0.0245531 0.024999 1.32066
0.147546 -0.108243 0.0244989 0.0249992 1.32066
0.155876 -0.113777 0.0244438 0.0249993 1.32066
0.16434 -0.119103 0.0243882 0.0249994 1.32066
0.172924 -0.124233 0.0243321 0.0249996 1.32066
0.181611 -0.129187 0.0242757 0.0249997 1.32066
0.190375 -0.134002 0.0242193 0.0249999 1.32066
0.199145 -0.138807 0.0241628 0.0249999 1.32066
