-0.786445 0.127843 0.0250442 0.0250001 1.76088
-0.776669 0.125741 0.0250449 0.0250001 1.76088
-0.766967 0.123316 0.0250457 0.0250002 1.76088
-0.75737 0.12051 0.0250464 0.0250003 1.76088
-0.747906 0.11728 0.0250472 0.0250004 1.76088
-0.738609 0.113598 0.0250481 0.0250005 1.76088
-0.729511 0.109448 0.0250491 0.0250006 1.76088
-0.720646 0.104822 0.0250502 0.0250006 1.76088
-0.712045 0.099721 0.0250516 0.0250007 1.76088
-0.703737 0.0941562 0.0250531 0.0250008 1.76088
-0.695747 0.0881444 0.0250548 0.0250009 1.76088
-0.688094 0.081709 0.0250566 0.025001 1.76088
-0.680792 0.0748781 0.0250585 0.0250011 1.76088
-0.673848 0.0676838 0.0250605 0.0250013 1.76088
-0.667261 0.0601604 0.0250624 0.0250014 1.76088
-0.661026 0.052344 0.0250642 0.0250015 1.76088
-0.655127 0.0442708 0.0250658 0.0250017 1.76088
-0.649543 0.0359768 0.0250671 0.0250018 1.76088
-0.644246 0.0274969 0.0250679 0.025002 1.76088
-0.639201 0.0188644 0.0250683 0.0250022 1.76088
-0.63437 0.0101108 0.025068 0.0250023 1.76088
-0.629708 0.00126625 0.025067 0.0250025 1.76088
-0.625167 -0.00764094 0.0250652 0.0250027 1.76088
-0.620696 -0.0165833 0.0250626 0.0250028 1.76088
-0.616242 -0.0255338 0.0250591 0.025003 1.76088
-0.611749 -0.0344651 0.0250546 0.0250031 1.76088
-0.607164 -0.043349 0.0250492 0.0250032 1.76088
-0.602431 -0.0521553 0.0250428 0.0250033 1.76088
-0.597499 -0.0608512 0.0250354 0.0250034 1.76088
-0.592317 -0.0694007 0.0250273 0.0250034 1.76088
-0.58684 -0.0777642 0.0250183 0.0250034 1.76088
-0.581027 -0.0858978 0.0250086 0.0250034 1.76088
-0.574845 -0.093754 0.0249983 0.0250033 1.76088
-0.568265 -0.101281 0.0249876 0.0250031 1.76088
-0.561271 -0.108426 0.0249767 0.0250029 1.76088
-0.553855 -0.11513 0.0249656 0.0250026 1.76088
-0.546017 -0.121338 0.0249546 0.0250023 1.76088
-0.537771 -0.126991 0.0249439 0.025002 1.76088
-0.529139 -0.132036 0.0249336 0.0250015 1.76088
-0.520153 -0.136423 0.0249239 0.0250011 1.76088
-0.510857 -0.140105 0.0249151 0.0250006 1.76088
-0.501299 -0.143046 0.0249073 0.025 1.76088
-0.491537 -0.145216 0.0249005 0.0249995 1.76088
-0.481632 -0.146595 0.0248951 0.0249989 1.76088
-0.471648 -0.147173 0.024891 0.0249983 1.76088
-0.461648 -0.146952 0.0248885 0.0249977 1.76088
-0.451697 -0.145943 0.0248876 0.0249971 1.76088
-0.441854 -0.144166 0.0248883 0.0249965 1.76088
-0.432172 -0.14165 0.0248908 0.024996 1.76088
-0.422701 -0.138432 0.0248949 0.0249956 1.76088
-0.413479 -0.134554 0.0249007 0.0249952 1.76088
-0.404541 -0.130062 0.0249079 0.0249949 1.76088
-0.395909 -0.125005 0.0249165 0.0249946 1.76088
-0.387599 -0.119434 0.0249264 0.0249945 1.76088
-0.37962 -0.113399 0.0249372 0.0249943 1.76088
-0.37197 -0.106952 0.0249488 0.0249943 1.76088
-0.364643 -0.100139 0.0249609 0.0249942 1.76088
-0.357627 -0.0930072 0.0249734 0.0249943 1.76088
-0.350903 -0.0855993 0.0249859 0.0249944 1.76088
-0.344448 -0.0779551 0.0249983 0.0249945 1.76088
-0.338239 -0.070111 0.0250105 0.0249946 1.76088
-0.332246 -0.0621005 0.0250223 0.0249947 1.76088
-0.32644 -0.0539537 0.0250335 0.0249949 1.76088
-0.320789 -0.0456983 0.025044 0.024995 1.76088
-0.315263 -0.0373592 0.0250538 0.0249952 1.76088
-0.30983 -0.0289592 0.0250628 0.0249953 1.76088
-0.30446 -0.0205194 0.0250708 0.0249955 1.76088
-0.299121 -0.0120593 0.0250779 0.0249956 1.76088
-0.293787 -0.00359703 0.0250839 0.0249958 1.76088
-0.288428 0.00484991 0.0250888 0.0249959 1.76088
-0.283019 0.0132648 0.0250926 0.024996 1.76088
-0.277536 0.0216315 0.0250951 0.024996 1.76088
-0.271956 0.0299336 0.0250963 0.0249961 1.76088
-0.266258 0.0381552 0.0250959 0.0249961 1.76088
-0.260422 0.0462797 0.0250939 0.0249962 1.76088
-0.254432 0.0542905 0.02509 0.0249963 1.76088
-0.248271 0.0621707 0.025084 0.0249963 1.76088
-0.241925 0.069903 0.0250754 0.0249965 1.76088
-0.235383 0.0774698 0.0250642 0.0249966 1.76088
-0.228635 0.0848535 0.0250501 0.0249967 1.76088
-0.221673 0.0920363 0.0250328 0.0249969 1.76088
-0.214494 0.0990003 0.0250123 0.024997 1.76088
-0.207092 0.105728 0.0249885 0.0249972 1.76088
-0.199469 0.112203 0.0249613 0.0249973 1.76088
-0.191624 0.118409 0.0249309 0.0249974 1.76088
-0.183563 0.12433 0.0248974 0.0249976 1.76088
-0.175291 0.129952 0.024861 0.0249977 1.76088
-0.166816 0.135263 0.0248219 0.0249979 1.76088
-0.158147 0.140251 0.0247804 0.0249981 1.76088
-0.149295 0.144906 0.0247367 0.0249983 1.76088
-0.140272 0.149219 0.0246912 0.0249985 1.76088
-0.131092 0.153187 0.0246442 0.0249987 1.76088
-0.121769 0.156807 0.0245961 0.0249989 1.76088
-0.11232 0.160081 0.0245471 0.0249991 1.76088
-0.102759 0.163015 0.0244975 0.0249993 1.76088
-0.0931043 0.165621 0.0244476 0.0249994 1.76088
-0.0833707 0.167915 0.0243977 0.0249996 1.76088
-0.0735744 0.169924 0.0243478 0.0249997 1.76088
-0.0637306 0.171685 0.0242982 0.0249998 1.76088
-0.053855 0.173257 0.0242487 0.0249999 1.76088
-0.0439774 0.174816 0.0241995 0.025 1.76088
