-0.424237 -0.132973 0.0250846 0.0250001 1.2006
-0.4165 -0.126637 0.0250805 0.0250001 1.2006
-0.408959 -0.12007 0.0250764 0.0250002 1.2006
-0.401653 -0.113242 0.0250723 0.0250003 1.2006
-0.394615 -0.106138 0.0250682 0.0250004 1.2006
-0.387871 -0.0987551 0.025064 0.0250005 1.2006
-0.38144 -0.0910979 0.0250597 0.0250006 1.2006
-0.375335 -0.0831783 0.0250553 0.0250008 1.2006
-0.369563 -0.0750131 0.0250506 0.0250009 1.2006
-0.364124 -0.066623 0.0250457 0.0250011 1.2006
-0.359009 -0.0580308 0.0250404 0.0250013 1.2006
-0.354206 -0.049261 0.0250348 0.0250014 1.2006
-0.349694 -0.0403382 0.0250286 0.0250016 1.2006
-0.345446 -0.0312868 0.0250218 0.0250018 1.2006
-0.34143 -0.0221303 0.0250145 0.025002 1.2006
-0.337609 -0.0128912 0.0250065 0.0250022 1.2006
-0.33394 -0.00359062 0.0249979 0.0250024 1.2006
-0.330377 0.00575109 0.0249887 0.0250026 1.2006
-0.326872 0.0151143 0.0249788 0.0250028 1.2006
-0.323372 0.0244796 0.0249684 0.0250029 1.2006
-0.319826 0.0338269 0.0249574 0.025003 1.2006
-0.316177 0.043135 0.0249462 0.0250031 1.2006
-0.312373 0.0523804 0.0249346 0.0250032 1.2006
-0.30836 0.061537 0.024923 0.0250032 1.2006
-0.304087 0.0705751 0.0249115 0.0250032 1.2006
-0.299505 0.0794608 0.0249003 0.0250032 1.2006
-0.29457 0.0881554 0.0248896 0.0250031 1.2006
-0.289244 0.0966157 0.0248797 0.025003 1.2006
-0.283493 0.104794 0.0248708 0.0250028 1.2006
-0.277293 0.112637 0.0248631 0.0250026 1.2006
-0.270628 0.120089 0.0248569 0.0250024 1.2006
-0.263491 0.127092 0.0248521 0.0250021 1.2006
-0.255887 0.133584 0.0248491 0.0250018 1.2006
-0.24783 0.139506 0.0248479 0.0250015 1.2006
-0.239348 0.144799 0.0248484 0.0250012 1.2006
-0.230476 0.149411 0.0248506 0.0250008 1.2006
-0.22126 0.153293 0.0248545 0.0250004 1.2006
-0.211757 0.156405 0.02486 0.025 1.2006
-0.202028 0.158716 0.024867 0.0249995 1.2006
-0.192139 0.160207 0.0248754 0.0249991 1.2006
-0.18216 0.160867 0.0248851 0.0249986 1.2006
-0.17216 0.160699 0.024896 0.0249981 1.2006
-0.162206 0.159717 0.0249079 0.0249976 1.2006
-0.152363 0.157944 0.0249208 0.0249972 1.2006
-0.142686 0.155413 0.0249345 0.0249969 1.2006
-0.133226 0.152164 0.0249488 0.0249966 1.2006
-0.124023 0.148244 0.0249636 0.0249963 1.2006
-0.11511 0.143704 0.0249786 0.0249961 1.2006
-0.106508 0.138597 0.0249936 0.024996 1.2006
-0.0982307 0.13298 0.0250083 0.0249959 1.2006
-0.0902819 0.126907 0.0250226 0.0249958 1.2006
-0.0826569 0.120432 0.0250362 0.0249958 1.2006
-0.0753435 0.113607 0.0250488 0.0249959 1.2006
-0.0683232 0.106481 0.0250604 0.0249959 1.2006
-0.0615716 0.0990999 0.0250706 0.024996 1.2006
-0.05506 0.0915064 0.0250793 0.0249962 1.2006
-0.0487561 0.0837397 0.0250863 0.0249963 1.2006
-0.0426254 0.0758358 0.0250916 0.0249965 1.2006
-0.0366314 0.0678278 0.0250951 0.0249966 1.2006
-0.0307371 0.0597464 0.0250966 0.0249968 1.2006
-0.0249053 0.0516198 0.0250962 0.0249969 1.2006
-0.0190996 0.0434748 0.0250938 0.0249971 1.2006
-0.0132845 0.0353366 0.0250895 0.0249972 1.2006
-0.00742627 0.0272296 0.0250833 0.0249974 1.2006
-0.0014931 0.0191773 0.0250752 0.0249975 1.2006
0.00454447 0.0112032 0.0250653 0.0249976 1.2006
0.0107133 0.00333037 0.0250538 0.0249978 1.2006
0.0170375 -0.00441813 0.0250407 0.0249979 1.2006
0.0235382 -0.012019 0.0250261 0.024998 1.2006
0.0302336 -0.019449 0.0250102 0.0249981 1.2006
0.0371387 -0.0266843 0.0249932 0.0249981 1.2006
0.0442654 -0.0337013 0.024975 0.0249982 1.2006
0.0516227 -0.0404761 0.024956 0.0249983 1.2006
0.0592164 -0.0469848 0.0249362 0.0249983 1.2006
0.0670491 -0.0532037 0.0249158 0.0249984 1.2006
0.0751207 -0.0591091 0.024895 0.0249984 1.2006
0.0834279 -0.0646783 0.0248739 0.0249984 1.2006
0.0919646 -0.0698889 0.0248527 0.0249984 1.2006
0.100722 -0.0747196 0.0248315 0.0249985 1.2006
0.109688 -0.0791503 0.0248106 0.0249984 1.2006
0.118849 -0.0831625 0.02479 0.0249984 1.2006
0.128189 -0.0867394 0.0247699 0.0249984 1.2006
0.137689 -0.0898663 0.0247505 0.0249984 1.2006
0.147329 -0.0925307 0.0247318 0.0249983 1.2006
0.157087 -0.0947229 0.0247142 0.0249983 1.2006
0.16694 -0.0964358 0.0246975 0.0249982 1.2006
0.176866 -0.0976654 0.024682 0.0249982 1.2006
0.18684 -0.0984111 0.0246678 0.0249981 1.2006
0.196838 -0.0986757 0.0246548 0.0249981 1.2006
0.206837 -0.0984649 0.0246432 0.0249981 1.2006
0.216816 -0.097788 0.0246329 0.0249981 1.2006
0.226753 -0.0966577 0.0246238 0.0249981 1.2006
0.236631 -0.0950901 0.024616 0.0249982 1.2006
0.246433 -0.0931054 0.0246092 0.0249984 1.2006
0.256148 -0.0907272 0.0246034 0.0249985 1.2006
0.265765 -0.0879837 0.0245984 0.0249987 1.2006
0.275281 -0.0849077 0.024594 0.0249989 1.2006
0.284697 -0.0815381 0.0245902 0.0249991 1.2006
0.294022 -0.0779228 0.0245866 0.0249994 1.2006
0.303273 -0.0741261 0.0245833 0.0249997 1.2006
0.31252 -0.0703189 0.0245799 0.0249998 1.2006
