-0.498397 -0.0132688 0.0249919 0.0249999 0.22011
-0.4884 -0.0135194 0.0249928 0.0249998 0.22011
-0.478401 -0.0137003 0.0249937 0.0249996 0.22011
-0.468401 -0.0137998 0.0249946 0.0249994 0.22011
-0.458401 -0.0138091 0.0249955 0.0249992 0.22011
-0.4484 -0.0137218 0.0249964 0.0249991 0.22011
-0.438401 -0.0135336 0.0249973 0.0249989 0.22011
-0.428404 -0.0132419 0.0249983 0.0249987 0.22011
-0.418411 -0.0128456 0.0249992 0.0249985 0.22011
-0.408423 -0.012345 0.0250001 0.0249983 0.22011
-0.398439 -0.0117416 0.025001 0.0249982 0.22011
-0.388463 -0.0110383 0.0250018 0.024998 0.22011
-0.378493 -0.0102388 0.0250026 0.0249978 0.22011
-0.368531 -0.00934793 0.0250034 0.0249977 0.22011
-0.358577 -0.00837147 0.025004 0.0249975 0.22011
-0.348631 -0.00731595 0.0250046 0.0249974 0.22011
-0.338692 -0.00618868 0.0250051 0.0249972 0.22011
-0.328761 -0.00499761 0.0250055 0.024997 0.22011
-0.318836 -0.00375126 0.0250057 0.0249969 0.22011
-0.308918 -0.00245863 0.0250059 0.0249967 0.22011
-0.299004 -0.00112915 0.0250059 0.0249965 0.22011
-0.289093 0.000227497 0.0250057 0.0249964 0.22011
-0.279185 0.00160137 0.0250054 0.0249962 0.22011
-0.269278 0.0029824 0.025005 0.024996 0.22011
-0.25937 0.00436051 0.0250045 0.0249958 0.22011
-0.24946 0.00572563 0.0250039 0.0249956 0.22011
-0.239547 0.00706786 0.0250031 0.0249954 0.22011
-0.229629 0.00837753 0.0250023 0.0249952 0.22011
-0.219706 0.0096453 0.0250014 0.024995 0.22011
-0.209776 0.0108623 0.0250004 0.0249948 0.22011
-0.199839 0.0120202 0.0249995 0.0249946 0.22011
-0.189895 0.0131113 0.0249985 0.0249943 0.22011
-0.179942 0.0141282 0.0249976 0.0249941 0.22011
-0.169981 0.0150637 0.0249968 0.0249939 0.22011
-0.160012 0.0159118 0.024996 0.0249936 0.22011
-0.150035 0.0166668 0.0249954 0.0249934 0.22011
-0.140051 0.0173239 0.0249948 0.0249932 0.22011
-0.130061 0.0178792 0.0249944 0.0249932 0.22011
-0.120066 0.0183297 0.0249942 0.0249933 0.22011
-0.110067 0.0186732 0.0249941 0.0249933 0.22011
-0.100064 0.0189084 0.0249941 0.0249934 0.22011
-0.0900596 0.0190352 0.0249943 0.0249935 0.22011
-0.0800545 0.0190542 0.0249947 0.0249936 0.22011
-0.0700498 0.0189669 0.0249952 0.0249937 0.22011
-0.0600466 0.0187758 0.0249957 0.0249938 0.22011
-0.050046 0.0184841 0.0249964 0.0249939 0.22011
-0.0400487 0.018096 0.0249972 0.0249941 0.22011
-0.0300555 0.0176161 0.0249981 0.0249942 0.22011
-0.0200669 0.0170499 0.0249989 0.0249943 0.22011
-0.0100833 0.0164034 0.0249998 0.0249944 0.22011
-0.000104859 0.0156831 0.0250008 0.0249945 0.22011
0.00986845 0.014896 0.0250016 0.0249947 0.22011
0.0198368 0.0140492 0.0250025 0.0249948 0.22011
0.0298004 0.0131504 0.0250033 0.0249949 0.22011
0.0397598 0.0122071 0.025004 0.0249951 0.22011
0.0497156 0.0112272 0.0250046 0.0249952 0.22011
0.0596684 0.0102184 0.0250051 0.0249953 0.22011
0.0696189 0.00918847 0.0250055 0.0249955 0.22011
0.0795679 0.00814499 0.0250057 0.0249956 0.22011
0.0895162 0.00709538 0.0250058 0.0249957 0.22011
0.0994644 0.00604679 0.0250058 0.0249959 0.22011
0.109413 0.00500611 0.0250057 0.024996 0.22011
0.119364 0.00397988 0.0250054 0.0249961 0.22011
0.129316 0.00297429 0.0250051 0.0249962 0.22011
0.139271 0.00199512 0.0250046 0.0249963 0.22011
0.149229 0.00104777 0.025004 0.0249964 0.22011
0.15919 0.000137197 0.0250033 0.0249965 0.22011
0.169155 -0.000732042 0.0250025 0.0249966 0.22011
0.179124 -0.00155581 0.0250017 0.0249967 0.22011
0.189096 -0.00233039 0.0250008 0.0249968 0.22011
0.199073 -0.00305243 0.0249999 0.0249969 0.22011
0.209053 -0.00371894 0.024999 0.024997 0.22011
0.219037 -0.00432727 0.0249982 0.0249971 0.22011
0.229024 -0.00487509 0.0249973 0.0249972 0.22011
0.239014 -0.00536033 0.0249965 0.0249973 0.22011
0.249008 -0.00578121 0.0249958 0.0249974 0.22011
0.259004 -0.00613623 0.0249951 0.0249975 0.22011
0.269001 -0.00642411 0.0249946 0.0249975 0.22011
0.279001 -0.00664406 0.0249941 0.0249976 0.22011
0.289002 -0.00679542 0.0249938 0.0249977 0.22011
0.299003 -0.00687732 0.0249936 0.0249978 0.22011
0.309005 -0.00688892 0.0249936 0.0249979 0.22011
0.319006 -0.00682939 0.0249937 0.0249979 0.22011
0.329007 -0.00669798 0.0249939 0.024998 0.22011
0.339007 -0.00649399 0.0249943 0.0249981 0.22011
0.349004 -0.0062168 0.0249948 0.0249982 0.22011
0.358999 -0.00586593 0.0249954 0.0249983 0.22011
0.368992 -0.00544103 0.0249962 0.0249984 0.22011
0.378981 -0.00494196 0.024997 0.0249985 0.22011
0.388965 -0.00436878 0.0249979 0.0249986 0.22011
0.398945 -0.00372184 0.0249989 0.0249987 0.22011
0.40892 -0.00300183 0.025 0.0249988 0.22011
0.41889 -0.00220982 0.025001 0.0249989 0.22011
0.428853 -0.00134739 0.0250022 0.0249991 0.22011
0.438811 -0.000416711 0.0250033 0.0249992 0.22011
0.448762 0.000579279 0.0250045 0.0249993 0.22011
0.458706 0.00163664 0.0250057 0.0249995 0.22011
0.468644 0.00275005 0.0250068 0.0249996 0.22011
0.478577 0.003912 0.025008 0.0249997 0.22011
0.488505 0.00511081 0.0250092 0.0249999 0.22011
0.498433 0.00630897 0.0250103 0.0249999 0.22011
