-2.12312 -0.136362 0.0251106 0.025 4.06203
-2.11846 -0.127512 0.0251032 0.025 4.06203
-2.11389 -0.118621 0.025096 0.0250001 4.06203
-2.10939 -0.109692 0.0250886 0.0250002 4.06203
-2.10495 -0.100731 0.0250811 0.0250004 4.06203
-2.10055 -0.091751 0.0250733 0.0250005 4.06203
-2.09616 -0.0827645 0.0250649 0.0250007 4.06203
-2.09176 -0.0737874 0.025056 0.0250009 4.06203
-2.0873 -0.0648373 0.0250465 0.0250011 4.06203
-2.08275 -0.0559344 0.0250362 0.0250013 4.06203
-2.07806 -0.0471009 0.0250254 0.0250015 4.06203
-2.07321 -0.0383621 0.0250142 0.0250016 4.06203
-2.06813 -0.0297464 0.0250027 0.0250017 4.06203
-2.0628 -0.0212856 0.0249912 0.0250017 4.06203
-2.05718 -0.0130157 0.0249799 0.0250017 4.06203
-2.05124 -0.00497653 0.0249691 0.0250016 4.06203
-2.04494 0.00278791 0.024959 0.0250015 4.06203
-2.03826 0.0102297 0.0249498 0.0250013 4.06203
-2.03119 0.0172973 0.0249418 0.0250011 4.06203
-2.02371 0.0239362 0.024935 0.0250009 4.06203
-2.01583 0.0300901 0.0249297 0.0250007 4.06203
-2.00755 0.0357016 0.0249258 0.0250005 4.06203
-1.9989 0.0407142 0.0249234 0.0250003 4.06203
-1.9899 0.0450737 0.0249226 0.0250001 4.06203
-1.98059 0.0487293 0.0249233 0.0249999 4.06203
-1.97102 0.0516365 0.0249256 0.0249998 4.06203
-1.96125 0.0537574 0.0249294 0.0249996 4.06203
-1.95134 0.0550634 0.0249345 0.0249995 4.06203
-1.94135 0.0555354 0.024941 0.0249994 4.06203
-1.93135 0.0551654 0.0249485 0.0249993 4.06203
-1.92143 0.0539567 0.0249571 0.0249992 4.06203
-1.91163 0.0519236 0.0249663 0.0249992 4.06203
-1.90204 0.0490914 0.0249762 0.0249991 4.06203
-1.89271 0.0454951 0.0249863 0.0249991 4.06203
-1.88369 0.0411781 0.0249963 0.0249991 4.06203
-1.87502 0.0361909 0.0250061 0.0249992 4.06203
-1.86674 0.0305884 0.0250152 0.0249992 4.06203
-1.85886 0.024429 0.0250233 0.0249993 4.06203
-1.8514 0.0177725 0.0250303 0.0249994 4.06203
-1.84435 0.0106788 0.0250358 0.0249994 4.06203
-1.8377 0.00320619 0.0250398 0.0249995 4.06203
-1.83144 -0.00458958 0.0250422 0.0249995 4.06203
-1.82553 -0.0126564 0.0250429 0.0249995 4.06203
-1.81993 -0.020946 0.0250421 0.0249996 4.06203
-1.81461 -0.0294145 0.0250397 0.0249996 4.06203
-1.80952 -0.0380218 0.0250359 0.0249997 4.06203
-1.80461 -0.0467314 0.0250307 0.0249998 4.06203
-1.79982 -0.05551 0.0250242 0.0249999 4.06203
-1.7951 -0.0643271 0.0250165 0.025 4.06203
-1.7904 -0.0731534 0.0250078 0.0250001 4.06203
-1.78567 -0.0819611 0.0249981 0.0250003 4.06203
-1.78085 -0.0907222 0.0249875 0.0250004 4.06203
-1.77589 -0.0994085 0.0249761 0.0250006 4.06203
-1.77076 -0.10799 0.024964 0.0250008 4.06203
-1.76541 -0.116437 0.0249513 0.0250009 4.06203
-1.7598 -0.124717 0.0249381 0.0250011 4.06203
-1.75391 -0.132795 0.0249244 0.0250013 4.06203
-1.7477 -0.140636 0.0249103 0.0250015 4.06203
-1.74117 -0.148202 0.0248959 0.0250017 4.06203
-1.73429 -0.155456 0.0248812 0.0250018 4.06203
-1.72705 -0.16236 0.0248664 0.025002 4.06203
-1.71947 -0.168875 0.0248514 0.0250021 4.06203
-1.71154 -0.174963 0.0248364 0.0250023 4.06203
-1.70327 -0.180588 0.0248214 0.0250024 4.06203
-1.69469 -0.185716 0.0248065 0.0250024 4.06203
-1.68581 -0.190316 0.0247918 0.0250025 4.06203
-1.67667 -0.194359 0.0247774 0.0250025 4.06203
-1.66729 -0.197821 0.0247634 0.0250025 4.06203
-1.65771 -0.20068 0.0247498 0.0250025 4.06203
-1.64797 -0.20292 0.0247368 0.0250025 4.06203
-1.6381 -0.204528 0.0247246 0.0250024 4.06203
-1.62815 -0.205495 0.0247133 0.0250023 4.06203
-1.61815 -0.205819 0.0247029 0.0250021 4.06203
-1.60816 -0.205498 0.0246937 0.0250019 4.06203
-1.59821 -0.204537 0.0246858 0.0250017 4.06203
-1.58834 -0.202946 0.0246793 0.0250015 4.06203
-1.57859 -0.200736 0.0246744 0.0250012 4.06203
-1.56899 -0.197923 0.0246713 0.0250009 4.06203
-1.55959 -0.194527 0.02467 0.0250006 4.06203
-1.5504 -0.19057 0.0246708 0.0250003 4.06203
-1.54147 -0.186077 0.0246737 0.025 4.06203
-1.53281 -0.181075 0.0246788 0.0249997 4.06203
-1.52444 -0.175593 0.0246862 0.0249995 4.06203
-1.51639 -0.169661 0.024696 0.0249992 4.06203
-1.50867 -0.163309 0.024708 0.024999 4.06203
-1.50128 -0.156568 0.0247223 0.0249988 4.06203
-1.49424 -0.14947 0.0247388 0.0249987 4.06203
-1.48754 -0.142046 0.0247574 0.0249985 4.06203
-1.48118 -0.134326 0.0247778 0.0249984 4.06203
-1.47516 -0.12634 0.0248 0.0249984 4.06203
-1.46946 -0.118117 0.0248238 0.0249984 4.06203
-1.46409 -0.109683 0.0248489 0.0249984 4.06203
-1.45901 -0.101066 0.0248752 0.0249984 4.06203
-1.45422 -0.0922878 0.0249024 0.0249985 4.06203
-1.44969 -0.0833731 0.0249303 0.0249986 4.06203
-1.44539 -0.0743426 0.0249588 0.0249988 4.06203
-1.4413 -0.0652163 0.0249875 0.024999 4.06203
-1.43739 -0.056013 0.0250165 0.0249992 4.06203
-1.43361 -0.046751 0.0250454 0.0249995 4.06203
-1.42994 -0.0374496 0.0250744 0.0249997 4.06203
-1.42627 -0.0281471 0.0251032 0.0249999 4.06203
