-2.00959 0.0498479 0.0248478 0.0250001 3.82191
-1.99974 0.051537 0.0248539 0.0250001 3.82191
-1.98983 0.0529165 0.02486 0.0250003 3.82191
-1.97988 0.0539161 0.024866 0.0250004 3.82191
-1.9699 0.0544767 0.0248722 0.0250004 3.82191
-1.9599 0.0545481 0.0248784 0.0250005 3.82191
-1.94991 0.0540883 0.0248847 0.0250006 3.82191
-1.93996 0.0530632 0.0248912 0.0250006 3.82191
-1.9301 0.0514475 0.024898 0.0250006 3.82191
-1.92035 0.0492244 0.0249051 0.0250006 3.82191
-1.91076 0.046386 0.0249126 0.0250006 3.82191
-1.90137 0.0429327 0.0249206 0.0250006 3.82191
-1.89224 0.0388735 0.024929 0.0250006 3.82191
-1.88338 0.0342253 0.0249379 0.0250007 3.82191
-1.87485 0.0290125 0.0249473 0.0250007 3.82191
-1.86667 0.0232657 0.024957 0.0250008 3.82191
-1.85886 0.0170208 0.0249671 0.0250008 3.82191
-1.85144 0.0103177 0.0249773 0.0250009 3.82191
-1.84441 0.00319906 0.0249877 0.025001 3.82191
-1.83779 -0.00429082 0.0249981 0.0250011 3.82191
-1.83155 -0.0121075 0.0250083 0.0250012 3.82191
-1.82569 -0.0202073 0.0250183 0.0250013 3.82191
-1.82018 -0.028548 0.0250278 0.0250015 3.82191
-1.81498 -0.0370897 0.0250368 0.0250016 3.82191
-1.81006 -0.045795 0.0250449 0.0250018 3.82191
-1.80538 -0.0546294 0.0250522 0.0250019 3.82191
-1.80088 -0.0635606 0.0250585 0.0250021 3.82191
-1.79653 -0.0725588 0.0250636 0.0250022 3.82191
-1.79225 -0.0815958 0.0250674 0.0250024 3.82191
-1.78799 -0.0906441 0.0250697 0.0250025 3.82191
-1.78371 -0.0996767 0.0250705 0.0250027 3.82191
-1.77933 -0.108665 0.0250698 0.0250028 3.82191
-1.77481 -0.117581 0.0250673 0.0250029 3.82191
-1.77008 -0.12639 0.025063 0.025003 3.82191
-1.7651 -0.135059 0.0250571 0.0250031 3.82191
-1.75982 -0.143548 0.0250493 0.0250032 3.82191
-1.7542 -0.151815 0.0250399 0.0250032 3.82191
-1.7482 -0.159813 0.0250288 0.0250032 3.82191
-1.7418 -0.167493 0.0250161 0.0250031 3.82191
-1.73498 -0.174801 0.025002 0.025003 3.82191
-1.72773 -0.181684 0.0249867 0.0250029 3.82191
-1.72005 -0.188085 0.0249703 0.0250027 3.82191
-1.71195 -0.19395 0.0249531 0.0250024 3.82191
-1.70346 -0.199228 0.0249354 0.0250021 3.82191
-1.6946 -0.203868 0.0249174 0.0250018 3.82191
-1.68542 -0.20783 0.0248995 0.0250014 3.82191
-1.67596 -0.211076 0.024882 0.0250009 3.82191
-1.66628 -0.213579 0.0248654 0.0250005 3.82191
-1.65643 -0.215319 0.0248499 0.0249999 3.82191
-1.64648 -0.216286 0.0248359 0.0249994 3.82191
-1.63648 -0.21648 0.0248239 0.0249989 3.82191
-1.6265 -0.215909 0.024814 0.0249983 3.82191
-1.61658 -0.214592 0.0248067 0.0249978 3.82191
-1.60679 -0.212553 0.024802 0.0249973 3.82191
-1.59717 -0.209823 0.0248002 0.0249968 3.82191
-1.58775 -0.20644 0.0248014 0.0249964 3.82191
-1.57858 -0.202444 0.0248055 0.024996 3.82191
-1.56968 -0.19788 0.0248125 0.0249956 3.82191
-1.56107 -0.192792 0.0248223 0.0249953 3.82191
-1.55276 -0.187227 0.0248347 0.0249951 3.82191
-1.54475 -0.181229 0.0248493 0.0249948 3.82191
-1.53705 -0.174844 0.0248661 0.0249947 3.82191
-1.52965 -0.168113 0.0248845 0.0249946 3.82191
-1.52254 -0.161077 0.0249042 0.0249945 3.82191
-1.5157 -0.153772 0.0249249 0.0249945 3.82191
-1.50912 -0.146234 0.024946 0.0249945 3.82191
-1.50278 -0.138494 0.0249671 0.0249946 3.82191
-1.49666 -0.130582 0.0249878 0.0249947 3.82191
-1.49073 -0.122522 0.0250076 0.0249948 3.82191
-1.48498 -0.11434 0.0250261 0.0249949 3.82191
-1.47937 -0.106057 0.0250428 0.0249951 3.82191
-1.47388 -0.0976912 0.0250574 0.0249953 3.82191
-1.4685 -0.0892617 0.0250694 0.0249956 3.82191
-1.46318 -0.0807844 0.0250786 0.0249958 3.82191
-1.45793 -0.0722743 0.0250847 0.024996 3.82191
-1.4527 -0.0637457 0.0250875 0.0249963 3.82191
-1.44748 -0.055212 0.0250867 0.0249965 3.82191
-1.44225 -0.0466861 0.0250823 0.0249968 3.82191
-1.43699 -0.0381804 0.0250741 0.024997 3.82191
-1.43167 -0.0297071 0.0250622 0.0249972 3.82191
-1.42629 -0.0212783 0.0250467 0.0249974 3.82191
-1.42082 -0.0129058 0.0250275 0.0249976 3.82191
-1.41524 -0.00460166 0.0250049 0.0249977 3.82191
-1.40955 0.00362221 0.0249791 0.0249979 3.82191
-1.40373 0.011754 0.0249501 0.024998 3.82191
-1.39776 0.0197819 0.0249184 0.0249981 3.82191
-1.39164 0.0276937 0.0248842 0.0249982 3.82191
-1.38536 0.0354774 0.0248476 0.0249983 3.82191
-1.37891 0.0431211 0.0248091 0.0249984 3.82191
-1.37229 0.0506132 0.0247688 0.0249985 3.82191
-1.36548 0.0579429 0.024727 0.0249986 3.82191
-1.3585 0.0651001 0.0246838 0.0249987 3.82191
-1.35133 0.0720763 0.0246396 0.0249988 3.82191
-1.34399 0.0788646 0.0245946 0.0249989 3.82191
-1.33647 0.0854605 0.0245488 0.024999 3.82191
-1.32879 0.091863 0.0245025 0.0249992 3.82191
-1.32095 0.098075 0.0244558 0.0249993 3.82191
-1.31297 0.104106 0.0244087 0.0249995 3.82191
-1.30488 0.109974 0.0243615 0.0249996 3.82191
-1.29669 0.115713 0.0243142 0.0249998 3.82191
-1.28849 0.121443 0.0242668 0.0249999 3.82191
