-2.14441 -0.185651 0.0250244 0.0250001 4.12206
-2.13897 -0.177265 0.0250207 0.0250002 4.12206
-2.13369 -0.168771 0.025017 0.0250003 4.12206
-2.1286 -0.160163 0.0250134 0.0250005 4.12206
-2.12371 -0.15144 0.0250099 0.0250006 4.12206
-2.11902 -0.142611 0.0250064 0.0250008 4.12206
-2.11451 -0.133684 0.0250029 0.025001 4.12206
-2.11018 -0.124674 0.0249995 0.0250011 4.12206
-2.10599 -0.115594 0.0249961 0.0250013 4.12206
-2.10192 -0.10646 0.0249927 0.0250014 4.12206
-2.09794 -0.0972892 0.0249892 0.0250016 4.12206
-2.094 -0.0880975 0.0249856 0.0250017 4.12206
-2.09007 -0.0789033 0.0249819 0.0250019 4.12206
-2.08611 -0.0697254 0.024978 0.025002 4.12206
-2.08205 -0.0605845 0.024974 0.0250021 4.12206
-2.07787 -0.051503 0.0249698 0.0250022 4.12206
-2.07351 -0.0425059 0.0249654 0.0250023 4.12206
-2.06893 -0.0336218 0.0249608 0.0250023 4.12206
-2.06407 -0.0248824 0.0249561 0.0250023 4.12206
-2.0589 -0.016324 0.0249514 0.0250023 4.12206
-2.05338 -0.00798696 0.0249468 0.0250023 4.12206
-2.04748 8.37917e-05 0.0249424 0.0250023 4.12206
-2.04117 0.00783873 0.0249384 0.0250022 4.12206
-2.03443 0.0152243 0.0249348 0.0250021 4.12206
-2.02725 0.0221838 0.0249318 0.025002 4.12206
-2.01963 0.0286581 0.0249295 0.0250019 4.12206
-2.01158 0.0345872 0.024928 0.0250018 4.12206
-2.00312 0.0399117 0.0249275 0.0250017 4.12206
-1.99427 0.0445746 0.024928 0.0250016 4.12206
-1.98509 0.0485233 0.0249296 0.0250015 4.12206
-1.97561 0.0517112 0.0249323 0.0250013 4.12206
-1.9659 0.0540998 0.024936 0.0250012 4.12206
-1.95602 0.0556603 0.0249409 0.025001 4.12206
-1.94605 0.0563744 0.0249467 0.0250009 4.12206
-1.93605 0.0562355 0.0249535 0.0250008 4.12206
-1.9261 0.0552485 0.024961 0.0250006 4.12206
-1.91627 0.0534299 0.0249692 0.0250005 4.12206
-1.90662 0.0508069 0.0249778 0.0250003 4.12206
-1.89721 0.0474168 0.0249868 0.0250001 4.12206
-1.8881 0.043305 0.0249959 0.0249999 4.12206
-1.87931 0.0385237 0.0250052 0.0249997 4.12206
-1.87089 0.0331296 0.0250143 0.0249995 4.12206
-1.86285 0.0271821 0.0250233 0.0249993 4.12206
-1.8552 0.0207416 0.025032 0.0249991 4.12206
-1.84794 0.0138679 0.0250404 0.024999 4.12206
-1.84105 0.00661928 0.0250483 0.0249988 4.12206
-1.83451 -0.000949232 0.0250557 0.0249987 4.12206
-1.8283 -0.00878622 0.0250624 0.0249987 4.12206
-1.82237 -0.0168443 0.0250683 0.0249986 4.12206
-1.8167 -0.0250801 0.0250733 0.0249987 4.12206
-1.81123 -0.0334543 0.0250773 0.0249987 4.12206
-1.80592 -0.0419306 0.0250799 0.0249988 4.12206
-1.80073 -0.0504762 0.0250812 0.024999 4.12206
-1.7956 -0.0590603 0.025081 0.0249991 4.12206
-1.79048 -0.067654 0.0250791 0.0249993 4.12206
-1.78534 -0.0762293 0.0250754 0.0249995 4.12206
-1.78012 -0.0847588 0.0250698 0.0249997 4.12206
-1.77478 -0.0932151 0.0250622 0.025 4.12206
-1.76929 -0.10157 0.0250527 0.0250002 4.12206
-1.7636 -0.109796 0.0250412 0.0250004 4.12206
-1.75769 -0.117862 0.0250278 0.0250006 4.12206
-1.75153 -0.125739 0.0250125 0.0250008 4.12206
-1.7451 -0.133394 0.0249955 0.025001 4.12206
-1.73837 -0.140796 0.0249769 0.0250012 4.12206
-1.73135 -0.147913 0.0249568 0.0250013 4.12206
-1.72402 -0.15471 0.0249356 0.0250015 4.12206
-1.71637 -0.161156 0.0249134 0.0250015 4.12206
-1.70842 -0.167219 0.0248905 0.0250016 4.12206
-1.70017 -0.172867 0.0248672 0.0250016 4.12206
-1.69163 -0.17807 0.0248437 0.0250016 4.12206
-1.68282 -0.182801 0.0248204 0.0250016 4.12206
-1.67377 -0.187033 0.0247974 0.0250015 4.12206
-1.66448 -0.190742 0.0247752 0.0250014 4.12206
-1.655 -0.193907 0.0247539 0.0250013 4.12206
-1.64534 -0.196509 0.0247337 0.0250012 4.12206
-1.63555 -0.198535 0.024715 0.025001 4.12206
-1.62565 -0.199972 0.0246979 0.0250009 4.12206
-1.61569 -0.200812 0.0246826 0.0250007 4.12206
-1.60569 -0.201052 0.0246692 0.0250005 4.12206
-1.5957 -0.20069 0.0246579 0.0250003 4.12206
-1.58575 -0.199731 0.0246489 0.0250001 4.12206
-1.57587 -0.198182 0.0246423 0.0249998 4.12206
-1.5661 -0.196053 0.0246381 0.0249996 4.12206
-1.55647 -0.193359 0.0246366 0.0249994 4.12206
-1.547 -0.190118 0.0246377 0.0249992 4.12206
-1.53774 -0.18635 0.0246414 0.024999 4.12206
-1.5287 -0.182079 0.0246478 0.0249988 4.12206
-1.5199 -0.17733 0.0246568 0.0249987 4.12206
-1.51135 -0.17213 0.0246683 0.0249985 4.12206
-1.50308 -0.166507 0.0246821 0.0249985 4.12206
-1.49509 -0.160492 0.0246981 0.0249984 4.12206
-1.48739 -0.154115 0.0247161 0.0249984 4.12206
-1.47997 -0.147408 0.0247359 0.0249984 4.12206
-1.47283 -0.140402 0.0247572 0.0249985 4.12206
-1.46597 -0.13313 0.0247798 0.0249986 4.12206
-1.45936 -0.125623 0.0248033 0.0249988 4.12206
-1.45299 -0.117913 0.0248276 0.0249989 4.12206
-1.44683 -0.110033 0.0248525 0.0249992 4.12206
-1.44085 -0.102018 0.0248776 0.0249994 4.12206
-1.435 -0.0939078 0.0249028 0.0249997 4.12206
-1.42915 -0.0857927 0.024928 0.0249998 4.12206
