-0.850925 0.11053 0.0250756 0.0250001 1.84092
-0.841352 0.113421 0.0250746 0.0250001 1.84092
-0.831698 0.116025 0.0250736 0.0250003 1.84092
-0.821954 0.118273 0.0250726 0.0250004 1.84092
-0.812124 0.120105 0.0250716 0.0250005 1.84092
-0.802217 0.121465 0.0250706 0.0250006 1.84092
-0.792253 0.122307 0.0250697 0.0250007 1.84092
-0.782257 0.122588 0.0250689 0.0250007 1.84092
-0.772263 0.122274 0.0250682 0.0250007 1.84092
-0.762307 0.121338 0.0250677 0.0250007 1.84092
-0.752433 0.119762 0.0250676 0.0250008 1.84092
-0.742685 0.117536 0.0250677 0.0250008 1.84092
-0.733108 0.114657 0.0250683 0.0250008 1.84092
-0.72375 0.111134 0.0250693 0.0250008 1.84092
-0.714654 0.106981 0.0250707 0.0250008 1.84092
-0.70586 0.102221 0.0250725 0.0250009 1.84092
-0.697404 0.0968849 0.0250747 0.0250009 1.84092
-0.689314 0.0910083 0.0250772 0.025001 1.84092
-0.681612 0.0846317 0.0250799 0.0250011 1.84092
-0.674311 0.0777993 0.0250827 0.0250011 1.84092
-0.667417 0.0705569 0.0250855 0.0250012 1.84092
-0.660926 0.0629513 0.0250882 0.0250013 1.84092
-0.654825 0.055029 0.0250905 0.0250014 1.84092
-0.649095 0.0468348 0.0250924 0.0250015 1.84092
-0.643708 0.0384117 0.0250937 0.0250017 1.84092
-0.638628 0.0297999 0.0250941 0.0250018 1.84092
-0.633814 0.0210366 0.0250935 0.0250019 1.84092
-0.62922 0.0121562 0.0250919 0.0250021 1.84092
-0.624794 0.00319045 0.0250889 0.0250023 1.84092
-0.620484 -0.00583094 0.0250844 0.0250024 1.84092
-0.616233 -0.0148799 0.0250784 0.0250026 1.84092
-0.611981 -0.0239288 0.0250706 0.0250028 1.84092
-0.607672 -0.0329501 0.0250611 0.025003 1.84092
-0.603247 -0.0419151 0.0250498 0.0250031 1.84092
-0.59865 -0.050793 0.0250366 0.0250033 1.84092
-0.593828 -0.0595506 0.0250216 0.0250034 1.84092
-0.588732 -0.0681513 0.0250048 0.0250035 1.84092
-0.583317 -0.0765548 0.0249863 0.0250036 1.84092
-0.577545 -0.0847172 0.0249664 0.0250036 1.84092
-0.571385 -0.092591 0.0249451 0.0250036 1.84092
-0.564814 -0.100126 0.0249227 0.0250035 1.84092
-0.55782 -0.107268 0.0248995 0.0250034 1.84092
-0.550397 -0.113965 0.0248758 0.0250033 1.84092
-0.542551 -0.120161 0.0248521 0.025003 1.84092
-0.534298 -0.125805 0.0248286 0.0250028 1.84092
-0.525665 -0.130846 0.0248058 0.0250024 1.84092
-0.516684 -0.13524 0.0247841 0.025002 1.84092
-0.507398 -0.138948 0.024764 0.0250016 1.84092
-0.497857 -0.141937 0.0247458 0.0250011 1.84092
-0.488113 -0.144185 0.0247299 0.0250006 1.84092
-0.478225 -0.145676 0.0247166 0.025 1.84092
-0.468251 -0.146404 0.0247063 0.0249995 1.84092
-0.458251 -0.146372 0.0246992 0.0249989 1.84092
-0.44828 -0.145591 0.0246955 0.0249983 1.84092
-0.438393 -0.144082 0.0246953 0.0249978 1.84092
-0.428639 -0.141871 0.0246986 0.0249972 1.84092
-0.41906 -0.13899 0.0247053 0.0249967 1.84092
-0.409694 -0.135477 0.0247155 0.0249963 1.84092
-0.400572 -0.131373 0.0247289 0.0249958 1.84092
-0.391717 -0.12672 0.0247453 0.0249955 1.84092
-0.383145 -0.121562 0.0247643 0.0249952 1.84092
-0.374868 -0.115943 0.0247856 0.0249949 1.84092
-0.366889 -0.109908 0.0248087 0.0249947 1.84092
-0.359209 -0.103497 0.0248333 0.0249946 1.84092
-0.351821 -0.0967519 0.0248588 0.0249945 1.84092
-0.344715 -0.0897092 0.0248847 0.0249945 1.84092
-0.33788 -0.0824044 0.0249105 0.0249946 1.84092
-0.331298 -0.0748699 0.0249358 0.0249946 1.84092
-0.324953 -0.0671356 0.0249599 0.0249948 1.84092
-0.318824 -0.0592284 0.0249825 0.0249949 1.84092
-0.312892 -0.0511728 0.0250032 0.0249951 1.84092
-0.307136 -0.0429912 0.0250215 0.0249953 1.84092
-0.301533 -0.0347036 0.025037 0.0249955 1.84092
-0.296063 -0.0263283 0.0250496 0.0249958 1.84092
-0.290703 -0.017882 0.0250588 0.024996 1.84092
-0.285432 -0.00938026 0.0250647 0.0249963 1.84092
-0.280229 -0.000837198 0.0250669 0.0249965 1.84092
-0.275072 0.00773384 0.0250656 0.0249968 1.84092
-0.269942 0.0163203 0.0250605 0.024997 1.84092
-0.264817 0.0249102 0.0250519 0.0249972 1.84092
-0.25968 0.0334919 0.0250397 0.0249974 1.84092
-0.25451 0.0420544 0.0250241 0.0249976 1.84092
-0.249291 0.0505867 0.0250053 0.0249978 1.84092
-0.244006 0.0590779 0.0249834 0.0249979 1.84092
-0.238639 0.0675175 0.0249588 0.024998 1.84092
-0.233175 0.0758948 0.0249315 0.0249982 1.84092
-0.227601 0.0841989 0.024902 0.0249983 1.84092
-0.221904 0.0924189 0.0248704 0.0249984 1.84092
-0.216073 0.100544 0.024837 0.0249985 1.84092
-0.210098 0.108564 0.0248021 0.0249986 1.84092
-0.20397 0.116468 0.0247659 0.0249987 1.84092
-0.197684 0.124246 0.0247285 0.0249988 1.84092
-0.191235 0.13189 0.0246902 0.0249989 1.84092
-0.184623 0.139393 0.0246512 0.024999 1.84092
-0.177846 0.146748 0.0246117 0.0249991 1.84092
-0.17091 0.153951 0.0245717 0.0249992 1.84092
-0.16382 0.161005 0.0245314 0.0249994 1.84092
-0.156589 0.167913 0.0244909 0.0249995 1.84092
-0.149235 0.174689 0.0244503 0.0249997 1.84092
-0.141784 0.181359 0.0244096 0.0249998 1.84092
-0.134326 0.188021 0.0243689 0.0249999 1.84092
