-0.498909 -0.0129182 0.0249953 0.0249999 0.18009
-0.48891 -0.0127826 0.0249959 0.0249998 0.18009
-0.478911 -0.0125961 0.0249965 0.0249996 0.18009
-0.468914 -0.0123505 0.0249971 0.0249994 0.18009
-0.458918 -0.0120403 0.0249977 0.0249993 0.18009
-0.448925 -0.011662 0.0249982 0.0249991 0.18009
-0.438934 -0.0112138 0.0249988 0.0249989 0.18009
-0.428946 -0.0106951 0.0249994 0.0249987 0.18009
-0.418963 -0.0101066 0.025 0.0249985 0.18009
-0.408983 -0.0094501 0.0250005 0.0249983 0.18009
-0.399008 -0.00872821 0.025001 0.0249982 0.18009
-0.389037 -0.00794449 0.0250015 0.024998 0.18009
-0.379071 -0.00710322 0.025002 0.0249978 0.18009
-0.369109 -0.00620938 0.0250024 0.0249977 0.18009
-0.359151 -0.0052685 0.0250027 0.0249975 0.18009
-0.349197 -0.00428666 0.025003 0.0249973 0.18009
-0.339247 -0.00327037 0.0250032 0.0249971 0.18009
-0.329299 -0.00222647 0.0250033 0.024997 0.18009
-0.319354 -0.00116211 0.0250033 0.0249968 0.18009
-0.309409 -8.46205e-05 0.0250032 0.0249966 0.18009
-0.299465 0.000998531 0.0250031 0.0249964 0.18009
-0.289521 0.00207983 0.0250029 0.0249962 0.18009
-0.279575 0.00315181 0.0250025 0.024996 0.18009
-0.269628 0.00420709 0.0250021 0.0249959 0.18009
-0.259678 0.00523849 0.0250017 0.0249957 0.18009
-0.249724 0.00623931 0.0250012 0.0249954 0.18009
-0.239767 0.00720307 0.0250006 0.0249952 0.18009
-0.229806 0.00812324 0.0250001 0.024995 0.18009
-0.21984 0.00899353 0.0249995 0.0249948 0.18009
-0.209869 0.009808 0.0249989 0.0249946 0.18009
-0.199893 0.0105611 0.0249984 0.0249944 0.18009
-0.189912 0.0112477 0.0249979 0.0249942 0.18009
-0.179926 0.0118632 0.0249975 0.024994 0.18009
-0.169936 0.0124038 0.0249972 0.0249938 0.18009
-0.159941 0.0128662 0.0249969 0.0249936 0.18009
-0.149943 0.0132475 0.0249967 0.0249933 0.18009
-0.139942 0.0135461 0.0249966 0.0249931 0.18009
-0.129939 0.0137605 0.0249966 0.0249929 0.18009
-0.119934 0.0138904 0.0249967 0.0249928 0.18009
-0.109928 0.0139361 0.0249969 0.0249928 0.18009
-0.0999227 0.0138984 0.0249972 0.0249929 0.18009
-0.0899179 0.0137791 0.0249975 0.0249931 0.18009
-0.0799143 0.0135806 0.0249979 0.0249932 0.18009
-0.0699127 0.0133059 0.0249984 0.0249933 0.18009
-0.0599134 0.0129586 0.0249989 0.0249934 0.18009
-0.0499169 0.0125428 0.0249994 0.0249936 0.18009
-0.0399233 0.0120632 0.0249999 0.0249937 0.18009
-0.0299328 0.0115248 0.0250005 0.0249938 0.18009
-0.0199454 0.0109332 0.025001 0.024994 0.18009
-0.00996105 0.010294 0.0250015 0.0249941 0.18009
2.04397e-05 0.0096133 0.0250019 0.0249942 0.18009
0.00999934 0.00889714 0.0250023 0.0249944 0.18009
0.019976 0.00815178 0.0250027 0.0249945 0.18009
0.0299508 0.00738346 0.0250029 0.0249946 0.18009
0.0399242 0.00659841 0.0250031 0.0249948 0.18009
0.0498966 0.00580272 0.0250033 0.0249949 0.18009
0.0598686 0.00500236 0.0250033 0.024995 0.18009
0.0698405 0.00420306 0.0250033 0.0249951 0.18009
0.0798129 0.00341032 0.0250032 0.0249952 0.18009
0.0897862 0.00262932 0.025003 0.0249954 0.18009
0.0997606 0.00186492 0.0250027 0.0249955 0.18009
0.109736 0.00112163 0.0250024 0.0249956 0.18009
0.119714 0.000403554 0.025002 0.0249957 0.18009
0.129694 -0.000285576 0.0250016 0.0249958 0.18009
0.139675 -0.000942441 0.0250011 0.0249959 0.18009
0.149659 -0.00156412 0.0250007 0.024996 0.18009
0.159645 -0.00214811 0.0250002 0.0249961 0.18009
0.169634 -0.00269225 0.0249997 0.0249962 0.18009
0.179624 -0.00319479 0.0249992 0.0249963 0.18009
0.189616 -0.0036543 0.0249987 0.0249965 0.18009
0.19961 -0.0040697 0.0249983 0.0249966 0.18009
0.209606 -0.00444039 0.0249979 0.0249966 0.18009
0.219604 -0.00476597 0.0249976 0.0249967 0.18009
0.229602 -0.00504582 0.0249974 0.0249968 0.18009
0.239602 -0.00527931 0.0249971 0.0249969 0.18009
0.249603 -0.00546582 0.024997 0.024997 0.18009
0.259604 -0.0056047 0.0249969 0.0249971 0.18009
0.269606 -0.00569531 0.0249969 0.0249972 0.18009
0.279608 -0.00573698 0.024997 0.0249973 0.18009
0.28961 -0.00572904 0.0249971 0.0249974 0.18009
0.299612 -0.00567084 0.0249972 0.0249975 0.18009
0.309613 -0.0055617 0.0249974 0.0249976 0.18009
0.319614 -0.00540101 0.0249976 0.0249977 0.18009
0.329613 -0.00518814 0.0249979 0.0249979 0.18009
0.339612 -0.00492254 0.0249982 0.024998 0.18009
0.349608 -0.00460372 0.0249985 0.0249981 0.18009
0.359603 -0.00423126 0.0249988 0.0249982 0.18009
0.369595 -0.00380486 0.0249992 0.0249983 0.18009
0.379585 -0.00332434 0.0249995 0.0249984 0.18009
0.389572 -0.00278971 0.0249999 0.0249985 0.18009
0.399555 -0.00220115 0.0250003 0.0249987 0.18009
0.409536 -0.00155909 0.0250007 0.0249988 0.18009
0.419513 -0.000864263 0.0250011 0.0249989 0.18009
0.429485 -0.000117727 0.0250015 0.024999 0.18009
0.439454 0.000679006 0.0250019 0.0249992 0.18009
0.449419 0.00152388 0.0250023 0.0249993 0.18009
0.45938 0.00241411 0.0250027 0.0249994 0.18009
0.469337 0.0033459 0.0250031 0.0249996 0.18009
0.47929 0.00431409 0.0250035 0.0249997 0.18009
0.489241 0.00531025 0.0250039 0.0249999 0.18009
0.499191 0.0063055 0.0250044 0.0249999 0.18009
