-2.66369 -0.0462901 0.024835 0.025 4.92246
-2.65634 -0.0395122 0.0248453 0.0250001 4.92246
-2.64886 -0.0328738 0.0248557 0.0250002 4.92246
-2.64122 -0.0264199 0.0248661 0.0250002 4.92246
-2.63339 -0.0201962 0.0248765 0.0250003 4.92246
-2.62535 -0.0142499 0.0248869 0.0250004 4.92246
-2.61708 -0.0086296 0.0248972 0.0250004 4.92246
-2.60857 -0.00338548 0.0249074 0.0250005 4.92246
-2.59981 0.0014315 0.0249173 0.0250005 4.92246
-2.5908 0.00577026 0.024927 0.0250005 4.92246
-2.58155 0.00958058 0.0249362 0.0250005 4.92246
-2.57209 0.0128142 0.024945 0.0250004 4.92246
-2.56244 0.015426 0.0249534 0.0250004 4.92246
-2.55263 0.0173755 0.0249612 0.0250003 4.92246
-2.54271 0.0186282 0.0249686 0.0250001 4.92246
-2.53272 0.0191563 0.0249755 0.025 4.92246
-2.52272 0.0189408 0.024982 0.0249998 4.92246
-2.51277 0.0179712 0.0249881 0.0249997 4.92246
-2.50292 0.0162461 0.024994 0.0249995 4.92246
-2.49323 0.0137733 0.0249996 0.0249994 4.92246
-2.48376 0.0105701 0.025005 0.0249993 4.92246
-2.47455 0.00666225 0.0250101 0.0249993 4.92246
-2.46566 0.00208341 0.0250149 0.0249992 4.92246
-2.45712 -0.00312588 0.0250194 0.0249992 4.92246
-2.44897 -0.0089197 0.0250235 0.0249992 4.92246
-2.44123 -0.0152481 0.0250271 0.0249993 4.92246
-2.43391 -0.0220586 0.0250302 0.0249993 4.92246
-2.42701 -0.0292978 0.0250326 0.0249994 4.92246
-2.42052 -0.0369124 0.0250343 0.0249995 4.92246
-2.41444 -0.0448509 0.0250351 0.0249996 4.92246
-2.40874 -0.0530639 0.025035 0.0249998 4.92246
-2.40337 -0.0615053 0.0250338 0.0249999 4.92246
-2.39832 -0.0701325 0.0250316 0.0250001 4.92246
-2.39352 -0.0789064 0.0250283 0.0250002 4.92246
-2.38893 -0.0877915 0.0250237 0.0250004 4.92246
-2.3845 -0.0967551 0.025018 0.0250006 4.92246
-2.38017 -0.105767 0.025011 0.0250007 4.92246
-2.37588 -0.114799 0.0250028 0.0250008 4.92246
-2.37157 -0.123822 0.0249934 0.025001 4.92246
-2.36719 -0.13281 0.0249829 0.0250011 4.92246
-2.36267 -0.141733 0.0249712 0.0250012 4.92246
-2.35798 -0.150561 0.0249586 0.0250013 4.92246
-2.35305 -0.15926 0.0249451 0.0250014 4.92246
-2.34784 -0.167795 0.0249307 0.0250014 4.92246
-2.34231 -0.176127 0.0249158 0.0250014 4.92246
-2.33643 -0.184214 0.0249003 0.0250014 4.92246
-2.33017 -0.192011 0.0248845 0.0250014 4.92246
-2.32351 -0.199471 0.0248685 0.0250013 4.92246
-2.31645 -0.206548 0.0248526 0.0250012 4.92246
-2.30898 -0.213191 0.024837 0.0250011 4.92246
-2.3011 -0.219352 0.0248217 0.0250009 4.92246
-2.29284 -0.224987 0.024807 0.0250007 4.92246
-2.28422 -0.230051 0.0247932 0.0250005 4.92246
-2.27526 -0.234505 0.0247802 0.0250002 4.92246
-2.26602 -0.238317 0.0247685 0.025 4.92246
-2.25653 -0.241459 0.0247579 0.0249997 4.92246
-2.24683 -0.24391 0.0247488 0.0249994 4.92246
-2.23698 -0.245655 0.0247412 0.024999 4.92246
-2.22704 -0.24669 0.0247353 0.0249987 4.92246
-2.21704 -0.247015 0.024731 0.0249984 4.92246
-2.20705 -0.246638 0.0247284 0.024998 4.92246
-2.1971 -0.245572 0.0247276 0.0249977 4.92246
-2.18725 -0.243837 0.0247287 0.0249974 4.92246
-2.17754 -0.241458 0.0247315 0.024997 4.92246
-2.16799 -0.238462 0.0247361 0.0249967 4.92246
-2.15865 -0.234882 0.0247425 0.0249964 4.92246
-2.14954 -0.230751 0.0247506 0.0249962 4.92246
-2.14068 -0.226104 0.0247603 0.024996 4.92246
-2.13209 -0.220976 0.0247715 0.0249958 4.92246
-2.12379 -0.215402 0.0247839 0.0249957 4.92246
-2.11577 -0.209416 0.0247975 0.0249956 4.92246
-2.10806 -0.203052 0.024812 0.0249955 4.92246
-2.10064 -0.196341 0.0248271 0.0249955 4.92246
-2.09352 -0.189315 0.0248426 0.0249955 4.92246
-2.08669 -0.182003 0.0248582 0.0249956 4.92246
-2.08015 -0.174432 0.0248737 0.0249957 4.92246
-2.07389 -0.166628 0.0248888 0.0249958 4.92246
-2.0679 -0.158616 0.0249033 0.0249959 4.92246
-2.06217 -0.150418 0.0249168 0.0249961 4.92246
-2.05668 -0.142055 0.0249293 0.0249962 4.92246
-2.05142 -0.133547 0.0249405 0.0249964 4.92246
-2.04638 -0.124911 0.0249502 0.0249966 4.92246
-2.04152 -0.116163 0.0249582 0.0249968 4.92246
-2.03685 -0.10732 0.0249645 0.0249971 4.92246
-2.03234 -0.098394 0.024969 0.0249973 4.92246
-2.02796 -0.0893987 0.0249715 0.0249975 4.92246
-2.02371 -0.0803454 0.0249722 0.0249977 4.92246
-2.01956 -0.071245 0.0249709 0.024998 4.92246
-2.0155 -0.0621071 0.0249677 0.0249982 4.92246
-2.0115 -0.0529408 0.0249628 0.0249984 4.92246
-2.00754 -0.0437548 0.0249562 0.0249986 4.92246
-2.00361 -0.0345571 0.024948 0.0249987 4.92246
-1.9997 -0.0253556 0.0249385 0.0249989 4.92246
-1.99577 -0.0161574 0.0249277 0.0249991 4.92246
-1.99182 -0.00696912 0.0249159 0.0249992 4.92246
-1.98784 0.00220313 0.0249033 0.0249994 4.92246
-1.9838 0.0113542 0.02489 0.0249995 4.92246
-1.97971 0.0204804 0.0248762 0.0249996 4.92246
-1.97557 0.02958 0.024862 0.0249998 4.92246
-1.97137 0.0386554 0.0248477 0.0249999 4.92246
-1.96716 0.0477285 0.0248333 0.0249999 4.92246
