-1.24705 -0.0124181 0.0250958 0.0250001 2.56128
-1.2414 -0.0206643 0.0250926 0.0250001 2.56128
-1.23581 -0.0289598 0.0250895 0.0250002 2.56128
-1.2303 -0.0373013 0.0250863 0.0250003 2.56128
-1.22484 -0.0456795 0.025083 0.0250005 2.56128
-1.21942 -0.054081 0.0250795 0.0250006 2.56128
-1.214 -0.0624893 0.0250757 0.0250007 2.56128
-1.20857 -0.0708849 0.0250717 0.0250008 2.56128
-1.20309 -0.079246 0.0250672 0.0250009 2.56128
-1.19751 -0.087548 0.0250622 0.025001 2.56128
-1.19181 -0.0957637 0.0250566 0.0250011 2.56128
-1.18595 -0.103863 0.0250504 0.0250012 2.56128
-1.17989 -0.111812 0.0250435 0.0250013 2.56128
-1.17358 -0.119575 0.025036 0.0250014 2.56128
-1.16701 -0.12711 0.0250279 0.0250015 2.56128
-1.16014 -0.134375 0.0250194 0.0250015 2.56128
-1.15295 -0.141321 0.0250107 0.0250014 2.56128
-1.14542 -0.147898 0.0250019 0.0250014 2.56128
-1.13754 -0.154054 0.0249935 0.0250013 2.56128
-1.12931 -0.159733 0.0249855 0.0250012 2.56128
-1.12073 -0.164879 0.0249784 0.025001 2.56128
-1.11183 -0.169436 0.0249723 0.0250009 2.56128
-1.10263 -0.17335 0.0249676 0.0250007 2.56128
-1.09317 -0.176572 0.0249642 0.0250004 2.56128
-1.08348 -0.179055 0.0249625 0.0250002 2.56128
-1.07363 -0.180762 0.0249625 0.025 2.56128
-1.06367 -0.181663 0.0249641 0.0249997 2.56128
-1.05367 -0.181735 0.0249674 0.0249995 2.56128
-1.0437 -0.180971 0.0249722 0.0249993 2.56128
-1.03382 -0.179371 0.0249783 0.0249991 2.56128
-1.02412 -0.176946 0.0249856 0.0249989 2.56128
-1.01465 -0.173721 0.0249937 0.0249988 2.56128
-1.00549 -0.16973 0.0250023 0.0249987 2.56128
-0.996666 -0.165014 0.0250112 0.0249986 2.56128
-0.988242 -0.159622 0.0250199 0.0249987 2.56128
-0.980249 -0.153612 0.0250281 0.0249987 2.56128
-0.97271 -0.14704 0.0250356 0.0249988 2.56128
-0.96564 -0.139967 0.0250419 0.024999 2.56128
-0.959039 -0.132454 0.0250468 0.0249991 2.56128
-0.952901 -0.124558 0.0250501 0.0249992 2.56128
-0.947206 -0.116338 0.0250518 0.0249992 2.56128
-0.941926 -0.107845 0.0250519 0.0249993 2.56128
-0.937027 -0.0991264 0.0250504 0.0249993 2.56128
-0.932465 -0.0902267 0.0250475 0.0249994 2.56128
-0.928195 -0.0811839 0.0250431 0.0249994 2.56128
-0.924163 -0.0720319 0.0250375 0.0249994 2.56128
-0.920317 -0.0628007 0.0250307 0.0249995 2.56128
-0.916599 -0.053517 0.0250229 0.0249996 2.56128
-0.912954 -0.0442049 0.0250141 0.0249997 2.56128
-0.909324 -0.0348868 0.0250044 0.0249998 2.56128
-0.905654 -0.0255845 0.0249938 0.0249999 2.56128
-0.90189 -0.0163197 0.0249824 0.0250001 2.56128
-0.897982 -0.00711508 0.0249703 0.0250003 2.56128
-0.893882 0.00200541 0.0249575 0.0250005 2.56128
-0.889546 0.0110159 0.0249441 0.0250007 2.56128
-0.884934 0.0198883 0.0249302 0.0250009 2.56128
-0.880013 0.0285922 0.0249159 0.0250011 2.56128
-0.874751 0.0370952 0.0249013 0.0250012 2.56128
-0.869127 0.0453627 0.0248865 0.0250014 2.56128
-0.863124 0.0533583 0.0248716 0.0250016 2.56128
-0.856729 0.0610448 0.0248567 0.0250017 2.56128
-0.849939 0.0683841 0.0248419 0.0250018 2.56128
-0.842755 0.0753381 0.0248273 0.0250019 2.56128
-0.835185 0.0818698 0.0248128 0.025002 2.56128
-0.827242 0.0879431 0.0247986 0.0250021 2.56128
-0.818947 0.0935241 0.0247846 0.0250022 2.56128
-0.810322 0.0985818 0.0247711 0.0250022 2.56128
-0.801397 0.103088 0.0247579 0.0250023 2.56128
-0.792203 0.107017 0.0247453 0.0250023 2.56128
-0.782777 0.11035 0.0247332 0.0250022 2.56128
-0.773155 0.113068 0.0247219 0.0250021 2.56128
-0.763378 0.11516 0.0247114 0.025002 2.56128
-0.753486 0.116616 0.0247019 0.0250019 2.56128
-0.743521 0.117432 0.0246936 0.0250017 2.56128
-0.733524 0.117608 0.0246865 0.0250015 2.56128
-0.723536 0.117148 0.0246807 0.0250013 2.56128
-0.713596 0.116061 0.0246766 0.0250011 2.56128
-0.703743 0.114357 0.0246741 0.0250008 2.56128
-0.694013 0.112053 0.0246734 0.0250005 2.56128
-0.684438 0.109167 0.0246747 0.0250002 2.56128
-0.675051 0.105721 0.024678 0.0249999 2.56128
-0.665878 0.101739 0.0246835 0.0249997 2.56128
-0.656943 0.097247 0.0246913 0.0249994 2.56128
-0.648267 0.0922728 0.0247012 0.0249992 2.56128
-0.639868 0.0868452 0.0247135 0.024999 2.56128
-0.631757 0.0809941 0.0247279 0.0249988 2.56128
-0.623945 0.0747499 0.0247445 0.0249986 2.56128
-0.616436 0.0681432 0.024763 0.0249985 2.56128
-0.609234 0.0612043 0.0247834 0.0249984 2.56128
-0.602335 0.0539634 0.0248055 0.0249984 2.56128
-0.595734 0.0464498 0.0248291 0.0249983 2.56128
-0.589422 0.0386919 0.0248539 0.0249984 2.56128
-0.583386 0.0307173 0.0248799 0.0249984 2.56128
-0.577611 0.0225522 0.0249067 0.0249985 2.56128
-0.572077 0.0142217 0.0249343 0.0249986 2.56128
-0.566762 0.00574967 0.0249622 0.0249988 2.56128
-0.561642 -0.00284091 0.0249905 0.024999 2.56128
-0.556687 -0.0115279 0.025019 0.0249992 2.56128
-0.551865 -0.020289 0.0250475 0.0249995 2.56128
-0.547136 -0.0291003 0.0250759 0.0249997 2.56128
-0.54241 -0.0379133 0.0251042 0.0249999 2.56128
