-2.59704 0.0153253 0.0248605 0.0250001 4.82241
-2.58719 0.0170372 0.0248652 0.0250001 4.82241
-2.57729 0.01844 0.0248699 0.0250003 4.82241
-2.56734 0.0194633 0.0248746 0.0250004 4.82241
-2.55736 0.020048 0.0248794 0.0250005 4.82241
-2.54736 0.0201436 0.0248842 0.0250005 4.82241
-2.53737 0.0197081 0.0248891 0.0250006 4.82241
-2.52742 0.0187073 0.0248943 0.0250006 4.82241
-2.51755 0.0171158 0.0248997 0.0250006 4.82241
-2.50779 0.0149165 0.0249055 0.0250006 4.82241
-2.4982 0.0121012 0.0249117 0.0250006 4.82241
-2.48881 0.00867003 0.0249184 0.0250007 4.82241
-2.47966 0.00463173 0.0249256 0.0250007 4.82241
-2.4708 3.07483e-06 0.0249333 0.0250007 4.82241
-2.46225 -0.00519184 0.0249416 0.0250007 4.82241
-2.45406 -0.0109225 0.0249503 0.0250008 4.82241
-2.44624 -0.0171531 0.0249593 0.0250009 4.82241
-2.4388 -0.0238437 0.0249687 0.0250009 4.82241
-2.43177 -0.0309516 0.0249783 0.025001 4.82241
-2.42514 -0.0384327 0.0249879 0.0250011 4.82241
-2.41889 -0.0462424 0.0249975 0.0250012 4.82241
-2.41302 -0.0543367 0.0250069 0.0250014 4.82241
-2.4075 -0.0626736 0.0250159 0.0250015 4.82241
-2.4023 -0.0712129 0.0250244 0.0250016 4.82241
-2.39738 -0.0799171 0.0250323 0.0250018 4.82241
-2.3927 -0.0887516 0.0250393 0.0250019 4.82241
-2.38821 -0.0976842 0.0250454 0.0250021 4.82241
-2.38385 -0.106685 0.0250504 0.0250022 4.82241
-2.37958 -0.115725 0.0250541 0.0250024 4.82241
-2.37534 -0.124778 0.0250565 0.0250025 4.82241
-2.37107 -0.133817 0.0250575 0.0250027 4.82241
-2.3667 -0.142813 0.0250569 0.0250028 4.82241
-2.3622 -0.151737 0.0250546 0.0250029 4.82241
-2.35749 -0.160557 0.0250507 0.025003 4.82241
-2.35253 -0.169238 0.0250452 0.0250031 4.82241
-2.34727 -0.177741 0.0250379 0.0250031 4.82241
-2.34168 -0.186025 0.0250289 0.0250031 4.82241
-2.3357 -0.194042 0.0250183 0.0250031 4.82241
-2.32933 -0.201744 0.0250062 0.0250031 4.82241
-2.32253 -0.209077 0.0249927 0.025003 4.82241
-2.31531 -0.215987 0.024978 0.0250028 4.82241
-2.30765 -0.222419 0.0249622 0.0250026 4.82241
-2.29958 -0.228317 0.0249456 0.0250024 4.82241
-2.29111 -0.233631 0.0249285 0.0250021 4.82241
-2.28228 -0.238311 0.0249111 0.0250018 4.82241
-2.27311 -0.242313 0.0248938 0.0250014 4.82241
-2.26367 -0.245603 0.0248769 0.0250009 4.82241
-2.254 -0.24815 0.0248607 0.0250005 4.82241
-2.24416 -0.249936 0.0248458 0.025 4.82241
-2.23421 -0.25095 0.0248323 0.0249995 4.82241
-2.22422 -0.25119 0.0248206 0.0249989 4.82241
-2.21423 -0.250667 0.0248111 0.0249984 4.82241
-2.20431 -0.249395 0.0248041 0.0249978 4.82241
-2.19451 -0.247401 0.0247998 0.0249973 4.82241
-2.18487 -0.244714 0.0247983 0.0249969 4.82241
-2.17544 -0.241373 0.0247997 0.0249964 4.82241
-2.16626 -0.237417 0.024804 0.024996 4.82241
-2.15734 -0.23289 0.0248113 0.0249957 4.82241
-2.1487 -0.227838 0.0248212 0.0249954 4.82241
-2.14037 -0.222305 0.0248338 0.0249951 4.82241
-2.13234 -0.216339 0.0248486 0.0249949 4.82241
-2.12461 -0.209982 0.0248655 0.0249947 4.82241
-2.11719 -0.203277 0.0248841 0.0249946 4.82241
-2.11005 -0.196265 0.0249039 0.0249946 4.82241
-2.10319 -0.188983 0.0249247 0.0249945 4.82241
-2.09659 -0.181465 0.024946 0.0249945 4.82241
-2.09023 -0.173743 0.0249672 0.0249946 4.82241
-2.08409 -0.165847 0.024988 0.0249947 4.82241
-2.07814 -0.157802 0.025008 0.0249948 4.82241
-2.07237 -0.149633 0.0250266 0.024995 4.82241
-2.06674 -0.141362 0.0250434 0.0249952 4.82241
-2.06124 -0.133007 0.025058 0.0249954 4.82241
-2.05584 -0.124587 0.0250702 0.0249956 4.82241
-2.05051 -0.116118 0.0250794 0.0249959 4.82241
-2.04524 -0.107615 0.0250855 0.0249961 4.82241
-2.04 -0.0990928 0.0250883 0.0249964 4.82241
-2.03478 -0.0905643 0.0250874 0.0249966 4.82241
-2.02954 -0.0820427 0.0250829 0.0249969 4.82241
-2.02427 -0.0735403 0.0250746 0.0249971 4.82241
-2.01895 -0.0650694 0.0250626 0.0249973 4.82241
-2.01357 -0.0566421 0.0250468 0.0249975 4.82241
-2.00809 -0.0482701 0.0250275 0.0249977 4.82241
-2.00252 -0.0399656 0.0250046 0.0249978 4.82241
-1.99683 -0.0317403 0.0249784 0.024998 4.82241
-1.99101 -0.0236061 0.0249491 0.0249981 4.82241
-1.98505 -0.0155748 0.024917 0.0249982 4.82241
-1.97894 -0.00765848 0.0248824 0.0249983 4.82241
-1.97266 0.000130802 0.0248454 0.0249984 4.82241
-1.96622 0.00778116 0.0248064 0.0249985 4.82241
-1.95961 0.0152811 0.0247656 0.0249986 4.82241
-1.95281 0.0226197 0.0247233 0.0249987 4.82241
-1.94584 0.029787 0.0246797 0.0249987 4.82241
-1.93868 0.0367743 0.024635 0.0249988 4.82241
-1.93135 0.0435748 0.0245894 0.024999 4.82241
-1.92384 0.050184 0.0245432 0.0249991 4.82241
-1.91617 0.0566007 0.0244963 0.0249992 4.82241
-1.90835 0.062828 0.0244491 0.0249993 4.82241
-1.90038 0.0688748 0.0244015 0.0249995 4.82241
-1.8923 0.0747593 0.0243538 0.0249996 4.82241
-1.88412 0.0805156 0.0243059 0.0249998 4.82241
-1.87594 0.0862629 0.024258 0.0249999 4.82241
