-1.14379 -0.168842 0.0247599 0.0250001 2.36118
-1.13421 -0.171728 0.0247693 0.0250001 2.36118
-1.12456 -0.174347 0.0247788 0.0250003 2.36118
-1.11483 -0.176632 0.0247882 0.0250004 2.36118
-1.10501 -0.178522 0.0247977 0.0250005 2.36118
-1.09511 -0.179963 0.0248072 0.0250006 2.36118
-1.08516 -0.180903 0.0248168 0.0250006 2.36118
-1.07517 -0.181299 0.0248265 0.0250007 2.36118
-1.06517 -0.18111 0.0248363 0.0250007 2.36118
-1.0552 -0.180304 0.0248463 0.0250007 2.36118
-1.04531 -0.178858 0.0248565 0.0250006 2.36118
-1.03553 -0.176755 0.024867 0.0250006 2.36118
-1.02592 -0.173988 0.024878 0.0250006 2.36118
-1.01653 -0.170557 0.0248894 0.0250005 2.36118
-1.0074 -0.166473 0.0249012 0.0250005 2.36118
-0.998587 -0.161753 0.0249134 0.0250005 2.36118
-0.990126 -0.156425 0.0249261 0.0250004 2.36118
-0.982055 -0.150521 0.024939 0.0250004 2.36118
-0.974406 -0.14408 0.0249521 0.0250004 2.36118
-0.9672 -0.137147 0.0249653 0.0250005 2.36118
-0.960453 -0.129767 0.0249785 0.0250005 2.36118
-0.954169 -0.121989 0.0249913 0.0250006 2.36118
-0.948343 -0.113861 0.0250038 0.0250007 2.36118
-0.942964 -0.105432 0.0250155 0.0250008 2.36118
-0.93801 -0.0967457 0.0250265 0.0250009 2.36118
-0.933452 -0.0878459 0.0250363 0.025001 2.36118
-0.929253 -0.0787713 0.0250449 0.0250012 2.36118
-0.92537 -0.0695571 0.0250519 0.0250014 2.36118
-0.921755 -0.0602346 0.0250572 0.0250015 2.36118
-0.918355 -0.0508317 0.0250606 0.0250017 2.36118
-0.915114 -0.0413731 0.025062 0.025002 2.36118
-0.911973 -0.031881 0.0250611 0.0250022 2.36118
-0.90887 -0.0223763 0.0250579 0.0250024 2.36118
-0.905745 -0.0128791 0.0250524 0.0250026 2.36118
-0.902536 -0.00341024 0.0250444 0.0250028 2.36118
-0.899183 0.00600826 0.025034 0.0250029 2.36118
-0.895626 0.0153518 0.0250214 0.0250031 2.36118
-0.891811 0.0245928 0.0250066 0.0250032 2.36118
-0.887687 0.0336996 0.0249898 0.0250033 2.36118
-0.883206 0.0426365 0.0249712 0.0250033 2.36118
-0.878328 0.0513633 0.0249512 0.0250033 2.36118
-0.873021 0.0598358 0.0249301 0.0250032 2.36118
-0.86726 0.0680061 0.0249082 0.0250031 2.36118
-0.861027 0.0758235 0.0248859 0.0250029 2.36118
-0.854318 0.0832351 0.0248638 0.0250027 2.36118
-0.847133 0.090188 0.0248421 0.0250024 2.36118
-0.839487 0.0966297 0.0248212 0.025002 2.36118
-0.8314 0.10251 0.0248018 0.0250017 2.36118
-0.822905 0.107784 0.0247839 0.0250013 2.36118
-0.81404 0.112409 0.0247682 0.0250008 2.36118
-0.804851 0.116352 0.0247547 0.0250003 2.36118
-0.795388 0.119586 0.0247439 0.0249998 2.36118
-0.785707 0.122092 0.0247358 0.0249993 2.36118
-0.775864 0.123859 0.0247306 0.0249988 2.36118
-0.765916 0.124887 0.0247284 0.0249983 2.36118
-0.755918 0.125181 0.0247292 0.0249979 2.36118
-0.745925 0.124756 0.0247329 0.0249974 2.36118
-0.735987 0.123632 0.0247394 0.024997 2.36118
-0.726146 0.121837 0.0247486 0.0249965 2.36118
-0.716444 0.119403 0.0247604 0.0249961 2.36118
-0.706913 0.116366 0.0247744 0.0249958 2.36118
-0.69758 0.112764 0.0247904 0.0249955 2.36118
-0.688467 0.108639 0.0248082 0.0249952 2.36118
-0.679588 0.104029 0.0248274 0.0249951 2.36118
-0.670954 0.0989761 0.0248476 0.0249949 2.36118
-0.662569 0.0935196 0.0248685 0.0249949 2.36118
-0.654434 0.0876975 0.0248896 0.0249948 2.36118
-0.646544 0.0815463 0.0249106 0.0249948 2.36118
-0.638894 0.0751002 0.024931 0.0249949 2.36118
-0.631473 0.0683913 0.0249505 0.024995 2.36118
-0.62427 0.0614491 0.0249687 0.0249951 2.36118
-0.617271 0.0543013 0.0249852 0.0249953 2.36118
-0.610461 0.046973 0.0249997 0.0249954 2.36118
-0.603825 0.0394877 0.025012 0.0249956 2.36118
-0.597345 0.031867 0.0250219 0.0249958 2.36118
-0.591003 0.0241306 0.025029 0.024996 2.36118
-0.584782 0.0162972 0.0250333 0.0249962 2.36118
-0.578664 0.00838387 0.0250347 0.0249965 2.36118
-0.572629 0.000406722 0.0250331 0.0249967 2.36118
-0.566659 -0.00761916 0.0250284 0.0249969 2.36118
-0.560736 -0.0156795 0.0250206 0.0249971 2.36118
-0.554842 -0.0237607 0.0250099 0.0249973 2.36118
-0.54896 -0.0318499 0.0249962 0.0249975 2.36118
-0.543071 -0.0399344 0.0249797 0.0249977 2.36118
-0.537159 -0.0480021 0.0249605 0.0249978 2.36118
-0.531209 -0.0560415 0.0249388 0.024998 2.36118
-0.525206 -0.0640412 0.0249147 0.0249981 2.36118
-0.519136 -0.0719897 0.0248886 0.0249982 2.36118
-0.512985 -0.0798757 0.0248605 0.0249984 2.36118
-0.506741 -0.0876884 0.0248308 0.0249985 2.36118
-0.500393 -0.095417 0.0247996 0.0249986 2.36118
-0.493933 -0.103051 0.024767 0.0249988 2.36118
-0.487352 -0.110582 0.0247334 0.0249989 2.36118
-0.480645 -0.118001 0.0246989 0.024999 2.36118
-0.47381 -0.125301 0.0246637 0.0249991 2.36118
-0.466845 -0.132477 0.024628 0.0249993 2.36118
-0.459754 -0.139529 0.0245918 0.0249994 2.36118
-0.452543 -0.146458 0.0245553 0.0249995 2.36118
-0.445225 -0.153273 0.0245187 0.0249997 2.36118
-0.437823 -0.159997 0.0244819 0.0249998 2.36118
-0.430415 -0.166714 0.0244451 0.0249999 2.36118
