-0.398955 0.0538342 0.0250097 0.0250001 0.92046
-0.391427 0.0604164 0.0250106 0.0250001 0.92046
-0.383785 0.0668656 0.0250115 0.0250002 0.92046
-0.375998 0.0731398 0.0250123 0.0250003 0.92046
-0.368042 0.0791973 0.0250132 0.0250004 0.92046
-0.359895 0.0849952 0.025014 0.0250005 0.92046
-0.35154 0.0904896 0.0250149 0.0250005 0.92046
-0.342966 0.0956357 0.0250158 0.0250005 0.92046
-0.334168 0.100388 0.0250168 0.0250006 0.92046
-0.325147 0.104702 0.0250179 0.0250006 0.92046
-0.31591 0.108532 0.0250191 0.0250005 0.92046
-0.306472 0.111837 0.0250206 0.0250005 0.92046
-0.296855 0.114577 0.0250223 0.0250004 0.92046
-0.287087 0.116715 0.0250244 0.0250003 0.92046
-0.277201 0.118221 0.0250269 0.0250002 0.92046
-0.267237 0.11907 0.0250298 0.0250002 0.92046
-0.257239 0.119242 0.0250332 0.0250001 0.92046
-0.247252 0.118726 0.0250371 0.0250001 0.92046
-0.237326 0.117516 0.0250415 0.0250001 0.92046
-0.227508 0.115617 0.0250463 0.0250001 0.92046
-0.217846 0.11304 0.0250513 0.0250001 0.92046
-0.208384 0.109804 0.0250566 0.0250001 0.92046
-0.199164 0.105933 0.025062 0.0250002 0.92046
-0.190219 0.101461 0.0250674 0.0250003 0.92046
-0.181581 0.0964246 0.0250727 0.0250005 0.92046
-0.173269 0.0908647 0.0250777 0.0250006 0.92046
-0.165299 0.0848257 0.0250823 0.0250008 0.92046
-0.157677 0.0783539 0.0250863 0.025001 0.92046
-0.1504 0.071496 0.0250897 0.0250012 0.92046
-0.143459 0.0642988 0.0250922 0.0250014 0.92046
-0.136836 0.0568078 0.0250938 0.0250016 0.92046
-0.130507 0.049067 0.0250944 0.0250018 0.92046
-0.124442 0.0411183 0.0250938 0.025002 0.92046
-0.118605 0.0330012 0.0250921 0.0250022 0.92046
-0.112954 0.0247529 0.0250891 0.0250024 0.92046
-0.107447 0.0164083 0.0250848 0.0250026 0.92046
-0.102037 0.00800057 0.0250793 0.0250028 0.92046
-0.0966767 -0.000438515 0.0250724 0.025003 0.92046
-0.0913171 -0.00887802 0.0250643 0.0250032 0.92046
-0.0859104 -0.0172873 0.0250551 0.0250033 0.92046
-0.0804099 -0.0256353 0.0250447 0.0250034 0.92046
-0.074771 -0.0338905 0.0250333 0.0250035 0.92046
-0.0689524 -0.0420199 0.025021 0.0250036 0.92046
-0.0629164 -0.0499891 0.0250079 0.0250036 0.92046
-0.0566301 -0.0577624 0.0249942 0.0250036 0.92046
-0.0500659 -0.0653025 0.02498 0.0250036 0.92046
-0.043202 -0.0725708 0.0249655 0.0250036 0.92046
-0.0360229 -0.0795281 0.0249508 0.0250035 0.92046
-0.02852 -0.086135 0.0249362 0.0250034 0.92046
-0.0206912 -0.0923525 0.0249219 0.0250032 0.92046
-0.0125412 -0.0981429 0.024908 0.025003 0.92046
-0.00408147 -0.103471 0.0248947 0.0250028 0.92046
0.00467086 -0.108303 0.0248822 0.0250025 0.92046
0.013693 -0.112612 0.0248706 0.0250022 0.92046
0.0229575 -0.116372 0.0248603 0.0250018 0.92046
0.0324332 -0.119563 0.0248513 0.0250015 0.92046
0.0420859 -0.122172 0.0248437 0.0250011 0.92046
0.0518797 -0.124189 0.0248378 0.0250007 0.92046
0.0617778 -0.12561 0.0248336 0.0250002 0.92046
0.0717434 -0.126438 0.0248311 0.0249998 0.92046
0.0817408 -0.12668 0.0248305 0.0249994 0.92046
0.0917359 -0.126346 0.0248318 0.0249989 0.92046
0.101697 -0.125453 0.0248349 0.0249985 0.92046
0.111595 -0.124019 0.0248399 0.0249981 0.92046
0.121404 -0.122068 0.0248466 0.0249977 0.92046
0.131103 -0.119622 0.024855 0.0249974 0.92046
0.140671 -0.116708 0.024865 0.0249971 0.92046
0.150094 -0.113352 0.0248762 0.0249968 0.92046
0.159358 -0.10958 0.0248885 0.0249966 0.92046
0.168455 -0.105421 0.0249017 0.0249964 0.92046
0.177378 -0.1009 0.0249154 0.0249963 0.92046
0.186122 -0.0960424 0.0249293 0.0249962 0.92046
0.194687 -0.0908744 0.0249432 0.0249961 0.92046
0.203072 -0.0854198 0.0249567 0.0249961 0.92046
0.21128 -0.079702 0.0249696 0.0249961 0.92046
0.219315 -0.0737434 0.0249815 0.0249961 0.92046
0.227182 -0.0675654 0.0249922 0.0249962 0.92046
0.234889 -0.0611883 0.0250014 0.0249963 0.92046
0.242443 -0.0546318 0.0250089 0.0249964 0.92046
0.249855 -0.0479144 0.0250146 0.0249966 0.92046
0.257134 -0.0410537 0.0250182 0.0249967 0.92046
0.264292 -0.0340665 0.0250196 0.0249969 0.92046
0.271339 -0.0269689 0.0250187 0.0249971 0.92046
0.27829 -0.0197762 0.0250156 0.0249973 0.92046
0.285156 -0.0125028 0.0250101 0.0249975 0.92046
0.29195 -0.00516279 0.0250023 0.0249977 0.92046
0.298686 0.00223058 0.0249922 0.0249979 0.92046
0.305377 0.00966454 0.02498 0.0249981 0.92046
0.312036 0.0171269 0.0249658 0.0249983 0.92046
0.318676 0.024606 0.0249497 0.0249985 0.92046
0.325309 0.0320906 0.0249319 0.0249986 0.92046
0.331948 0.0395703 0.0249126 0.0249988 0.92046
0.338603 0.0470353 0.024892 0.024999 0.92046
0.345285 0.0544766 0.0248703 0.0249991 0.92046
0.352002 0.0618857 0.0248478 0.0249993 0.92046
0.358762 0.0692552 0.0248246 0.0249994 0.92046
0.365571 0.0765795 0.0248009 0.0249995 0.92046
0.372432 0.083855 0.0247769 0.0249996 0.92046
0.379344 0.0910816 0.0247528 0.0249998 0.92046
0.386301 0.0982658 0.0247286 0.0249999 0.92046
0.393263 0.105444 0.0247044 0.0249999 0.92046
