-0.398395 -0.109853 0.0250874 0.0250001 1.16058
-0.391959 -0.102199 0.0250833 0.0250001 1.16058
-0.385723 -0.0943819 0.0250792 0.0250003 1.16058
-0.379719 -0.086385 0.0250751 0.0250004 1.16058
-0.37397 -0.0782036 0.0250709 0.0250005 1.16058
-0.368487 -0.0698414 0.0250668 0.0250007 1.16058
-0.363275 -0.0613077 0.0250625 0.0250008 1.16058
-0.358331 -0.0526161 0.0250581 0.025001 1.16058
-0.353645 -0.0437828 0.0250535 0.0250012 1.16058
-0.349201 -0.0348259 0.0250486 0.0250014 1.16058
-0.344975 -0.025764 0.0250434 0.0250016 1.16058
-0.340938 -0.0166164 0.0250377 0.0250018 1.16058
-0.337057 -0.00740184 0.0250315 0.0250019 1.16058
-0.333293 0.00186089 0.0250248 0.0250021 1.16058
-0.329603 0.0111533 0.0250175 0.0250023 1.16058
-0.325942 0.0204569 0.0250096 0.0250025 1.16058
-0.322261 0.0297525 0.025001 0.0250026 1.16058
-0.31851 0.0390201 0.0249918 0.0250027 1.16058
-0.314638 0.0482379 0.024982 0.0250028 1.16058
-0.310595 0.0573816 0.0249718 0.0250029 1.16058
-0.30633 0.0664239 0.0249611 0.0250029 1.16058
-0.301796 0.075334 0.0249502 0.0250029 1.16058
-0.296946 0.0840769 0.0249392 0.0250029 1.16058
-0.291741 0.0926127 0.0249283 0.0250029 1.16058
-0.286144 0.100897 0.0249177 0.0250028 1.16058
-0.280126 0.108881 0.0249076 0.0250027 1.16058
-0.273664 0.11651 0.0248984 0.0250026 1.16058
-0.266746 0.123727 0.0248901 0.0250025 1.16058
-0.259367 0.130474 0.0248829 0.0250023 1.16058
-0.251535 0.136688 0.0248772 0.0250021 1.16058
-0.243267 0.142311 0.0248729 0.0250019 1.16058
-0.234592 0.147282 0.0248703 0.0250018 1.16058
-0.22555 0.151551 0.0248693 0.0250016 1.16058
-0.21619 0.155067 0.0248702 0.0250014 1.16058
-0.20657 0.157793 0.0248728 0.0250011 1.16058
-0.196754 0.159699 0.0248771 0.0250009 1.16058
-0.186812 0.160765 0.0248832 0.0250007 1.16058
-0.176815 0.160982 0.0248909 0.0250004 1.16058
-0.166835 0.160356 0.0249001 0.0250001 1.16058
-0.156941 0.1589 0.0249106 0.0249998 1.16058
-0.147199 0.156642 0.0249223 0.0249995 1.16058
-0.137667 0.153617 0.024935 0.0249992 1.16058
-0.128395 0.149869 0.0249485 0.024999 1.16058
-0.119424 0.145449 0.0249626 0.0249987 1.16058
-0.110784 0.140412 0.0249772 0.0249985 1.16058
-0.102496 0.134815 0.0249919 0.0249983 1.16058
-0.0945687 0.128716 0.0250067 0.0249982 1.16058
-0.0870028 0.122175 0.0250211 0.0249981 1.16058
-0.0797892 0.115247 0.0250351 0.024998 1.16058
-0.0729107 0.107987 0.0250482 0.024998 1.16058
-0.0663432 0.100443 0.0250603 0.0249981 1.16058
-0.0600565 0.0926648 0.0250711 0.0249981 1.16058
-0.0540158 0.0846937 0.0250804 0.0249982 1.16058
-0.0481829 0.0765693 0.0250881 0.0249983 1.16058
-0.0425169 0.0683279 0.0250938 0.0249985 1.16058
-0.0369754 0.0600023 0.0250976 0.0249986 1.16058
-0.0315154 0.0516232 0.0250992 0.0249988 1.16058
-0.0260942 0.0432191 0.0250985 0.0249989 1.16058
-0.0206699 0.0348171 0.0250955 0.0249991 1.16058
-0.0152022 0.0264435 0.02509 0.0249992 1.16058
-0.00965286 0.0181239 0.0250821 0.0249994 1.16058
-0.00398637 0.0098838 0.0250717 0.0249996 1.16058
0.00182985 0.00174892 0.025059 0.0249998 1.16058
0.00782498 -0.00625485 0.0250439 0.025 1.16058
0.0140246 -0.0141011 0.0250266 0.0250001 1.16058
0.0204503 -0.0217631 0.0250074 0.0250003 1.16058
0.02712 -0.0292136 0.0249865 0.0250004 1.16058
0.0340473 -0.0364251 0.0249642 0.0250004 1.16058
0.0412418 -0.04337 0.0249408 0.0250005 1.16058
0.0487092 -0.0500205 0.0249167 0.0250005 1.16058
0.0564511 -0.0563494 0.0248923 0.0250005 1.16058
0.0644656 -0.0623294 0.0248678 0.0250004 1.16058
0.0727468 -0.0679343 0.0248437 0.0250004 1.16058
0.0812855 -0.0731385 0.0248201 0.0250003 1.16058
0.0900693 -0.0779179 0.0247975 0.0250002 1.16058
0.0990823 -0.0822495 0.024776 0.0250001 1.16058
0.108306 -0.0861124 0.0247559 0.0249999 1.16058
0.117719 -0.0894876 0.0247373 0.0249998 1.16058
0.127299 -0.0923585 0.0247204 0.0249997 1.16058
0.137018 -0.0947112 0.0247053 0.0249996 1.16058
0.146851 -0.0965345 0.0246921 0.0249994 1.16058
0.156768 -0.0978203 0.0246809 0.0249993 1.16058
0.166741 -0.0985638 0.0246717 0.0249991 1.16058
0.17674 -0.0987635 0.0246647 0.0249989 1.16058
0.186735 -0.0984213 0.0246597 0.0249988 1.16058
0.196698 -0.0975426 0.0246568 0.0249986 1.16058
0.206599 -0.0961363 0.024656 0.0249985 1.16058
0.216414 -0.094215 0.0246573 0.0249984 1.16058
0.226118 -0.0917938 0.0246604 0.0249983 1.16058
0.235689 -0.0888908 0.0246654 0.0249983 1.16058
0.245108 -0.0855271 0.024672 0.0249983 1.16058
0.254359 -0.081726 0.0246802 0.0249983 1.16058
0.26343 -0.0775137 0.0246897 0.0249984 1.16058
0.272313 -0.0729183 0.0247005 0.0249985 1.16058
0.281004 -0.0679705 0.0247122 0.0249986 1.16058
0.289506 -0.062703 0.0247247 0.0249988 1.16058
0.297824 -0.0571514 0.0247379 0.024999 1.16058
0.305974 -0.0513546 0.0247515 0.0249992 1.16058
0.313976 -0.045357 0.0247653 0.0249995 1.16058
0.321867 -0.0392143 0.0247793 0.0249997 1.16058
0.329752 -0.0330639 0.0247933 0.0249999 1.16058
