-2.31779 -0.23747 0.0248244 0.0250001 4.36218
-2.30823 -0.240406 0.0248315 0.0250001 4.36218
-2.2986 -0.243077 0.0248387 0.0250003 4.36218
-2.28887 -0.245416 0.024846 0.0250004 4.36218
-2.27907 -0.247362 0.0248532 0.0250005 4.36218
-2.26918 -0.24886 0.0248605 0.0250006 4.36218
-2.25923 -0.249859 0.0248679 0.0250007 4.36218
-2.24924 -0.250313 0.0248753 0.0250007 4.36218
-2.23924 -0.250185 0.024883 0.0250007 4.36218
-2.22927 -0.24944 0.0248909 0.0250007 4.36218
-2.21937 -0.248054 0.024899 0.0250007 4.36218
-2.20958 -0.246011 0.0249076 0.0250006 4.36218
-2.19995 -0.243301 0.0249166 0.0250006 4.36218
-2.19054 -0.239926 0.0249262 0.0250006 4.36218
-2.18139 -0.235896 0.0249363 0.0250005 4.36218
-2.17255 -0.231227 0.0249469 0.0250005 4.36218
-2.16406 -0.225946 0.0249581 0.0250005 4.36218
-2.15595 -0.220085 0.0249696 0.0250005 4.36218
-2.14827 -0.213684 0.0249816 0.0250005 4.36218
-2.14103 -0.206785 0.0249937 0.0250005 4.36218
-2.13425 -0.199436 0.0250059 0.0250005 4.36218
-2.12793 -0.191684 0.0250181 0.0250006 4.36218
-2.12208 -0.183579 0.0250299 0.0250007 4.36218
-2.11667 -0.175168 0.0250413 0.0250008 4.36218
-2.11169 -0.166498 0.0250519 0.0250009 4.36218
-2.10711 -0.15761 0.0250617 0.025001 4.36218
-2.10289 -0.148544 0.0250703 0.0250011 4.36218
-2.09899 -0.139336 0.0250775 0.0250013 4.36218
-2.09537 -0.130017 0.0250831 0.0250015 4.36218
-2.09196 -0.120616 0.025087 0.0250017 4.36218
-2.08872 -0.111158 0.0250889 0.0250019 4.36218
-2.08558 -0.101664 0.0250887 0.0250021 4.36218
-2.08249 -0.0921566 0.0250862 0.0250023 4.36218
-2.07938 -0.0826546 0.0250814 0.0250025 4.36218
-2.07619 -0.0731792 0.0250743 0.0250027 4.36218
-2.07286 -0.063752 0.0250648 0.0250028 4.36218
-2.06933 -0.0543975 0.025053 0.025003 4.36218
-2.06555 -0.045143 0.0250389 0.0250031 4.36218
-2.06146 -0.0360198 0.0250229 0.0250032 4.36218
-2.05702 -0.0270631 0.025005 0.0250032 4.36218
-2.05218 -0.0183127 0.0249856 0.0250032 4.36218
-2.04692 -0.00981256 0.0249649 0.0250031 4.36218
-2.04121 -0.0016103 0.0249433 0.025003 4.36218
-2.03502 0.00624345 0.0249211 0.0250028 4.36218
-2.02835 0.0136962 0.0248988 0.0250026 4.36218
-2.02121 0.0206946 0.0248768 0.0250023 4.36218
-2.01361 0.0271863 0.0248555 0.025002 4.36218
-2.00556 0.0331211 0.0248353 0.0250017 4.36218
-1.9971 0.0384523 0.0248165 0.0250013 4.36218
-1.98827 0.0431387 0.0247996 0.0250008 4.36218
-1.97911 0.0471453 0.0247848 0.0250004 4.36218
-1.96967 0.0504445 0.0247724 0.0249999 4.36218
-1.96001 0.0530169 0.0247625 0.0249994 4.36218
-1.95018 0.0548513 0.0247555 0.0249989 4.36218
-1.94023 0.0559453 0.0247512 0.0249984 4.36218
-1.93024 0.0563046 0.0247499 0.0249979 4.36218
-1.92024 0.0559428 0.0247514 0.0249975 4.36218
-1.9103 0.0548804 0.0247558 0.024997 4.36218
-1.90045 0.0531439 0.0247628 0.0249966 4.36218
-1.89073 0.0507649 0.0247724 0.0249962 4.36218
-1.88118 0.0477791 0.0247843 0.0249958 4.36218
-1.87183 0.044225 0.0247984 0.0249955 4.36218
-1.8627 0.0401424 0.0248143 0.0249953 4.36218
-1.8538 0.035572 0.0248317 0.0249951 4.36218
-1.84515 0.030554 0.0248503 0.024995 4.36218
-1.83674 0.0251283 0.0248698 0.0249949 4.36218
-1.82859 0.0193329 0.0248896 0.0249948 4.36218
-1.82068 0.0132044 0.0249094 0.0249949 4.36218
-1.81301 0.00677727 0.0249289 0.0249949 4.36218
-1.80558 8.36105e-05 0.0249476 0.024995 4.36218
-1.79837 -0.00684666 0.0249651 0.0249951 4.36218
-1.79136 -0.0139859 0.0249812 0.0249953 4.36218
-1.78454 -0.0213087 0.0249954 0.0249954 4.36218
-1.7779 -0.0287914 0.0250075 0.0249956 4.36218
-1.77142 -0.0364124 0.0250172 0.0249958 4.36218
-1.76508 -0.0441516 0.0250244 0.024996 4.36218
-1.75887 -0.0519904 0.0250287 0.0249962 4.36218
-1.75276 -0.0599114 0.0250302 0.0249964 4.36218
-1.74674 -0.0678986 0.0250286 0.0249967 4.36218
-1.74079 -0.0759367 0.0250239 0.0249969 4.36218
-1.73488 -0.0840115 0.0250162 0.0249971 4.36218
-1.72901 -0.0921093 0.0250053 0.0249973 4.36218
-1.72316 -0.100217 0.0249914 0.0249975 4.36218
-1.7173 -0.108323 0.0249746 0.0249977 4.36218
-1.71142 -0.116413 0.0249549 0.0249978 4.36218
-1.7055 -0.124478 0.0249326 0.024998 4.36218
-1.69953 -0.132505 0.0249079 0.0249981 4.36218
-1.6935 -0.140484 0.0248808 0.0249983 4.36218
-1.68739 -0.148402 0.0248517 0.0249984 4.36218
-1.68119 -0.156249 0.0248207 0.0249986 4.36218
-1.67489 -0.164015 0.0247881 0.0249987 4.36218
-1.66848 -0.171689 0.0247541 0.0249988 4.36218
-1.66195 -0.179262 0.0247189 0.0249989 4.36218
-1.65529 -0.186726 0.0246827 0.0249991 4.36218
-1.64851 -0.194073 0.0246457 0.0249992 4.36218
-1.64159 -0.201299 0.0246081 0.0249993 4.36218
-1.63455 -0.208402 0.02457 0.0249994 4.36218
-1.62739 -0.215384 0.0245316 0.0249996 4.36218
-1.62013 -0.222255 0.0244931 0.0249997 4.36218
-1.61278 -0.229036 0.0244544 0.0249999 4.36218
-1.60542 -0.235809 0.0244157 0.0249999 4.36218
