-1.91257 0.0457851 0.0249452 0.0250001 3.70185
-1.90407 0.0405226 0.0249479 0.0250001 3.70185
-1.89573 0.0350049 0.0249507 0.0250003 3.70185
-1.88759 0.0291964 0.0249534 0.0250004 3.70185
-1.87968 0.0230781 0.0249562 0.0250005 3.70185
-1.87203 0.0166424 0.0249591 0.0250007 3.70185
-1.86465 0.00989159 0.0249621 0.0250008 3.70185
-1.85757 0.00283533 0.0249652 0.025001 3.70185
-1.85078 -0.00451066 0.0249684 0.0250011 3.70185
-1.8443 -0.0121261 0.0249717 0.0250013 3.70185
-1.83812 -0.0199872 0.0249751 0.0250015 3.70185
-1.83223 -0.0280681 0.0249784 0.0250016 3.70185
-1.82662 -0.0363416 0.0249817 0.0250018 3.70185
-1.82126 -0.0447801 0.0249849 0.0250019 3.70185
-1.81612 -0.0533558 0.024988 0.0250021 3.70185
-1.81117 -0.0620418 0.0249909 0.0250023 3.70185
-1.80636 -0.0708114 0.0249935 0.0250025 3.70185
-1.80167 -0.0796386 0.0249958 0.0250026 3.70185
-1.79704 -0.0884979 0.0249977 0.0250028 3.70185
-1.79241 -0.0973635 0.0249992 0.0250029 3.70185
-1.78775 -0.106209 0.0250003 0.025003 3.70185
-1.78301 -0.115007 0.0250009 0.0250031 3.70185
-1.77812 -0.123727 0.0250011 0.0250032 3.70185
-1.77304 -0.132337 0.0250009 0.0250033 3.70185
-1.76772 -0.140802 0.0250002 0.0250033 3.70185
-1.76212 -0.149083 0.0249991 0.0250033 3.70185
-1.75619 -0.157136 0.0249978 0.0250032 3.70185
-1.74991 -0.164913 0.0249962 0.0250031 3.70185
-1.74324 -0.172364 0.0249945 0.025003 3.70185
-1.73617 -0.179434 0.0249928 0.0250028 3.70185
-1.72869 -0.186065 0.0249912 0.0250025 3.70185
-1.7208 -0.192198 0.0249898 0.0250022 3.70185
-1.7125 -0.197776 0.0249888 0.0250019 3.70185
-1.70382 -0.202741 0.0249883 0.0250016 3.70185
-1.69479 -0.207038 0.0249883 0.0250012 3.70185
-1.68545 -0.210618 0.0249889 0.0250007 3.70185
-1.67586 -0.213441 0.02499 0.0250002 3.70185
-1.66607 -0.215472 0.0249918 0.0249997 3.70185
-1.65614 -0.216688 0.0249941 0.0249992 3.70185
-1.64615 -0.217078 0.0249971 0.0249986 3.70185
-1.63616 -0.216638 0.0250007 0.0249981 3.70185
-1.62624 -0.21538 0.0250049 0.0249976 3.70185
-1.61645 -0.213323 0.0250097 0.0249971 3.70185
-1.60685 -0.210497 0.0250152 0.0249966 3.70185
-1.5975 -0.206942 0.0250212 0.0249962 3.70185
-1.58844 -0.202701 0.0250276 0.0249959 3.70185
-1.57971 -0.197825 0.0250344 0.0249957 3.70185
-1.57133 -0.192367 0.0250414 0.0249955 3.70185
-1.56331 -0.186383 0.0250484 0.0249954 3.70185
-1.55567 -0.179928 0.0250554 0.0249953 3.70185
-1.5484 -0.173057 0.0250622 0.0249953 3.70185
-1.54149 -0.165823 0.0250686 0.0249953 3.70185
-1.53492 -0.158275 0.0250745 0.0249954 3.70185
-1.52868 -0.15046 0.0250799 0.0249955 3.70185
-1.52272 -0.14242 0.0250846 0.0249956 3.70185
-1.51703 -0.134195 0.0250886 0.0249957 3.70185
-1.51156 -0.12582 0.0250918 0.0249958 3.70185
-1.50627 -0.117327 0.0250943 0.024996 3.70185
-1.50114 -0.108745 0.0250958 0.0249961 3.70185
-1.4961 -0.1001 0.0250964 0.0249962 3.70185
-1.49114 -0.0914172 0.0250961 0.0249963 3.70185
-1.4862 -0.0827188 0.0250948 0.0249964 3.70185
-1.48125 -0.0740267 0.0250924 0.0249965 3.70185
-1.47625 -0.0653615 0.0250888 0.0249967 3.70185
-1.47117 -0.0567439 0.0250839 0.0249968 3.70185
-1.46598 -0.0481939 0.0250777 0.024997 3.70185
-1.46065 -0.039732 0.0250701 0.0249971 3.70185
-1.45515 -0.0313788 0.0250611 0.0249973 3.70185
-1.44945 -0.0231557 0.0250506 0.0249974 3.70185
-1.44354 -0.015084 0.0250388 0.0249975 3.70185
-1.43741 -0.00718598 0.0250255 0.0249977 3.70185
-1.43103 0.000515892 0.025011 0.0249978 3.70185
-1.42439 0.00799858 0.0249953 0.0249978 3.70185
-1.41749 0.0152388 0.0249784 0.0249979 3.70185
-1.41032 0.0222129 0.0249605 0.024998 3.70185
-1.40288 0.0288975 0.0249417 0.024998 3.70185
-1.39517 0.0352692 0.0249221 0.024998 3.70185
-1.3872 0.041305 0.0249019 0.0249981 3.70185
-1.37896 0.0469827 0.0248811 0.0249981 3.70185
-1.37048 0.0522811 0.0248598 0.0249981 3.70185
-1.36176 0.0571801 0.0248382 0.0249981 3.70185
-1.35282 0.0616614 0.0248165 0.0249981 3.70185
-1.34367 0.0657082 0.0247946 0.0249981 3.70185
-1.33434 0.0693062 0.0247728 0.024998 3.70185
-1.32484 0.0724436 0.0247512 0.024998 3.70185
-1.31521 0.0751111 0.0247299 0.024998 3.70185
-1.30545 0.0773028 0.0247091 0.024998 3.70185
-1.29559 0.079016 0.0246889 0.024998 3.70185
-1.28567 0.0802508 0.0246694 0.024998 3.70185
-1.2757 0.0810106 0.0246508 0.0249981 3.70185
-1.2657 0.0813025 0.024633 0.0249981 3.70185
-1.2557 0.081137 0.024616 0.0249982 3.70185
-1.24572 0.0805284 0.0246 0.0249983 3.70185
-1.23577 0.0794952 0.0245848 0.0249985 3.70185
-1.22587 0.0780598 0.0245705 0.0249986 3.70185
-1.21603 0.0762495 0.0245568 0.0249988 3.70185
-1.20627 0.0740965 0.0245437 0.024999 3.70185
-1.19657 0.0716401 0.0245312 0.0249992 3.70185
-1.18695 0.0689288 0.024519 0.0249995 3.70185
-1.17738 0.0660289 0.0245071 0.0249997 3.70185
-1.16781 0.0631174 0.0244953 0.0249999 3.70185
