-2.39769 -0.131753 0.0249462 0.0250001 4.50225
-2.39156 -0.139657 0.0249547 0.0250001 4.50225
-2.38541 -0.14754 0.0249632 0.0250002 4.50225
-2.37921 -0.155384 0.0249716 0.0250003 4.50225
-2.37293 -0.163165 0.0249798 0.0250004 4.50225
-2.36654 -0.17086 0.0249878 0.0250006 4.50225
-2.36001 -0.178436 0.0249954 0.0250007 4.50225
-2.35332 -0.185863 0.0250024 0.0250008 4.50225
-2.34642 -0.193104 0.0250088 0.0250009 4.50225
-2.3393 -0.200118 0.0250145 0.025001 4.50225
-2.33192 -0.206864 0.0250194 0.0250011 4.50225
-2.32426 -0.213295 0.0250234 0.0250011 4.50225
-2.31631 -0.219362 0.0250265 0.0250011 4.50225
-2.30806 -0.225014 0.0250287 0.0250011 4.50225
-2.29951 -0.230199 0.02503 0.025001 4.50225
-2.29067 -0.234862 0.0250306 0.0250009 4.50225
-2.28154 -0.238953 0.0250304 0.0250007 4.50225
-2.27216 -0.242419 0.0250297 0.0250006 4.50225
-2.26256 -0.245214 0.0250286 0.0250003 4.50225
-2.25278 -0.247297 0.0250271 0.0250001 4.50225
-2.24287 -0.24863 0.0250255 0.0249999 4.50225
-2.23289 -0.249186 0.0250239 0.0249998 4.50225
-2.22289 -0.248945 0.0250224 0.0249996 4.50225
-2.21294 -0.247897 0.0250211 0.0249995 4.50225
-2.20312 -0.246042 0.02502 0.0249993 4.50225
-2.19347 -0.243391 0.0250192 0.0249993 4.50225
-2.18408 -0.239965 0.0250188 0.0249992 4.50225
-2.17499 -0.235793 0.0250188 0.0249992 4.50225
-2.16626 -0.230916 0.0250191 0.0249992 4.50225
-2.15793 -0.225379 0.0250198 0.0249992 4.50225
-2.15004 -0.219235 0.0250208 0.0249992 4.50225
-2.14261 -0.21254 0.0250221 0.0249993 4.50225
-2.13566 -0.205351 0.0250236 0.0249994 4.50225
-2.12919 -0.197727 0.0250253 0.0249995 4.50225
-2.12319 -0.189727 0.025027 0.0249996 4.50225
-2.11764 -0.181405 0.0250287 0.0249996 4.50225
-2.11253 -0.172812 0.0250303 0.0249997 4.50225
-2.1078 -0.163997 0.0250316 0.0249998 4.50225
-2.10343 -0.155002 0.0250327 0.0249998 4.50225
-2.09937 -0.145865 0.0250333 0.0249999 4.50225
-2.09556 -0.136619 0.0250333 0.025 4.50225
-2.09195 -0.127295 0.0250328 0.025 4.50225
-2.08847 -0.117918 0.0250314 0.0250001 4.50225
-2.08508 -0.108511 0.0250291 0.0250003 4.50225
-2.08171 -0.099098 0.0250257 0.0250004 4.50225
-2.07829 -0.0896989 0.0250211 0.0250006 4.50225
-2.07478 -0.080336 0.025015 0.0250008 4.50225
-2.07112 -0.0710321 0.0250072 0.0250011 4.50225
-2.06725 -0.0618119 0.0249978 0.0250013 4.50225
-2.06313 -0.0527026 0.0249864 0.0250016 4.50225
-2.05871 -0.0437343 0.0249731 0.0250018 4.50225
-2.05395 -0.0349397 0.0249579 0.025002 4.50225
-2.04882 -0.0263548 0.0249407 0.0250022 4.50225
-2.04331 -0.018018 0.0249218 0.0250024 4.50225
-2.03737 -0.00996968 0.0249013 0.0250025 4.50225
-2.03102 -0.0022518 0.0248794 0.0250026 4.50225
-2.02423 0.00509308 0.0248565 0.0250027 4.50225
-2.01703 0.0120227 0.0248329 0.0250027 4.50225
-2.00941 0.0184959 0.0248091 0.0250026 4.50225
-2.00139 0.0244737 0.0247856 0.0250025 4.50225
-1.99301 0.0299199 0.0247626 0.0250023 4.50225
-1.98429 0.0348024 0.0247409 0.0250021 4.50225
-1.97525 0.0390928 0.0247206 0.0250018 4.50225
-1.96596 0.0427682 0.0247024 0.0250015 4.50225
-1.95643 0.0458102 0.0246865 0.0250012 4.50225
-1.94672 0.048206 0.0246733 0.0250009 4.50225
-1.93688 0.049948 0.0246629 0.0250006 4.50225
-1.92694 0.0510337 0.0246557 0.0250002 4.50225
-1.91695 0.0514651 0.0246516 0.0249999 4.50225
-1.90695 0.0512491 0.0246507 0.0249995 4.50225
-1.89698 0.0503962 0.0246529 0.0249992 4.50225
-1.88709 0.0489207 0.0246582 0.0249989 4.50225
-1.87731 0.04684 0.0246663 0.0249986 4.50225
-1.86767 0.0441747 0.024677 0.0249983 4.50225
-1.8582 0.0409474 0.0246902 0.024998 4.50225
-1.84894 0.0371833 0.0247055 0.0249977 4.50225
-1.83989 0.0329092 0.0247226 0.0249975 4.50225
-1.8311 0.0281533 0.0247414 0.0249973 4.50225
-1.82256 0.0229442 0.0247613 0.0249972 4.50225
-1.81429 0.0173111 0.0247822 0.0249972 4.50225
-1.80631 0.011283 0.0248037 0.0249972 4.50225
-1.79862 0.00488901 0.0248255 0.0249972 4.50225
-1.79122 -0.00184237 0.0248472 0.0249973 4.50225
-1.78412 -0.00888328 0.0248687 0.0249974 4.50225
-1.7773 -0.0162067 0.0248898 0.0249975 4.50225
-1.77078 -0.0237865 0.0249102 0.0249976 4.50225
-1.76453 -0.0315978 0.0249298 0.0249978 4.50225
-1.75855 -0.0396168 0.0249484 0.0249979 4.50225
-1.75283 -0.0478209 0.024966 0.0249981 4.50225
-1.74736 -0.0561889 0.0249825 0.0249983 4.50225
-1.7421 -0.0647009 0.0249978 0.0249985 4.50225
-1.73706 -0.0733383 0.025012 0.0249987 4.50225
-1.73221 -0.082084 0.0250251 0.024999 4.50225
-1.72753 -0.0909218 0.0250371 0.0249992 4.50225
-1.723 -0.0998372 0.0250483 0.0249993 4.50225
-1.7186 -0.108816 0.0250586 0.0249995 4.50225
-1.7143 -0.117846 0.0250684 0.0249997 4.50225
-1.71009 -0.126915 0.0250777 0.0249998 4.50225
-1.70593 -0.136011 0.0250866 0.0249999 4.50225
-1.70181 -0.145123 0.0250955 0.0249999 4.50225
-1.69769 -0.154235 0.0251044 0.025 4.50225
