-1.23184 -0.0460737 0.02503 0.0250001 2.52126
-1.22598 -0.0541818 0.0250314 0.0250001 2.52126
-1.22014 -0.0622933 0.0250327 0.0250002 2.52126
-1.21428 -0.0703954 0.0250341 0.0250003 2.52126
-1.20838 -0.0784708 0.0250353 0.0250004 2.52126
-1.20242 -0.0864984 0.0250363 0.0250005 2.52126
-1.19636 -0.094454 0.0250371 0.0250006 2.52126
-1.19017 -0.10231 0.0250374 0.0250007 2.52126
-1.18382 -0.110036 0.0250374 0.0250008 2.52126
-1.17728 -0.117597 0.0250368 0.0250009 2.52126
-1.17051 -0.124956 0.0250356 0.025001 2.52126
-1.16348 -0.132072 0.0250337 0.0250011 2.52126
-1.15618 -0.138901 0.0250311 0.0250011 2.52126
-1.14858 -0.145394 0.0250278 0.0250011 2.52126
-1.14066 -0.151502 0.0250238 0.025001 2.52126
-1.13242 -0.157172 0.0250192 0.025001 2.52126
-1.12387 -0.16235 0.0250142 0.0250009 2.52126
-1.11501 -0.166984 0.0250089 0.0250007 2.52126
-1.10586 -0.17102 0.0250035 0.0250006 2.52126
-1.09645 -0.174407 0.0249982 0.0250004 2.52126
-1.08682 -0.1771 0.0249932 0.0250003 2.52126
-1.07701 -0.179056 0.0249887 0.0250001 2.52126
-1.06709 -0.180243 0.0249849 0.025 2.52126
-1.05709 -0.180632 0.0249818 0.0249998 2.52126
-1.0471 -0.180209 0.0249797 0.0249997 2.52126
-1.03718 -0.178965 0.0249787 0.0249995 2.52126
-1.02739 -0.176906 0.0249787 0.0249994 2.52126
-1.01781 -0.174045 0.0249798 0.0249993 2.52126
-1.00849 -0.170409 0.024982 0.0249992 2.52126
-0.999502 -0.166032 0.0249852 0.0249991 2.52126
-0.990885 -0.160957 0.0249894 0.0249991 2.52126
-0.982683 -0.155234 0.0249943 0.024999 2.52126
-0.974929 -0.148918 0.0249998 0.024999 2.52126
-0.967643 -0.142068 0.0250056 0.024999 2.52126
-0.960835 -0.134742 0.0250116 0.0249991 2.52126
-0.954503 -0.127001 0.0250174 0.0249992 2.52126
-0.948636 -0.118903 0.0250227 0.0249993 2.52126
-0.943213 -0.1105 0.0250274 0.0249993 2.52126
-0.938203 -0.101845 0.025031 0.0249994 2.52126
-0.933569 -0.0929833 0.0250335 0.0249995 2.52126
-0.929266 -0.0839561 0.0250347 0.0249996 2.52126
-0.925244 -0.0748002 0.0250344 0.0249997 2.52126
-0.92145 -0.0655477 0.0250324 0.0249999 2.52126
-0.917826 -0.0562273 0.0250289 0.025 2.52126
-0.914314 -0.0468643 0.0250236 0.0250002 2.52126
-0.910856 -0.0374818 0.0250166 0.0250004 2.52126
-0.907391 -0.0281016 0.0250078 0.0250006 2.52126
-0.903863 -0.0187453 0.0249974 0.0250008 2.52126
-0.900216 -0.00943475 0.0249852 0.025001 2.52126
-0.896397 -0.000193465 0.0249715 0.0250012 2.52126
-0.892358 0.0089533 0.0249562 0.0250014 2.52126
-0.888053 0.0179778 0.0249396 0.0250016 2.52126
-0.883442 0.0268498 0.0249218 0.0250017 2.52126
-0.87849 0.035536 0.024903 0.0250019 2.52126
-0.873169 0.044001 0.0248835 0.025002 2.52126
-0.867456 0.0522068 0.0248634 0.0250021 2.52126
-0.861337 0.0601138 0.0248431 0.0250022 2.52126
-0.854803 0.0676815 0.0248227 0.0250023 2.52126
-0.847853 0.0748687 0.0248026 0.0250023 2.52126
-0.840492 0.0816351 0.024783 0.0250023 2.52126
-0.832734 0.0879416 0.0247642 0.0250023 2.52126
-0.824597 0.0937512 0.0247465 0.0250023 2.52126
-0.816106 0.0990297 0.0247301 0.0250022 2.52126
-0.80729 0.103747 0.0247151 0.0250021 2.52126
-0.798184 0.107876 0.0247019 0.025002 2.52126
-0.788825 0.111395 0.0246906 0.0250018 2.52126
-0.779254 0.114287 0.0246813 0.0250016 2.52126
-0.769513 0.11654 0.0246742 0.0250014 2.52126
-0.759643 0.118145 0.0246693 0.0250012 2.52126
-0.74969 0.119101 0.0246667 0.025001 2.52126
-0.739695 0.119409 0.0246665 0.0250007 2.52126
-0.729702 0.119073 0.0246685 0.0250004 2.52126
-0.719749 0.118105 0.0246727 0.0250002 2.52126
-0.709876 0.116517 0.0246791 0.0249999 2.52126
-0.700118 0.114326 0.0246875 0.0249996 2.52126
-0.690511 0.111552 0.0246977 0.0249994 2.52126
-0.681083 0.108216 0.0247095 0.0249991 2.52126
-0.671862 0.104343 0.0247229 0.0249989 2.52126
-0.662873 0.0999598 0.0247377 0.0249986 2.52126
-0.654135 0.0950947 0.0247536 0.0249984 2.52126
-0.645665 0.0897762 0.0247706 0.0249983 2.52126
-0.637477 0.0840336 0.0247883 0.0249982 2.52126
-0.629579 0.0778964 0.0248067 0.0249981 2.52126
-0.62198 0.0713941 0.0248254 0.0249981 2.52126
-0.614682 0.0645557 0.0248444 0.0249981 2.52126
-0.607684 0.0574097 0.0248635 0.0249981 2.52126
-0.600984 0.0499839 0.0248824 0.0249982 2.52126
-0.594577 0.0423049 0.0249012 0.0249982 2.52126
-0.588452 0.0343984 0.0249196 0.0249983 2.52126
-0.582598 0.0262889 0.0249376 0.0249985 2.52126
-0.577003 0.0179994 0.0249551 0.0249986 2.52126
-0.57165 0.00955161 0.0249722 0.0249987 2.52126
-0.566521 0.000966044 0.0249887 0.0249988 2.52126
-0.561596 -0.00773822 0.0250048 0.024999 2.52126
-0.556854 -0.0165434 0.0250204 0.0249991 2.52126
-0.552272 -0.0254327 0.0250356 0.0249993 2.52126
-0.547827 -0.0343907 0.0250503 0.0249995 2.52126
-0.543492 -0.0434028 0.0250647 0.0249996 2.52126
-0.539242 -0.0524547 0.0250789 0.0249998 2.52126
-0.535046 -0.0615322 0.0250929 0.0249999 2.52126
-0.530851 -0.0706099 0.0251069 0.0249999 2.52126
