-2.3473 -0.213875 0.0248168 0.0250001 4.4022
-2.33864 -0.218874 0.024827 0.0250001 4.4022
-2.32987 -0.223679 0.0248371 0.0250002 4.4022
-2.32097 -0.228236 0.0248473 0.0250003 4.4022
-2.31192 -0.232489 0.0248576 0.0250004 4.4022
-2.30271 -0.236384 0.024868 0.0250004 4.4022
-2.29334 -0.239869 0.0248785 0.0250005 4.4022
-2.28381 -0.242892 0.024889 0.0250005 4.4022
-2.27413 -0.245404 0.0248996 0.0250005 4.4022
-2.26432 -0.247357 0.0249102 0.0250004 4.4022
-2.25441 -0.248707 0.0249209 0.0250004 4.4022
-2.24444 -0.249418 0.0249317 0.0250003 4.4022
-2.23444 -0.249457 0.0249426 0.0250002 4.4022
-2.22446 -0.2488 0.0249535 0.0250001 4.4022
-2.21455 -0.247429 0.0249645 0.0249999 4.4022
-2.20478 -0.245338 0.0249755 0.0249997 4.4022
-2.19518 -0.242529 0.0249867 0.0249996 4.4022
-2.18582 -0.239011 0.0249978 0.0249995 4.4022
-2.17674 -0.234804 0.0250089 0.0249994 4.4022
-2.16801 -0.229937 0.0250199 0.0249993 4.4022
-2.15965 -0.224444 0.0250305 0.0249992 4.4022
-2.15171 -0.218366 0.0250408 0.0249992 4.4022
-2.14421 -0.211751 0.0250505 0.0249993 4.4022
-2.13717 -0.204648 0.0250595 0.0249993 4.4022
-2.1306 -0.197108 0.0250676 0.0249994 4.4022
-2.1245 -0.189183 0.0250746 0.0249995 4.4022
-2.11886 -0.180925 0.0250803 0.0249997 4.4022
-2.11366 -0.172384 0.0250847 0.0249998 4.4022
-2.10887 -0.163603 0.0250875 0.025 4.4022
-2.10446 -0.154627 0.0250887 0.0250002 4.4022
-2.10039 -0.145494 0.0250881 0.0250004 4.4022
-2.09661 -0.136237 0.0250857 0.0250006 4.4022
-2.09307 -0.126886 0.0250814 0.0250008 4.4022
-2.08971 -0.117469 0.0250753 0.025001 4.4022
-2.08647 -0.108009 0.0250673 0.0250012 4.4022
-2.08329 -0.0985278 0.0250575 0.0250014 4.4022
-2.08012 -0.089046 0.0250459 0.0250015 4.4022
-2.07689 -0.0795844 0.0250328 0.0250016 4.4022
-2.07353 -0.0701644 0.0250181 0.0250017 4.4022
-2.07 -0.0608095 0.0250022 0.0250018 4.4022
-2.06624 -0.0515458 0.0249852 0.0250018 4.4022
-2.0622 -0.0424026 0.0249673 0.0250018 4.4022
-2.05782 -0.0334131 0.0249488 0.0250018 4.4022
-2.05307 -0.0246144 0.0249298 0.0250018 4.4022
-2.04791 -0.0160474 0.0249106 0.0250017 4.4022
-2.04233 -0.00775648 0.0248915 0.0250016 4.4022
-2.03628 0.000211049 0.0248728 0.0250014 4.4022
-2.02978 0.00780603 0.0248546 0.0250012 4.4022
-2.02281 0.0149784 0.0248371 0.025001 4.4022
-2.01539 0.0216786 0.0248207 0.0250008 4.4022
-2.00753 0.0278585 0.0248055 0.0250005 4.4022
-1.99926 0.0334734 0.0247917 0.0250003 4.4022
-1.9906 0.0384826 0.0247795 0.0249999 4.4022
-1.98161 0.042851 0.0247689 0.0249996 4.4022
-1.97231 0.0465498 0.0247601 0.0249993 4.4022
-1.96278 0.0495571 0.0247531 0.0249989 4.4022
-1.95304 0.0518587 0.0247481 0.0249986 4.4022
-1.94317 0.053448 0.024745 0.0249982 4.4022
-1.93321 0.0543256 0.0247439 0.0249979 4.4022
-1.92321 0.0544994 0.0247447 0.0249975 4.4022
-1.91322 0.0539838 0.0247473 0.0249972 4.4022
-1.90329 0.052799 0.0247518 0.0249969 4.4022
-1.89345 0.0509699 0.024758 0.0249966 4.4022
-1.88375 0.0485256 0.0247658 0.0249963 4.4022
-1.87422 0.0454986 0.0247752 0.024996 4.4022
-1.86488 0.0419233 0.0247861 0.0249958 4.4022
-1.85575 0.0378351 0.0247982 0.0249956 4.4022
-1.84684 0.0332696 0.0248114 0.0249955 4.4022
-1.83818 0.0282625 0.0248255 0.0249954 4.4022
-1.82977 0.0228485 0.0248403 0.0249954 4.4022
-1.82161 0.0170611 0.0248554 0.0249953 4.4022
-1.81371 0.0109326 0.0248706 0.0249954 4.4022
-1.80605 0.00449339 0.0248856 0.0249954 4.4022
-1.79864 -0.00222739 0.0249002 0.0249955 4.4022
-1.79147 -0.00920246 0.024914 0.0249956 4.4022
-1.78453 -0.0164061 0.0249269 0.0249958 4.4022
-1.77781 -0.0238144 0.0249385 0.0249959 4.4022
-1.77129 -0.0314048 0.0249487 0.0249961 4.4022
-1.76497 -0.0391563 0.0249572 0.0249963 4.4022
-1.75882 -0.0470495 0.0249638 0.0249965 4.4022
-1.75284 -0.0550662 0.0249684 0.0249967 4.4022
-1.74701 -0.0631894 0.0249708 0.0249969 4.4022
-1.7413 -0.0714035 0.024971 0.0249971 4.4022
-1.7357 -0.0796936 0.0249689 0.0249974 4.4022
-1.7302 -0.088046 0.0249644 0.0249976 4.4022
-1.72477 -0.0964478 0.0249577 0.0249978 4.4022
-1.7194 -0.104887 0.0249486 0.024998 4.4022
-1.71408 -0.113351 0.0249374 0.0249982 4.4022
-1.70877 -0.121831 0.024924 0.0249984 4.4022
-1.70348 -0.130315 0.0249088 0.0249986 4.4022
-1.69817 -0.138794 0.0248917 0.0249987 4.4022
-1.69284 -0.147257 0.0248731 0.0249989 4.4022
-1.68748 -0.155694 0.024853 0.024999 4.4022
-1.68206 -0.164099 0.0248317 0.0249992 4.4022
-1.67657 -0.172461 0.0248095 0.0249993 4.4022
-1.67101 -0.180776 0.0247864 0.0249994 4.4022
-1.66538 -0.189036 0.0247627 0.0249995 4.4022
-1.65966 -0.197241 0.0247386 0.0249997 4.4022
-1.65386 -0.205389 0.0247142 0.0249998 4.4022
-1.648 -0.213491 0.0246896 0.0249999 4.4022
-1.64213 -0.221588 0.024665 0.0249999 4.4022
