-2.05323 0.0187838 0.0248347 0.0250001 3.88194
-2.04461 0.0238548 0.0248417 0.0250001 3.88194
-2.03587 0.0287079 0.0248488 0.0250003 3.88194
-2.02698 0.0332827 0.0248558 0.0250004 3.88194
-2.01792 0.0375219 0.0248629 0.0250005 3.88194
-2.00869 0.0413706 0.0248701 0.0250005 3.88194
-1.99929 0.0447754 0.0248775 0.0250006 3.88194
-1.98972 0.0476853 0.024885 0.0250006 3.88194
-1.98001 0.0500524 0.0248927 0.0250006 3.88194
-1.97017 0.0518327 0.0249008 0.0250005 3.88194
-1.96023 0.0529872 0.0249091 0.0250005 3.88194
-1.95025 0.0534832 0.0249179 0.0250004 3.88194
-1.94025 0.053295 0.0249272 0.0250002 3.88194
-1.93029 0.0524052 0.0249369 0.0250001 3.88194
-1.92042 0.0508045 0.0249472 0.025 3.88194
-1.91069 0.0484926 0.0249581 0.0249999 3.88194
-1.90115 0.0454781 0.0249693 0.0249998 3.88194
-1.89186 0.0417785 0.024981 0.0249998 3.88194
-1.88286 0.0374194 0.024993 0.0249997 3.88194
-1.87419 0.0324337 0.025005 0.0249997 3.88194
-1.86589 0.0268607 0.025017 0.0249997 3.88194
-1.85798 0.0207445 0.0250288 0.0249997 3.88194
-1.85047 0.0141328 0.0250401 0.0249998 3.88194
-1.84339 0.00707553 0.0250508 0.0249999 3.88194
-1.83672 -0.000376717 0.0250605 0.025 3.88194
-1.83046 -0.00817383 0.0250691 0.0250001 3.88194
-1.82459 -0.0162673 0.0250764 0.0250003 3.88194
-1.81908 -0.0246109 0.0250822 0.0250005 3.88194
-1.81389 -0.0331615 0.0250862 0.0250007 3.88194
-1.80899 -0.0418793 0.0250884 0.0250009 3.88194
-1.80434 -0.0507276 0.0250886 0.0250011 3.88194
-1.79987 -0.059673 0.0250866 0.0250013 3.88194
-1.79554 -0.0686846 0.0250825 0.0250015 3.88194
-1.79128 -0.0777334 0.0250761 0.0250017 3.88194
-1.78705 -0.0867916 0.0250676 0.0250019 3.88194
-1.78278 -0.0958316 0.025057 0.025002 3.88194
-1.77841 -0.104825 0.0250443 0.0250021 3.88194
-1.77389 -0.113744 0.0250298 0.0250023 3.88194
-1.76916 -0.122554 0.0250135 0.0250023 3.88194
-1.76418 -0.131223 0.0249957 0.0250024 3.88194
-1.7589 -0.139711 0.0249766 0.0250024 3.88194
-1.75327 -0.147978 0.0249566 0.0250023 3.88194
-1.74728 -0.155978 0.0249359 0.0250022 3.88194
-1.74089 -0.163665 0.0249149 0.0250021 3.88194
-1.73408 -0.170989 0.0248938 0.025002 3.88194
-1.72685 -0.177897 0.024873 0.0250018 3.88194
-1.7192 -0.184339 0.0248529 0.0250015 3.88194
-1.71115 -0.190265 0.0248337 0.0250013 3.88194
-1.70271 -0.195625 0.0248157 0.0250009 3.88194
-1.69391 -0.200376 0.0247993 0.0250006 3.88194
-1.68479 -0.204478 0.0247846 0.0250003 3.88194
-1.67539 -0.207898 0.0247718 0.0249999 3.88194
-1.66577 -0.210611 0.0247612 0.0249995 3.88194
-1.65597 -0.212597 0.0247529 0.0249991 3.88194
-1.64604 -0.213848 0.0247469 0.0249987 3.88194
-1.63606 -0.21436 0.0247432 0.0249983 3.88194
-1.62606 -0.21414 0.0247419 0.0249979 3.88194
-1.6161 -0.213201 0.024743 0.0249975 3.88194
-1.60623 -0.211564 0.0247464 0.0249971 3.88194
-1.5965 -0.209255 0.0247519 0.0249968 3.88194
-1.58694 -0.206304 0.0247595 0.0249964 3.88194
-1.57759 -0.202747 0.024769 0.0249961 3.88194
-1.56848 -0.198621 0.0247802 0.0249958 3.88194
-1.55963 -0.193966 0.0247931 0.0249956 3.88194
-1.55105 -0.188821 0.0248074 0.0249954 3.88194
-1.54275 -0.183228 0.0248229 0.0249953 3.88194
-1.53475 -0.177223 0.0248392 0.0249952 3.88194
-1.52704 -0.170846 0.0248561 0.0249951 3.88194
-1.51963 -0.164132 0.0248734 0.0249951 3.88194
-1.5125 -0.157115 0.0248906 0.0249951 3.88194
-1.50565 -0.149826 0.0249075 0.0249952 3.88194
-1.49906 -0.142294 0.0249237 0.0249953 3.88194
-1.49273 -0.134547 0.0249391 0.0249954 3.88194
-1.48665 -0.126609 0.0249532 0.0249955 3.88194
-1.48078 -0.118503 0.0249659 0.0249957 3.88194
-1.47513 -0.11025 0.0249768 0.0249959 3.88194
-1.46967 -0.10187 0.0249857 0.0249961 3.88194
-1.46438 -0.0933791 0.0249925 0.0249963 3.88194
-1.45925 -0.0847944 0.024997 0.0249965 3.88194
-1.45425 -0.0761305 0.024999 0.0249967 3.88194
-1.44936 -0.067401 0.0249984 0.0249969 3.88194
-1.44458 -0.0586185 0.0249952 0.0249971 3.88194
-1.43987 -0.0497948 0.0249893 0.0249973 3.88194
-1.43521 -0.0409407 0.0249808 0.0249975 3.88194
-1.4306 -0.0320667 0.0249697 0.0249977 3.88194
-1.426 -0.0231825 0.024956 0.0249979 3.88194
-1.42141 -0.0142973 0.0249399 0.0249981 3.88194
-1.41681 -0.00542003 0.0249214 0.0249983 3.88194
-1.41217 0.00344045 0.0249009 0.0249984 3.88194
-1.40748 0.0122755 0.0248784 0.0249986 3.88194
-1.40273 0.0210765 0.0248541 0.0249987 3.88194
-1.3979 0.0298354 0.0248283 0.0249989 3.88194
-1.39299 0.0385441 0.0248012 0.024999 3.88194
-1.38797 0.0471953 0.0247729 0.0249992 3.88194
-1.38284 0.0557826 0.0247437 0.0249993 3.88194
-1.3776 0.0643004 0.0247139 0.0249994 3.88194
-1.37225 0.0727453 0.0246835 0.0249995 3.88194
-1.36678 0.0811165 0.0246527 0.0249996 3.88194
-1.3612 0.0894175 0.0246217 0.0249998 3.88194
-1.35554 0.0976603 0.0245906 0.0249999 3.88194
-1.34987 0.105898 0.0245595 0.0249999 3.88194
