-0.499765 -0.00786978 0.0249987 0.0249999 0.12006
-0.489769 -0.00759493 0.0249989 0.0249998 0.12006
-0.479773 -0.00729578 0.0249991 0.0249996 0.12006
-0.469778 -0.00696895 0.0249993 0.0249994 0.12006
-0.459784 -0.00661263 0.0249995 0.0249993 0.12006
-0.449791 -0.00622617 0.0249997 0.0249991 0.12006
-0.439799 -0.00580982 0.0249999 0.0249989 0.12006
-0.429807 -0.00536456 0.025 0.0249987 0.12006
-0.419818 -0.00489198 0.0250002 0.0249985 0.12006
-0.409829 -0.0043942 0.0250004 0.0249983 0.12006
-0.399841 -0.00387376 0.0250005 0.0249981 0.12006
-0.389854 -0.0033336 0.0250006 0.0249979 0.12006
-0.379868 -0.00277693 0.0250007 0.0249977 0.12006
-0.369882 -0.00220719 0.0250008 0.0249976 0.12006
-0.359897 -0.00162804 0.0250009 0.0249974 0.12006
-0.349912 -0.0010432 0.0250009 0.0249972 0.12006
-0.339926 -0.00045651 0.0250009 0.024997 0.12006
-0.329941 0.000128221 0.0250008 0.0249968 0.12006
-0.319955 0.000707212 0.0250008 0.0249966 0.12006
-0.309969 0.00127678 0.0250007 0.0249964 0.12006
-0.299981 0.00183362 0.0250005 0.0249962 0.12006
-0.289993 0.0023745 0.0250004 0.024996 0.12006
-0.280003 0.00289595 0.0250003 0.0249959 0.12006
-0.270012 0.00339456 0.0250001 0.0249956 0.12006
-0.26002 0.00386701 0.0249999 0.0249954 0.12006
-0.250026 0.00431011 0.0249998 0.0249952 0.12006
-0.24003 0.00472085 0.0249996 0.024995 0.12006
-0.230033 0.00509646 0.0249995 0.0249948 0.12006
-0.220035 0.00543441 0.0249994 0.0249946 0.12006
-0.210035 0.0057325 0.0249993 0.0249944 0.12006
-0.200034 0.00598883 0.0249992 0.0249942 0.12006
-0.190031 0.00620191 0.0249992 0.024994 0.12006
-0.180028 0.00637062 0.0249991 0.0249938 0.12006
-0.170024 0.00649427 0.0249991 0.0249937 0.12006
-0.160019 0.00657259 0.0249992 0.0249935 0.12006
-0.150013 0.00660571 0.0249992 0.0249933 0.12006
-0.140008 0.00659422 0.0249993 0.0249931 0.12006
-0.130003 0.00653911 0.0249994 0.024993 0.12006
-0.119997 0.00644175 0.0249995 0.0249931 0.12006
-0.109993 0.00630393 0.0249997 0.0249932 0.12006
-0.0999892 0.00612775 0.0249998 0.0249934 0.12006
-0.0899861 0.00591568 0.025 0.0249935 0.12006
-0.079984 0.00567045 0.0250001 0.0249936 0.12006
-0.0699827 0.00539506 0.0250002 0.0249937 0.12006
-0.0599823 0.00509271 0.0250004 0.0249939 0.12006
-0.0499828 0.00476678 0.0250005 0.024994 0.12006
-0.039984 0.00442078 0.0250006 0.0249941 0.12006
-0.029986 0.00405829 0.0250007 0.0249943 0.12006
-0.0199885 0.00368293 0.0250007 0.0249944 0.12006
-0.00999145 0.00329831 0.0250007 0.0249945 0.12006
5.26473e-06 0.00290798 0.0250008 0.0249947 0.12006
0.0100018 0.00251539 0.0250008 0.0249948 0.12006
0.0199983 0.00212384 0.0250007 0.0249949 0.12006
0.0299948 0.00173647 0.0250007 0.024995 0.12006
0.0399915 0.00135618 0.0250006 0.0249952 0.12006
0.0499884 0.000985652 0.0250005 0.0249953 0.12006
0.0599858 0.000627268 0.0250004 0.0249954 0.12006
0.0699835 0.000283127 0.0250003 0.0249955 0.12006
0.0799817 -4.49965e-05 0.0250002 0.0249956 0.12006
0.0899803 -0.000355657 0.0250001 0.0249957 0.12006
0.0999795 -0.000647752 0.025 0.0249958 0.12006
0.109979 -0.00092053 0.0249999 0.0249959 0.12006
0.119979 -0.00117381 0.0249998 0.024996 0.12006
0.129979 -0.00140764 0.0249997 0.0249962 0.12006
0.13998 -0.00162193 0.0249997 0.0249963 0.12006
0.149981 -0.00181667 0.0249996 0.0249964 0.12006
0.159983 -0.00199192 0.0249996 0.0249965 0.12006
0.169984 -0.00214779 0.0249996 0.0249966 0.12006
0.179986 -0.00228444 0.0249996 0.0249967 0.12006
0.189988 -0.00240202 0.0249996 0.0249969 0.12006
0.19999 -0.00250069 0.0249996 0.024997 0.12006
0.209992 -0.00258059 0.0249996 0.0249971 0.12006
0.219994 -0.00264182 0.0249997 0.0249971 0.12006
0.229996 -0.00268443 0.0249997 0.0249972 0.12006
0.239998 -0.00270843 0.0249997 0.0249972 0.12006
0.25 -0.00271377 0.0249998 0.0249972 0.12006
0.260003 -0.00270035 0.0249998 0.0249973 0.12006
0.270005 -0.002668 0.0249998 0.0249974 0.12006
0.280007 -0.0026165 0.0249998 0.0249976 0.12006
0.290008 -0.00254558 0.0249998 0.0249977 0.12006
0.30001 -0.0024549 0.0249998 0.0249978 0.12006
0.310011 -0.00234411 0.0249998 0.0249979 0.12006
0.320012 -0.0022128 0.0249998 0.024998 0.12006
0.330012 -0.00206052 0.0249997 0.0249982 0.12006
0.340012 -0.00188683 0.0249997 0.0249983 0.12006
0.350011 -0.00169124 0.0249997 0.0249984 0.12006
0.36001 -0.0014733 0.0249998 0.0249985 0.12006
0.370008 -0.00123254 0.0249998 0.0249987 0.12006
0.380006 -0.000968544 0.0249998 0.0249988 0.12006
0.390003 -0.000680927 0.0249999 0.0249989 0.12006
0.399999 -0.000369365 0.0249999 0.024999 0.12006
0.409994 -3.36145e-05 0.025 0.0249992 0.12006
0.419988 0.000326465 0.0250001 0.0249993 0.12006
0.429981 0.000710885 0.0250002 0.0249994 0.12006
0.439973 0.00111971 0.0250003 0.0249996 0.12006
0.449964 0.00155266 0.0250004 0.0249997 0.12006
0.459954 0.00200867 0.0250005 0.0249998 0.12006
0.469942 0.00248598 0.0250006 0.0249999 0.12006
0.47993 0.00298187 0.0250007 0.025 0.12006
0.489917 0.00349183 0.0250009 0.025 0.12006
0.499904 0.0040005 0.025001 0.025 0.12006
