-0.865698 0.100276 0.0250856 0.0250001 1.86093
-0.856545 0.104304 0.025084 0.0250001 1.86093
-0.847284 0.108077 0.0250824 0.0250003 1.86093
-0.837899 0.111529 0.0250808 0.0250004 1.86093
-0.828382 0.114598 0.0250792 0.0250005 1.86093
-0.818735 0.11723 0.0250776 0.0250006 1.86093
-0.808968 0.119372 0.0250761 0.0250006 1.86093
-0.799098 0.120977 0.0250747 0.0250007 1.86093
-0.789151 0.122003 0.0250733 0.0250007 1.86093
-0.77916 0.122412 0.0250722 0.0250007 1.86093
-0.769164 0.122177 0.0250714 0.0250006 1.86093
-0.759205 0.121275 0.025071 0.0250006 1.86093
-0.749331 0.119693 0.0250712 0.0250005 1.86093
-0.739592 0.117426 0.0250719 0.0250005 1.86093
-0.730037 0.114478 0.0250732 0.0250004 1.86093
-0.720714 0.110862 0.025075 0.0250004 1.86093
-0.711669 0.106598 0.0250774 0.0250004 1.86093
-0.702942 0.101716 0.0250801 0.0250004 1.86093
-0.694569 0.0962495 0.0250831 0.0250005 1.86093
-0.686576 0.0902401 0.0250863 0.0250005 1.86093
-0.678984 0.0837322 0.0250895 0.0250006 1.86093
-0.671804 0.076773 0.0250926 0.0250007 1.86093
-0.665037 0.0694113 0.0250955 0.0250008 1.86093
-0.658676 0.0616958 0.025098 0.0250009 1.86093
-0.652706 0.0536741 0.0250999 0.025001 1.86093
-0.647103 0.045392 0.025101 0.0250011 1.86093
-0.641836 0.0368927 0.0251012 0.0250012 1.86093
-0.636866 0.0282164 0.0251003 0.0250013 1.86093
-0.632149 0.0194 0.025098 0.0250015 1.86093
-0.627636 0.0104776 0.0250942 0.0250016 1.86093
-0.623274 0.00148064 0.0250885 0.0250018 1.86093
-0.619007 -0.00756158 0.0250809 0.0250021 1.86093
-0.614778 -0.016621 0.0250712 0.0250023 1.86093
-0.610526 -0.0256701 0.0250594 0.0250025 1.86093
-0.606194 -0.034681 0.0250453 0.0250027 1.86093
-0.601725 -0.0436242 0.0250291 0.0250029 1.86093
-0.597064 -0.0524686 0.0250108 0.0250031 1.86093
-0.592159 -0.0611798 0.0249906 0.0250032 1.86093
-0.586962 -0.0697206 0.0249688 0.0250032 1.86093
-0.581433 -0.0780497 0.0249456 0.0250032 1.86093
-0.575536 -0.0861226 0.0249212 0.0250032 1.86093
-0.569243 -0.0938914 0.0248961 0.0250031 1.86093
-0.562537 -0.101306 0.0248706 0.025003 1.86093
-0.555406 -0.108313 0.0248449 0.0250028 1.86093
-0.54785 -0.11486 0.0248197 0.0250026 1.86093
-0.539879 -0.120895 0.0247952 0.0250024 1.86093
-0.531511 -0.126368 0.024772 0.025002 1.86093
-0.522775 -0.131231 0.0247504 0.0250016 1.86093
-0.513707 -0.135443 0.0247309 0.0250012 1.86093
-0.504349 -0.138968 0.0247137 0.0250008 1.86093
-0.494753 -0.141778 0.0246993 0.0250003 1.86093
-0.48497 -0.143852 0.0246878 0.0249998 1.86093
-0.475058 -0.145178 0.0246794 0.0249993 1.86093
-0.465074 -0.145754 0.0246743 0.0249988 1.86093
-0.455074 -0.145583 0.0246724 0.0249983 1.86093
-0.445114 -0.144681 0.0246739 0.0249978 1.86093
-0.435243 -0.143066 0.0246787 0.0249973 1.86093
-0.425509 -0.140765 0.0246865 0.0249969 1.86093
-0.415952 -0.137812 0.0246974 0.0249964 1.86093
-0.406607 -0.134243 0.024711 0.024996 1.86093
-0.397504 -0.130097 0.0247271 0.0249957 1.86093
-0.388663 -0.125415 0.0247454 0.0249954 1.86093
-0.380102 -0.12024 0.0247657 0.0249952 1.86093
-0.37183 -0.114615 0.0247875 0.024995 1.86093
-0.363851 -0.108579 0.0248105 0.0249948 1.86093
-0.356166 -0.102174 0.0248343 0.0249948 1.86093
-0.348771 -0.0954365 0.0248584 0.0249947 1.86093
-0.341657 -0.0884024 0.0248824 0.0249947 1.86093
-0.334814 -0.0811049 0.0249059 0.0249948 1.86093
-0.328228 -0.0735746 0.0249285 0.0249949 1.86093
-0.321884 -0.0658394 0.0249498 0.024995 1.86093
-0.315765 -0.0579249 0.0249694 0.0249951 1.86093
-0.309854 -0.0498545 0.0249869 0.0249953 1.86093
-0.304131 -0.0416494 0.0250022 0.0249955 1.86093
-0.298578 -0.0333289 0.0250148 0.0249957 1.86093
-0.293174 -0.0249108 0.0250247 0.0249959 1.86093
-0.287899 -0.0164111 0.0250315 0.0249961 1.86093
-0.282734 -0.00784488 0.0250352 0.0249964 1.86093
-0.277658 0.000774258 0.0250357 0.0249966 1.86093
-0.272651 0.00943349 0.0250329 0.0249968 1.86093
-0.267693 0.0181208 0.0250268 0.024997 1.86093
-0.262765 0.0268249 0.0250175 0.0249973 1.86093
-0.257849 0.0355351 0.025005 0.0249975 1.86093
-0.252924 0.0442408 0.0249895 0.0249976 1.86093
-0.247975 0.0529324 0.024971 0.0249978 1.86093
-0.242985 0.0615999 0.0249498 0.024998 1.86093
-0.237936 0.0702338 0.0249261 0.0249981 1.86093
-0.232814 0.0788241 0.0249001 0.0249983 1.86093
-0.227604 0.0873613 0.024872 0.0249984 1.86093
-0.222293 0.0958358 0.0248421 0.0249986 1.86093
-0.216869 0.104238 0.0248105 0.0249987 1.86093
-0.211321 0.112559 0.0247776 0.0249988 1.86093
-0.205641 0.12079 0.0247435 0.024999 1.86093
-0.199823 0.128924 0.0247085 0.0249991 1.86093
-0.193862 0.136955 0.0246727 0.0249992 1.86093
-0.187759 0.144876 0.0246364 0.0249993 1.86093
-0.181514 0.152688 0.0245997 0.0249995 1.86093
-0.175137 0.16039 0.0245627 0.0249996 1.86093
-0.168639 0.167992 0.0245255 0.0249997 1.86093
-0.162048 0.175512 0.0244883 0.0249999 1.86093
-0.155449 0.183026 0.0244511 0.0249999 1.86093
