-1.50521 -0.0111977 0.0248541 0.025 2.96148
-1.49909 -0.00329129 0.0248679 0.0250001 2.96148
-1.49288 0.00454346 0.0248817 0.0250002 2.96148
-1.48654 0.0122773 0.0248955 0.0250003 2.96148
-1.48004 0.0198783 0.0249092 0.0250004 2.96148
-1.47335 0.0273117 0.0249226 0.0250005 2.96148
-1.46644 0.0345392 0.0249357 0.0250006 2.96148
-1.45928 0.0415198 0.0249482 0.0250006 2.96148
-1.45185 0.0482089 0.0249602 0.0250007 2.96148
-1.44413 0.0545594 0.0249713 0.0250008 2.96148
-1.4361 0.0605216 0.0249816 0.0250008 2.96148
-1.42776 0.0660442 0.0249908 0.0250008 2.96148
-1.41912 0.0710749 0.024999 0.0250008 2.96148
-1.41018 0.075562 0.025006 0.0250008 2.96148
-1.40097 0.0794548 0.0250117 0.0250007 2.96148
-1.39152 0.082706 0.0250164 0.0250006 2.96148
-1.38185 0.0852723 0.0250199 0.0250004 2.96148
-1.37202 0.0871164 0.0250224 0.0250002 2.96148
-1.36208 0.0882083 0.025024 0.025 2.96148
-1.35209 0.0885266 0.025025 0.0249998 2.96148
-1.3421 0.0880581 0.0250255 0.0249997 2.96148
-1.33218 0.0867997 0.0250256 0.0249995 2.96148
-1.32239 0.0847579 0.0250255 0.0249993 2.96148
-1.31279 0.0819493 0.0250253 0.0249992 2.96148
-1.30344 0.0783995 0.0250251 0.0249991 2.96148
-1.29439 0.074143 0.0250249 0.024999 2.96148
-1.28569 0.0692213 0.0250247 0.0249989 2.96148
-1.27736 0.063682 0.0250247 0.0249989 2.96148
-1.26944 0.0575772 0.0250248 0.0249989 2.96148
-1.26194 0.0509618 0.0250249 0.0249989 2.96148
-1.25486 0.0438919 0.0250251 0.0249989 2.96148
-1.24821 0.0364235 0.0250252 0.0249989 2.96148
-1.24197 0.0286111 0.0250252 0.024999 2.96148
-1.23611 0.0205067 0.025025 0.0249991 2.96148
-1.2306 0.0121588 0.0250244 0.0249992 2.96148
-1.22541 0.00361227 0.0250235 0.0249993 2.96148
-1.22049 -0.0050918 0.025022 0.0249994 2.96148
-1.21578 -0.0139162 0.0250199 0.0249995 2.96148
-1.21124 -0.0228271 0.025017 0.0249997 2.96148
-1.20681 -0.0317932 0.0250134 0.0249998 2.96148
-1.20244 -0.0407852 0.0250087 0.0249999 2.96148
-1.19806 -0.0497749 0.0250031 0.0250001 2.96148
-1.19362 -0.0587343 0.0249964 0.0250002 2.96148
-1.18906 -0.0676349 0.0249886 0.0250004 2.96148
-1.18433 -0.0764467 0.0249796 0.0250005 2.96148
-1.17938 -0.0851377 0.0249695 0.0250006 2.96148
-1.17418 -0.0936734 0.0249582 0.0250007 2.96148
-1.16866 -0.102017 0.0249459 0.0250008 2.96148
-1.16282 -0.110129 0.0249325 0.0250009 2.96148
-1.15661 -0.117966 0.0249183 0.0250009 2.96148
-1.15002 -0.125486 0.0249032 0.0250009 2.96148
-1.14303 -0.132642 0.0248876 0.0250009 2.96148
-1.13565 -0.139388 0.0248715 0.0250008 2.96148
-1.12788 -0.145681 0.0248552 0.0250007 2.96148
-1.11973 -0.151475 0.0248388 0.0250006 2.96148
-1.11122 -0.15673 0.0248226 0.0250004 2.96148
-1.10239 -0.161408 0.0248068 0.0250003 2.96148
-1.09325 -0.165476 0.0247916 0.0250001 2.96148
-1.08386 -0.168907 0.0247772 0.0249998 2.96148
-1.07425 -0.171678 0.0247639 0.0249996 2.96148
-1.06447 -0.173775 0.0247517 0.0249993 2.96148
-1.05457 -0.175187 0.024741 0.024999 2.96148
-1.0446 -0.175912 0.0247317 0.0249987 2.96148
-1.0346 -0.175952 0.0247242 0.0249984 2.96148
-1.02461 -0.175317 0.0247183 0.0249982 2.96148
-1.0147 -0.174021 0.0247144 0.0249979 2.96148
-1.00489 -0.172082 0.0247123 0.0249976 2.96148
-0.995216 -0.169522 0.0247122 0.0249973 2.96148
-0.985724 -0.166367 0.0247142 0.024997 2.96148
-0.97644 -0.162645 0.0247182 0.0249967 2.96148
-0.967389 -0.158386 0.0247244 0.0249965 2.96148
-0.958595 -0.153621 0.0247326 0.0249963 2.96148
-0.950074 -0.14838 0.0247426 0.0249961 2.96148
-0.941843 -0.142695 0.0247544 0.0249961 2.96148
-0.933913 -0.136598 0.0247677 0.024996 2.96148
-0.926291 -0.13012 0.0247823 0.0249961 2.96148
-0.918982 -0.123291 0.0247981 0.0249961 2.96148
-0.911988 -0.116139 0.0248148 0.0249962 2.96148
-0.905307 -0.108695 0.0248323 0.0249963 2.96148
-0.898936 -0.100983 0.0248506 0.0249964 2.96148
-0.892868 -0.0930309 0.0248694 0.0249965 2.96148
-0.887096 -0.0848617 0.0248888 0.0249965 2.96148
-0.881608 -0.0764986 0.0249085 0.0249966 2.96148
-0.876393 -0.067963 0.0249285 0.0249967 2.96148
-0.871436 -0.0592748 0.0249484 0.0249968 2.96148
-0.866723 -0.0504527 0.0249682 0.0249969 2.96148
-0.862234 -0.0415137 0.0249874 0.0249971 2.96148
-0.857954 -0.0324738 0.0250057 0.0249974 2.96148
-0.853862 -0.0233472 0.0250229 0.0249977 2.96148
-0.849938 -0.0141471 0.0250388 0.024998 2.96148
-0.846164 -0.00488519 0.025053 0.0249984 2.96148
-0.842519 0.00442795 0.0250656 0.0249988 2.96148
-0.838983 0.0137829 0.0250766 0.0249991 2.96148
-0.835536 0.0231707 0.025086 0.0249994 2.96148
-0.832158 0.0325832 0.0250942 0.0249996 2.96148
-0.828828 0.0420128 0.0251014 0.0249998 2.96148
-0.825529 0.0514529 0.0251081 0.0249998 2.96148
-0.822242 0.0608974 0.0251144 0.0249999 2.96148
-0.818954 0.0703415 0.0251207 0.0249999 2.96148
-0.815656 0.079782 0.025127 0.025 2.96148
-0.812355 0.0892215 0.0251333 0.025 2.96148
