-1.81835 -0.0800884 0.0250142 0.0250001 3.52176
-1.81249 -0.088191 0.0250165 0.0250001 3.52176
-1.80664 -0.0962975 0.0250188 0.0250003 3.52176
-1.80077 -0.104395 0.025021 0.0250004 3.52176
-1.79487 -0.112467 0.0250231 0.0250005 3.52176
-1.7889 -0.120491 0.0250251 0.0250006 3.52176
-1.78284 -0.128445 0.0250268 0.0250007 3.52176
-1.77665 -0.136299 0.0250283 0.0250008 3.52176
-1.7703 -0.144025 0.0250295 0.0250009 3.52176
-1.76376 -0.151587 0.0250304 0.0250009 3.52176
-1.75699 -0.158949 0.0250309 0.0250009 3.52176
-1.74997 -0.166068 0.0250308 0.025001 3.52176
-1.74267 -0.172902 0.0250303 0.025001 3.52176
-1.73508 -0.179401 0.0250291 0.0250009 3.52176
-1.72716 -0.185517 0.0250274 0.0250009 3.52176
-1.71893 -0.191196 0.025025 0.0250008 3.52176
-1.71039 -0.196385 0.025022 0.0250007 3.52176
-1.70153 -0.20103 0.0250185 0.0250006 3.52176
-1.69239 -0.205079 0.0250146 0.0250005 3.52176
-1.68298 -0.20848 0.0250104 0.0250003 3.52176
-1.67336 -0.211188 0.0250062 0.0250002 3.52176
-1.66356 -0.213161 0.025002 0.0250001 3.52176
-1.65363 -0.214365 0.0249981 0.025 3.52176
-1.64364 -0.214774 0.0249946 0.0249999 3.52176
-1.63364 -0.214369 0.0249917 0.0249998 3.52176
-1.62372 -0.213146 0.0249894 0.0249997 3.52176
-1.61393 -0.211106 0.024988 0.0249996 3.52176
-1.60434 -0.208266 0.0249875 0.0249996 3.52176
-1.59502 -0.204649 0.024988 0.0249995 3.52176
-1.58602 -0.20029 0.0249894 0.0249995 3.52176
-1.57739 -0.195232 0.0249918 0.0249994 3.52176
-1.56918 -0.189523 0.0249951 0.0249994 3.52176
-1.56141 -0.18322 0.0249992 0.0249994 3.52176
-1.55412 -0.176381 0.025004 0.0249994 3.52176
-1.5473 -0.169064 0.0250093 0.0249994 3.52176
-1.54096 -0.16133 0.025015 0.0249995 3.52176
-1.53509 -0.153235 0.0250207 0.0249995 3.52176
-1.52966 -0.144836 0.0250262 0.0249995 3.52176
-1.52465 -0.136182 0.0250314 0.0249996 3.52176
-1.52002 -0.12732 0.025036 0.0249996 3.52176
-1.51572 -0.118292 0.0250397 0.0249997 3.52176
-1.5117 -0.109133 0.0250425 0.0249998 3.52176
-1.50791 -0.0998774 0.025044 0.0249999 3.52176
-1.5043 -0.0905521 0.0250442 0.025 3.52176
-1.50081 -0.0811829 0.0250427 0.0250002 3.52176
-1.49737 -0.0717932 0.0250396 0.0250004 3.52176
-1.49393 -0.0624049 0.0250346 0.0250006 3.52176
-1.49042 -0.0530393 0.0250276 0.0250008 3.52176
-1.4868 -0.0437186 0.0250186 0.0250011 3.52176
-1.48301 -0.034466 0.0250074 0.0250013 3.52176
-1.479 -0.0253068 0.0249942 0.0250015 3.52176
-1.47472 -0.0162685 0.0249789 0.0250018 3.52176
-1.47014 -0.00738162 0.0249617 0.025002 3.52176
-1.46522 0.00132097 0.0249427 0.0250022 3.52176
-1.45993 0.00980363 0.0249221 0.0250024 3.52176
-1.45424 0.0180285 0.0249004 0.0250025 3.52176
-1.44815 0.0259562 0.0248777 0.0250026 3.52176
-1.44164 0.033546 0.0248545 0.0250026 3.52176
-1.43472 0.0407569 0.0248311 0.0250026 3.52176
-1.42738 0.0475487 0.0248079 0.0250026 3.52176
-1.41965 0.0538821 0.0247854 0.0250025 3.52176
-1.41153 0.0597202 0.0247638 0.0250024 3.52176
-1.40306 0.0650289 0.0247437 0.0250023 3.52176
-1.39426 0.0697776 0.0247252 0.0250022 3.52176
-1.38517 0.0739399 0.0247087 0.025002 3.52176
-1.37582 0.0774935 0.0246943 0.0250018 3.52176
-1.36626 0.0804211 0.0246822 0.0250016 3.52176
-1.35653 0.0827102 0.0246726 0.0250014 3.52176
-1.34667 0.084353 0.0246655 0.0250012 3.52176
-1.33672 0.0853462 0.0246609 0.0250009 3.52176
-1.32672 0.0856912 0.0246588 0.0250007 3.52176
-1.31673 0.0853935 0.0246591 0.0250004 3.52176
-1.30677 0.0844625 0.0246618 0.0250002 3.52176
-1.29689 0.0829112 0.0246667 0.0249999 3.52176
-1.28713 0.0807561 0.0246737 0.0249997 3.52176
-1.27751 0.0780167 0.0246827 0.0249994 3.52176
-1.26807 0.074715 0.0246935 0.0249992 3.52176
-1.25883 0.0708754 0.024706 0.0249989 3.52176
-1.24983 0.0665246 0.02472 0.0249987 3.52176
-1.24107 0.0616903 0.0247354 0.0249985 3.52176
-1.23259 0.0564013 0.024752 0.0249983 3.52176
-1.22438 0.0506867 0.0247696 0.0249982 3.52176
-1.21646 0.044576 0.024788 0.0249981 3.52176
-1.20884 0.0380985 0.024807 0.024998 3.52176
-1.20152 0.0312834 0.0248264 0.024998 3.52176
-1.1945 0.024159 0.0248461 0.024998 3.52176
-1.18778 0.0167533 0.0248659 0.0249981 3.52176
-1.18135 0.00909283 0.0248855 0.0249982 3.52176
-1.1752 0.00120347 0.0249049 0.0249983 3.52176
-1.16933 -0.00689032 0.0249241 0.0249984 3.52176
-1.16371 -0.0151653 0.0249428 0.0249985 3.52176
-1.15833 -0.0235997 0.024961 0.0249987 3.52176
-1.15319 -0.0321729 0.0249788 0.0249988 3.52176
-1.14824 -0.0408658 0.0249961 0.024999 3.52176
-1.14348 -0.0496604 0.025013 0.0249991 3.52176
-1.13888 -0.0585401 0.0250294 0.0249993 3.52176
-1.13441 -0.0674892 0.0250455 0.0249994 3.52176
-1.13006 -0.0764929 0.0250612 0.0249996 3.52176
-1.1258 -0.0855371 0.0250768 0.0249997 3.52176
-1.12158 -0.0946071 0.0250922 0.0249999 3.52176
-1.11737 -0.103677 0.0251076 0.0249999 3.52176
