-0.932905 -0.0132974 0.0251003 0.025 2.001
-0.927755 -0.0047255 0.0250997 0.025 2.001
-0.922574 0.00382762 0.0250991 0.0250001 2.001
-0.917336 0.0123459 0.0250985 0.0250003 2.001
-0.912011 0.0208101 0.0250977 0.0250004 2.001
-0.906567 0.0291976 0.0250966 0.0250005 2.001
-0.900968 0.0374824 0.0250952 0.0250006 2.001
-0.895178 0.0456356 0.0250933 0.0250008 2.001
-0.889165 0.0536244 0.0250907 0.0250009 2.001
-0.882893 0.0614125 0.0250875 0.025001 2.001
-0.876334 0.0689601 0.0250836 0.025001 2.001
-0.869462 0.0762236 0.025079 0.025001 2.001
-0.862257 0.0831561 0.0250737 0.025001 2.001
-0.854703 0.0897077 0.0250678 0.025001 2.001
-0.846794 0.095826 0.0250613 0.0250009 2.001
-0.838531 0.101458 0.0250544 0.0250008 2.001
-0.829925 0.106548 0.025047 0.0250006 2.001
-0.820993 0.111045 0.0250395 0.0250004 2.001
-0.811766 0.114899 0.0250319 0.0250002 2.001
-0.802279 0.118062 0.0250245 0.025 2.001
-0.792579 0.120493 0.0250175 0.0249998 2.001
-0.782719 0.12216 0.0250108 0.0249996 2.001
-0.772757 0.123035 0.0250047 0.0249994 2.001
-0.762757 0.123102 0.0249992 0.0249993 2.001
-0.752784 0.122355 0.0249943 0.0249991 2.001
-0.742905 0.120796 0.0249901 0.024999 2.001
-0.733186 0.118441 0.0249866 0.024999 2.001
-0.723687 0.115313 0.0249838 0.0249989 2.001
-0.714464 0.111445 0.0249817 0.0249989 2.001
-0.705566 0.10688 0.0249801 0.0249989 2.001
-0.697033 0.101664 0.024979 0.024999 2.001
-0.688895 0.0958507 0.0249784 0.024999 2.001
-0.681172 0.0894969 0.0249781 0.0249991 2.001
-0.673873 0.0826601 0.0249781 0.0249992 2.001
-0.666998 0.0753983 0.0249782 0.0249993 2.001
-0.660533 0.0677678 0.0249783 0.0249994 2.001
-0.65446 0.0598228 0.0249783 0.0249994 2.001
-0.648748 0.0516141 0.0249781 0.0249995 2.001
-0.643361 0.0431888 0.0249775 0.0249996 2.001
-0.638255 0.03459 0.0249765 0.0249996 2.001
-0.633383 0.0258568 0.024975 0.0249997 2.001
-0.628693 0.0170249 0.0249728 0.0249998 2.001
-0.624129 0.00812679 0.0249697 0.0249999 2.001
-0.619636 -0.000807026 0.0249656 0.0250001 2.001
-0.615156 -0.00974752 0.0249603 0.0250002 2.001
-0.610634 -0.0186662 0.0249537 0.0250004 2.001
-0.606014 -0.0275346 0.0249456 0.0250007 2.001
-0.601245 -0.0363233 0.0249359 0.0250009 2.001
-0.596277 -0.0450013 0.0249245 0.0250011 2.001
-0.591067 -0.0535356 0.0249113 0.0250014 2.001
-0.585575 -0.0618911 0.0248965 0.0250016 2.001
-0.579768 -0.0700304 0.0248799 0.0250018 2.001
-0.573618 -0.0779139 0.0248618 0.025002 2.001
-0.567106 -0.0855005 0.0248424 0.0250021 2.001
-0.560218 -0.0927477 0.0248217 0.0250022 2.001
-0.552949 -0.0996126 0.0248002 0.0250022 2.001
-0.545301 -0.106053 0.0247782 0.0250023 2.001
-0.537284 -0.112027 0.0247561 0.0250022 2.001
-0.528914 -0.117496 0.0247342 0.0250021 2.001
-0.520214 -0.122423 0.024713 0.025002 2.001
-0.511213 -0.126776 0.024693 0.0250018 2.001
-0.501945 -0.130528 0.0246744 0.0250016 2.001
-0.492448 -0.133654 0.0246577 0.0250014 2.001
-0.482762 -0.136136 0.0246433 0.0250011 2.001
-0.472931 -0.137963 0.0246313 0.0250008 2.001
-0.462999 -0.139127 0.024622 0.0250005 2.001
-0.453012 -0.139626 0.0246156 0.0250002 2.001
-0.443014 -0.139463 0.0246122 0.0249999 2.001
-0.433047 -0.138646 0.0246117 0.0249996 2.001
-0.423153 -0.137188 0.0246141 0.0249993 2.001
-0.413372 -0.135104 0.0246195 0.024999 2.001
-0.40374 -0.132413 0.0246275 0.0249987 2.001
-0.394291 -0.129137 0.0246381 0.0249984 2.001
-0.385054 -0.125301 0.024651 0.0249982 2.001
-0.376058 -0.120931 0.0246661 0.0249979 2.001
-0.367325 -0.116055 0.0246831 0.0249977 2.001
-0.358875 -0.110704 0.0247017 0.0249975 2.001
-0.350724 -0.104907 0.0247218 0.0249974 2.001
-0.342886 -0.0986936 0.024743 0.0249973 2.001
-0.335369 -0.0920953 0.0247652 0.0249972 2.001
-0.32818 -0.0851414 0.0247879 0.0249972 2.001
-0.32132 -0.0778616 0.0248109 0.0249972 2.001
-0.314791 -0.0702842 0.0248339 0.0249972 2.001
-0.308589 -0.062437 0.0248566 0.0249973 2.001
-0.302709 -0.0543463 0.0248789 0.0249974 2.001
-0.297141 -0.0460373 0.0249005 0.0249976 2.001
-0.291875 -0.0375338 0.0249211 0.0249978 2.001
-0.286899 -0.028858 0.0249407 0.024998 2.001
-0.282197 -0.0200306 0.0249591 0.0249982 2.001
-0.277753 -0.0110709 0.0249764 0.0249984 2.001
-0.273548 -0.00199652 0.0249924 0.0249986 2.001
-0.269563 0.00717642 0.0250073 0.0249988 2.001
-0.265778 0.0164331 0.025021 0.024999 2.001
-0.262169 0.0257602 0.0250336 0.0249991 2.001
-0.258716 0.0351457 0.0250454 0.0249993 2.001
-0.255395 0.0445785 0.0250563 0.0249995 2.001
-0.252182 0.0540487 0.0250666 0.0249996 2.001
-0.249053 0.0635469 0.0250764 0.0249998 2.001
-0.245985 0.0730646 0.0250859 0.0249999 2.001
-0.242952 0.0825938 0.0250953 0.0249999 2.001
-0.23992 0.0921231 0.0251047 0.025 2.001
