-2.06578 0.00431376 0.0248259 0.0250001 3.90195
-2.05777 0.0102984 0.0248351 0.0250001 3.90195
-2.04963 0.016104 0.0248444 0.0250002 3.90195
-2.04133 0.0216773 0.0248537 0.0250003 3.90195
-2.03284 0.0269661 0.0248632 0.0250004 3.90195
-2.02415 0.0319183 0.0248726 0.0250004 3.90195
-2.01525 0.036482 0.0248822 0.0250005 3.90195
-2.00614 0.0406052 0.0248918 0.0250005 3.90195
-1.99683 0.0442371 0.0249014 0.0250005 3.90195
-1.98732 0.0473289 0.0249112 0.0250004 3.90195
-1.97764 0.0498346 0.0249209 0.0250004 3.90195
-1.96782 0.0517123 0.0249308 0.0250003 3.90195
-1.95789 0.0529256 0.0249407 0.0250002 3.90195
-1.9479 0.0534447 0.0249507 0.025 3.90195
-1.9379 0.0532472 0.0249607 0.0249999 3.90195
-1.92795 0.0523195 0.0249709 0.0249997 3.90195
-1.91809 0.0506568 0.0249811 0.0249996 3.90195
-1.90838 0.0482633 0.0249914 0.0249995 3.90195
-1.89887 0.0451522 0.0250017 0.0249994 3.90195
-1.88962 0.0413456 0.0250119 0.0249993 3.90195
-1.88068 0.0368733 0.0250218 0.0249993 3.90195
-1.87208 0.0317723 0.0250314 0.0249992 3.90195
-1.86385 0.0260855 0.0250405 0.0249993 3.90195
-1.85603 0.0198601 0.0250489 0.0249993 3.90195
-1.84861 0.0131464 0.0250565 0.0249994 3.90195
-1.84162 0.00599595 0.0250631 0.0249995 3.90195
-1.83505 -0.00153914 0.0250685 0.0249996 3.90195
-1.82888 -0.009408 0.0250726 0.0249998 3.90195
-1.82309 -0.0175617 0.0250753 0.025 3.90195
-1.81765 -0.0259542 0.0250764 0.0250001 3.90195
-1.81253 -0.0345426 0.0250758 0.0250003 3.90195
-1.80768 -0.0432875 0.0250735 0.0250005 3.90195
-1.80305 -0.0521527 0.0250694 0.0250007 3.90195
-1.7986 -0.0611053 0.0250635 0.0250009 3.90195
-1.79426 -0.0701147 0.0250559 0.0250011 3.90195
-1.78998 -0.0791522 0.0250464 0.0250012 3.90195
-1.7857 -0.08819 0.0250354 0.0250014 3.90195
-1.78137 -0.0972003 0.0250227 0.0250015 3.90195
-1.77692 -0.106155 0.0250086 0.0250016 3.90195
-1.7723 -0.115023 0.0249933 0.0250016 3.90195
-1.76746 -0.123772 0.0249769 0.0250017 3.90195
-1.76235 -0.132368 0.0249595 0.0250017 3.90195
-1.75693 -0.140771 0.0249415 0.0250017 3.90195
-1.75117 -0.148939 0.024923 0.0250016 3.90195
-1.74503 -0.156829 0.0249043 0.0250015 3.90195
-1.73849 -0.164392 0.0248857 0.0250014 3.90195
-1.73154 -0.17158 0.0248673 0.0250013 3.90195
-1.72417 -0.178342 0.0248493 0.0250011 3.90195
-1.71639 -0.184628 0.0248321 0.0250009 3.90195
-1.70822 -0.190391 0.0248158 0.0250007 3.90195
-1.69968 -0.195585 0.0248007 0.0250004 3.90195
-1.69079 -0.200167 0.0247868 0.0250001 3.90195
-1.6816 -0.204103 0.0247744 0.0249998 3.90195
-1.67214 -0.207362 0.0247637 0.0249995 3.90195
-1.66247 -0.20992 0.0247546 0.0249991 3.90195
-1.65264 -0.211763 0.0247474 0.0249988 3.90195
-1.64271 -0.212882 0.024742 0.0249985 3.90195
-1.63271 -0.213277 0.0247386 0.0249981 3.90195
-1.62272 -0.212955 0.0247371 0.0249977 3.90195
-1.61277 -0.211931 0.0247376 0.0249974 3.90195
-1.60291 -0.210224 0.02474 0.0249971 3.90195
-1.59319 -0.20786 0.0247442 0.0249967 3.90195
-1.58365 -0.204869 0.0247503 0.0249964 3.90195
-1.57431 -0.201285 0.0247581 0.0249961 3.90195
-1.5652 -0.197142 0.0247676 0.0249959 3.90195
-1.55635 -0.192478 0.0247786 0.0249956 3.90195
-1.54778 -0.187331 0.024791 0.0249955 3.90195
-1.53948 -0.181739 0.0248046 0.0249953 3.90195
-1.53148 -0.175737 0.0248192 0.0249952 3.90195
-1.52377 -0.169361 0.0248345 0.0249952 3.90195
-1.51635 -0.162646 0.0248503 0.0249952 3.90195
-1.50923 -0.155622 0.0248663 0.0249952 3.90195
-1.50239 -0.148321 0.0248822 0.0249952 3.90195
-1.49583 -0.14077 0.0248977 0.0249953 3.90195
-1.48954 -0.132995 0.0249126 0.0249954 3.90195
-1.4835 -0.125021 0.0249265 0.0249956 3.90195
-1.4777 -0.11687 0.0249393 0.0249957 3.90195
-1.47212 -0.108563 0.0249506 0.0249959 3.90195
-1.46676 -0.10012 0.0249602 0.0249961 3.90195
-1.46159 -0.091557 0.024968 0.0249963 3.90195
-1.45659 -0.0828913 0.0249738 0.0249965 3.90195
-1.45175 -0.0741374 0.0249774 0.0249967 3.90195
-1.44705 -0.0653089 0.0249788 0.024997 3.90195
-1.44247 -0.0564184 0.0249778 0.0249972 3.90195
-1.43798 -0.0474773 0.0249745 0.0249974 3.90195
-1.43358 -0.0384966 0.0249689 0.0249977 3.90195
-1.42924 -0.029486 0.0249609 0.0249979 3.90195
-1.42494 -0.020455 0.0249507 0.0249981 3.90195
-1.42067 -0.0114123 0.0249384 0.0249983 3.90195
-1.4164 -0.00236628 0.0249241 0.0249985 3.90195
-1.41213 0.00667473 0.024908 0.0249986 3.90195
-1.40782 0.0157029 0.0248903 0.0249988 3.90195
-1.40348 0.0247106 0.0248711 0.024999 3.90195
-1.39908 0.0336907 0.0248508 0.0249991 3.90195
-1.39461 0.0426368 0.0248294 0.0249992 3.90195
-1.39006 0.0515431 0.0248072 0.0249994 3.90195
-1.38542 0.0604051 0.0247844 0.0249995 3.90195
-1.3807 0.0692204 0.0247612 0.0249996 3.90195
-1.3759 0.0779895 0.0247376 0.0249997 3.90195
-1.37102 0.0867191 0.0247139 0.0249999 3.90195
-1.36613 0.0954452 0.0246902 0.0249999 3.90195
