-0.451076 0.0711598 0.0250185 0.0250001 0.54027
-0.443257 0.064925 0.0250181 0.0250001 0.54027
-0.435455 0.0586708 0.0250178 0.0250002 0.54027
-0.427664 0.0524022 0.0250174 0.0250004 0.54027
-0.419877 0.0461283 0.025017 0.0250005 0.54027
-0.412085 0.039861 0.0250166 0.0250006 0.54027
-0.404277 0.0336143 0.0250162 0.0250007 0.54027
-0.39644 0.0274042 0.0250157 0.0250008 0.54027
-0.38856 0.0212483 0.0250151 0.0250009 0.54027
-0.380624 0.0151657 0.0250143 0.025001 0.54027
-0.372617 0.00917634 0.0250134 0.0250011 0.54027
-0.364526 0.00330161 0.0250124 0.0250011 0.54027
-0.356337 -0.00243637 0.0250111 0.0250012 0.54027
-0.348038 -0.00801468 0.0250096 0.0250012 0.54027
-0.33962 -0.0134098 0.025008 0.0250012 0.54027
-0.331072 -0.018598 0.0250061 0.0250011 0.54027
-0.322388 -0.0235551 0.025004 0.0250008 0.54027
-0.313563 -0.0282574 0.0250018 0.0250005 0.54027
-0.304595 -0.0326811 0.0249994 0.0250002 0.54027
-0.295484 -0.0368035 0.0249969 0.0249998 0.54027
-0.286234 -0.0406027 0.0249943 0.0249995 0.54027
-0.276849 -0.0440583 0.0249917 0.0249991 0.54027
-0.267339 -0.0471516 0.0249893 0.0249987 0.54027
-0.257713 -0.0498664 0.024987 0.0249983 0.54027
-0.247985 -0.0521888 0.024985 0.0249979 0.54027
-0.238169 -0.0541072 0.0249833 0.0249975 0.54027
-0.228281 -0.0556129 0.0249821 0.0249971 0.54027
-0.218338 -0.0567003 0.0249814 0.0249968 0.54027
-0.208357 -0.0573671 0.0249812 0.0249964 0.54027
-0.198357 -0.0576142 0.0249816 0.0249962 0.54027
-0.188355 -0.057446 0.0249825 0.0249961 0.54027
-0.178369 -0.0568706 0.024984 0.0249961 0.54027
-0.168413 -0.0558989 0.024986 0.0249961 0.54027
-0.158502 -0.0545452 0.0249885 0.0249962 0.54027
-0.148648 -0.0528267 0.0249915 0.0249963 0.54027
-0.13886 -0.050763 0.0249948 0.0249964 0.54027
-0.129146 -0.048376 0.0249985 0.0249965 0.54027
-0.119511 -0.0456895 0.0250025 0.0249966 0.54027
-0.109956 -0.0427289 0.0250066 0.0249967 0.54027
-0.100482 -0.0395206 0.0250108 0.0249969 0.54027
-0.0910858 -0.036092 0.025015 0.024997 0.54027
-0.0817618 -0.0324713 0.0250191 0.0249972 0.54027
-0.0725033 -0.0286866 0.0250231 0.0249974 0.54027
-0.0633015 -0.0247664 0.0250268 0.0249975 0.54027
-0.0541463 -0.0207391 0.0250302 0.0249977 0.54027
-0.0450264 -0.0166326 0.0250332 0.0249978 0.54027
-0.0359299 -0.0124747 0.0250358 0.024998 0.54027
-0.0268448 -0.00829245 0.0250379 0.0249981 0.54027
-0.0177588 -0.00411239 0.0250395 0.0249983 0.54027
-0.00866008 3.97176e-05 0.0250405 0.0249984 0.54027
0.000462479 0.00413888 0.025041 0.0249985 0.54027
0.00961916 0.00816101 0.0250409 0.0249987 0.54027
0.0188191 0.012083 0.0250402 0.0249988 0.54027
0.0280701 0.0158828 0.025039 0.0249988 0.54027
0.0373784 0.0195396 0.0250373 0.0249989 0.54027
0.046749 0.0230338 0.0250351 0.024999 0.54027
0.0561851 0.026347 0.0250324 0.024999 0.54027
0.0656882 0.0294625 0.0250294 0.024999 0.54027
0.0752585 0.0323649 0.025026 0.024999 0.54027
0.0848947 0.0350405 0.0250224 0.024999 0.54027
0.0945942 0.0374772 0.0250186 0.024999 0.54027
0.104353 0.0396646 0.0250146 0.0249989 0.54027
0.114166 0.0415937 0.0250106 0.0249989 0.54027
0.124027 0.0432574 0.0250066 0.0249988 0.54027
0.133931 0.0446503 0.0250027 0.0249988 0.54027
0.143869 0.0457682 0.0249989 0.0249987 0.54027
0.153835 0.0466086 0.0249953 0.0249986 0.54027
0.16382 0.0471702 0.0249919 0.0249985 0.54027
0.173818 0.0474533 0.0249889 0.0249984 0.54027
0.183819 0.0474589 0.0249863 0.0249983 0.54027
0.193817 0.0471891 0.024984 0.0249982 0.54027
0.203803 0.0466473 0.0249823 0.0249981 0.54027
0.213772 0.0458374 0.024981 0.024998 0.54027
0.223716 0.0447636 0.0249803 0.0249979 0.54027
0.233629 0.0434308 0.0249801 0.0249978 0.54027
0.243504 0.0418442 0.0249804 0.0249978 0.54027
0.253336 0.0400095 0.0249811 0.0249978 0.54027
0.26312 0.0379329 0.0249823 0.0249978 0.54027
0.27285 0.0356208 0.024984 0.0249978 0.54027
0.282524 0.0330801 0.024986 0.0249978 0.54027
0.292137 0.030318 0.0249883 0.0249978 0.54027
0.301686 0.027342 0.0249908 0.0249979 0.54027
0.311168 0.02416 0.0249936 0.0249979 0.54027
0.320581 0.02078 0.0249965 0.024998 0.54027
0.329924 0.0172106 0.0249995 0.0249981 0.54027
0.339196 0.0134604 0.0250025 0.0249981 0.54027
0.348396 0.00953832 0.0250056 0.0249982 0.54027
0.357525 0.0054536 0.0250086 0.0249983 0.54027
0.366584 0.00121568 0.0250116 0.0249984 0.54027
0.375575 -0.00316581 0.0250145 0.0249985 0.54027
0.384498 -0.00768096 0.0250172 0.0249987 0.54027
0.393359 -0.0123197 0.0250198 0.0249988 0.54027
0.402158 -0.0170716 0.0250223 0.0249989 0.54027
0.410902 -0.0219263 0.0250246 0.024999 0.54027
0.419594 -0.0268729 0.0250268 0.0249992 0.54027
0.428239 -0.0319004 0.0250289 0.0249993 0.54027
0.436843 -0.0369975 0.0250308 0.0249995 0.54027
0.445412 -0.0421523 0.0250325 0.0249996 0.54027
0.453954 -0.0473522 0.0250342 0.0249997 0.54027
0.462478 -0.0525825 0.0250359 0.0249999 0.54027
0.471002 -0.0578102 0.0250374 0.0249999 0.54027
