-2.44777 -0.0341771 0.0250399 0.0250001 4.62231
-2.44137 -0.0418588 0.0250376 0.0250002 4.62231
-2.43513 -0.0496676 0.0250352 0.0250003 4.62231
-2.42905 -0.0576132 0.025033 0.0250005 4.62231
-2.42317 -0.0656957 0.0250308 0.0250006 4.62231
-2.41746 -0.0739082 0.0250286 0.0250008 4.62231
-2.41193 -0.0822395 0.0250265 0.025001 4.62231
-2.40656 -0.0906748 0.0250245 0.0250011 4.62231
-2.40133 -0.099197 0.0250225 0.0250013 4.62231
-2.39622 -0.107787 0.0250205 0.0250014 4.62231
-2.39118 -0.116425 0.0250184 0.0250016 4.62231
-2.38619 -0.12509 0.0250164 0.0250017 4.62231
-2.38121 -0.133758 0.0250142 0.0250019 4.62231
-2.37619 -0.142406 0.025012 0.025002 4.62231
-2.37109 -0.151009 0.0250097 0.0250021 4.62231
-2.36588 -0.159537 0.0250073 0.0250022 4.62231
-2.36049 -0.167961 0.0250047 0.0250023 4.62231
-2.3549 -0.176248 0.0250021 0.0250023 4.62231
-2.34905 -0.184359 0.0249994 0.0250023 4.62231
-2.34292 -0.192255 0.0249967 0.0250023 4.62231
-2.33646 -0.199891 0.0249941 0.0250022 4.62231
-2.32966 -0.207218 0.0249916 0.0250022 4.62231
-2.32249 -0.214184 0.0249895 0.0250021 4.62231
-2.31493 -0.220735 0.0249878 0.025002 4.62231
-2.30699 -0.226811 0.0249865 0.0250019 4.62231
-2.29867 -0.232355 0.0249859 0.0250018 4.62231
-2.28999 -0.237308 0.0249859 0.0250017 4.62231
-2.28096 -0.241614 0.0249866 0.0250015 4.62231
-2.27164 -0.245218 0.0249881 0.0250014 4.62231
-2.26206 -0.248075 0.0249904 0.0250013 4.62231
-2.25227 -0.250142 0.0249936 0.0250011 4.62231
-2.24235 -0.25139 0.0249975 0.025001 4.62231
-2.23236 -0.251795 0.0250022 0.0250009 4.62231
-2.22237 -0.25135 0.0250075 0.0250008 4.62231
-2.21246 -0.250054 0.0250134 0.0250006 4.62231
-2.20269 -0.247922 0.0250197 0.0250005 4.62231
-2.19313 -0.244977 0.0250264 0.0250004 4.62231
-2.18385 -0.241254 0.0250331 0.0250002 4.62231
-2.1749 -0.236798 0.0250399 0.0250001 4.62231
-2.16632 -0.231657 0.0250465 0.0249999 4.62231
-2.15815 -0.22589 0.025053 0.0249997 4.62231
-2.15041 -0.219556 0.0250593 0.0249995 4.62231
-2.14312 -0.212715 0.0250652 0.0249993 4.62231
-2.13627 -0.20543 0.0250708 0.0249991 4.62231
-2.12985 -0.197759 0.025076 0.024999 4.62231
-2.12385 -0.189758 0.0250808 0.0249988 4.62231
-2.11824 -0.18148 0.0250852 0.0249987 4.62231
-2.11298 -0.172972 0.025089 0.0249987 4.62231
-2.10804 -0.164278 0.0250921 0.0249986 4.62231
-2.10336 -0.155436 0.0250945 0.0249987 4.62231
-2.09891 -0.146481 0.025096 0.0249987 4.62231
-2.09463 -0.137441 0.0250965 0.0249988 4.62231
-2.09047 -0.128346 0.0250958 0.0249989 4.62231
-2.08638 -0.119219 0.0250937 0.0249991 4.62231
-2.08231 -0.110084 0.0250902 0.0249993 4.62231
-2.07821 -0.100963 0.0250851 0.0249995 4.62231
-2.07403 -0.0918787 0.0250783 0.0249997 4.62231
-2.06973 -0.0828523 0.0250697 0.0249999 4.62231
-2.06526 -0.0739073 0.0250592 0.0250001 4.62231
-2.06058 -0.0650679 0.0250469 0.0250004 4.62231
-2.05567 -0.0563596 0.0250327 0.0250006 4.62231
-2.05048 -0.0478096 0.0250167 0.0250008 4.62231
-2.045 -0.0394464 0.024999 0.025001 4.62231
-2.0392 -0.0312997 0.0249798 0.0250012 4.62231
-2.03307 -0.0234006 0.0249592 0.0250013 4.62231
-2.0266 -0.0157808 0.0249374 0.0250014 4.62231
-2.01978 -0.00847235 0.0249147 0.0250015 4.62231
-2.0126 -0.00150756 0.0248914 0.0250016 4.62231
-2.00508 0.00508176 0.0248677 0.0250016 4.62231
-1.99722 0.0112645 0.024844 0.0250016 4.62231
-1.98904 0.0170109 0.0248205 0.0250016 4.62231
-1.98055 0.0222923 0.0247975 0.0250015 4.62231
-1.97177 0.0270824 0.0247754 0.0250014 4.62231
-1.96273 0.031357 0.0247542 0.0250013 4.62231
-1.95346 0.0350943 0.0247344 0.0250011 4.62231
-1.94398 0.0382757 0.0247161 0.025001 4.62231
-1.93433 0.0408857 0.0246995 0.0250008 4.62231
-1.92454 0.0429123 0.0246848 0.0250006 4.62231
-1.91464 0.0443468 0.0246721 0.0250004 4.62231
-1.90468 0.0451847 0.0246615 0.0250002 4.62231
-1.89468 0.045425 0.0246532 0.025 4.62231
-1.88468 0.0450705 0.0246473 0.0249998 4.62231
-1.87473 0.044128 0.0246438 0.0249995 4.62231
-1.86484 0.0426079 0.0246428 0.0249993 4.62231
-1.85506 0.0405242 0.0246444 0.0249991 4.62231
-1.84541 0.0378943 0.0246486 0.0249989 4.62231
-1.83592 0.034738 0.0246553 0.0249988 4.62231
-1.82662 0.031078 0.0246645 0.0249986 4.62231
-1.81751 0.026939 0.0246761 0.0249985 4.62231
-1.80863 0.0223481 0.02469 0.0249985 4.62231
-1.79997 0.0173337 0.0247059 0.0249984 4.62231
-1.79156 0.0119259 0.0247238 0.0249984 4.62231
-1.78339 0.00615578 0.0247434 0.0249985 4.62231
-1.77547 5.53476e-05 0.0247644 0.0249986 4.62231
-1.76778 -0.0063427 0.0247866 0.0249987 4.62231
-1.76032 -0.013005 0.0248099 0.0249988 4.62231
-1.75308 -0.0198972 0.0248338 0.024999 4.62231
-1.74602 -0.0269838 0.0248583 0.0249992 4.62231
-1.73912 -0.0342263 0.0248831 0.0249995 4.62231
-1.73234 -0.041579 0.0249081 0.0249997 4.62231
-1.72557 -0.0489375 0.024933 0.0249999 4.62231
