-2.16492 -0.214364 0.024947 0.025 4.16208
-2.15838 -0.206795 0.0249508 0.0250001 4.16208
-2.15205 -0.199058 0.0249547 0.0250002 4.16208
-2.14595 -0.191137 0.0249587 0.0250003 4.16208
-2.1401 -0.183025 0.0249626 0.0250004 4.16208
-2.13452 -0.174728 0.0249665 0.0250005 4.16208
-2.12921 -0.166253 0.0249701 0.0250007 4.16208
-2.12417 -0.157615 0.0249734 0.0250009 4.16208
-2.1194 -0.14883 0.0249762 0.0250011 4.16208
-2.11487 -0.139917 0.0249784 0.0250013 4.16208
-2.11056 -0.130893 0.0249799 0.0250016 4.16208
-2.10645 -0.121779 0.0249806 0.0250018 4.16208
-2.10249 -0.112595 0.0249804 0.025002 4.16208
-2.09867 -0.103358 0.0249793 0.0250023 4.16208
-2.09492 -0.0940885 0.0249773 0.0250025 4.16208
-2.09121 -0.0848046 0.0249745 0.0250026 4.16208
-2.08749 -0.0755257 0.0249708 0.0250028 4.16208
-2.0837 -0.0662718 0.0249665 0.0250029 4.16208
-2.07981 -0.0570648 0.0249615 0.025003 4.16208
-2.07575 -0.0479288 0.0249561 0.025003 4.16208
-2.07147 -0.0388906 0.0249504 0.0250031 4.16208
-2.06694 -0.0299809 0.0249447 0.025003 4.16208
-2.0621 -0.0212343 0.0249391 0.025003 4.16208
-2.0569 -0.0126901 0.0249338 0.0250029 4.16208
-2.05133 -0.0043924 0.024929 0.0250028 4.16208
-2.04533 0.00361007 0.024925 0.0250027 4.16208
-2.0389 0.0112643 0.0249219 0.0250025 4.16208
-2.03202 0.0185135 0.0249199 0.0250024 4.16208
-2.02467 0.0252985 0.0249191 0.0250021 4.16208
-2.01688 0.0315588 0.0249196 0.0250019 4.16208
-2.00865 0.0372342 0.0249214 0.0250017 4.16208
-2.00001 0.0422669 0.0249246 0.0250014 4.16208
-1.991 0.0466032 0.0249291 0.0250011 4.16208
-1.98166 0.0501953 0.0249349 0.0250009 4.16208
-1.97207 0.0530033 0.0249418 0.0250006 4.16208
-1.96227 0.0549968 0.0249497 0.0250003 4.16208
-1.95234 0.0561554 0.0249584 0.0250001 4.16208
-1.94234 0.0564703 0.0249676 0.0249998 4.16208
-1.93235 0.0559444 0.0249771 0.0249995 4.16208
-1.92245 0.0545921 0.0249868 0.0249992 4.16208
-1.91268 0.0524389 0.0249966 0.0249989 4.16208
-1.90311 0.04952 0.0250064 0.0249986 4.16208
-1.8938 0.0458789 0.0250162 0.0249983 4.16208
-1.88478 0.0415653 0.0250257 0.0249981 4.16208
-1.87607 0.0366331 0.0250351 0.0249979 4.16208
-1.86772 0.0311392 0.0250442 0.0249978 4.16208
-1.85971 0.0251416 0.025053 0.0249977 4.16208
-1.85206 0.0186981 0.0250612 0.0249976 4.16208
-1.84476 0.0118646 0.025069 0.0249976 4.16208
-1.83779 0.00469489 0.025076 0.0249976 4.16208
-1.83112 -0.00276049 0.0250823 0.0249976 4.16208
-1.82473 -0.0104545 0.0250876 0.0249977 4.16208
-1.81858 -0.0183438 0.0250921 0.0249978 4.16208
-1.81264 -0.0263886 0.0250954 0.0249978 4.16208
-1.80686 -0.0345522 0.0250975 0.0249979 4.16208
-1.8012 -0.0428011 0.0250984 0.024998 4.16208
-1.79563 -0.0511042 0.0250978 0.0249982 4.16208
-1.79009 -0.0594321 0.0250959 0.0249983 4.16208
-1.78455 -0.0677569 0.0250923 0.0249984 4.16208
-1.77896 -0.0760518 0.0250872 0.0249986 4.16208
-1.77329 -0.0842904 0.0250803 0.0249988 4.16208
-1.7675 -0.0924463 0.0250716 0.0249989 4.16208
-1.76156 -0.100493 0.0250612 0.0249991 4.16208
-1.75544 -0.108404 0.025049 0.0249992 4.16208
-1.74912 -0.116152 0.0250351 0.0249994 4.16208
-1.74257 -0.12371 0.0250196 0.0249995 4.16208
-1.73578 -0.131049 0.0250024 0.0249996 4.16208
-1.72873 -0.138141 0.0249838 0.0249997 4.16208
-1.72141 -0.144958 0.024964 0.0249998 4.16208
-1.71382 -0.151471 0.0249429 0.0249999 4.16208
-1.70596 -0.157652 0.024921 0.025 4.16208
-1.69783 -0.163473 0.0248984 0.025 4.16208
-1.68944 -0.168908 0.0248753 0.025 4.16208
-1.68079 -0.17393 0.0248521 0.025 4.16208
-1.6719 -0.178516 0.024829 0.025 4.16208
-1.66279 -0.182642 0.0248063 0.0249999 4.16208
-1.65348 -0.186288 0.0247844 0.0249998 4.16208
-1.64399 -0.189435 0.0247634 0.0249997 4.16208
-1.63434 -0.192066 0.0247436 0.0249996 4.16208
-1.62457 -0.194169 0.0247254 0.0249995 4.16208
-1.61469 -0.195734 0.0247088 0.0249993 4.16208
-1.60474 -0.196752 0.024694 0.0249991 4.16208
-1.59475 -0.19722 0.0246811 0.024999 4.16208
-1.58475 -0.197137 0.0246702 0.0249988 4.16208
-1.57477 -0.196507 0.0246614 0.0249986 4.16208
-1.56484 -0.195335 0.0246545 0.0249985 4.16208
-1.55498 -0.193631 0.0246497 0.0249984 4.16208
-1.54523 -0.19141 0.0246468 0.0249982 4.16208
-1.53561 -0.188687 0.0246458 0.0249982 4.16208
-1.52613 -0.185481 0.0246465 0.0249981 4.16208
-1.51683 -0.181814 0.0246488 0.0249981 4.16208
-1.50771 -0.177711 0.0246524 0.0249982 4.16208
-1.49878 -0.173198 0.0246573 0.0249983 4.16208
-1.49006 -0.168305 0.0246632 0.0249984 4.16208
-1.48154 -0.163063 0.0246699 0.0249985 4.16208
-1.47323 -0.157504 0.0246773 0.0249987 4.16208
-1.46511 -0.151665 0.0246851 0.0249989 4.16208
-1.45717 -0.145585 0.0246933 0.0249992 4.16208
-1.44938 -0.139307 0.0247017 0.0249994 4.16208
-1.44172 -0.132886 0.0247101 0.0249997 4.16208
-1.43406 -0.126458 0.0247185 0.0249999 4.16208
