-0.468549 0.0439436 0.0250157 0.0250001 0.48024
-0.460234 0.038389 0.0250144 0.0250001 0.48024
-0.451898 0.0328653 0.0250131 0.0250002 0.48024
-0.443532 0.0273873 0.0250118 0.0250004 0.48024
-0.435126 0.0219709 0.0250104 0.0250005 0.48024
-0.42667 0.0166335 0.0250091 0.0250006 0.48024
-0.418154 0.0113935 0.0250078 0.0250006 0.48024
-0.409566 0.00627022 0.0250064 0.0250006 0.48024
-0.400899 0.00128342 0.025005 0.0250005 0.48024
-0.392143 -0.00354648 0.0250036 0.0250003 0.48024
-0.383291 -0.00819874 0.0250021 0.025 0.48024
-0.374338 -0.0126525 0.0250006 0.0249998 0.48024
-0.365278 -0.0168872 0.0249991 0.0249995 0.48024
-0.356111 -0.0208824 0.0249975 0.0249993 0.48024
-0.346834 -0.0246184 0.024996 0.024999 0.48024
-0.33745 -0.0280765 0.0249945 0.0249987 0.48024
-0.327962 -0.031239 0.0249931 0.0249984 0.48024
-0.318376 -0.0340898 0.0249918 0.024998 0.48024
-0.308698 -0.0366143 0.0249907 0.0249977 0.48024
-0.298937 -0.0388003 0.0249898 0.0249973 0.48024
-0.289105 -0.0406377 0.0249893 0.024997 0.48024
-0.279213 -0.0421184 0.024989 0.0249967 0.48024
-0.269273 -0.0432367 0.0249892 0.0249964 0.48024
-0.259298 -0.0439896 0.0249897 0.0249961 0.48024
-0.249303 -0.0443766 0.0249907 0.0249958 0.48024
-0.239299 -0.0443998 0.0249921 0.0249955 0.48024
-0.229301 -0.0440644 0.0249939 0.0249953 0.48024
-0.219321 -0.0433779 0.024996 0.024995 0.48024
-0.20937 -0.0423507 0.0249985 0.0249949 0.48024
-0.199458 -0.0409955 0.0250012 0.0249949 0.48024
-0.189594 -0.0393275 0.0250042 0.024995 0.48024
-0.179784 -0.0373639 0.0250073 0.0249952 0.48024
-0.170035 -0.035124 0.0250105 0.0249953 0.48024
-0.160347 -0.0326286 0.0250136 0.0249955 0.48024
-0.150723 -0.0299 0.0250167 0.0249957 0.48024
-0.141161 -0.0269617 0.0250196 0.0249959 0.48024
-0.131658 -0.0238379 0.0250222 0.024996 0.48024
-0.122209 -0.0205536 0.0250245 0.0249962 0.48024
-0.112809 -0.0171343 0.0250264 0.0249964 0.48024
-0.103449 -0.0136054 0.0250279 0.0249966 0.48024
-0.0941217 -0.00999286 0.0250289 0.0249968 0.48024
-0.0848171 -0.00632206 0.0250294 0.024997 0.48024
-0.0755258 -0.00261835 0.0250294 0.0249971 0.48024
-0.0662377 0.00109337 0.0250287 0.0249973 0.48024
-0.0569433 0.00478874 0.0250276 0.0249974 0.48024
-0.0476331 0.00844401 0.0250258 0.0249975 0.48024
-0.0382985 0.0120362 0.0250236 0.0249976 0.48024
-0.0289317 0.0155433 0.0250209 0.0249977 0.48024
-0.0195258 0.0189441 0.0250178 0.0249978 0.48024
-0.0100753 0.0222188 0.0250144 0.0249978 0.48024
-0.000575811 0.0253484 0.0250106 0.0249978 0.48024
0.00897563 0.0283156 0.0250067 0.0249978 0.48024
0.0185807 0.0311045 0.0250027 0.0249978 0.48024
0.0282396 0.0337006 0.0249987 0.0249978 0.48024
0.0379515 0.0360912 0.0249947 0.0249977 0.48024
0.0477143 0.038265 0.0249909 0.0249977 0.48024
0.0575246 0.0402129 0.0249874 0.0249976 0.48024
0.0673786 0.0419271 0.0249842 0.0249975 0.48024
0.0772713 0.0434019 0.0249815 0.0249975 0.48024
0.0871973 0.0446331 0.0249793 0.0249974 0.48024
0.0971508 0.0456183 0.0249776 0.0249973 0.48024
0.107126 0.0463568 0.0249766 0.0249972 0.48024
0.117116 0.0468492 0.0249762 0.0249971 0.48024
0.127115 0.0470979 0.0249765 0.024997 0.48024
0.137118 0.0471062 0.0249776 0.0249969 0.48024
0.147118 0.0468786 0.0249793 0.0249968 0.48024
0.15711 0.04642 0.0249817 0.0249968 0.48024
0.167089 0.0457362 0.0249847 0.0249968 0.48024
0.17705 0.0448333 0.0249883 0.0249967 0.48024
0.186991 0.0437181 0.0249923 0.0249967 0.48024
0.196906 0.0423972 0.0249968 0.0249967 0.48024
0.206792 0.0408779 0.0250014 0.0249968 0.48024
0.216647 0.0391673 0.0250062 0.0249968 0.48024
0.226469 0.0372726 0.0250111 0.0249968 0.48024
0.236255 0.0352014 0.0250159 0.0249969 0.48024
0.246003 0.0329609 0.0250205 0.024997 0.48024
0.255713 0.0305587 0.0250248 0.024997 0.48024
0.265383 0.0280024 0.0250287 0.0249971 0.48024
0.275013 0.0252995 0.025032 0.0249972 0.48024
0.284603 0.0224576 0.0250348 0.0249973 0.48024
0.294153 0.0194843 0.025037 0.0249974 0.48024
0.303663 0.0163872 0.0250384 0.0249976 0.48024
0.313135 0.0131739 0.025039 0.0249977 0.48024
0.322569 0.00985207 0.0250389 0.0249978 0.48024
0.331967 0.00642938 0.0250379 0.024998 0.48024
0.34133 0.00291346 0.0250361 0.0249981 0.48024
0.35066 -0.000688039 0.0250336 0.0249982 0.48024
0.35996 -0.00436747 0.0250302 0.0249984 0.48024
0.369232 -0.00811722 0.0250261 0.0249985 0.48024
0.378478 -0.0119297 0.0250214 0.0249986 0.48024
0.387701 -0.0157974 0.025016 0.0249988 0.48024
0.396904 -0.0197128 0.02501 0.0249989 0.48024
0.406089 -0.0236688 0.0250035 0.024999 0.48024
0.415259 -0.0276581 0.0249967 0.0249991 0.48024
0.424418 -0.0316741 0.0249895 0.0249993 0.48024
0.433568 -0.0357104 0.024982 0.0249994 0.48024
0.442712 -0.0397606 0.0249743 0.0249995 0.48024
0.451851 -0.0438188 0.0249665 0.0249996 0.48024
0.46099 -0.0478798 0.0249587 0.0249998 0.48024
0.470129 -0.0519394 0.0249508 0.0249999 0.48024
0.47927 -0.0559952 0.0249429 0.0249999 0.48024
