-0.892218 0.0736854 0.025099 0.0250001 1.90095
-0.8842 0.0796613 0.0250976 0.0250001 1.90095
-0.876051 0.0854567 0.0250963 0.0250002 1.90095
-0.86774 0.091018 0.0250949 0.0250003 1.90095
-0.859245 0.0962929 0.0250937 0.0250004 1.90095
-0.850548 0.101229 0.0250925 0.0250005 1.90095
-0.841642 0.105775 0.0250913 0.0250005 1.90095
-0.832522 0.109878 0.0250902 0.0250005 1.90095
-0.823197 0.113487 0.0250893 0.0250005 1.90095
-0.813679 0.116554 0.0250884 0.0250005 1.90095
-0.803992 0.119034 0.0250877 0.0250004 1.90095
-0.794165 0.120883 0.0250871 0.0250003 1.90095
-0.784235 0.122067 0.0250867 0.0250002 1.90095
-0.774248 0.122556 0.0250865 0.0250001 1.90095
-0.76425 0.122328 0.0250866 0.0249999 1.90095
-0.754296 0.12137 0.025087 0.0249998 1.90095
-0.74444 0.119677 0.0250876 0.0249996 1.90095
-0.734738 0.117254 0.0250885 0.0249995 1.90095
-0.725243 0.114114 0.0250895 0.0249994 1.90095
-0.716006 0.110281 0.0250906 0.0249994 1.90095
-0.707074 0.105783 0.0250917 0.0249993 1.90095
-0.698486 0.100659 0.0250926 0.0249993 1.90095
-0.690275 0.0949509 0.0250931 0.0249994 1.90095
-0.682463 0.0887068 0.0250933 0.0249994 1.90095
-0.675066 0.0819767 0.0250928 0.0249995 1.90095
-0.668089 0.0748124 0.0250915 0.0249996 1.90095
-0.661527 0.0672659 0.0250894 0.0249997 1.90095
-0.655368 0.059388 0.0250861 0.0249999 1.90095
-0.649588 0.0512273 0.0250817 0.025 1.90095
-0.644158 0.04283 0.025076 0.0250002 1.90095
-0.639041 0.0342386 0.025069 0.0250004 1.90095
-0.634194 0.0254926 0.0250605 0.0250006 1.90095
-0.629567 0.0166278 0.0250505 0.0250007 1.90095
-0.625109 0.00767722 0.025039 0.0250009 1.90095
-0.620764 -0.00132859 0.0250261 0.025001 1.90095
-0.616475 -0.0103609 0.0250116 0.0250012 1.90095
-0.612182 -0.0193918 0.0249959 0.0250013 1.90095
-0.60783 -0.0283934 0.0249788 0.0250014 1.90095
-0.603359 -0.0373371 0.0249605 0.0250015 1.90095
-0.598716 -0.0461924 0.0249412 0.0250016 1.90095
-0.593849 -0.0549266 0.0249211 0.0250017 1.90095
-0.588711 -0.0635039 0.0249003 0.0250017 1.90095
-0.583259 -0.0718857 0.0248791 0.0250017 1.90095
-0.577458 -0.0800297 0.0248576 0.0250016 1.90095
-0.57128 -0.0878911 0.0248361 0.0250016 1.90095
-0.564703 -0.0954223 0.0248149 0.0250015 1.90095
-0.557715 -0.102574 0.0247941 0.0250013 1.90095
-0.550313 -0.109296 0.0247741 0.0250012 1.90095
-0.542502 -0.115539 0.0247551 0.025001 1.90095
-0.534297 -0.121254 0.0247373 0.0250007 1.90095
-0.525722 -0.126397 0.0247209 0.0250005 1.90095
-0.516806 -0.130926 0.0247062 0.0250002 1.90095
-0.50759 -0.134806 0.0246933 0.0249999 1.90095
-0.498116 -0.138007 0.0246825 0.0249995 1.90095
-0.488433 -0.140507 0.0246737 0.0249992 1.90095
-0.478592 -0.14229 0.0246673 0.0249988 1.90095
-0.468647 -0.14335 0.0246631 0.0249985 1.90095
-0.458652 -0.143687 0.0246613 0.0249981 1.90095
-0.448657 -0.143309 0.0246619 0.0249977 1.90095
-0.438713 -0.142231 0.0246649 0.0249974 1.90095
-0.428867 -0.140473 0.0246703 0.024997 1.90095
-0.41916 -0.138061 0.0246779 0.0249967 1.90095
-0.409628 -0.135026 0.0246877 0.0249963 1.90095
-0.400305 -0.1314 0.0246997 0.024996 1.90095
-0.391217 -0.127221 0.0247135 0.0249957 1.90095
-0.382385 -0.122524 0.0247292 0.0249955 1.90095
-0.373824 -0.117349 0.0247465 0.0249953 1.90095
-0.365546 -0.111731 0.0247651 0.0249952 1.90095
-0.357558 -0.105709 0.0247847 0.024995 1.90095
-0.349863 -0.0993161 0.024805 0.024995 1.90095
-0.34246 -0.092587 0.0248258 0.024995 1.90095
-0.335347 -0.0855533 0.0248467 0.024995 1.90095
-0.328515 -0.0782449 0.0248673 0.024995 1.90095
-0.321958 -0.0706898 0.0248872 0.0249951 1.90095
-0.315664 -0.0629139 0.0249063 0.0249953 1.90095
-0.309621 -0.0549415 0.0249241 0.0249954 1.90095
-0.303816 -0.0467949 0.0249403 0.0249956 1.90095
-0.298232 -0.0384946 0.0249547 0.0249958 1.90095
-0.292855 -0.0300596 0.0249671 0.024996 1.90095
-0.287667 -0.0215073 0.0249772 0.0249962 1.90095
-0.282649 -0.0128536 0.0249849 0.0249965 1.90095
-0.277785 -0.00411329 0.0249899 0.0249967 1.90095
-0.273055 0.00470022 0.0249923 0.024997 1.90095
-0.268441 0.0135745 0.024992 0.0249972 1.90095
-0.263922 0.0224981 0.0249889 0.0249974 1.90095
-0.259482 0.0314603 0.024983 0.0249977 1.90095
-0.255101 0.0404513 0.0249745 0.0249979 1.90095
-0.25076 0.049462 0.0249634 0.0249981 1.90095
-0.246442 0.0584834 0.0249498 0.0249983 1.90095
-0.242129 0.0675067 0.024934 0.0249985 1.90095
-0.237803 0.0765239 0.024916 0.0249987 1.90095
-0.233448 0.0855268 0.0248962 0.0249988 1.90095
-0.229048 0.0945078 0.0248748 0.024999 1.90095
-0.22459 0.10346 0.024852 0.0249992 1.90095
-0.220061 0.112376 0.024828 0.0249993 1.90095
-0.215451 0.121251 0.0248031 0.0249994 1.90095
-0.210755 0.13008 0.0247775 0.0249996 1.90095
-0.205969 0.13886 0.0247515 0.0249997 1.90095
-0.201096 0.147593 0.0247251 0.0249998 1.90095
-0.196152 0.156286 0.0246986 0.0249999 1.90095
-0.191202 0.164974 0.024672 0.0249999 1.90095
