-1.40653 0.0907532 0.0249028 0.0250001 2.8014
-1.39653 0.0911243 0.0249061 0.0250001 2.8014
-1.38653 0.0911707 0.0249094 0.0250002 2.8014
-1.37654 0.0908239 0.0249128 0.0250003 2.8014
-1.36657 0.0900289 0.0249162 0.0250004 2.8014
-1.35666 0.0887417 0.0249197 0.0250005 2.8014
-1.34682 0.0869282 0.0249234 0.0250005 2.8014
-1.33711 0.0845638 0.0249274 0.0250005 2.8014
-1.32755 0.0816334 0.0249316 0.0250006 2.8014
-1.31818 0.0781305 0.0249363 0.0250006 2.8014
-1.30905 0.0740574 0.0249414 0.0250007 2.8014
-1.30019 0.0694247 0.0249469 0.0250007 2.8014
-1.29163 0.0642505 0.0249528 0.0250008 2.8014
-1.28341 0.0585598 0.0249592 0.0250009 2.8014
-1.27554 0.0523833 0.0249659 0.025001 2.8014
-1.26806 0.0457563 0.0249731 0.0250011 2.8014
-1.26095 0.0387176 0.0249805 0.0250012 2.8014
-1.25424 0.0313079 0.0249882 0.0250013 2.8014
-1.24791 0.0235689 0.024996 0.0250015 2.8014
-1.24195 0.0155425 0.0250039 0.0250016 2.8014
-1.23633 0.00726925 0.0250118 0.0250017 2.8014
-1.23104 -0.0012119 0.0250195 0.0250018 2.8014
-1.22602 -0.00986415 0.0250271 0.025002 2.8014
-1.22126 -0.0186531 0.0250343 0.0250021 2.8014
-1.21669 -0.0275467 0.0250409 0.0250023 2.8014
-1.21227 -0.0365151 0.025047 0.0250024 2.8014
-1.20795 -0.04553 0.0250524 0.0250025 2.8014
-1.20366 -0.0545641 0.0250568 0.0250027 2.8014
-1.19937 -0.0635904 0.0250603 0.0250028 2.8014
-1.19499 -0.0725813 0.0250627 0.0250029 2.8014
-1.19049 -0.0815078 0.0250638 0.025003 2.8014
-1.1858 -0.0903385 0.0250637 0.0250031 2.8014
-1.18088 -0.0990392 0.0250622 0.0250032 2.8014
-1.17567 -0.107572 0.0250593 0.0250032 2.8014
-1.17013 -0.115895 0.0250549 0.0250032 2.8014
-1.16423 -0.123963 0.025049 0.0250032 2.8014
-1.15793 -0.131726 0.0250418 0.0250031 2.8014
-1.15121 -0.139132 0.0250332 0.025003 2.8014
-1.14407 -0.146126 0.0250234 0.0250028 2.8014
-1.13649 -0.152652 0.0250124 0.0250026 2.8014
-1.1285 -0.158654 0.0250005 0.0250023 2.8014
-1.1201 -0.164078 0.0249878 0.025002 2.8014
-1.11132 -0.168872 0.0249746 0.0250016 2.8014
-1.10221 -0.172993 0.0249611 0.0250012 2.8014
-1.09281 -0.176399 0.0249476 0.0250007 2.8014
-1.08317 -0.17906 0.0249344 0.0250002 2.8014
-1.07335 -0.180954 0.0249218 0.0249997 2.8014
-1.06342 -0.182067 0.02491 0.0249991 2.8014
-1.05342 -0.182397 0.0248993 0.0249986 2.8014
-1.04343 -0.181949 0.0248901 0.024998 2.8014
-1.0335 -0.180741 0.0248826 0.0249975 2.8014
-1.02369 -0.178795 0.0248769 0.024997 2.8014
-1.01405 -0.176143 0.0248733 0.0249966 2.8014
-1.00461 -0.172821 0.0248718 0.0249962 2.8014
-0.995419 -0.168873 0.0248725 0.0249958 2.8014
-0.986501 -0.164341 0.0248753 0.0249955 2.8014
-0.977876 -0.159274 0.0248802 0.0249953 2.8014
-0.969556 -0.153718 0.0248871 0.0249951 2.8014
-0.961549 -0.147721 0.0248959 0.0249949 2.8014
-0.953854 -0.141329 0.0249063 0.0249948 2.8014
-0.946463 -0.134586 0.0249183 0.0249948 2.8014
-0.939367 -0.127534 0.0249316 0.0249947 2.8014
-0.93255 -0.120212 0.024946 0.0249947 2.8014
-0.925993 -0.112656 0.0249611 0.0249947 2.8014
-0.919675 -0.1049 0.0249768 0.0249948 2.8014
-0.913571 -0.096974 0.0249928 0.0249949 2.8014
-0.907656 -0.0889052 0.0250087 0.0249949 2.8014
-0.901906 -0.0807191 0.0250242 0.024995 2.8014
-0.896293 -0.072438 0.025039 0.0249952 2.8014
-0.890792 -0.0640828 0.0250528 0.0249953 2.8014
-0.885376 -0.0556721 0.0250653 0.0249954 2.8014
-0.88002 -0.0472233 0.0250761 0.0249956 2.8014
-0.874699 -0.0387524 0.0250849 0.0249958 2.8014
-0.869389 -0.0302746 0.0250915 0.024996 2.8014
-0.864067 -0.0218044 0.0250954 0.0249961 2.8014
-0.858712 -0.0133557 0.0250965 0.0249963 2.8014
-0.853302 -0.00494231 0.0250944 0.0249965 2.8014
-0.847817 0.00342243 0.025089 0.0249967 2.8014
-0.842238 0.011725 0.02508 0.0249969 2.8014
-0.836549 0.019952 0.0250674 0.0249971 2.8014
-0.830734 0.0280898 0.0250509 0.0249973 2.8014
-0.824777 0.0361248 0.0250306 0.0249975 2.8014
-0.818667 0.0440433 0.0250065 0.0249976 2.8014
-0.812392 0.0518316 0.0249786 0.0249978 2.8014
-0.805942 0.0594761 0.0249469 0.0249979 2.8014
-0.799311 0.0669633 0.0249118 0.024998 2.8014
-0.792492 0.07428 0.0248733 0.0249981 2.8014
-0.785482 0.0814129 0.0248317 0.0249983 2.8014
-0.778277 0.0883494 0.0247872 0.0249984 2.8014
-0.770877 0.0950775 0.0247401 0.0249985 2.8014
-0.763284 0.101586 0.0246907 0.0249987 2.8014
-0.7555 0.107866 0.0246392 0.0249988 2.8014
-0.747532 0.113909 0.024586 0.024999 2.8014
-0.739386 0.11971 0.0245313 0.0249991 2.8014
-0.731072 0.125267 0.0244754 0.0249992 2.8014
-0.722601 0.130583 0.0244187 0.0249994 2.8014
-0.713987 0.135663 0.0243613 0.0249995 2.8014
-0.705247 0.140523 0.0243034 0.0249996 2.8014
-0.696402 0.145187 0.0242454 0.0249997 2.8014
-0.687477 0.149698 0.0241872 0.0249999 2.8014
-0.678547 0.154199 0.024129 0.0249999 2.8014
