-0.93852 -0.0315112 0.0250995 0.0250001 2.02101
-0.933678 -0.0227616 0.0250969 0.0250001 2.02101
-0.928841 -0.0140095 0.0250945 0.0250002 2.02101
-0.923989 -0.0052655 0.025092 0.0250003 2.02101
-0.919097 0.0034559 0.0250894 0.0250004 2.02101
-0.914135 0.0121372 0.0250868 0.0250005 2.02101
-0.909068 0.020758 0.0250841 0.0250006 2.02101
-0.903861 0.0292948 0.0250812 0.0250007 2.02101
-0.898477 0.0377209 0.0250779 0.0250008 2.02101
-0.892879 0.0460064 0.0250743 0.0250008 2.02101
-0.887031 0.0541175 0.0250702 0.0250009 2.02101
-0.8809 0.0620169 0.0250655 0.025001 2.02101
-0.874457 0.0696632 0.0250603 0.025001 2.02101
-0.867675 0.0770114 0.0250543 0.025001 2.02101
-0.860537 0.084013 0.0250476 0.025001 2.02101
-0.853028 0.0906167 0.0250402 0.0250009 2.02101
-0.845145 0.0967689 0.0250323 0.0250008 2.02101
-0.836893 0.102415 0.0250239 0.0250007 2.02101
-0.828283 0.107501 0.0250152 0.0250006 2.02101
-0.81934 0.111973 0.0250064 0.0250005 2.02101
-0.810093 0.115781 0.0249978 0.0250004 2.02101
-0.800585 0.118878 0.0249895 0.0250003 2.02101
-0.790865 0.121224 0.0249818 0.0250002 2.02101
-0.780988 0.122787 0.0249749 0.0250001 2.02101
-0.771016 0.123541 0.0249689 0.025 2.02101
-0.761016 0.123473 0.024964 0.0249999 2.02101
-0.751056 0.122579 0.0249603 0.0249998 2.02101
-0.741204 0.120866 0.0249579 0.0249996 2.02101
-0.731525 0.118351 0.0249568 0.0249995 2.02101
-0.722081 0.115061 0.024957 0.0249994 2.02101
-0.712927 0.111035 0.0249585 0.0249993 2.02101
-0.704109 0.106317 0.0249611 0.0249993 2.02101
-0.695666 0.100957 0.0249647 0.0249992 2.02101
-0.687624 0.0950122 0.024969 0.0249992 2.02101
-0.680001 0.0885399 0.0249738 0.0249992 2.02101
-0.6728 0.0815994 0.0249788 0.0249992 2.02101
-0.666019 0.0742495 0.0249838 0.0249993 2.02101
-0.659641 0.0665467 0.0249884 0.0249994 2.02101
-0.653643 0.0585445 0.0249923 0.0249995 2.02101
-0.647993 0.0502932 0.0249952 0.0249995 2.02101
-0.642651 0.0418391 0.024997 0.0249996 2.02101
-0.637573 0.0332242 0.0249975 0.0249998 2.02101
-0.632709 0.0244869 0.0249964 0.0249999 2.02101
-0.628005 0.0156622 0.0249938 0.025 2.02101
-0.623407 0.00678225 0.0249894 0.0250002 2.02101
-0.618857 -0.00212288 0.0249833 0.0250004 2.02101
-0.614302 -0.0110246 0.0249754 0.0250006 2.02101
-0.609686 -0.0198946 0.0249656 0.0250008 2.02101
-0.604956 -0.0287046 0.024954 0.025001 2.02101
-0.600063 -0.0374248 0.0249406 0.0250012 2.02101
-0.594962 -0.0460244 0.0249255 0.0250014 2.02101
-0.58961 -0.0544704 0.0249088 0.0250016 2.02101
-0.583972 -0.0627279 0.0248908 0.0250018 2.02101
-0.578017 -0.0707598 0.0248715 0.0250019 2.02101
-0.571722 -0.0785274 0.0248512 0.025002 2.02101
-0.565068 -0.0859905 0.0248303 0.0250021 2.02101
-0.558046 -0.093108 0.024809 0.0250022 2.02101
-0.550653 -0.0998385 0.0247876 0.0250023 2.02101
-0.542892 -0.106142 0.0247665 0.0250023 2.02101
-0.534774 -0.111978 0.0247459 0.0250022 2.02101
-0.526316 -0.11731 0.0247262 0.0250022 2.02101
-0.517542 -0.122104 0.0247077 0.0250021 2.02101
-0.50848 -0.126328 0.0246908 0.025002 2.02101
-0.499164 -0.129957 0.0246755 0.0250019 2.02101
-0.489629 -0.132969 0.0246622 0.0250017 2.02101
-0.479917 -0.135346 0.0246509 0.0250015 2.02101
-0.470069 -0.137075 0.024642 0.0250013 2.02101
-0.460128 -0.138151 0.0246354 0.0250011 2.02101
-0.450138 -0.13857 0.0246311 0.0250009 2.02101
-0.440141 -0.138335 0.0246292 0.0250007 2.02101
-0.430181 -0.137452 0.0246297 0.0250004 2.02101
-0.420297 -0.135932 0.0246324 0.0250002 2.02101
-0.410529 -0.13379 0.0246373 0.025 2.02101
-0.400914 -0.131043 0.0246443 0.0249997 2.02101
-0.391485 -0.127712 0.0246531 0.0249995 2.02101
-0.382272 -0.12382 0.0246637 0.0249992 2.02101
-0.373305 -0.119393 0.0246759 0.024999 2.02101
-0.364606 -0.114459 0.0246896 0.0249988 2.02101
-0.356196 -0.109046 0.0247046 0.0249985 2.02101
-0.348092 -0.103185 0.0247208 0.0249984 2.02101
-0.340307 -0.0969066 0.024738 0.0249982 2.02101
-0.332851 -0.0902408 0.0247561 0.0249981 2.02101
-0.32573 -0.0832181 0.0247749 0.0249981 2.02101
-0.318946 -0.0758684 0.0247942 0.024998 2.02101
-0.312501 -0.0682208 0.0248139 0.024998 2.02101
-0.30639 -0.0603034 0.0248339 0.024998 2.02101
-0.300607 -0.0521434 0.0248539 0.0249981 2.02101
-0.295142 -0.0437665 0.024874 0.0249981 2.02101
-0.289985 -0.0351971 0.0248938 0.0249982 2.02101
-0.285121 -0.0264581 0.0249135 0.0249983 2.02101
-0.280534 -0.0175708 0.0249329 0.0249985 2.02101
-0.276206 -0.00855492 0.0249519 0.0249986 2.02101
-0.272115 0.000571332 0.0249705 0.0249987 2.02101
-0.268241 0.00979137 0.0249888 0.0249989 2.02101
-0.26456 0.01909 0.0250067 0.0249991 2.02101
-0.261047 0.0284534 0.0250242 0.0249992 2.02101
-0.257677 0.037869 0.0250414 0.0249994 2.02101
-0.254423 0.0473252 0.0250583 0.0249995 2.02101
-0.251257 0.0568111 0.0250751 0.0249997 2.02101
-0.248148 0.0663158 0.0250917 0.0249999 2.02101
-0.24504 0.0758207 0.0251082 0.0249999 2.02101
