-2.64051 -0.0157329 0.0248521 0.0250001 4.88244
-2.6319 -0.010647 0.0248571 0.0250001 4.88244
-2.62317 -0.00577823 0.0248622 0.0250003 4.88244
-2.61429 -0.00118693 0.0248672 0.0250004 4.88244
-2.60524 0.00306991 0.0248724 0.0250005 4.88244
-2.59602 0.0069372 0.0248776 0.0250006 4.88244
-2.58662 0.0103617 0.0248829 0.0250006 4.88244
-2.57706 0.0132924 0.0248885 0.0250006 4.88244
-2.56735 0.0156811 0.0248943 0.0250006 4.88244
-2.55752 0.0174837 0.0249004 0.0250006 4.88244
-2.54759 0.0186612 0.0249069 0.0250005 4.88244
-2.5376 0.0191805 0.0249139 0.0250004 4.88244
-2.5276 0.0190159 0.0249214 0.0250003 4.88244
-2.51764 0.0181494 0.0249295 0.0250002 4.88244
-2.50776 0.0165716 0.0249382 0.025 4.88244
-2.49803 0.014282 0.0249475 0.0249999 4.88244
-2.48849 0.0112887 0.0249575 0.0249998 4.88244
-2.47919 0.00760913 0.0249678 0.0249998 4.88244
-2.47018 0.0032685 0.0249786 0.0249997 4.88244
-2.4615 -0.00170036 0.0249896 0.0249997 4.88244
-2.45319 -0.0072584 0.0250007 0.0249997 4.88244
-2.44527 -0.0133615 0.0250117 0.0249997 4.88244
-2.43775 -0.0199621 0.0250224 0.0249998 4.88244
-2.43066 -0.0270102 0.0250325 0.0249999 4.88244
-2.42398 -0.0344552 0.0250419 0.025 4.88244
-2.41772 -0.0422468 0.0250502 0.0250001 4.88244
-2.41184 -0.0503364 0.0250574 0.0250003 4.88244
-2.40632 -0.0586779 0.0250632 0.0250004 4.88244
-2.40114 -0.0672278 0.0250674 0.0250006 4.88244
-2.39624 -0.0759461 0.0250698 0.0250008 4.88244
-2.39159 -0.0847963 0.0250703 0.025001 4.88244
-2.38712 -0.0937448 0.0250688 0.0250012 4.88244
-2.3828 -0.10276 0.0250653 0.0250014 4.88244
-2.37856 -0.111814 0.0250596 0.0250016 4.88244
-2.37434 -0.120879 0.0250519 0.0250018 4.88244
-2.37008 -0.129927 0.025042 0.025002 4.88244
-2.36573 -0.138929 0.0250302 0.0250021 4.88244
-2.36123 -0.147858 0.0250166 0.0250022 4.88244
-2.35653 -0.156681 0.0250012 0.0250023 4.88244
-2.35157 -0.165363 0.0249844 0.0250023 4.88244
-2.34631 -0.173867 0.0249663 0.0250023 4.88244
-2.34072 -0.182152 0.0249473 0.0250023 4.88244
-2.33475 -0.190174 0.0249275 0.0250022 4.88244
-2.32839 -0.197884 0.0249074 0.0250021 4.88244
-2.32161 -0.205234 0.0248872 0.0250019 4.88244
-2.31441 -0.212171 0.0248672 0.0250018 4.88244
-2.30679 -0.218645 0.0248479 0.0250015 4.88244
-2.29876 -0.224605 0.0248294 0.0250013 4.88244
-2.29034 -0.230002 0.0248121 0.025001 4.88244
-2.28156 -0.234792 0.0247962 0.0250006 4.88244
-2.27246 -0.238936 0.0247821 0.0250003 4.88244
-2.26308 -0.2424 0.0247698 0.0249999 4.88244
-2.25347 -0.245157 0.0247597 0.0249995 4.88244
-2.24368 -0.247189 0.0247517 0.0249991 4.88244
-2.23376 -0.248485 0.024746 0.0249987 4.88244
-2.22378 -0.249043 0.0247426 0.0249983 4.88244
-2.21378 -0.248869 0.0247416 0.0249979 4.88244
-2.20381 -0.247976 0.0247429 0.0249976 4.88244
-2.19394 -0.246383 0.0247464 0.0249972 4.88244
-2.1842 -0.244117 0.024752 0.0249968 4.88244
-2.17463 -0.241207 0.0247597 0.0249965 4.88244
-2.16526 -0.23769 0.0247693 0.0249962 4.88244
-2.15613 -0.233601 0.0247807 0.0249959 4.88244
-2.14726 -0.228981 0.0247936 0.0249956 4.88244
-2.13866 -0.22387 0.0248079 0.0249954 4.88244
-2.13035 -0.218307 0.0248234 0.0249953 4.88244
-2.12232 -0.212331 0.0248398 0.0249952 4.88244
-2.1146 -0.20598 0.0248567 0.0249951 4.88244
-2.10716 -0.19929 0.024874 0.0249951 4.88244
-2.10001 -0.192294 0.0248912 0.0249952 4.88244
-2.09313 -0.185025 0.0249081 0.0249952 4.88244
-2.08653 -0.177511 0.0249244 0.0249953 4.88244
-2.08018 -0.16978 0.0249397 0.0249954 4.88244
-2.07407 -0.161856 0.0249538 0.0249955 4.88244
-2.06819 -0.153763 0.0249664 0.0249957 4.88244
-2.06252 -0.145522 0.0249773 0.0249959 4.88244
-2.05705 -0.137152 0.0249861 0.024996 4.88244
-2.05174 -0.12867 0.0249928 0.0249962 4.88244
-2.0466 -0.120093 0.0249972 0.0249965 4.88244
-2.04159 -0.111435 0.024999 0.0249967 4.88244
-2.03669 -0.102711 0.0249982 0.0249969 4.88244
-2.0319 -0.0939333 0.0249948 0.0249971 4.88244
-2.02718 -0.0851132 0.0249887 0.0249973 4.88244
-2.02252 -0.076262 0.0249798 0.0249975 4.88244
-2.01791 -0.0673899 0.0249683 0.0249977 4.88244
-2.01331 -0.0585069 0.0249542 0.0249979 4.88244
-2.00872 -0.0496222 0.0249376 0.0249981 4.88244
-2.00411 -0.0407446 0.0249187 0.0249983 4.88244
-1.99947 -0.0318831 0.0248976 0.0249985 4.88244
-1.99479 -0.0230464 0.0248745 0.0249986 4.88244
-1.99004 -0.0142428 0.0248496 0.0249988 4.88244
-1.98522 -0.00548075 0.0248231 0.0249989 4.88244
-1.98031 0.00323193 0.0247953 0.024999 4.88244
-1.9753 0.0118879 0.0247664 0.0249992 4.88244
-1.97019 0.0204805 0.0247365 0.0249993 4.88244
-1.96496 0.0290044 0.0247059 0.0249994 4.88244
-1.95961 0.0374561 0.0246748 0.0249995 4.88244
-1.95415 0.0458346 0.0246432 0.0249996 4.88244
-1.94859 0.0541435 0.0246115 0.0249998 4.88244
-1.94294 0.0623946 0.0245796 0.0249999 4.88244
-1.93728 0.0706411 0.0245477 0.0249999 4.88244
