-2.10621 -0.0829617 0.0249488 0.0250001 4.002
-2.10106 -0.0743919 0.0249545 0.0250001 4.002
-2.09588 -0.0658398 0.0249601 0.0250002 4.002
-2.09064 -0.0573213 0.0249656 0.0250004 4.002
-2.08532 -0.0488554 0.0249709 0.0250005 4.002
-2.07988 -0.0404645 0.024976 0.0250006 4.002
-2.07429 -0.0321743 0.0249806 0.0250007 4.002
-2.06851 -0.0240136 0.0249848 0.0250008 4.002
-2.06251 -0.0160149 0.0249884 0.0250009 4.002
-2.05625 -0.00821416 0.0249914 0.025001 4.002
-2.04971 -0.000650998 0.0249937 0.0250011 4.002
-2.04286 0.00663121 0.0249953 0.0250011 4.002
-2.03567 0.0135857 0.0249961 0.0250011 4.002
-2.02814 0.0201628 0.0249963 0.025001 4.002
-2.02026 0.0263104 0.0249959 0.025001 4.002
-2.01202 0.0319748 0.0249949 0.0250008 4.002
-2.00343 0.0371021 0.0249934 0.0250007 4.002
-1.99452 0.0416393 0.0249916 0.0250005 4.002
-1.98531 0.0455358 0.0249896 0.0250003 4.002
-1.97584 0.0487451 0.0249875 0.0250001 4.002
-1.96615 0.0512256 0.0249855 0.0249999 4.002
-1.9563 0.0529426 0.0249837 0.0249997 4.002
-1.94634 0.0538695 0.0249821 0.0249995 4.002
-1.93634 0.053989 0.0249809 0.0249994 4.002
-1.92637 0.0532935 0.0249801 0.0249993 4.002
-1.91648 0.0517861 0.0249797 0.0249992 4.002
-1.90675 0.0494802 0.0249798 0.0249992 4.002
-1.89724 0.0463992 0.0249804 0.0249992 4.002
-1.88799 0.0425757 0.0249815 0.0249992 4.002
-1.87908 0.0380506 0.024983 0.0249992 4.002
-1.87052 0.0328714 0.0249849 0.0249993 4.002
-1.86236 0.0270908 0.0249872 0.0249993 4.002
-1.85461 0.0207651 0.0249898 0.0249994 4.002
-1.84729 0.0139523 0.0249926 0.0249995 4.002
-1.8404 0.00671023 0.0249956 0.0249996 4.002
-1.83391 -0.000904321 0.0249986 0.0249996 4.002
-1.82783 -0.00883705 0.0250015 0.0249997 4.002
-1.8221 -0.0170368 0.0250042 0.0249997 4.002
-1.81671 -0.0254562 0.0250065 0.0249998 4.002
-1.81159 -0.0340518 0.0250084 0.0249999 4.002
-1.80672 -0.0427843 0.0250097 0.025 4.002
-1.80204 -0.0516179 0.0250103 0.0250001 4.002
-1.79748 -0.0605198 0.0250101 0.0250002 4.002
-1.793 -0.0694596 0.0250087 0.0250003 4.002
-1.78854 -0.0784081 0.0250062 0.0250005 4.002
-1.78403 -0.0873371 0.0250022 0.0250007 4.002
-1.77944 -0.096218 0.0249967 0.0250009 4.002
-1.7747 -0.105022 0.0249894 0.0250011 4.002
-1.76976 -0.113717 0.0249803 0.0250014 4.002
-1.76458 -0.122272 0.0249692 0.0250016 4.002
-1.75913 -0.13065 0.0249562 0.0250019 4.002
-1.75336 -0.138816 0.0249411 0.0250021 4.002
-1.74725 -0.146729 0.0249242 0.0250023 4.002
-1.74077 -0.154348 0.0249055 0.0250024 4.002
-1.73392 -0.161631 0.0248853 0.0250025 4.002
-1.72669 -0.168535 0.0248639 0.0250026 4.002
-1.71908 -0.175018 0.0248415 0.0250026 4.002
-1.7111 -0.181037 0.0248186 0.0250026 4.002
-1.70276 -0.186554 0.0247956 0.0250025 4.002
-1.69409 -0.191531 0.024773 0.0250024 4.002
-1.68511 -0.195936 0.0247511 0.0250022 4.002
-1.67587 -0.199741 0.0247305 0.025002 4.002
-1.66639 -0.202922 0.0247116 0.0250017 4.002
-1.65672 -0.20546 0.0246947 0.0250014 4.002
-1.6469 -0.207342 0.0246802 0.0250011 4.002
-1.63697 -0.208561 0.0246684 0.0250008 4.002
-1.62699 -0.209115 0.0246595 0.0250005 4.002
-1.61699 -0.209006 0.0246536 0.0250001 4.002
-1.60702 -0.208241 0.0246508 0.0249998 4.002
-1.59712 -0.206833 0.024651 0.0249995 4.002
-1.58733 -0.204798 0.0246542 0.0249992 4.002
-1.57768 -0.202153 0.0246602 0.0249989 4.002
-1.56822 -0.198921 0.0246689 0.0249986 4.002
-1.55896 -0.195125 0.02468 0.0249983 4.002
-1.54995 -0.190793 0.0246933 0.0249981 4.002
-1.5412 -0.185953 0.0247085 0.0249978 4.002
-1.53273 -0.180633 0.0247256 0.0249976 4.002
-1.52456 -0.174865 0.0247441 0.0249975 4.002
-1.5167 -0.168678 0.0247638 0.0249974 4.002
-1.50916 -0.162102 0.0247844 0.0249973 4.002
-1.50195 -0.155169 0.0248057 0.0249973 4.002
-1.49507 -0.147907 0.0248273 0.0249973 4.002
-1.48853 -0.140345 0.0248489 0.0249973 4.002
-1.48231 -0.132511 0.0248704 0.0249974 4.002
-1.47641 -0.124431 0.0248914 0.0249975 4.002
-1.47083 -0.116131 0.0249118 0.0249977 4.002
-1.46556 -0.107634 0.0249314 0.0249978 4.002
-1.46057 -0.0989637 0.0249501 0.024998 4.002
-1.45586 -0.0901401 0.0249676 0.0249982 4.002
-1.45141 -0.0811827 0.0249841 0.0249984 4.002
-1.44721 -0.0721095 0.0249993 0.0249986 4.002
-1.44322 -0.0629368 0.0250134 0.0249988 4.002
-1.43944 -0.0536793 0.0250264 0.024999 4.002
-1.43583 -0.0443508 0.0250383 0.0249992 4.002
-1.43238 -0.0349631 0.0250493 0.0249994 4.002
-1.42907 -0.0255275 0.0250595 0.0249995 4.002
-1.42587 -0.016054 0.025069 0.0249997 4.002
-1.42275 -0.00655191 0.0250781 0.0249998 4.002
-1.4197 0.00297008 0.0250869 0.0249999 4.002
-1.41668 0.0125038 0.0250956 0.025 4.002
-1.41366 0.0220376 0.0251043 0.025 4.002
