-1.75976 -0.17941 0.0248113 0.0250001 3.4017
-1.75109 -0.184386 0.0248207 0.0250001 3.4017
-1.74231 -0.189168 0.02483 0.0250002 3.4017
-1.73339 -0.1937 0.0248395 0.0250003 3.4017
-1.72433 -0.197926 0.0248489 0.0250004 3.4017
-1.71511 -0.201794 0.0248585 0.0250004 3.4017
-1.70572 -0.20525 0.0248682 0.0250005 3.4017
-1.69618 -0.208243 0.0248779 0.0250005 3.4017
-1.6865 -0.210723 0.0248877 0.0250005 3.4017
-1.67668 -0.212642 0.0248977 0.0250004 3.4017
-1.66677 -0.213959 0.0249077 0.0250004 3.4017
-1.65679 -0.214635 0.0249179 0.0250003 3.4017
-1.64679 -0.214638 0.0249282 0.0250002 3.4017
-1.63682 -0.213944 0.0249386 0.0250001 3.4017
-1.62692 -0.212538 0.0249492 0.0249999 3.4017
-1.61715 -0.210411 0.02496 0.0249997 3.4017
-1.60756 -0.207566 0.0249709 0.0249996 3.4017
-1.59821 -0.204014 0.024982 0.0249995 3.4017
-1.58915 -0.199775 0.024993 0.0249994 3.4017
-1.58043 -0.194877 0.0250041 0.0249993 3.4017
-1.5721 -0.189354 0.0250149 0.0249993 3.4017
-1.56417 -0.18325 0.0250254 0.0249993 3.4017
-1.5567 -0.176609 0.0250353 0.0249993 3.4017
-1.54968 -0.169483 0.0250447 0.0249993 3.4017
-1.54313 -0.161923 0.0250531 0.0249994 3.4017
-1.53706 -0.15398 0.0250606 0.0249995 3.4017
-1.53144 -0.145707 0.0250668 0.0249997 3.4017
-1.52626 -0.137151 0.0250717 0.0249998 3.4017
-1.5215 -0.128359 0.025075 0.025 3.4017
-1.51711 -0.119373 0.0250767 0.0250002 3.4017
-1.51306 -0.110232 0.0250767 0.0250004 3.4017
-1.50929 -0.100968 0.0250749 0.0250006 3.4017
-1.50576 -0.0916118 0.0250711 0.0250008 3.4017
-1.50241 -0.0821902 0.0250655 0.025001 3.4017
-1.49919 -0.0727267 0.0250579 0.0250012 3.4017
-1.49602 -0.0632429 0.0250485 0.0250014 3.4017
-1.49285 -0.0537595 0.0250374 0.0250015 3.4017
-1.48962 -0.044297 0.0250246 0.0250016 3.4017
-1.48627 -0.034877 0.0250103 0.0250017 3.4017
-1.48273 -0.025523 0.0249947 0.0250018 3.4017
-1.47897 -0.0162612 0.0249779 0.0250018 3.4017
-1.47491 -0.00712102 0.0249601 0.0250018 3.4017
-1.47053 0.00186418 0.0249417 0.0250018 3.4017
-1.46577 0.0106572 0.0249228 0.0250018 3.4017
-1.4606 0.0192168 0.0249037 0.0250017 3.4017
-1.455 0.0274987 0.0248846 0.0250015 3.4017
-1.44894 0.0354552 0.0248658 0.0250014 3.4017
-1.44243 0.0430374 0.0248476 0.0250012 3.4017
-1.43544 0.0501949 0.0248301 0.025001 3.4017
-1.42801 0.0568782 0.0248137 0.0250007 3.4017
-1.42013 0.0630393 0.0247985 0.0250005 3.4017
-1.41184 0.0686336 0.0247847 0.0250002 3.4017
-1.40317 0.0736206 0.0247725 0.0249999 3.4017
-1.39417 0.0779652 0.0247619 0.0249995 3.4017
-1.38486 0.081639 0.0247533 0.0249992 3.4017
-1.37532 0.0846206 0.0247465 0.0249989 3.4017
-1.36558 0.0868958 0.0247417 0.0249985 3.4017
-1.3557 0.0884583 0.0247389 0.0249981 3.4017
-1.34574 0.0893092 0.0247381 0.0249978 3.4017
-1.33574 0.0894566 0.0247392 0.0249974 3.4017
-1.32575 0.0889153 0.0247423 0.0249971 3.4017
-1.31582 0.0877055 0.0247473 0.0249968 3.4017
-1.30599 0.0858526 0.024754 0.0249965 3.4017
-1.2963 0.0833858 0.0247624 0.0249962 3.4017
-1.28677 0.0803377 0.0247724 0.0249959 3.4017
-1.27743 0.0767428 0.0247838 0.0249957 3.4017
-1.26831 0.0726366 0.0247965 0.0249955 3.4017
-1.25942 0.0680549 0.0248103 0.0249954 3.4017
-1.25077 0.0630333 0.024825 0.0249953 3.4017
-1.24236 0.0576065 0.0248402 0.0249953 3.4017
-1.23421 0.051808 0.0248558 0.0249953 3.4017
-1.22631 0.04567 0.0248714 0.0249953 3.4017
-1.21866 0.039223 0.0248867 0.0249953 3.4017
-1.21126 0.0324959 0.0249015 0.0249954 3.4017
-1.20409 0.0255161 0.0249155 0.0249955 3.4017
-1.19715 0.018309 0.0249285 0.0249957 3.4017
-1.19043 0.0108987 0.0249401 0.0249958 3.4017
-1.18392 0.00330748 0.0249501 0.024996 3.4017
-1.1776 -0.00444372 0.0249583 0.0249962 3.4017
-1.17145 -0.0123355 0.0249645 0.0249964 3.4017
-1.16546 -0.0203498 0.0249686 0.0249966 3.4017
-1.15962 -0.0284697 0.0249705 0.0249968 3.4017
-1.15391 -0.0366796 0.02497 0.0249971 3.4017
-1.14831 -0.0449647 0.024967 0.0249973 3.4017
-1.14279 -0.0533114 0.0249617 0.0249975 3.4017
-1.13736 -0.0617067 0.0249539 0.0249977 3.4017
-1.13198 -0.0701384 0.0249437 0.024998 3.4017
-1.12664 -0.0785953 0.0249313 0.0249982 3.4017
-1.12132 -0.0870665 0.0249167 0.0249983 3.4017
-1.11601 -0.0955414 0.0249001 0.0249985 3.4017
-1.11069 -0.10401 0.0248817 0.0249987 3.4017
-1.10534 -0.112462 0.0248616 0.0249988 3.4017
-1.09996 -0.120888 0.0248401 0.024999 3.4017
-1.09452 -0.12928 0.0248173 0.0249991 3.4017
-1.08901 -0.137629 0.0247935 0.0249993 3.4017
-1.08344 -0.14593 0.0247689 0.0249994 3.4017
-1.07778 -0.154176 0.0247437 0.0249995 3.4017
-1.07204 -0.162364 0.024718 0.0249996 3.4017
-1.06622 -0.170497 0.0246921 0.0249998 3.4017
-1.06033 -0.178581 0.024666 0.0249999 3.4017
-1.05444 -0.186662 0.0246398 0.0249999 3.4017
