-0.64283 -0.0120496 0.0249133 0.0250001 1.52076
-0.636946 -0.0201355 0.0249215 0.0250001 1.52076
-0.631067 -0.028224 0.0249297 0.0250002 1.52076
-0.625173 -0.0363023 0.0249378 0.0250004 1.52076
-0.619241 -0.0443526 0.0249457 0.0250005 1.52076
-0.613243 -0.0523538 0.0249534 0.0250006 1.52076
-0.607149 -0.0602813 0.0249607 0.0250007 1.52076
-0.600925 -0.0681074 0.0249676 0.0250008 1.52076
-0.594538 -0.075801 0.024974 0.0250009 1.52076
-0.587955 -0.0833276 0.0249798 0.025001 1.52076
-0.581145 -0.0906494 0.024985 0.025001 1.52076
-0.574079 -0.0977251 0.0249893 0.025001 1.52076
-0.566735 -0.10451 0.0249929 0.0250011 1.52076
-0.559091 -0.110956 0.0249956 0.025001 1.52076
-0.551135 -0.117013 0.0249974 0.025001 1.52076
-0.542861 -0.122628 0.0249984 0.0250009 1.52076
-0.534272 -0.127748 0.0249986 0.0250008 1.52076
-0.525378 -0.132318 0.0249981 0.0250007 1.52076
-0.516199 -0.136286 0.0249969 0.0250005 1.52076
-0.506766 -0.139603 0.0249952 0.0250004 1.52076
-0.497115 -0.142222 0.0249931 0.0250002 1.52076
-0.487293 -0.144102 0.0249909 0.0250001 1.52076
-0.477355 -0.145211 0.0249885 0.025 1.52076
-0.46736 -0.145523 0.0249861 0.0249999 1.52076
-0.457372 -0.145022 0.0249839 0.0249998 1.52076
-0.44746 -0.143703 0.024982 0.0249998 1.52076
-0.43769 -0.14157 0.0249804 0.0249997 1.52076
-0.428129 -0.138639 0.0249793 0.0249997 1.52076
-0.418839 -0.134935 0.0249786 0.0249997 1.52076
-0.409879 -0.130494 0.0249786 0.0249997 1.52076
-0.401298 -0.12536 0.0249791 0.0249997 1.52076
-0.393136 -0.119581 0.0249803 0.0249998 1.52076
-0.385425 -0.113214 0.024982 0.0249998 1.52076
-0.378185 -0.106316 0.0249843 0.0249998 1.52076
-0.371424 -0.0989479 0.0249872 0.0249998 1.52076
-0.365141 -0.0911678 0.0249905 0.0249999 1.52076
-0.359324 -0.0830336 0.0249941 0.0249999 1.52076
-0.353951 -0.0745997 0.0249979 0.0249998 1.52076
-0.34899 -0.0659167 0.0250019 0.0249998 1.52076
-0.344404 -0.0570302 0.0250058 0.0249999 1.52076
-0.340148 -0.0479812 0.0250095 0.0249999 1.52076
-0.336171 -0.0388058 0.0250129 0.0249999 1.52076
-0.33242 -0.0295358 0.0250156 0.025 1.52076
-0.328839 -0.0201993 0.0250176 0.0250001 1.52076
-0.325368 -0.0108211 0.0250185 0.0250003 1.52076
-0.321948 -0.00142422 0.0250181 0.0250004 1.52076
-0.31852 0.00796952 0.0250163 0.0250007 1.52076
-0.315026 0.0173385 0.0250128 0.0250009 1.52076
-0.311409 0.0266605 0.0250074 0.0250012 1.52076
-0.307616 0.035912 0.025 0.0250014 1.52076
-0.303597 0.0450674 0.0249905 0.0250017 1.52076
-0.299306 0.0540986 0.0249788 0.025002 1.52076
-0.294704 0.0629748 0.0249649 0.0250023 1.52076
-0.289756 0.0716625 0.0249489 0.0250025 1.52076
-0.284433 0.0801254 0.024931 0.0250027 1.52076
-0.278713 0.0883251 0.0249113 0.0250029 1.52076
-0.272581 0.0962215 0.0248902 0.025003 1.52076
-0.26603 0.103773 0.0248679 0.0250031 1.52076
-0.259059 0.11094 0.0248448 0.0250032 1.52076
-0.251675 0.117679 0.0248214 0.0250032 1.52076
-0.243891 0.123953 0.0247981 0.0250031 1.52076
-0.235727 0.129724 0.0247753 0.025003 1.52076
-0.227209 0.134958 0.0247534 0.0250029 1.52076
-0.218368 0.139626 0.0247329 0.0250027 1.52076
-0.209237 0.143699 0.0247141 0.0250025 1.52076
-0.199857 0.147159 0.0246975 0.0250023 1.52076
-0.190267 0.149986 0.0246832 0.025002 1.52076
-0.18051 0.152171 0.0246716 0.0250017 1.52076
-0.17063 0.153705 0.0246627 0.0250015 1.52076
-0.16067 0.154587 0.0246567 0.0250012 1.52076
-0.150673 0.154818 0.0246535 0.0250009 1.52076
-0.140682 0.154405 0.0246532 0.0250006 1.52076
-0.130737 0.153358 0.0246557 0.0250003 1.52076
-0.120878 0.151691 0.0246608 0.025 1.52076
-0.111139 0.14942 0.0246683 0.0249997 1.52076
-0.101554 0.146567 0.024678 0.0249994 1.52076
-0.0921541 0.143153 0.0246897 0.0249992 1.52076
-0.0829662 0.139204 0.0247031 0.0249989 1.52076
-0.0740136 0.134746 0.0247181 0.0249987 1.52076
-0.0653164 0.129808 0.0247345 0.0249985 1.52076
-0.0568909 0.12442 0.0247519 0.0249983 1.52076
-0.0487503 0.118609 0.0247702 0.0249982 1.52076
-0.0409041 0.112407 0.0247892 0.0249982 1.52076
-0.0333583 0.105843 0.0248086 0.0249981 1.52076
-0.0261158 0.0989454 0.0248282 0.0249981 1.52076
-0.0191764 0.0917431 0.0248479 0.0249982 1.52076
-0.0125365 0.0842637 0.0248674 0.0249982 1.52076
-0.00619003 0.0765339 0.0248867 0.0249983 1.52076
-0.000127898 0.0685793 0.0249057 0.0249984 1.52076
0.00566142 0.060424 0.0249242 0.0249985 1.52076
0.0111918 0.0520911 0.0249422 0.0249986 1.52076
0.0164795 0.0436022 0.0249598 0.0249988 1.52076
0.0215424 0.0349775 0.0249768 0.0249989 1.52076
0.0264005 0.0262359 0.0249934 0.024999 1.52076
0.0310752 0.0173951 0.0250095 0.0249992 1.52076
0.0355895 0.00847134 0.0250252 0.0249993 1.52076
0.0399676 -0.000519881 0.0250406 0.0249995 1.52076
0.0442347 -0.00956419 0.0250557 0.0249996 1.52076
0.0484174 -0.0186477 0.0250706 0.0249997 1.52076
0.0525454 -0.0277561 0.0250854 0.0249999 1.52076
0.0566725 -0.0368648 0.0251002 0.0249999 1.52076
