-1.77246 -0.164728 0.024808 0.025 3.42171
-1.76433 -0.170561 0.0248205 0.0250001 3.42171
-1.7561 -0.17624 0.024833 0.0250002 3.42171
-1.74773 -0.181715 0.0248456 0.0250003 3.42171
-1.73921 -0.186937 0.0248582 0.0250003 3.42171
-1.7305 -0.191856 0.0248708 0.0250004 3.42171
-1.7216 -0.196422 0.0248834 0.0250004 3.42171
-1.71251 -0.200584 0.0248958 0.0250005 3.42171
-1.70322 -0.204289 0.024908 0.0250005 3.42171
-1.69375 -0.207488 0.0249199 0.0250005 3.42171
-1.68411 -0.210133 0.0249316 0.0250005 3.42171
-1.67432 -0.212178 0.0249428 0.0250004 3.42171
-1.66442 -0.213581 0.0249535 0.0250004 3.42171
-1.65444 -0.214307 0.0249638 0.0250003 3.42171
-1.64444 -0.214327 0.0249736 0.0250001 3.42171
-1.63447 -0.213619 0.0249829 0.025 3.42171
-1.62457 -0.212172 0.0249918 0.0249998 3.42171
-1.61482 -0.209983 0.0250002 0.0249996 3.42171
-1.60525 -0.207057 0.0250083 0.0249995 3.42171
-1.59594 -0.203409 0.0250161 0.0249994 3.42171
-1.58694 -0.199064 0.0250234 0.0249993 3.42171
-1.57828 -0.194054 0.0250304 0.0249992 3.42171
-1.57002 -0.188419 0.0250369 0.0249992 3.42171
-1.56219 -0.182202 0.0250429 0.0249992 3.42171
-1.5548 -0.175455 0.0250483 0.0249992 3.42171
-1.54789 -0.168228 0.025053 0.0249993 3.42171
-1.54145 -0.160577 0.0250568 0.0249993 3.42171
-1.53548 -0.152553 0.0250598 0.0249994 3.42171
-1.52997 -0.144209 0.0250618 0.0249995 3.42171
-1.52489 -0.135594 0.0250627 0.0249997 3.42171
-1.52022 -0.126754 0.0250624 0.0249998 3.42171
-1.51591 -0.11773 0.0250608 0.025 3.42171
-1.51192 -0.10856 0.025058 0.0250001 3.42171
-1.5082 -0.0992771 0.0250537 0.0250003 3.42171
-1.5047 -0.0899101 0.025048 0.0250005 3.42171
-1.50136 -0.0804851 0.025041 0.0250006 3.42171
-1.49812 -0.0710253 0.0250325 0.0250008 3.42171
-1.49492 -0.0615521 0.0250227 0.0250009 3.42171
-1.4917 -0.0520863 0.0250116 0.0250011 3.42171
-1.48839 -0.0426488 0.0249993 0.0250012 3.42171
-1.48495 -0.0332619 0.0249859 0.0250013 3.42171
-1.48131 -0.0239498 0.0249714 0.0250014 3.42171
-1.47741 -0.0147396 0.0249561 0.0250014 3.42171
-1.47322 -0.00566177 0.0249401 0.0250014 3.42171
-1.46869 0.00324947 0.0249235 0.0250014 3.42171
-1.46377 0.0119563 0.0249066 0.0250014 3.42171
-1.45844 0.0204172 0.0248895 0.0250014 3.42171
-1.45268 0.0285878 0.0248724 0.0250013 3.42171
-1.44646 0.0364213 0.0248555 0.0250012 3.42171
-1.43979 0.0438694 0.0248391 0.025001 3.42171
-1.43267 0.0508837 0.0248232 0.0250008 3.42171
-1.4251 0.0574165 0.0248082 0.0250006 3.42171
-1.4171 0.0634223 0.0247941 0.0250004 3.42171
-1.40871 0.0688592 0.0247812 0.0250001 3.42171
-1.39995 0.0736896 0.0247695 0.0249998 3.42171
-1.39087 0.0778814 0.0247593 0.0249995 3.42171
-1.38152 0.081409 0.0247505 0.0249992 3.42171
-1.37193 0.0842534 0.0247433 0.0249989 3.42171
-1.36216 0.0864026 0.0247379 0.0249986 3.42171
-1.35226 0.0878521 0.0247341 0.0249982 3.42171
-1.34229 0.0886039 0.024732 0.0249979 3.42171
-1.33229 0.0886667 0.0247317 0.0249976 3.42171
-1.32231 0.0880551 0.0247332 0.0249973 3.42171
-1.31238 0.0867889 0.0247364 0.0249969 3.42171
-1.30256 0.0848921 0.0247413 0.0249966 3.42171
-1.29288 0.0823927 0.0247479 0.0249964 3.42171
-1.28336 0.079321 0.024756 0.0249961 3.42171
-1.27403 0.0757094 0.0247656 0.0249959 3.42171
-1.26491 0.0715909 0.0247766 0.0249957 3.42171
-1.25603 0.0669987 0.0247888 0.0249956 3.42171
-1.24738 0.0619661 0.0248019 0.0249956 3.42171
-1.23899 0.0565254 0.0248157 0.0249955 3.42171
-1.23085 0.0507084 0.0248301 0.0249955 3.42171
-1.22297 0.0445455 0.0248448 0.0249955 3.42171
-1.21535 0.0380662 0.0248594 0.0249956 3.42171
-1.20798 0.0312985 0.0248738 0.0249957 3.42171
-1.20086 0.024269 0.0248877 0.0249958 3.42171
-1.19399 0.0170028 0.0249009 0.0249959 3.42171
-1.18734 0.00952384 0.024913 0.0249961 3.42171
-1.18092 0.00185432 0.0249241 0.0249963 3.42171
-1.17471 -0.00598483 0.0249337 0.0249965 3.42171
-1.16869 -0.0139741 0.0249418 0.0249967 3.42171
-1.16285 -0.0220953 0.0249482 0.0249969 3.42171
-1.15718 -0.0303313 0.0249528 0.0249971 3.42171
-1.15165 -0.0386665 0.0249556 0.0249973 3.42171
-1.14625 -0.0470859 0.0249564 0.0249976 3.42171
-1.14096 -0.055576 0.0249552 0.0249978 3.42171
-1.13577 -0.0641238 0.0249522 0.024998 3.42171
-1.13065 -0.0727175 0.0249472 0.0249982 3.42171
-1.12559 -0.081346 0.0249405 0.0249984 3.42171
-1.12058 -0.0899984 0.0249321 0.0249986 3.42171
-1.11558 -0.0986645 0.0249221 0.0249988 3.42171
-1.1106 -0.107335 0.0249108 0.0249989 3.42171
-1.10561 -0.116 0.0248983 0.0249991 3.42171
-1.10059 -0.124651 0.0248847 0.0249992 3.42171
-1.09554 -0.133281 0.0248703 0.0249994 3.42171
-1.09044 -0.141884 0.0248553 0.0249995 3.42171
-1.08529 -0.150455 0.0248397 0.0249996 3.42171
-1.08008 -0.158991 0.0248239 0.0249998 3.42171
-1.07482 -0.167497 0.0248078 0.0249999 3.42171
-1.06955 -0.176 0.0247917 0.0249999 3.42171
