-0.415605 0.10346 0.0250128 0.0250001 0.82041
-0.405734 0.105062 0.0250141 0.0250001 0.82041
-0.395826 0.106409 0.0250154 0.0250001 0.82041
-0.38588 0.107446 0.0250167 0.025 0.82041
-0.375903 0.108125 0.025018 0.0249998 0.82041
-0.365906 0.108405 0.0250194 0.0249996 0.82041
-0.355907 0.108254 0.0250209 0.0249994 0.82041
-0.345925 0.107642 0.0250226 0.0249991 0.82041
-0.335984 0.106549 0.0250244 0.0249989 0.82041
-0.326111 0.104959 0.0250265 0.0249986 0.82041
-0.316332 0.102861 0.0250288 0.0249985 0.82041
-0.306677 0.100254 0.0250314 0.0249986 0.82041
-0.297173 0.0971378 0.0250344 0.0249987 0.82041
-0.287849 0.0935222 0.0250375 0.0249988 0.82041
-0.278728 0.0894203 0.025041 0.024999 0.82041
-0.269832 0.0848507 0.0250446 0.0249992 0.82041
-0.261179 0.0798365 0.0250484 0.0249994 0.82041
-0.252783 0.0744041 0.0250523 0.0249996 0.82041
-0.244652 0.0685833 0.0250562 0.0249998 0.82041
-0.236788 0.0624059 0.02506 0.0250001 0.82041
-0.229189 0.0559054 0.0250636 0.0250003 0.82041
-0.221847 0.0491162 0.025067 0.0250005 0.82041
-0.214749 0.0420729 0.02507 0.0250008 0.82041
-0.207876 0.03481 0.0250725 0.025001 0.82041
-0.201205 0.0273616 0.0250745 0.0250012 0.82041
-0.194708 0.0197611 0.0250758 0.0250014 0.82041
-0.188354 0.0120408 0.0250764 0.0250017 0.82041
-0.182109 0.00423267 0.0250761 0.0250019 0.82041
-0.175936 -0.00363228 0.0250749 0.025002 0.82041
-0.169796 -0.0115233 0.0250729 0.0250022 0.82041
-0.16365 -0.0194098 0.0250698 0.0250023 0.82041
-0.15746 -0.0272609 0.0250657 0.0250024 0.82041
-0.151186 -0.0350452 0.0250607 0.0250025 0.82041
-0.144791 -0.0427305 0.0250547 0.0250025 0.82041
-0.13824 -0.0502836 0.0250479 0.0250025 0.82041
-0.131502 -0.0576701 0.0250402 0.0250025 0.82041
-0.124549 -0.0648545 0.0250318 0.0250024 0.82041
-0.117357 -0.0718 0.0250227 0.0250023 0.82041
-0.109908 -0.0784693 0.0250131 0.0250021 0.82041
-0.10219 -0.0848247 0.0250031 0.0250019 0.82041
-0.0941943 -0.0908284 0.0249928 0.0250016 0.82041
-0.0859212 -0.0964438 0.0249825 0.0250013 0.82041
-0.0773757 -0.101636 0.0249722 0.025001 0.82041
-0.0685687 -0.106371 0.0249622 0.0250006 0.82041
-0.0595167 -0.11062 0.0249526 0.0250002 0.82041
-0.0502413 -0.114357 0.0249436 0.0249998 0.82041
-0.0407681 -0.117561 0.0249354 0.0249993 0.82041
-0.0311259 -0.120215 0.0249281 0.0249989 0.82041
-0.0213464 -0.122309 0.0249219 0.0249984 0.82041
-0.0114622 -0.123836 0.024917 0.0249979 0.82041
-0.00150671 -0.124797 0.0249134 0.0249975 0.82041
0.0084874 -0.125199 0.0249113 0.0249971 0.82041
0.0184888 -0.125053 0.0249108 0.0249967 0.82041
0.0284685 -0.124372 0.0249118 0.0249963 0.82041
0.0384 -0.123178 0.0249143 0.024996 0.82041
0.0482603 -0.121492 0.0249183 0.0249957 0.82041
0.0580298 -0.119341 0.0249238 0.0249955 0.82041
0.0676928 -0.116753 0.0249305 0.0249953 0.82041
0.0772371 -0.113756 0.0249385 0.0249952 0.82041
0.0866546 -0.110381 0.0249475 0.024995 0.82041
0.0959405 -0.106659 0.0249574 0.024995 0.82041
0.105093 -0.102621 0.0249681 0.0249949 0.82041
0.114114 -0.0982961 0.0249794 0.0249949 0.82041
0.123008 -0.0937152 0.024991 0.0249949 0.82041
0.131781 -0.0889065 0.0250028 0.0249949 0.82041
0.14044 -0.0838973 0.0250147 0.024995 0.82041
0.148997 -0.078714 0.0250263 0.0249951 0.82041
0.157461 -0.0733814 0.0250377 0.0249952 0.82041
0.165844 -0.067923 0.0250484 0.0249953 0.82041
0.174159 -0.0623609 0.0250585 0.0249954 0.82041
0.182418 -0.0567162 0.0250677 0.0249956 0.82041
0.190633 -0.0510084 0.0250759 0.0249957 0.82041
0.198817 -0.0452565 0.025083 0.0249959 0.82041
0.206983 -0.0394781 0.0250887 0.024996 0.82041
0.215142 -0.0336905 0.025093 0.0249962 0.82041
0.223305 -0.02791 0.0250957 0.0249963 0.82041
0.231485 -0.0221524 0.0250967 0.0249965 0.82041
0.239692 -0.0164333 0.0250959 0.0249967 0.82041
0.247935 -0.0107676 0.0250932 0.0249968 0.82041
0.256224 -0.00516974 0.0250886 0.024997 0.82041
0.264568 0.000345927 0.0250819 0.0249971 0.82041
0.272975 0.00576556 0.0250731 0.0249973 0.82041
0.281451 0.0110757 0.0250622 0.0249975 0.82041
0.290003 0.0162632 0.0250492 0.0249976 0.82041
0.298635 0.0213153 0.0250342 0.0249978 0.82041
0.307351 0.0262201 0.0250171 0.0249979 0.82041
0.316155 0.030966 0.0249981 0.0249981 0.82041
0.325048 0.0355422 0.0249773 0.0249982 0.82041
0.334031 0.0399389 0.0249548 0.0249983 0.82041
0.343104 0.0441477 0.0249308 0.0249985 0.82041
0.352264 0.0481612 0.0249055 0.0249986 0.82041
0.36151 0.0519733 0.0248791 0.0249987 0.82041
0.370839 0.0555792 0.0248517 0.0249989 0.82041
0.380245 0.0589764 0.0248235 0.024999 0.82041
0.389724 0.0621647 0.0247947 0.0249991 0.82041
0.399269 0.0651473 0.0247655 0.0249993 0.82041
0.408874 0.0679313 0.024736 0.0249994 0.82041
0.418531 0.0705297 0.0247063 0.0249995 0.82041
0.428231 0.0729635 0.0246765 0.0249997 0.82041
0.437962 0.0752691 0.0246467 0.0249998 0.82041
0.447694 0.0775652 0.0246169 0.0249999 0.82041
