-0.478352 0.0268161 0.0250111 0.0250001 0.44022
-0.469587 0.022003 0.0250097 0.025 0.44022
-0.460789 0.0172498 0.0250083 0.0249999 0.44022
-0.451948 0.0125758 0.025007 0.0249998 0.44022
-0.443056 0.00800032 0.0250056 0.0249996 0.44022
-0.434104 0.00354286 0.0250043 0.0249994 0.44022
-0.425085 -0.000777021 0.0250029 0.0249992 0.44022
-0.415991 -0.00493971 0.0250015 0.024999 0.44022
-0.406819 -0.00892573 0.0250002 0.0249988 0.44022
-0.397564 -0.0127159 0.0249988 0.0249986 0.44022
-0.388224 -0.0162916 0.0249974 0.0249983 0.44022
-0.378798 -0.0196348 0.0249961 0.0249981 0.44022
-0.369287 -0.0227285 0.0249948 0.0249978 0.44022
-0.359693 -0.0255568 0.0249936 0.0249976 0.44022
-0.350021 -0.0281051 0.0249926 0.0249973 0.44022
-0.340276 -0.0303605 0.0249916 0.024997 0.44022
-0.330466 -0.0323119 0.0249909 0.0249967 0.44022
-0.320599 -0.0339503 0.0249905 0.0249965 0.44022
-0.310683 -0.035269 0.0249904 0.0249962 0.44022
-0.300729 -0.036263 0.0249906 0.0249959 0.44022
-0.290748 -0.0369296 0.0249912 0.0249956 0.44022
-0.28075 -0.0372684 0.0249922 0.0249954 0.44022
-0.270746 -0.0372813 0.0249935 0.0249952 0.44022
-0.260747 -0.0369725 0.0249952 0.0249949 0.44022
-0.250763 -0.0363488 0.0249973 0.0249947 0.44022
-0.240802 -0.0354189 0.0249997 0.0249945 0.44022
-0.230872 -0.0341938 0.0250023 0.0249943 0.44022
-0.220982 -0.0326867 0.025005 0.0249941 0.44022
-0.211136 -0.0309126 0.025008 0.024994 0.44022
-0.201338 -0.0288881 0.0250109 0.0249941 0.44022
-0.191591 -0.0266315 0.0250138 0.0249943 0.44022
-0.181896 -0.0241626 0.0250167 0.0249945 0.44022
-0.172252 -0.0215021 0.0250193 0.0249947 0.44022
-0.162656 -0.0186718 0.0250217 0.0249949 0.44022
-0.153106 -0.0156943 0.0250238 0.024995 0.44022
-0.143595 -0.0125925 0.0250255 0.0249952 0.44022
-0.134118 -0.00938999 0.0250268 0.0249954 0.44022
-0.124667 -0.00611032 0.0250276 0.0249955 0.44022
-0.115235 -0.00277713 0.0250279 0.0249957 0.44022
-0.105814 0.00058609 0.0250276 0.0249958 0.44022
-0.0963955 0.00395611 0.0250268 0.024996 0.44022
-0.0869713 0.00731013 0.0250254 0.0249961 0.44022
-0.0775338 0.0106259 0.0250235 0.0249962 0.44022
-0.0680755 0.0138818 0.0250211 0.0249963 0.44022
-0.0585899 0.0170572 0.0250182 0.0249964 0.44022
-0.0490714 0.0201321 0.0250148 0.0249964 0.44022
-0.0395152 0.0230878 0.0250111 0.0249964 0.44022
-0.0299178 0.0259068 0.0250071 0.0249965 0.44022
-0.0202768 0.0285728 0.0250029 0.0249965 0.44022
-0.0105909 0.031071 0.0249986 0.0249964 0.44022
-0.000860139 0.0333881 0.0249942 0.0249964 0.44022
0.00891458 0.0355123 0.02499 0.0249964 0.44022
0.0187312 0.0374337 0.0249858 0.0249963 0.44022
0.0285869 0.0391441 0.024982 0.0249963 0.44022
0.0384779 0.040637 0.0249785 0.0249962 0.44022
0.0483999 0.0419077 0.0249755 0.0249961 0.44022
0.0583483 0.0429533 0.024973 0.024996 0.44022
0.0683178 0.0437728 0.0249711 0.0249959 0.44022
0.0783035 0.0443667 0.0249699 0.0249959 0.44022
0.0883 0.0447369 0.0249695 0.0249958 0.44022
0.0983022 0.0448862 0.0249698 0.0249957 0.44022
0.108305 0.0448188 0.0249709 0.0249957 0.44022
0.118305 0.04454 0.0249727 0.0249957 0.44022
0.128297 0.0440556 0.0249753 0.0249956 0.44022
0.138277 0.0433724 0.0249785 0.0249956 0.44022
0.148242 0.0424979 0.0249824 0.0249956 0.44022
0.158189 0.0414397 0.0249868 0.0249956 0.44022
0.168117 0.0402061 0.0249916 0.0249957 0.44022
0.178021 0.0388051 0.0249968 0.0249957 0.44022
0.187902 0.0372454 0.0250022 0.0249958 0.44022
0.197759 0.035535 0.0250077 0.0249958 0.44022
0.207589 0.0336824 0.0250132 0.0249959 0.44022
0.217393 0.0316956 0.0250186 0.024996 0.44022
0.22717 0.0295827 0.0250238 0.0249961 0.44022
0.236921 0.0273516 0.0250286 0.0249963 0.44022
0.246646 0.02501 0.0250329 0.0249964 0.44022
0.256346 0.0225658 0.0250368 0.0249965 0.44022
0.266021 0.0200265 0.02504 0.0249967 0.44022
0.275672 0.0173996 0.0250425 0.0249968 0.44022
0.285301 0.0146924 0.0250442 0.024997 0.44022
0.29491 0.0119122 0.0250451 0.0249972 0.44022
0.304498 0.00906608 0.0250452 0.0249973 0.44022
0.314069 0.00616123 0.0250445 0.0249975 0.44022
0.323624 0.00320456 0.0250428 0.0249977 0.44022
0.333165 0.000202921 0.0250403 0.0249978 0.44022
0.342693 -0.00283694 0.0250369 0.024998 0.44022
0.352212 -0.00590842 0.0250328 0.0249982 0.44022
0.361722 -0.00900502 0.0250278 0.0249983 0.44022
0.371225 -0.0121204 0.0250222 0.0249985 0.44022
0.380725 -0.0152485 0.0250159 0.0249986 0.44022
0.390222 -0.0183834 0.0250091 0.0249988 0.44022
0.399718 -0.0215196 0.0250017 0.0249989 0.44022
0.409216 -0.0246519 0.0249939 0.024999 0.44022
0.418716 -0.0277755 0.0249858 0.0249992 0.44022
0.428221 -0.0308857 0.0249775 0.0249993 0.44022
0.437731 -0.0339783 0.0249689 0.0249994 0.44022
0.447248 -0.0370499 0.0249602 0.0249995 0.44022
0.456773 -0.0400983 0.0249515 0.0249996 0.44022
0.466304 -0.0431229 0.0249427 0.0249998 0.44022
0.475843 -0.0461264 0.0249339 0.0249999 0.44022
0.485383 -0.0491255 0.0249251 0.0249999 0.44022
