-0.359545 -0.0236859 0.0250721 0.0250001 1.04052
-0.355128 -0.0147143 0.0250682 0.0250002 1.04052
-0.350753 -0.00572258 0.0250643 0.0250004 1.04052
-0.346407 0.00328299 0.0250604 0.0250006 1.04052
-0.342068 0.0122924 0.0250565 0.0250008 1.04052
-0.337711 0.0212925 0.0250525 0.025001 1.04052
-0.333304 0.0302679 0.0250484 0.0250011 1.04052
-0.32881 0.0392004 0.0250442 0.0250013 1.04052
-0.324193 0.0480693 0.0250398 0.0250015 1.04052
-0.319412 0.0568509 0.0250353 0.0250017 1.04052
-0.314428 0.0655185 0.0250306 0.0250018 1.04052
-0.3092 0.0740415 0.0250257 0.025002 1.04052
-0.303691 0.0823856 0.0250205 0.0250021 1.04052
-0.297867 0.0905123 0.0250152 0.0250022 1.04052
-0.291697 0.0983791 0.0250096 0.0250023 1.04052
-0.285154 0.105939 0.025004 0.0250024 1.04052
-0.27822 0.113142 0.0249983 0.0250024 1.04052
-0.270883 0.119934 0.0249927 0.0250024 1.04052
-0.263141 0.12626 0.0249873 0.0250024 1.04052
-0.254999 0.132062 0.0249824 0.0250023 1.04052
-0.246473 0.137285 0.024978 0.0250022 1.04052
-0.237589 0.141872 0.0249745 0.0250021 1.04052
-0.228382 0.145771 0.0249718 0.025002 1.04052
-0.218898 0.148937 0.0249702 0.0250019 1.04052
-0.209189 0.151327 0.0249697 0.0250018 1.04052
-0.199317 0.152911 0.0249705 0.0250016 1.04052
-0.189347 0.153665 0.0249724 0.0250015 1.04052
-0.179348 0.153577 0.0249756 0.0250014 1.04052
-0.169393 0.152646 0.0249799 0.0250012 1.04052
-0.15955 0.150883 0.0249853 0.0250011 1.04052
-0.149888 0.148309 0.0249917 0.025001 1.04052
-0.140468 0.144955 0.024999 0.0250009 1.04052
-0.131345 0.140862 0.025007 0.0250009 1.04052
-0.122564 0.136078 0.0250156 0.0250008 1.04052
-0.114162 0.130658 0.0250245 0.0250008 1.04052
-0.106162 0.124658 0.0250337 0.0250008 1.04052
-0.0985802 0.118139 0.0250428 0.0250007 1.04052
-0.0914181 0.111161 0.0250518 0.0250007 1.04052
-0.0846684 0.103783 0.0250604 0.0250008 1.04052
-0.078314 0.0960624 0.0250685 0.0250008 1.04052
-0.072329 0.088052 0.025076 0.0250008 1.04052
-0.0666798 0.0798014 0.0250826 0.0250009 1.04052
-0.0613266 0.0713558 0.0250882 0.0250009 1.04052
-0.0562245 0.0627562 0.0250927 0.025001 1.04052
-0.0513246 0.0540399 0.0250959 0.0250011 1.04052
-0.0465755 0.0452406 0.0250978 0.0250012 1.04052
-0.0419241 0.0363894 0.0250982 0.0250014 1.04052
-0.0373167 0.0275153 0.025097 0.0250015 1.04052
-0.0327001 0.0186462 0.0250941 0.0250017 1.04052
-0.0280224 0.00980932 0.0250894 0.0250019 1.04052
-0.0232339 0.00103217 0.0250828 0.0250021 1.04052
-0.0182877 -0.00765689 0.0250742 0.0250023 1.04052
-0.0131407 -0.0162283 0.0250637 0.0250025 1.04052
-0.00775399 -0.024651 0.0250512 0.0250027 1.04052
-0.00209379 -0.0328922 0.0250368 0.0250029 1.04052
0.00386836 -0.0409174 0.0250206 0.0250031 1.04052
0.010155 -0.0486908 0.0250026 0.0250033 1.04052
0.0167826 -0.0561755 0.024983 0.0250035 1.04052
0.023761 -0.063334 0.0249622 0.0250036 1.04052
0.0310939 -0.0701288 0.0249402 0.0250037 1.04052
0.0387785 -0.0765232 0.0249174 0.0250037 1.04052
0.0468059 -0.0824815 0.0248942 0.0250037 1.04052
0.0551614 -0.0879701 0.0248708 0.0250037 1.04052
0.0638252 -0.0929581 0.0248478 0.0250036 1.04052
0.0727727 -0.0974175 0.0248254 0.0250034 1.04052
0.0819752 -0.101324 0.0248041 0.0250032 1.04052
0.0914009 -0.104656 0.0247842 0.025003 1.04052
0.101015 -0.107399 0.024766 0.0250028 1.04052
0.110781 -0.109538 0.02475 0.0250025 1.04052
0.120662 -0.111067 0.0247362 0.0250022 1.04052
0.130619 -0.11198 0.024725 0.0250018 1.04052
0.140613 -0.112277 0.0247164 0.0250015 1.04052
0.150607 -0.111962 0.0247105 0.0250012 1.04052
0.160563 -0.111041 0.0247073 0.0250008 1.04052
0.170447 -0.109524 0.0247067 0.0250005 1.04052
0.180224 -0.107425 0.0247087 0.0250002 1.04052
0.189863 -0.104761 0.024713 0.0249999 1.04052
0.199333 -0.10155 0.0247196 0.0249996 1.04052
0.208609 -0.0978129 0.0247281 0.0249993 1.04052
0.217667 -0.0935743 0.0247384 0.024999 1.04052
0.226487 -0.088859 0.0247504 0.0249988 1.04052
0.235051 -0.0836937 0.0247637 0.0249986 1.04052
0.243345 -0.0781057 0.0247783 0.0249984 1.04052
0.25136 -0.0721229 0.0247939 0.0249983 1.04052
0.259087 -0.0657729 0.0248104 0.0249982 1.04052
0.266522 -0.0590835 0.0248275 0.0249982 1.04052
0.273664 -0.0520823 0.0248451 0.0249982 1.04052
0.280515 -0.0447959 0.024863 0.0249982 1.04052
0.28708 -0.0372507 0.0248811 0.0249983 1.04052
0.293366 -0.0294718 0.0248993 0.0249983 1.04052
0.299384 -0.0214835 0.0249175 0.0249984 1.04052
0.305146 -0.013309 0.0249356 0.0249986 1.04052
0.310668 -0.00497043 0.0249536 0.0249987 1.04052
0.315967 0.00351143 0.0249714 0.0249988 1.04052
0.321062 0.0121168 0.0249891 0.024999 1.04052
0.325976 0.020827 0.0250065 0.0249991 1.04052
0.330732 0.0296243 0.0250238 0.0249993 1.04052
0.335356 0.0384916 0.025041 0.0249995 1.04052
0.339876 0.0474121 0.025058 0.0249996 1.04052
0.344326 0.0563677 0.025075 0.0249998 1.04052
0.348775 0.0653234 0.0250918 0.0249999 1.04052
