-0.497125 -0.0106637 0.0249901 0.0249999 0.28014
-0.487196 -0.011854 0.0249908 0.0249998 0.28014
-0.477256 -0.0129523 0.0249916 0.0249996 0.28014
-0.467304 -0.0139403 0.0249923 0.0249994 0.28014
-0.457341 -0.0148036 0.0249931 0.0249992 0.28014
-0.447367 -0.0155306 0.0249938 0.024999 0.28014
-0.437383 -0.0161126 0.0249946 0.0249988 0.28014
-0.427391 -0.0165425 0.0249955 0.0249986 0.28014
-0.417394 -0.0168151 0.0249964 0.0249984 0.28014
-0.407393 -0.0169268 0.0249974 0.0249982 0.28014
-0.397392 -0.0168756 0.0249984 0.024998 0.28014
-0.387392 -0.0166611 0.0249995 0.0249978 0.28014
-0.377398 -0.0162843 0.0250006 0.0249976 0.28014
-0.36741 -0.0157478 0.0250018 0.0249975 0.28014
-0.357432 -0.0150556 0.0250029 0.0249973 0.28014
-0.347465 -0.014213 0.0250041 0.0249971 0.28014
-0.337512 -0.0132263 0.0250052 0.024997 0.28014
-0.327572 -0.0121034 0.0250063 0.0249968 0.28014
-0.317648 -0.010853 0.0250073 0.0249966 0.28014
-0.307739 -0.00948482 0.0250082 0.0249965 0.28014
-0.297846 -0.0080096 0.025009 0.0249963 0.28014
-0.287967 -0.00643878 0.0250096 0.0249962 0.28014
-0.278102 -0.00478452 0.02501 0.024996 0.28014
-0.268248 -0.0030596 0.0250103 0.0249959 0.28014
-0.258405 -0.00127726 0.0250104 0.0249958 0.28014
-0.24857 0.000548841 0.0250102 0.0249958 0.28014
-0.23874 0.00240477 0.0250099 0.024996 0.28014
-0.228914 0.00427644 0.0250093 0.0249961 0.28014
-0.219087 0.00614975 0.0250085 0.0249962 0.28014
-0.209259 0.00801062 0.0250075 0.0249963 0.28014
-0.199426 0.00984519 0.0250063 0.0249964 0.28014
-0.189585 0.0116399 0.025005 0.0249964 0.28014
-0.179735 0.0133816 0.0250035 0.0249963 0.28014
-0.169874 0.0150577 0.0250019 0.024996 0.28014
-0.159999 0.0166564 0.0250003 0.0249958 0.28014
-0.15011 0.0181665 0.0249986 0.0249956 0.28014
-0.140206 0.0195777 0.0249969 0.0249953 0.28014
-0.130288 0.0208809 0.0249952 0.024995 0.28014
-0.120354 0.022068 0.0249937 0.0249948 0.28014
-0.110407 0.0231323 0.0249923 0.0249945 0.28014
-0.100446 0.0240676 0.0249911 0.0249943 0.28014
-0.0904737 0.024869 0.0249902 0.0249941 0.28014
-0.0804909 0.0255327 0.0249894 0.024994 0.28014
-0.0704999 0.026056 0.024989 0.0249941 0.28014
-0.0605024 0.0264373 0.0249888 0.0249941 0.28014
-0.0505006 0.0266765 0.0249889 0.0249942 0.28014
-0.0404964 0.0267744 0.0249893 0.0249942 0.28014
-0.0304919 0.0267329 0.02499 0.0249943 0.28014
-0.0204889 0.0265553 0.0249908 0.0249944 0.28014
-0.0104892 0.0262457 0.0249919 0.0249944 0.28014
-0.000494328 0.0258091 0.0249932 0.0249945 0.28014
0.00949449 0.0252516 0.0249947 0.0249946 0.28014
0.0194762 0.0245798 0.0249963 0.0249947 0.28014
0.0294501 0.0238013 0.0249979 0.0249948 0.28014
0.0394157 0.022924 0.0249996 0.0249949 0.28014
0.0493728 0.0219564 0.0250012 0.024995 0.28014
0.0593216 0.0209074 0.0250029 0.0249951 0.28014
0.0692625 0.0197861 0.0250044 0.0249952 0.28014
0.0791959 0.0186019 0.0250058 0.0249954 0.28014
0.0891226 0.017364 0.0250071 0.0249955 0.28014
0.0990437 0.0160818 0.0250082 0.0249956 0.28014
0.10896 0.0147646 0.025009 0.0249958 0.28014
0.118873 0.0134214 0.0250097 0.0249959 0.28014
0.128783 0.0120612 0.0250101 0.024996 0.28014
0.138692 0.0106925 0.0250103 0.0249961 0.28014
0.148601 0.0093236 0.0250103 0.0249963 0.28014
0.158511 0.00796225 0.02501 0.0249964 0.28014
0.168423 0.00661595 0.0250095 0.0249965 0.28014
0.178337 0.00529176 0.0250088 0.0249966 0.28014
0.188256 0.00399627 0.0250079 0.0249968 0.28014
0.198179 0.00273565 0.0250069 0.0249969 0.28014
0.208106 0.00151565 0.0250057 0.024997 0.28014
0.21804 0.000341639 0.0250044 0.0249971 0.28014
0.227979 -0.000781372 0.0250031 0.0249972 0.28014
0.237924 -0.00184872 0.0250017 0.0249973 0.28014
0.247875 -0.00285606 0.0250002 0.0249974 0.28014
0.257833 -0.00379936 0.0249988 0.0249975 0.28014
0.267796 -0.00467488 0.0249975 0.0249976 0.28014
0.277766 -0.00547917 0.0249962 0.0249977 0.28014
0.287741 -0.00620908 0.0249951 0.0249978 0.28014
0.297721 -0.00686174 0.024994 0.0249978 0.28014
0.307707 -0.00743458 0.0249932 0.0249979 0.28014
0.317696 -0.00792536 0.0249925 0.024998 0.28014
0.327689 -0.00833234 0.024992 0.0249981 0.28014
0.337686 -0.00865405 0.0249918 0.0249982 0.28014
0.347684 -0.00888893 0.0249917 0.0249983 0.28014
0.357685 -0.00903559 0.0249919 0.0249984 0.28014
0.367686 -0.00909284 0.0249924 0.0249985 0.28014
0.377687 -0.00905977 0.024993 0.0249985 0.28014
0.387687 -0.00893575 0.0249939 0.0249986 0.28014
0.397686 -0.00872053 0.024995 0.0249987 0.28014
0.407682 -0.00841429 0.0249962 0.0249988 0.28014
0.417675 -0.00801777 0.0249976 0.024999 0.28014
0.427664 -0.00753236 0.0249991 0.0249991 0.28014
0.437649 -0.00696026 0.0250008 0.0249992 0.28014
0.447628 -0.00630472 0.0250025 0.0249993 0.28014
0.457601 -0.00557032 0.0250043 0.0249995 0.28014
0.467569 -0.00476352 0.0250061 0.0249996 0.28014
0.477531 -0.00389363 0.025008 0.0249997 0.28014
0.487489 -0.00297539 0.0250098 0.0249999 0.28014
0.497447 -0.00205537 0.0250116 0.0249999 0.28014
