-1.07954 -0.18905 0.024794 0.0250001 2.28114
-1.06975 -0.186971 0.0247995 0.0250001 2.28114
-1.06005 -0.184569 0.0248049 0.0250002 2.28114
-1.05044 -0.181784 0.0248105 0.0250003 2.28114
-1.04097 -0.178569 0.0248161 0.0250004 2.28114
-1.03167 -0.174892 0.0248219 0.0250004 2.28114
-1.02258 -0.170731 0.0248278 0.0250004 2.28114
-1.01373 -0.166076 0.024834 0.0250005 2.28114
-1.00516 -0.160925 0.0248406 0.0250005 2.28114
-0.996904 -0.155285 0.0248475 0.0250006 2.28114
-0.988992 -0.14917 0.0248547 0.0250007 2.28114
-0.981453 -0.142601 0.0248624 0.0250007 2.28114
-0.974306 -0.135607 0.0248704 0.0250008 2.28114
-0.967568 -0.128219 0.0248787 0.0250009 2.28114
-0.961245 -0.120473 0.0248874 0.025001 2.28114
-0.955339 -0.112404 0.0248962 0.0250011 2.28114
-0.949842 -0.104052 0.0249052 0.0250012 2.28114
-0.944738 -0.0954536 0.0249142 0.0250014 2.28114
-0.940006 -0.0866455 0.0249232 0.0250015 2.28114
-0.935616 -0.0776622 0.0249321 0.0250016 2.28114
-0.931532 -0.0685356 0.0249406 0.0250018 2.28114
-0.927713 -0.0592951 0.0249488 0.0250019 2.28114
-0.924113 -0.0499673 0.0249566 0.0250021 2.28114
-0.920682 -0.0405763 0.0249637 0.0250022 2.28114
-0.917365 -0.0311442 0.0249701 0.0250024 2.28114
-0.914107 -0.0216919 0.0249757 0.0250025 2.28114
-0.91085 -0.0122394 0.0249804 0.0250027 2.28114
-0.907534 -0.00280741 0.0249842 0.0250028 2.28114
-0.904102 0.00658248 0.0249869 0.0250029 2.28114
-0.900493 0.0159063 0.0249885 0.025003 2.28114
-0.896654 0.0251371 0.024989 0.025003 2.28114
-0.892529 0.0342442 0.0249884 0.025003 2.28114
-0.88807 0.0431925 0.0249868 0.025003 2.28114
-0.883233 0.0519422 0.0249841 0.0250029 2.28114
-0.877981 0.060449 0.0249804 0.0250028 2.28114
-0.872283 0.068664 0.0249758 0.0250027 2.28114
-0.866118 0.0765348 0.0249704 0.0250025 2.28114
-0.859473 0.0840058 0.0249642 0.0250022 2.28114
-0.852348 0.0910201 0.0249575 0.0250019 2.28114
-0.844751 0.0975206 0.0249503 0.0250015 2.28114
-0.836701 0.103452 0.0249428 0.0250011 2.28114
-0.828228 0.108761 0.0249351 0.0250007 2.28114
-0.819371 0.113402 0.0249274 0.0250002 2.28114
-0.810176 0.117334 0.0249199 0.0249997 2.28114
-0.800698 0.120523 0.0249127 0.0249992 2.28114
-0.790995 0.122947 0.024906 0.0249986 2.28114
-0.78113 0.124592 0.0249001 0.0249981 2.28114
-0.771166 0.125455 0.0248951 0.0249975 2.28114
-0.761164 0.12554 0.0248913 0.024997 2.28114
-0.751184 0.124865 0.0248888 0.0249964 2.28114
-0.741281 0.123453 0.0248878 0.024996 2.28114
-0.731504 0.121336 0.0248884 0.0249956 2.28114
-0.721897 0.118549 0.0248906 0.0249952 2.28114
-0.712493 0.115136 0.0248945 0.0249949 2.28114
-0.703321 0.11114 0.0249001 0.0249947 2.28114
-0.694402 0.10661 0.0249071 0.0249945 2.28114
-0.685746 0.101593 0.0249157 0.0249943 2.28114
-0.67736 0.0961369 0.0249255 0.0249942 2.28114
-0.669243 0.0902884 0.0249364 0.0249942 2.28114
-0.661388 0.0840926 0.0249483 0.0249942 2.28114
-0.653783 0.0775923 0.0249608 0.0249942 2.28114
-0.646412 0.0708276 0.0249739 0.0249943 2.28114
-0.639255 0.0638362 0.0249873 0.0249944 2.28114
-0.632292 0.0566527 0.0250006 0.0249945 2.28114
-0.625498 0.0493092 0.0250139 0.0249946 2.28114
-0.618848 0.0418352 0.0250267 0.0249947 2.28114
-0.612316 0.0342576 0.025039 0.0249949 2.28114
-0.605877 0.0266014 0.0250506 0.024995 2.28114
-0.599504 0.0188898 0.0250613 0.0249952 2.28114
-0.593173 0.0111441 0.0250709 0.0249953 2.28114
-0.58686 0.00338458 0.0250792 0.0249954 2.28114
-0.58054 -0.00436982 0.0250861 0.0249956 2.28114
-0.574192 -0.0121009 0.0250913 0.0249957 2.28114
-0.567794 -0.019791 0.0250948 0.0249958 2.28114
-0.561327 -0.0274228 0.0250962 0.0249959 2.28114
-0.554772 -0.0349794 0.0250955 0.0249959 2.28114
-0.548113 -0.0424437 0.0250923 0.024996 2.28114
-0.541333 -0.0497987 0.0250863 0.0249962 2.28114
-0.534419 -0.0570275 0.0250773 0.0249963 2.28114
-0.527358 -0.0641128 0.0250649 0.0249965 2.28114
-0.52014 -0.0710378 0.0250488 0.0249967 2.28114
-0.512756 -0.0777856 0.0250289 0.0249969 2.28114
-0.5052 -0.0843396 0.0250051 0.0249971 2.28114
-0.497467 -0.0906833 0.0249773 0.0249973 2.28114
-0.489554 -0.0968013 0.0249455 0.0249974 2.28114
-0.481461 -0.102679 0.0249098 0.0249976 2.28114
-0.47319 -0.108302 0.0248704 0.0249977 2.28114
-0.464743 -0.113657 0.0248276 0.0249979 2.28114
-0.456124 -0.118732 0.0247814 0.0249981 2.28114
-0.447342 -0.123516 0.0247322 0.0249983 2.28114
-0.438402 -0.128 0.0246804 0.0249985 2.28114
-0.429315 -0.132177 0.0246262 0.0249987 2.28114
-0.420092 -0.136043 0.0245701 0.0249989 2.28114
-0.410744 -0.139596 0.0245123 0.0249991 2.28114
-0.401284 -0.14284 0.0244532 0.0249993 2.28114
-0.391726 -0.145783 0.0243931 0.0249994 2.28114
-0.382085 -0.148438 0.0243324 0.0249995 2.28114
-0.372374 -0.150826 0.0242712 0.0249997 2.28114
-0.362609 -0.152982 0.0242099 0.0249998 2.28114
-0.352807 -0.154958 0.0241485 0.0249999 2.28114
-0.343002 -0.156922 0.0240872 0.025 2.28114
