-0.417359 0.121223 0.0250521 0.0249999 0.72036
-0.407994 0.117715 0.0250502 0.0249998 0.72036
-0.398712 0.113995 0.0250484 0.0249996 0.72036
-0.389531 0.110029 0.0250465 0.0249994 0.72036
-0.380472 0.105794 0.0250447 0.0249992 0.72036
-0.37155 0.101275 0.0250428 0.024999 0.72036
-0.362781 0.0964678 0.0250411 0.024999 0.72036
-0.354177 0.0913699 0.0250394 0.0249991 0.72036
-0.345749 0.0859864 0.0250378 0.0249993 0.72036
-0.337504 0.0803264 0.0250363 0.0249995 0.72036
-0.329447 0.0744027 0.0250348 0.0249997 0.72036
-0.321578 0.0682312 0.0250334 0.0249999 0.72036
-0.313895 0.0618306 0.025032 0.0250001 0.72036
-0.30639 0.0552216 0.0250307 0.0250003 0.72036
-0.299054 0.0484263 0.0250295 0.0250005 0.72036
-0.291873 0.0414682 0.0250282 0.0250007 0.72036
-0.284828 0.0343716 0.0250269 0.0250009 0.72036
-0.2779 0.0271616 0.0250256 0.025001 0.72036
-0.271065 0.0198636 0.0250242 0.0250012 0.72036
-0.264297 0.0125034 0.0250226 0.0250013 0.72036
-0.257568 0.0051072 0.025021 0.0250014 0.72036
-0.25085 -0.0022982 0.0250191 0.0250015 0.72036
-0.244112 -0.00968558 0.025017 0.0250016 0.72036
-0.237323 -0.017027 0.0250147 0.0250017 0.72036
-0.230456 -0.0242936 0.0250121 0.0250017 0.72036
-0.223479 -0.0314557 0.0250093 0.0250017 0.72036
-0.216365 -0.0384825 0.0250061 0.0250017 0.72036
-0.209091 -0.045342 0.0250027 0.0250016 0.72036
-0.201632 -0.0520014 0.0249991 0.0250015 0.72036
-0.193972 -0.0584269 0.0249952 0.0250014 0.72036
-0.186093 -0.0645841 0.0249912 0.0250013 0.72036
-0.177987 -0.0704382 0.024987 0.0250011 0.72036
-0.169647 -0.0759549 0.0249829 0.0250008 0.72036
-0.161074 -0.0811005 0.0249788 0.0250006 0.72036
-0.15227 -0.0858429 0.0249748 0.0250003 0.72036
-0.143246 -0.0901518 0.0249712 0.025 0.72036
-0.134016 -0.0940002 0.024968 0.0249996 0.72036
-0.124598 -0.0973641 0.0249654 0.0249992 0.72036
-0.115015 -0.100224 0.0249634 0.0249988 0.72036
-0.105292 -0.102565 0.0249623 0.0249984 0.72036
-0.0954559 -0.104376 0.0249622 0.0249981 0.72036
-0.085536 -0.105653 0.0249631 0.0249977 0.72036
-0.0755616 -0.106395 0.0249651 0.0249974 0.72036
-0.0655616 -0.106606 0.0249682 0.0249971 0.72036
-0.0555639 -0.106298 0.0249724 0.0249968 0.72036
-0.0455945 -0.105483 0.0249776 0.0249965 0.72036
-0.0356766 -0.104182 0.0249838 0.0249963 0.72036
-0.0258308 -0.102416 0.0249909 0.0249962 0.72036
-0.0160737 -0.100211 0.0249987 0.024996 0.72036
-0.00641859 -0.0975947 0.025007 0.0249959 0.72036
0.00312528 -0.094598 0.0250159 0.0249959 0.72036
0.0125524 -0.0912519 0.0250249 0.0249959 0.72036
0.0218609 -0.0875888 0.0250341 0.0249959 0.72036
0.0310524 -0.0836415 0.0250431 0.0249959 0.72036
0.0401317 -0.0794424 0.0250519 0.024996 0.72036
0.0491062 -0.0750241 0.0250602 0.024996 0.72036
0.0579858 -0.070418 0.0250679 0.0249962 0.72036
0.0667822 -0.0656552 0.0250749 0.0249963 0.72036
0.0755085 -0.0607654 0.025081 0.0249964 0.72036
0.084179 -0.0557776 0.0250861 0.0249966 0.72036
0.0928084 -0.0507193 0.0250901 0.0249967 0.72036
0.101412 -0.0456172 0.025093 0.0249969 0.72036
0.110004 -0.0404968 0.0250947 0.024997 0.72036
0.1186 -0.0353824 0.0250952 0.0249972 0.72036
0.127214 -0.0302974 0.0250945 0.0249973 0.72036
0.135857 -0.025264 0.0250927 0.0249974 0.72036
0.144542 -0.0203036 0.0250897 0.0249976 0.72036
0.15328 -0.0154366 0.0250857 0.0249977 0.72036
0.16208 -0.0106824 0.0250807 0.0249978 0.72036
0.170949 -0.0060596 0.0250748 0.0249979 0.72036
0.179894 -0.00158606 0.0250682 0.024998 0.72036
0.188921 0.0027212 0.0250609 0.024998 0.72036
0.198032 0.00684588 0.025053 0.0249981 0.72036
0.207231 0.0107724 0.0250446 0.0249982 0.72036
0.216517 0.0144858 0.0250359 0.0249982 0.72036
0.225892 0.0179719 0.025027 0.0249982 0.72036
0.235352 0.0212173 0.0250179 0.0249983 0.72036
0.244895 0.0242092 0.0250087 0.0249983 0.72036
0.254518 0.026936 0.0249996 0.0249983 0.72036
0.264214 0.0293867 0.0249907 0.0249983 0.72036
0.273978 0.0315513 0.0249819 0.0249983 0.72036
0.283803 0.033421 0.0249734 0.0249983 0.72036
0.293681 0.0349882 0.0249652 0.0249983 0.72036
0.303603 0.0362465 0.0249575 0.0249983 0.72036
0.31356 0.0371909 0.0249502 0.0249983 0.72036
0.323541 0.0378177 0.0249434 0.0249983 0.72036
0.333538 0.0381254 0.0249372 0.0249983 0.72036
0.343539 0.0381137 0.0249315 0.0249983 0.72036
0.353535 0.037784 0.0249265 0.0249983 0.72036
0.363516 0.0371391 0.0249222 0.0249984 0.72036
0.373471 0.0361837 0.0249185 0.0249984 0.72036
0.383393 0.0349245 0.0249154 0.0249985 0.72036
0.393273 0.0333701 0.0249128 0.0249986 0.72036
0.403103 0.0315317 0.0249108 0.0249988 0.72036
0.412879 0.0294228 0.0249093 0.0249989 0.72036
0.422597 0.0270599 0.0249082 0.024999 0.72036
0.432255 0.0244632 0.0249073 0.0249992 0.72036
0.441854 0.0216576 0.0249068 0.0249994 0.72036
0.451399 0.0186748 0.0249064 0.0249996 0.72036
0.460901 0.0155597 0.0249061 0.0249998 0.72036
0.470402 0.012438 0.0249058 0.0249999 0.72036
