-0.498643 -0.0134052 0.0249936 0.0249999 0.2001
-0.488643 -0.0134359 0.0249943 0.0249998 0.2001
-0.478643 -0.0134064 0.0249951 0.0249996 0.2001
-0.468643 -0.0133065 0.0249959 0.0249994 0.2001
-0.458644 -0.013129 0.0249967 0.0249992 0.2001
-0.448646 -0.0128692 0.0249974 0.0249991 0.2001
-0.438652 -0.012524 0.0249982 0.0249989 0.2001
-0.42866 -0.0120919 0.024999 0.0249987 0.2001
-0.418672 -0.0115728 0.0249997 0.0249986 0.2001
-0.408689 -0.0109679 0.0250004 0.0249984 0.2001
-0.398712 -0.0102794 0.0250011 0.0249982 0.2001
-0.38874 -0.0095105 0.0250018 0.024998 0.2001
-0.378774 -0.00866546 0.0250024 0.0249979 0.2001
-0.368814 -0.00774927 0.0250029 0.0249977 0.2001
-0.358861 -0.00676771 0.0250034 0.0249976 0.2001
-0.348913 -0.00572721 0.0250038 0.0249974 0.2001
-0.338971 -0.00463479 0.0250041 0.0249972 0.2001
-0.329033 -0.00349799 0.0250044 0.024997 0.2001
-0.3191 -0.00232476 0.0250045 0.0249969 0.2001
-0.30917 -0.00112338 0.0250045 0.0249967 0.2001
-0.299242 9.75981e-05 0.0250044 0.0249965 0.2001
-0.289315 0.00132946 0.0250042 0.0249964 0.2001
-0.279388 0.00256341 0.0250039 0.0249962 0.2001
-0.269461 0.00379064 0.0250034 0.024996 0.2001
-0.259531 0.00500244 0.0250029 0.0249958 0.2001
-0.249599 0.00619024 0.0250023 0.0249956 0.2001
-0.239662 0.00734576 0.0250016 0.0249954 0.2001
-0.22972 0.00846127 0.0250009 0.0249952 0.2001
-0.219774 0.00952936 0.0250002 0.0249949 0.2001
-0.209821 0.0105427 0.0249994 0.0249947 0.2001
-0.199862 0.0114942 0.0249987 0.0249945 0.2001
-0.189897 0.0123773 0.024998 0.0249943 0.2001
-0.179925 0.0131862 0.0249973 0.024994 0.2001
-0.169946 0.0139152 0.0249967 0.0249938 0.2001
-0.159962 0.0145598 0.0249963 0.0249936 0.2001
-0.149972 0.0151159 0.0249959 0.0249934 0.2001
-0.139978 0.0155802 0.0249956 0.0249931 0.2001
-0.129979 0.0159502 0.0249955 0.024993 0.2001
-0.119977 0.0162243 0.0249954 0.024993 0.2001
-0.109973 0.0164017 0.0249955 0.0249931 0.2001
-0.099968 0.0164825 0.0249957 0.0249932 0.2001
-0.0899626 0.0164674 0.0249961 0.0249933 0.2001
-0.0799579 0.0163581 0.0249965 0.0249934 0.2001
-0.0699546 0.0161571 0.024997 0.0249935 0.2001
-0.0599537 0.0158676 0.0249976 0.0249936 0.2001
-0.0499557 0.0154933 0.0249982 0.0249938 0.2001
-0.039961 0.0150389 0.0249989 0.0249939 0.2001
-0.0299702 0.0145093 0.0249996 0.024994 0.2001
-0.0199834 0.0139102 0.0250003 0.0249941 0.2001
-0.0100007 0.0132476 0.025001 0.0249943 0.2001
-2.21302e-05 0.0125278 0.0250017 0.0249944 0.2001
0.0099526 0.0117575 0.0250023 0.0249945 0.2001
0.0199238 0.0109436 0.0250029 0.0249947 0.2001
0.0298918 0.010093 0.0250034 0.0249948 0.2001
0.0398571 0.00921277 0.0250038 0.0249949 0.2001
0.0498203 0.00830996 0.0250041 0.024995 0.2001
0.059782 0.00739151 0.0250043 0.0249952 0.2001
0.0697427 0.00646423 0.0250045 0.0249953 0.2001
0.0797031 0.00553472 0.0250045 0.0249954 0.2001
0.0896638 0.00460935 0.0250044 0.0249956 0.2001
0.0996254 0.00369419 0.0250042 0.0249957 0.2001
0.109588 0.00279495 0.0250039 0.0249958 0.2001
0.119553 0.00191702 0.0250036 0.0249959 0.2001
0.12952 0.00106539 0.0250031 0.024996 0.2001
0.139489 0.000244636 0.0250026 0.0249961 0.2001
0.149461 -0.000541063 0.0250021 0.0249963 0.2001
0.159436 -0.00128794 0.0250014 0.0249964 0.2001
0.169414 -0.00199265 0.0250008 0.0249965 0.2001
0.179395 -0.00265223 0.0250001 0.0249966 0.2001
0.189379 -0.00326411 0.0249995 0.0249967 0.2001
0.199366 -0.00382609 0.0249988 0.0249968 0.2001
0.209356 -0.0043363 0.0249982 0.0249968 0.2001
0.219348 -0.00479318 0.0249976 0.0249969 0.2001
0.229342 -0.00519548 0.024997 0.024997 0.2001
0.239338 -0.00554244 0.0249965 0.0249971 0.2001
0.249337 -0.00583344 0.0249961 0.0249972 0.2001
0.259336 -0.00606767 0.0249958 0.0249973 0.2001
0.269337 -0.00624431 0.0249955 0.0249974 0.2001
0.279338 -0.00636254 0.0249954 0.0249975 0.2001
0.28934 -0.00642156 0.0249954 0.0249976 0.2001
0.299342 -0.00642058 0.0249954 0.0249977 0.2001
0.309343 -0.00635882 0.0249955 0.0249978 0.2001
0.319344 -0.00623552 0.0249958 0.0249979 0.2001
0.329344 -0.00604998 0.0249961 0.024998 0.2001
0.339343 -0.00580156 0.0249964 0.0249981 0.2001
0.349339 -0.00548967 0.0249969 0.0249982 0.2001
0.359334 -0.00511387 0.0249974 0.0249983 0.2001
0.369325 -0.00467381 0.0249979 0.0249984 0.2001
0.379314 -0.00416932 0.0249985 0.0249985 0.2001
0.389299 -0.00360045 0.0249992 0.0249986 0.2001
0.39928 -0.00296746 0.0249998 0.0249987 0.2001
0.409256 -0.00227091 0.0250005 0.0249988 0.2001
0.419228 -0.00151172 0.0250012 0.024999 0.2001
0.429196 -0.000691251 0.025002 0.0249991 0.2001
0.439157 0.000188638 0.0250027 0.0249992 0.2001
0.449114 0.0011254 0.0250034 0.0249993 0.2001
0.459065 0.00211561 0.0250042 0.0249995 0.2001
0.469012 0.00315465 0.0250049 0.0249996 0.2001
0.478953 0.00423598 0.0250057 0.0249997 0.2001
0.488891 0.0053494 0.0250064 0.0249999 0.2001
0.498829 0.00646189 0.0250071 0.0249999 0.2001
