-2.51551 0.0182873 0.0249178 0.0250001 4.72236
-2.50648 0.0139823 0.0249222 0.0250001 4.72236
-2.4976 0.00939264 0.0249266 0.0250002 4.72236
-2.48889 0.00447424 0.024931 0.0250004 4.72236
-2.4804 -0.000799416 0.0249355 0.0250005 4.72236
-2.47214 -0.0064419 0.0249401 0.0250006 4.72236
-2.46415 -0.0124564 0.0249448 0.0250007 4.72236
-2.45645 -0.0188373 0.0249495 0.0250008 4.72236
-2.44906 -0.0255719 0.0249544 0.025001 4.72236
-2.44199 -0.0326413 0.0249594 0.0250011 4.72236
-2.43525 -0.0400222 0.0249643 0.0250012 4.72236
-2.42883 -0.0476879 0.0249693 0.0250014 4.72236
-2.42272 -0.0556094 0.0249742 0.0250016 4.72236
-2.41693 -0.0637564 0.024979 0.0250018 4.72236
-2.41142 -0.0720984 0.0249836 0.0250019 4.72236
-2.40616 -0.0806051 0.0249879 0.0250021 4.72236
-2.40113 -0.0892469 0.024992 0.0250023 4.72236
-2.39629 -0.0979954 0.0249957 0.0250025 4.72236
-2.3916 -0.106823 0.024999 0.0250026 4.72236
-2.38701 -0.115703 0.0250019 0.0250028 4.72236
-2.38246 -0.124609 0.0250043 0.0250029 4.72236
-2.37792 -0.133516 0.0250062 0.0250031 4.72236
-2.37333 -0.142395 0.0250076 0.0250032 4.72236
-2.36863 -0.15122 0.0250085 0.0250033 4.72236
-2.36377 -0.159959 0.0250089 0.0250033 4.72236
-2.35871 -0.168579 0.0250088 0.0250034 4.72236
-2.35339 -0.177044 0.0250083 0.0250034 4.72236
-2.34777 -0.185313 0.0250074 0.0250034 4.72236
-2.34182 -0.193342 0.025006 0.0250033 4.72236
-2.33549 -0.201081 0.0250043 0.0250032 4.72236
-2.32876 -0.208478 0.0250023 0.025003 4.72236
-2.32162 -0.215478 0.0250001 0.0250028 4.72236
-2.31407 -0.222023 0.0249977 0.0250025 4.72236
-2.30609 -0.228054 0.0249952 0.0250022 4.72236
-2.29772 -0.233512 0.0249927 0.0250019 4.72236
-2.28896 -0.238343 0.0249903 0.0250014 4.72236
-2.27987 -0.242495 0.024988 0.025001 4.72236
-2.27047 -0.245922 0.024986 0.0250005 4.72236
-2.26083 -0.248587 0.0249843 0.0249999 4.72236
-2.25101 -0.250459 0.0249831 0.0249993 4.72236
-2.24107 -0.251521 0.0249825 0.0249987 4.72236
-2.23107 -0.251763 0.0249826 0.0249981 4.72236
-2.22108 -0.25119 0.0249836 0.0249975 4.72236
-2.21117 -0.249813 0.0249854 0.024997 4.72236
-2.20141 -0.247657 0.0249883 0.0249965 4.72236
-2.19184 -0.244752 0.0249921 0.024996 4.72236
-2.18251 -0.241139 0.0249968 0.0249957 4.72236
-2.17346 -0.236862 0.0250024 0.0249954 4.72236
-2.16474 -0.231972 0.0250086 0.0249951 4.72236
-2.15635 -0.22652 0.0250155 0.0249949 4.72236
-2.14831 -0.220561 0.0250229 0.0249948 4.72236
-2.14063 -0.214149 0.0250305 0.0249947 4.72236
-2.13331 -0.207335 0.0250384 0.0249947 4.72236
-2.12633 -0.200171 0.0250462 0.0249947 4.72236
-2.11967 -0.192705 0.0250539 0.0249948 4.72236
-2.11331 -0.184979 0.0250612 0.0249949 4.72236
-2.10723 -0.177036 0.0250681 0.024995 4.72236
-2.10139 -0.168913 0.0250745 0.0249952 4.72236
-2.09576 -0.160643 0.0250801 0.0249953 4.72236
-2.09031 -0.152258 0.025085 0.0249955 4.72236
-2.08499 -0.143785 0.025089 0.0249956 4.72236
-2.07977 -0.13525 0.0250922 0.0249957 4.72236
-2.07462 -0.126677 0.0250945 0.0249959 4.72236
-2.06949 -0.118086 0.0250958 0.024996 4.72236
-2.06436 -0.1095 0.0250962 0.0249961 4.72236
-2.05919 -0.100937 0.0250954 0.0249962 4.72236
-2.05395 -0.0924181 0.0250935 0.0249963 4.72236
-2.0486 -0.0839612 0.0250904 0.0249964 4.72236
-2.04313 -0.0755856 0.0250858 0.0249965 4.72236
-2.03751 -0.0673107 0.0250799 0.0249966 4.72236
-2.03172 -0.0591559 0.0250724 0.0249968 4.72236
-2.02574 -0.0511411 0.0250632 0.0249969 4.72236
-2.01954 -0.0432864 0.0250525 0.024997 4.72236
-2.01313 -0.0356125 0.02504 0.0249972 4.72236
-2.00648 -0.0281403 0.0250259 0.0249973 4.72236
-1.99959 -0.0208911 0.0250101 0.0249974 4.72236
-1.99245 -0.0138863 0.0249928 0.0249974 4.72236
-1.98506 -0.00714723 0.0249739 0.0249975 4.72236
-1.97742 -0.000695292 0.0249535 0.0249976 4.72236
-1.96952 0.00544867 0.0249318 0.0249977 4.72236
-1.96139 0.0112644 0.0249088 0.0249977 4.72236
-1.95301 0.0167325 0.0248845 0.0249977 4.72236
-1.94441 0.0218348 0.0248592 0.0249978 4.72236
-1.93559 0.0265544 0.024833 0.0249978 4.72236
-1.92657 0.0308765 0.024806 0.0249978 4.72236
-1.91737 0.0347882 0.0247784 0.0249978 4.72236
-1.90799 0.038279 0.0247504 0.0249978 4.72236
-1.89847 0.0413412 0.0247221 0.0249979 4.72236
-1.88882 0.0439696 0.0246937 0.0249979 4.72236
-1.87906 0.0461618 0.0246652 0.024998 4.72236
-1.86922 0.0479185 0.0246369 0.0249981 4.72236
-1.8593 0.0492443 0.0246087 0.0249982 4.72236
-1.84934 0.0501472 0.0245808 0.0249984 4.72236
-1.83935 0.0506396 0.0245532 0.0249985 4.72236
-1.82935 0.0507382 0.024526 0.0249987 4.72236
-1.81936 0.0504651 0.0244991 0.0249989 4.72236
-1.80938 0.0498483 0.0244725 0.0249991 4.72236
-1.79942 0.0489232 0.0244462 0.0249993 4.72236
-1.78949 0.0477362 0.0244202 0.0249995 4.72236
-1.77958 0.0463535 0.0243943 0.0249997 4.72236
-1.76968 0.0449585 0.0243686 0.0249999 4.72236
