-1.58949 -0.191335 0.0249178 0.0250001 3.18159
-1.58232 -0.184362 0.0249216 0.0250001 3.18159
-1.57536 -0.177189 0.0249254 0.0250003 3.18159
-1.56863 -0.169793 0.0249292 0.0250004 3.18159
-1.56216 -0.162163 0.0249329 0.0250006 3.18159
-1.55598 -0.1543 0.0249366 0.0250007 3.18159
-1.5501 -0.146212 0.0249401 0.0250009 3.18159
-1.54453 -0.137911 0.0249435 0.025001 3.18159
-1.53926 -0.129414 0.0249467 0.0250012 3.18159
-1.53428 -0.120742 0.0249496 0.0250014 3.18159
-1.52958 -0.111916 0.0249523 0.0250015 3.18159
-1.52514 -0.102957 0.0249545 0.0250017 3.18159
-1.52093 -0.0938874 0.0249563 0.0250019 3.18159
-1.51692 -0.0847286 0.0249576 0.0250021 3.18159
-1.51307 -0.0755013 0.0249583 0.0250022 3.18159
-1.50934 -0.0662257 0.0249584 0.0250024 3.18159
-1.50568 -0.0569212 0.0249579 0.0250026 3.18159
-1.50205 -0.0476074 0.0249568 0.0250027 3.18159
-1.49839 -0.0383041 0.0249551 0.0250028 3.18159
-1.49465 -0.0290321 0.0249529 0.0250029 3.18159
-1.49078 -0.0198142 0.0249502 0.025003 3.18159
-1.48672 -0.0106755 0.024947 0.0250031 3.18159
-1.48243 -0.00164431 0.0249437 0.0250031 3.18159
-1.47786 0.00724709 0.0249402 0.0250031 3.18159
-1.47296 0.0159622 0.0249368 0.025003 3.18159
-1.4677 0.0244599 0.0249335 0.0250029 3.18159
-1.46203 0.0326945 0.0249308 0.0250027 3.18159
-1.45593 0.0406155 0.0249286 0.0250025 3.18159
-1.44938 0.0481684 0.0249272 0.0250023 3.18159
-1.44236 0.0552957 0.0249267 0.0250021 3.18159
-1.43489 0.0619376 0.0249272 0.0250018 3.18159
-1.42697 0.068034 0.0249287 0.0250015 3.18159
-1.41861 0.073526 0.0249313 0.0250012 3.18159
-1.40986 0.0783577 0.024935 0.0250009 3.18159
-1.40074 0.0824781 0.0249395 0.0250005 3.18159
-1.39133 0.0858432 0.024945 0.0250002 3.18159
-1.38167 0.0884172 0.0249511 0.0249998 3.18159
-1.37182 0.0901748 0.0249579 0.0249994 3.18159
-1.36186 0.0911012 0.0249652 0.024999 3.18159
-1.35186 0.0911934 0.024973 0.0249986 3.18159
-1.34189 0.0904596 0.0249811 0.0249982 3.18159
-1.33201 0.0889194 0.0249896 0.0249977 3.18159
-1.32228 0.0866021 0.0249984 0.0249974 3.18159
-1.31275 0.0835457 0.0250074 0.024997 3.18159
-1.30348 0.0797949 0.0250167 0.0249968 3.18159
-1.29449 0.0754 0.025026 0.0249965 3.18159
-1.28582 0.0704147 0.0250353 0.0249964 3.18159
-1.27748 0.064895 0.0250445 0.0249963 3.18159
-1.26947 0.0588972 0.0250534 0.0249962 3.18159
-1.2618 0.052477 0.0250618 0.0249962 3.18159
-1.25446 0.0456883 0.0250696 0.0249962 3.18159
-1.24742 0.0385823 0.0250767 0.0249962 3.18159
-1.24066 0.0312071 0.0250829 0.0249963 3.18159
-1.23415 0.0236076 0.0250881 0.0249964 3.18159
-1.22787 0.015825 0.0250922 0.0249965 3.18159
-1.22177 0.00789738 0.0250951 0.0249967 3.18159
-1.21582 -0.000140245 0.0250967 0.0249968 3.18159
-1.20997 -0.00825559 0.0250968 0.024997 3.18159
-1.20419 -0.0164186 0.0250956 0.0249971 3.18159
-1.19844 -0.024601 0.0250929 0.0249973 3.18159
-1.19267 -0.0327759 0.0250887 0.0249974 3.18159
-1.18686 -0.0409173 0.025083 0.0249975 3.18159
-1.18097 -0.0489998 0.0250759 0.0249977 3.18159
-1.17497 -0.0569983 0.0250673 0.0249978 3.18159
-1.16882 -0.0648875 0.0250573 0.0249979 3.18159
-1.1625 -0.0726423 0.025046 0.024998 3.18159
-1.156 -0.0802371 0.0250333 0.0249981 3.18159
-1.14928 -0.0876462 0.0250195 0.0249982 3.18159
-1.14233 -0.0948434 0.0250045 0.0249983 3.18159
-1.13515 -0.101803 0.0249885 0.0249984 3.18159
-1.12772 -0.108498 0.0249715 0.0249985 3.18159
-1.12004 -0.114902 0.0249536 0.0249985 3.18159
-1.1121 -0.12099 0.024935 0.0249986 3.18159
-1.10392 -0.126735 0.0249157 0.0249986 3.18159
-1.09549 -0.132114 0.024896 0.0249987 3.18159
-1.08682 -0.137101 0.0248759 0.0249987 3.18159
-1.07792 -0.141674 0.0248556 0.0249987 3.18159
-1.06882 -0.145812 0.0248353 0.0249987 3.18159
-1.05952 -0.149494 0.0248151 0.0249987 3.18159
-1.05005 -0.152704 0.0247951 0.0249987 3.18159
-1.04042 -0.155426 0.0247756 0.0249987 3.18159
-1.03067 -0.157647 0.0247568 0.0249986 3.18159
-1.02082 -0.159358 0.0247388 0.0249986 3.18159
-1.01089 -0.160551 0.0247219 0.0249985 3.18159
-1.00091 -0.161222 0.0247062 0.0249984 3.18159
-0.99091 -0.161372 0.0246918 0.0249983 3.18159
-0.980916 -0.161004 0.024679 0.0249982 3.18159
-0.970953 -0.160123 0.0246677 0.0249981 3.18159
-0.961048 -0.15874 0.0246581 0.0249981 3.18159
-0.951223 -0.156868 0.0246502 0.0249981 3.18159
-0.9415 -0.154522 0.024644 0.0249981 3.18159
-0.931899 -0.151723 0.0246393 0.0249981 3.18159
-0.922434 -0.148491 0.024636 0.0249982 3.18159
-0.913117 -0.144854 0.024634 0.0249983 3.18159
-0.903957 -0.140838 0.0246331 0.0249984 3.18159
-0.894957 -0.136477 0.0246332 0.0249986 3.18159
-0.886114 -0.131805 0.024634 0.0249988 3.18159
-0.87742 -0.126863 0.0246353 0.0249991 3.18159
-0.868857 -0.121697 0.0246369 0.0249993 3.18159
-0.860395 -0.116368 0.0246387 0.0249997 3.18159
-0.851939 -0.111029 0.0246405 0.0249998 3.18159
