-0.595923 -0.0971145 0.0249207 0.025 1.42071
-0.587743 -0.102867 0.0249232 0.0250001 1.42071
-0.579455 -0.108462 0.0249257 0.0250002 1.42071
-0.571031 -0.11385 0.0249283 0.0250003 1.42071
-0.562449 -0.118982 0.0249311 0.0250004 1.42071
-0.553691 -0.123808 0.0249339 0.0250004 1.42071
-0.544745 -0.128276 0.0249369 0.0250005 1.42071
-0.535606 -0.132336 0.02494 0.0250005 1.42071
-0.526277 -0.135936 0.0249431 0.0250005 1.42071
-0.516767 -0.139026 0.0249463 0.0250005 1.42071
-0.507093 -0.141558 0.0249496 0.0250004 1.42071
-0.497281 -0.143486 0.024953 0.0250004 1.42071
-0.487365 -0.144771 0.0249564 0.0250003 1.42071
-0.477383 -0.145378 0.0249598 0.0250002 1.42071
-0.467384 -0.145277 0.0249632 0.025 1.42071
-0.457418 -0.14445 0.0249667 0.0249998 1.42071
-0.447541 -0.142883 0.0249703 0.0249996 1.42071
-0.437811 -0.140576 0.0249739 0.0249994 1.42071
-0.428284 -0.137536 0.0249776 0.0249993 1.42071
-0.419016 -0.133778 0.0249815 0.0249991 1.42071
-0.410059 -0.129329 0.0249855 0.024999 1.42071
-0.401461 -0.12422 0.0249895 0.0249989 1.42071
-0.393262 -0.118494 0.0249935 0.0249988 1.42071
-0.385495 -0.112194 0.0249973 0.0249988 1.42071
-0.378183 -0.105371 0.0250009 0.0249988 1.42071
-0.37134 -0.0980771 0.0250042 0.0249988 1.42071
-0.364972 -0.0903661 0.025007 0.0249989 1.42071
-0.359072 -0.0822909 0.0250091 0.024999 1.42071
-0.353626 -0.0739028 0.0250105 0.0249991 1.42071
-0.348611 -0.0652506 0.0250111 0.0249992 1.42071
-0.343995 -0.0563793 0.0250106 0.0249994 1.42071
-0.339738 -0.0473299 0.0250091 0.0249996 1.42071
-0.335797 -0.0381391 0.0250064 0.0249997 1.42071
-0.33212 -0.0288395 0.0250025 0.0249999 1.42071
-0.328653 -0.0194598 0.0249974 0.0250001 1.42071
-0.325338 -0.0100253 0.024991 0.0250003 1.42071
-0.322116 -0.000558927 0.0249833 0.0250004 1.42071
-0.318926 0.00891813 0.0249744 0.0250006 1.42071
-0.315706 0.0183852 0.0249643 0.0250007 1.42071
-0.312397 0.0278213 0.0249532 0.0250008 1.42071
-0.30894 0.0372039 0.024941 0.0250009 1.42071
-0.305278 0.0465086 0.024928 0.025001 1.42071
-0.301359 0.0557077 0.0249143 0.025001 1.42071
-0.297134 0.0647703 0.0249 0.025001 1.42071
-0.29256 0.0736618 0.0248853 0.025001 1.42071
-0.287599 0.0823435 0.0248704 0.025001 1.42071
-0.282221 0.0907736 0.0248554 0.0250009 1.42071
-0.276404 0.0989069 0.0248406 0.0250009 1.42071
-0.270134 0.106696 0.0248262 0.0250007 1.42071
-0.263405 0.114092 0.0248122 0.0250006 1.42071
-0.25622 0.121047 0.0247989 0.0250004 1.42071
-0.248592 0.127513 0.0247865 0.0250002 1.42071
-0.24054 0.133443 0.024775 0.025 1.42071
-0.232094 0.138797 0.0247647 0.0249998 1.42071
-0.223288 0.143536 0.0247557 0.0249995 1.42071
-0.214163 0.147629 0.024748 0.0249992 1.42071
-0.204767 0.151052 0.0247418 0.0249989 1.42071
-0.195146 0.153785 0.0247371 0.0249986 1.42071
-0.185354 0.155817 0.024734 0.0249983 1.42071
-0.175441 0.157145 0.0247326 0.024998 1.42071
-0.165459 0.157771 0.0247328 0.0249977 1.42071
-0.155457 0.157705 0.0247346 0.0249974 1.42071
-0.145482 0.156963 0.0247381 0.0249971 1.42071
-0.135578 0.155564 0.0247431 0.0249968 1.42071
-0.125784 0.153534 0.0247497 0.0249965 1.42071
-0.116133 0.150901 0.0247577 0.0249962 1.42071
-0.106657 0.147697 0.0247671 0.024996 1.42071
-0.0973808 0.143954 0.0247778 0.0249958 1.42071
-0.0883241 0.139706 0.0247897 0.0249956 1.42071
-0.0795037 0.134987 0.0248025 0.0249955 1.42071
-0.0709316 0.12983 0.0248161 0.0249954 1.42071
-0.0626164 0.124268 0.0248303 0.0249954 1.42071
-0.0545629 0.118334 0.0248447 0.0249954 1.42071
-0.046773 0.112058 0.0248592 0.0249954 1.42071
-0.0392457 0.105469 0.0248734 0.0249955 1.42071
-0.0319772 0.0985961 0.0248871 0.0249956 1.42071
-0.0249614 0.0914653 0.0249001 0.0249957 1.42071
-0.0181904 0.0841019 0.024912 0.0249959 1.42071
-0.0116539 0.0765296 0.0249227 0.024996 1.42071
-0.00534041 0.0687706 0.0249319 0.0249962 1.42071
0.000763186 0.0608456 0.0249394 0.0249964 1.42071
0.00667124 0.052774 0.0249451 0.0249966 1.42071
0.0123991 0.0445738 0.0249488 0.0249969 1.42071
0.0179631 0.0362617 0.0249504 0.0249971 1.42071
0.0233802 0.0278534 0.0249498 0.0249973 1.42071
0.0286677 0.0193632 0.024947 0.0249976 1.42071
0.0338437 0.0108048 0.0249419 0.0249978 1.42071
0.0389261 0.00219069 0.0249347 0.024998 1.42071
0.0439326 -0.00646752 0.0249254 0.0249982 1.42071
0.048881 -0.0151589 0.024914 0.0249984 1.42071
0.0537893 -0.0238728 0.0249008 0.0249986 1.42071
0.0586748 -0.0325993 0.0248859 0.0249988 1.42071
0.0635546 -0.0413289 0.0248694 0.024999 1.42071
0.0684447 -0.0500526 0.0248516 0.0249991 1.42071
0.0733596 -0.0587621 0.0248327 0.0249993 1.42071
0.0783123 -0.0674501 0.0248128 0.0249994 1.42071
0.0833133 -0.0761103 0.0247922 0.0249995 1.42071
0.0883695 -0.0847382 0.0247711 0.0249996 1.42071
0.0934832 -0.093332 0.0247497 0.0249998 1.42071
0.098648 -0.101895 0.024728 0.0249999 1.42071
0.103817 -0.110455 0.0247063 0.0249999 1.42071
