-0.582628 -0.111612 0.0249581 0.0250001 1.4007
-0.573905 -0.116501 0.0249559 0.0250001 1.4007
-0.565075 -0.121194 0.0249536 0.0250002 1.4007
-0.556115 -0.125634 0.0249515 0.0250003 1.4007
-0.547008 -0.129765 0.0249495 0.0250004 1.4007
-0.537746 -0.133534 0.0249476 0.0250005 1.4007
-0.528326 -0.136887 0.0249459 0.0250006 1.4007
-0.518752 -0.139774 0.0249445 0.0250006 1.4007
-0.509037 -0.142144 0.0249433 0.0250006 1.4007
-0.499202 -0.143951 0.0249425 0.0250005 1.4007
-0.489275 -0.145153 0.0249422 0.0250005 1.4007
-0.479291 -0.145712 0.0249423 0.0250004 1.4007
-0.469292 -0.145598 0.0249429 0.0250003 1.4007
-0.459325 -0.144786 0.0249442 0.0250001 1.4007
-0.449442 -0.143262 0.024946 0.025 1.4007
-0.439697 -0.14102 0.0249486 0.0249998 1.4007
-0.430144 -0.138062 0.0249519 0.0249996 1.4007
-0.420838 -0.1344 0.0249559 0.0249995 1.4007
-0.411831 -0.130055 0.0249605 0.0249994 1.4007
-0.403169 -0.125056 0.0249657 0.0249993 1.4007
-0.394895 -0.11944 0.0249714 0.0249992 1.4007
-0.387042 -0.113248 0.0249773 0.0249992 1.4007
-0.379636 -0.106528 0.0249834 0.0249992 1.4007
-0.372694 -0.0993288 0.0249895 0.0249993 1.4007
-0.366224 -0.0917032 0.0249954 0.0249993 1.4007
-0.360223 -0.0837028 0.0250008 0.0249994 1.4007
-0.354681 -0.0753787 0.0250056 0.0249995 1.4007
-0.349577 -0.0667792 0.0250096 0.0249997 1.4007
-0.344881 -0.0579499 0.0250125 0.0249999 1.4007
-0.340559 -0.0489322 0.0250143 0.025 1.4007
-0.336567 -0.0397637 0.0250147 0.0250002 1.4007
-0.332857 -0.0304777 0.0250137 0.0250004 1.4007
-0.329376 -0.0211036 0.0250111 0.0250006 1.4007
-0.326067 -0.0116674 0.0250068 0.0250008 1.4007
-0.322872 -0.0021924 0.0250009 0.025001 1.4007
-0.31973 0.00730007 0.0249934 0.0250012 1.4007
-0.316579 0.0167895 0.0249842 0.0250014 1.4007
-0.313358 0.0262554 0.0249735 0.0250015 1.4007
-0.310007 0.0356759 0.0249613 0.0250016 1.4007
-0.306468 0.0450273 0.0249478 0.0250017 1.4007
-0.302686 0.0542831 0.0249331 0.0250017 1.4007
-0.29861 0.0634133 0.0249175 0.0250018 1.4007
-0.294194 0.0723838 0.0249011 0.0250017 1.4007
-0.289398 0.0811568 0.0248842 0.0250017 1.4007
-0.284187 0.0896905 0.0248671 0.0250016 1.4007
-0.278537 0.0979397 0.0248499 0.0250015 1.4007
-0.272429 0.105856 0.0248331 0.0250013 1.4007
-0.265855 0.11339 0.0248167 0.0250012 1.4007
-0.258816 0.120492 0.0248011 0.0250009 1.4007
-0.25132 0.12711 0.0247866 0.0250007 1.4007
-0.243387 0.133197 0.0247733 0.0250004 1.4007
-0.235043 0.138709 0.0247615 0.0250001 1.4007
-0.226323 0.143604 0.0247512 0.0249998 1.4007
-0.217268 0.147849 0.0247428 0.0249995 1.4007
-0.207925 0.151415 0.0247362 0.0249991 1.4007
-0.198344 0.154282 0.0247316 0.0249987 1.4007
-0.188578 0.156436 0.0247291 0.0249984 1.4007
-0.17868 0.157872 0.0247286 0.024998 1.4007
-0.168704 0.158592 0.0247301 0.0249977 1.4007
-0.158702 0.158605 0.0247336 0.0249973 1.4007
-0.148723 0.157926 0.0247391 0.024997 1.4007
-0.138812 0.156578 0.0247464 0.0249966 1.4007
-0.129009 0.154585 0.0247555 0.0249963 1.4007
-0.119352 0.151979 0.0247661 0.024996 1.4007
-0.10987 0.148792 0.0247782 0.0249958 1.4007
-0.100589 0.145059 0.0247916 0.0249955 1.4007
-0.0915292 0.140817 0.0248062 0.0249953 1.4007
-0.0827061 0.136102 0.0248216 0.0249952 1.4007
-0.0741307 0.130951 0.0248377 0.0249951 1.4007
-0.0658097 0.125397 0.0248542 0.0249951 1.4007
-0.0577464 0.119476 0.0248708 0.024995 1.4007
-0.0499406 0.113219 0.0248872 0.0249951 1.4007
-0.0423893 0.106657 0.024903 0.0249951 1.4007
-0.035087 0.0998197 0.024918 0.0249952 1.4007
-0.0280258 0.0927333 0.0249319 0.0249953 1.4007
-0.0211961 0.0854239 0.0249444 0.0249955 1.4007
-0.0145863 0.0779151 0.0249553 0.0249956 1.4007
-0.00818333 0.0702294 0.0249642 0.0249958 1.4007
-0.00197312 0.0623873 0.024971 0.024996 1.4007
0.00405962 0.0544081 0.0249755 0.0249962 1.4007
0.00993101 0.0463096 0.0249775 0.0249965 1.4007
0.0156578 0.0381085 0.0249769 0.0249967 1.4007
0.0212574 0.0298202 0.0249735 0.0249969 1.4007
0.0267473 0.0214591 0.0249675 0.0249972 1.4007
0.0321454 0.0130387 0.0249586 0.0249974 1.4007
0.0374696 0.00457153 0.0249471 0.0249976 1.4007
0.0427375 -0.00393054 0.0249328 0.0249979 1.4007
0.0479664 -0.0124564 0.024916 0.0249981 1.4007
0.0531736 -0.0209954 0.0248968 0.0249983 1.4007
0.0583761 -0.029537 0.0248753 0.0249985 1.4007
0.0635905 -0.0380712 0.0248518 0.0249986 1.4007
0.0688325 -0.0465883 0.0248264 0.0249988 1.4007
0.0741167 -0.0550792 0.0247995 0.024999 1.4007
0.0794562 -0.0635352 0.0247712 0.0249991 1.4007
0.0848626 -0.0719485 0.0247417 0.0249993 1.4007
0.0903448 -0.0803124 0.0247114 0.0249994 1.4007
0.0959091 -0.0886218 0.0246804 0.0249995 1.4007
0.101558 -0.0968739 0.0246489 0.0249996 1.4007
0.107288 -0.10507 0.0246172 0.0249998 1.4007
0.113085 -0.113218 0.0245852 0.0249999 1.4007
0.118888 -0.121362 0.0245533 0.0249999 1.4007
