-0.499992 -0.00173898 0.0249999 0.0249999 0.06003
-0.489992 -0.00165064 0.0249999 0.0249999 0.06003
-0.479993 -0.00155675 0.025 0.0249998 0.06003
-0.469993 -0.00145686 0.025 0.0249998 0.06003
-0.459993 -0.001351 0.025 0.0249997 0.06003
-0.449994 -0.00123954 0.025 0.0249998 0.06003
-0.439994 -0.00112309 0.025 0.0249998 0.06003
-0.429995 -0.00100244 0.025 0.0249998 0.06003
-0.419996 -0.000878508 0.025 0.0249999 0.06003
-0.409996 -0.000752263 0.025 0.025 0.06003
-0.399997 -0.000624735 0.0250001 0.025 0.06003
-0.389998 -0.000496959 0.0250001 0.025 0.06003
-0.379999 -0.000369943 0.0250001 0.025 0.06003
-0.37 -0.000244648 0.0250001 0.025 0.06003
-0.36 -0.000121952 0.025 0.025 0.06003
-0.350001 -2.62879e-06 0.025 0.025 0.06003
-0.340002 0.000112722 0.025 0.0249999 0.06003
-0.330002 0.000223797 0.025 0.0249999 0.06003
-0.320003 0.000330262 0.025 0.0249999 0.06003
-0.310003 0.000431544 0.025 0.0249998 0.06003
-0.300003 0.000527037 0.025 0.0249998 0.06003
-0.290004 0.000616119 0.025 0.0249997 0.06003
-0.280004 0.000698171 0.025 0.0249997 0.06003
-0.270004 0.000772599 0.025 0.0249996 0.06003
-0.260003 0.000838843 0.025 0.0249996 0.06003
-0.250003 0.000896403 0.025 0.0249995 0.06003
-0.240003 0.000944846 0.0249999 0.0249995 0.06003
-0.230003 0.000983829 0.0249999 0.0249994 0.06003
-0.220002 0.0010131 0.025 0.0249994 0.06003
-0.210002 0.00103253 0.025 0.0249994 0.06003
-0.200001 0.00104208 0.025 0.0249994 0.06003
-0.190001 0.00104187 0.025 0.0249994 0.06003
-0.18 0.00103213 0.025 0.0249994 0.06003
-0.17 0.00101323 0.025 0.0249995 0.06003
-0.16 0.000985653 0.025 0.0249995 0.06003
-0.149999 0.000950012 0.025 0.0249996 0.06003
-0.139999 0.000907026 0.025 0.0249996 0.06003
-0.129999 0.000857512 0.025 0.0249997 0.06003
-0.119999 0.000802373 0.025 0.0249998 0.06003
-0.109999 0.000742581 0.025 0.0249998 0.06003
-0.099999 0.000679163 0.025 0.0249999 0.06003
-0.0899991 0.000613178 0.025 0.025 0.06003
-0.0799993 0.000545701 0.025 0.025 0.06003
-0.0699996 0.0004778 0.025 0.025 0.06003
-0.0599998 0.000410518 0.025 0.0250001 0.06003
-0.0500001 0.000344848 0.025 0.0250001 0.06003
-0.0400004 0.000281716 0.025 0.0250001 0.06003
-0.0300006 0.000221958 0.025 0.0250001 0.06003
-0.0200008 0.000166301 0.025 0.0250001 0.06003
-0.010001 0.000115343 0.025 0.0250001 0.06003
-1.12405e-06 6.95374e-05 0.025 0.0250001 0.06003
0.00999876 2.91768e-05 0.025 0.025 0.06003
0.0199987 -5.62363e-06 0.025 0.025 0.06003
0.0299986 -3.49259e-05 0.025 0.025 0.06003
0.0399986 -5.90941e-05 0.025 0.025 0.06003
0.0499986 -7.87535e-05 0.025 0.025 0.06003
0.0599985 -9.44485e-05 0.025 0.025 0.06003
0.0699985 -0.000106574 0.025 0.025 0.06003
0.0799985 -0.000115495 0.025 0.025 0.06003
0.0899985 -0.000121567 0.025 0.025 0.06003
0.0999985 -0.000125136 0.025 0.025 0.06003
0.109999 -0.000126546 0.025 0.025 0.06003
0.119999 -0.000126138 0.025 0.025 0.06003
0.129999 -0.000124249 0.025 0.025 0.06003
0.139999 -0.000121212 0.025 0.025 0.06003
0.149999 -0.000117351 0.025 0.025 0.06003
0.159999 -0.000112979 0.025 0.025 0.06003
0.169999 -0.000108386 0.025 0.025 0.06003
0.179999 -0.000103839 0.025 0.025 0.06003
0.189999 -9.95728e-05 0.025 0.025 0.06003
0.199999 -9.5779e-05 0.025 0.025 0.06003
0.209999 -9.26067e-05 0.025 0.025 0.06003
0.219999 -9.01579e-05 0.025 0.025 0.06003
0.229999 -8.84878e-05 0.025 0.025 0.06003
0.239999 -8.76039e-05 0.025 0.025 0.06003
0.249999 -8.74661e-05 0.025 0.025 0.06003
0.259999 -8.79857e-05 0.025 0.025 0.06003
0.269999 -8.90244e-05 0.025 0.025 0.06003
0.279999 -9.03933e-05 0.025 0.025 0.06003
0.289999 -9.18513e-05 0.025 0.025 0.06003
0.299999 -9.31048e-05 0.025 0.025 0.06003
0.309999 -9.38043e-05 0.025 0.025 0.06003
0.319999 -9.3543e-05 0.025 0.025 0.06003
0.329999 -9.18558e-05 0.025 0.025 0.06003
0.339999 -8.82176e-05 0.025 0.025 0.06003
0.349999 -8.20417e-05 0.025 0.025 0.06003
0.359999 -7.26807e-05 0.025 0.025 0.06003
0.369999 -5.94241e-05 0.025 0.025 0.06003
0.379999 -4.14946e-05 0.025 0.025 0.06003
0.389999 -1.78874e-05 0.025 0.025 0.06003
0.399998 1.24397e-05 0.025 0.025 0.06003
0.409998 5.02101e-05 0.025 0.025 0.06003
0.419998 9.58891e-05 0.025 0.0250001 0.06003
0.429998 0.000149745 0.025 0.0250001 0.06003
0.439998 0.000211839 0.025 0.0250001 0.06003
0.449997 0.000282015 0.025 0.0250001 0.06003
0.459997 0.000359881 0.025 0.0250001 0.06003
0.469997 0.000444782 0.025 0.0250001 0.06003
0.479996 0.000535721 0.0250001 0.0250001 0.06003
0.489996 0.000631146 0.0250001 0.025 0.06003
0.499995 0.000726123 0.0250001 0.025 0.06003
