-1.88428 0.0261437 0.0249761 0.025 3.66183
-1.8769 0.0193956 0.0249799 0.0250001 3.66183
-1.86969 0.0124582 0.0249837 0.0250002 3.66183
-1.8627 0.00531065 0.0249875 0.0250003 3.66183
-1.85594 -0.0020547 0.0249913 0.0250004 3.66183
-1.84942 -0.00963612 0.024995 0.0250006 3.66183
-1.84315 -0.017425 0.0249984 0.0250008 3.66183
-1.83712 -0.0254075 0.0250015 0.0250009 3.66183
-1.83134 -0.0335664 0.0250042 0.0250011 3.66183
-1.82579 -0.0418814 0.0250063 0.0250013 3.66183
-1.82044 -0.0503312 0.0250079 0.0250016 3.66183
-1.81528 -0.0588931 0.0250088 0.0250018 3.66183
-1.81027 -0.0675439 0.025009 0.025002 3.66183
-1.80537 -0.0762604 0.0250086 0.0250022 3.66183
-1.80055 -0.085019 0.0250074 0.0250024 3.66183
-1.79576 -0.0937954 0.0250057 0.0250025 3.66183
-1.79096 -0.102565 0.0250034 0.0250026 3.66183
-1.7861 -0.111302 0.0250005 0.0250028 3.66183
-1.78113 -0.119978 0.0249973 0.0250028 3.66183
-1.77601 -0.128564 0.0249938 0.0250029 3.66183
-1.77068 -0.137027 0.0249902 0.0250029 3.66183
-1.76511 -0.14533 0.0249866 0.0250028 3.66183
-1.75926 -0.153433 0.024983 0.0250028 3.66183
-1.75308 -0.161293 0.0249798 0.0250027 3.66183
-1.74655 -0.168862 0.0249771 0.0250026 3.66183
-1.73964 -0.176087 0.0249749 0.0250024 3.66183
-1.73233 -0.182914 0.0249734 0.0250023 3.66183
-1.72463 -0.189284 0.0249728 0.0250021 3.66183
-1.71652 -0.195138 0.0249731 0.0250019 3.66183
-1.70803 -0.200416 0.0249743 0.0250017 3.66183
-1.69917 -0.205062 0.0249765 0.0250015 3.66183
-1.68999 -0.20902 0.0249797 0.0250012 3.66183
-1.68053 -0.212243 0.0249839 0.025001 3.66183
-1.67083 -0.214688 0.0249888 0.0250007 3.66183
-1.66097 -0.216324 0.0249946 0.0250005 3.66183
-1.651 -0.217126 0.0250008 0.0250003 3.66183
-1.641 -0.217084 0.0250075 0.025 3.66183
-1.63104 -0.216196 0.0250144 0.0249997 3.66183
-1.62119 -0.214475 0.0250214 0.0249994 3.66183
-1.61151 -0.211943 0.0250283 0.0249991 3.66183
-1.60208 -0.208634 0.0250352 0.0249988 3.66183
-1.59293 -0.204589 0.0250419 0.0249985 3.66183
-1.58412 -0.199858 0.0250485 0.0249982 3.66183
-1.57568 -0.194495 0.0250549 0.024998 3.66183
-1.56763 -0.188556 0.025061 0.0249978 3.66183
-1.55999 -0.182102 0.025067 0.0249977 3.66183
-1.55276 -0.17519 0.0250726 0.0249976 3.66183
-1.54593 -0.167878 0.0250779 0.0249975 3.66183
-1.5395 -0.160221 0.0250827 0.0249975 3.66183
-1.53343 -0.15227 0.025087 0.0249975 3.66183
-1.5277 -0.144071 0.0250907 0.0249975 3.66183
-1.52227 -0.13567 0.0250937 0.0249976 3.66183
-1.51711 -0.127103 0.025096 0.0249977 3.66183
-1.51217 -0.118407 0.0250975 0.0249977 3.66183
-1.50741 -0.109613 0.025098 0.0249978 3.66183
-1.50277 -0.100748 0.0250976 0.0249979 3.66183
-1.49823 -0.0918403 0.025096 0.024998 3.66183
-1.49372 -0.0829121 0.0250932 0.0249982 3.66183
-1.48921 -0.0739866 0.0250891 0.0249983 3.66183
-1.48465 -0.0650858 0.0250836 0.0249984 3.66183
-1.48 -0.0562314 0.0250766 0.0249986 3.66183
-1.47522 -0.0474453 0.025068 0.0249987 3.66183
-1.47028 -0.0387498 0.0250579 0.0249989 3.66183
-1.46514 -0.0301682 0.0250462 0.024999 3.66183
-1.45978 -0.0217244 0.0250328 0.0249992 3.66183
-1.45418 -0.0134433 0.0250179 0.0249993 3.66183
-1.4483 -0.00535089 0.0250015 0.0249995 3.66183
-1.44214 0.00252635 0.0249836 0.0249996 3.66183
-1.43568 0.0101611 0.0249644 0.0249997 3.66183
-1.42892 0.0175258 0.0249441 0.0249998 3.66183
-1.42184 0.0245924 0.0249228 0.0249998 3.66183
-1.41445 0.0313331 0.0249008 0.0249999 3.66183
-1.40676 0.0377204 0.0248782 0.0249999 3.66183
-1.39877 0.0437275 0.0248554 0.0249999 3.66183
-1.39048 0.0493285 0.0248327 0.0249999 3.66183
-1.38192 0.0544986 0.0248102 0.0249998 3.66183
-1.3731 0.0592149 0.0247884 0.0249998 3.66183
-1.36405 0.0634563 0.0247675 0.0249997 3.66183
-1.35478 0.0672038 0.0247478 0.0249996 3.66183
-1.34531 0.070441 0.0247294 0.0249994 3.66183
-1.33569 0.0731543 0.0247127 0.0249993 3.66183
-1.32593 0.0753331 0.0246977 0.0249992 3.66183
-1.31606 0.0769699 0.0246846 0.024999 3.66183
-1.30612 0.0780605 0.0246735 0.0249988 3.66183
-1.29613 0.0786043 0.0246645 0.0249987 3.66183
-1.28613 0.0786043 0.0246576 0.0249985 3.66183
-1.27615 0.0780671 0.0246528 0.0249984 3.66183
-1.2662 0.077003 0.0246501 0.0249983 3.66183
-1.25633 0.0754252 0.0246493 0.0249982 3.66183
-1.24654 0.0733502 0.0246505 0.0249981 3.66183
-1.23687 0.0707977 0.0246534 0.0249981 3.66183
-1.22733 0.0677902 0.0246578 0.0249981 3.66183
-1.21794 0.0643529 0.0246637 0.0249982 3.66183
-1.20871 0.060514 0.0246707 0.0249983 3.66183
-1.19963 0.0563041 0.0246787 0.0249985 3.66183
-1.19073 0.0517565 0.0246874 0.0249986 3.66183
-1.18198 0.0469077 0.0246967 0.0249989 3.66183
-1.17338 0.0417983 0.0247064 0.0249991 3.66183
-1.16492 0.0364747 0.0247163 0.0249994 3.66183
-1.15655 0.0309961 0.0247262 0.0249997 3.66183
-1.14819 0.0255088 0.0247362 0.0249998 3.66183
