-2.68727 -0.099178 0.024909 0.0250001 4.98249
-2.68169 -0.0908768 0.0249169 0.0250001 4.98249
-2.67605 -0.0826173 0.0249247 0.0250002 4.98249
-2.67033 -0.0744214 0.0249325 0.0250003 4.98249
-2.66447 -0.066314 0.0249401 0.0250004 4.98249
-2.65846 -0.0583232 0.0249475 0.0250005 4.98249
-2.65226 -0.0504805 0.0249546 0.0250006 4.98249
-2.64583 -0.0428208 0.0249613 0.0250007 4.98249
-2.63915 -0.0353826 0.0249675 0.0250007 4.98249
-2.63218 -0.0282079 0.024973 0.0250008 4.98249
-2.62491 -0.021342 0.0249778 0.0250008 4.98249
-2.61732 -0.0148331 0.0249818 0.0250008 4.98249
-2.6094 -0.00873209 0.024985 0.0250008 4.98249
-2.60114 -0.00309133 0.0249872 0.0250007 4.98249
-2.59256 0.00203598 0.0249886 0.0250006 4.98249
-2.58366 0.00659719 0.0249891 0.0250005 4.98249
-2.57447 0.0105415 0.0249888 0.0250003 4.98249
-2.56502 0.0138213 0.0249878 0.0250001 4.98249
-2.55536 0.0163941 0.0249862 0.0249999 4.98249
-2.54553 0.0182236 0.0249843 0.0249996 4.98249
-2.53558 0.0192815 0.0249822 0.0249994 4.98249
-2.52559 0.0195477 0.02498 0.0249991 4.98249
-2.5156 0.0190118 0.0249779 0.0249989 4.98249
-2.50569 0.0176731 0.024976 0.0249987 4.98249
-2.49592 0.0155414 0.0249745 0.0249986 4.98249
-2.48635 0.0126361 0.0249735 0.0249985 4.98249
-2.47704 0.00898627 0.0249729 0.0249983 4.98249
-2.46803 0.00462911 0.0249729 0.0249983 4.98249
-2.45938 -0.000390963 0.0249735 0.0249982 4.98249
-2.45112 -0.00602389 0.0249746 0.0249982 4.98249
-2.44327 -0.0122156 0.0249762 0.0249982 4.98249
-2.43583 -0.0189095 0.0249782 0.0249982 4.98249
-2.42883 -0.0260483 0.0249805 0.0249982 4.98249
-2.42224 -0.0335754 0.024983 0.0249983 4.98249
-2.41606 -0.0414361 0.0249855 0.0249984 4.98249
-2.41025 -0.0495788 0.0249878 0.0249985 4.98249
-2.40479 -0.0579554 0.0249898 0.0249986 4.98249
-2.39963 -0.0665215 0.0249912 0.0249987 4.98249
-2.39472 -0.0752365 0.0249919 0.0249989 4.98249
-2.39002 -0.0840635 0.0249919 0.024999 4.98249
-2.38547 -0.0929689 0.0249908 0.0249992 4.98249
-2.38101 -0.101922 0.0249888 0.0249994 4.98249
-2.3766 -0.110894 0.0249855 0.0249995 4.98249
-2.37216 -0.119856 0.0249811 0.0249997 4.98249
-2.36765 -0.12878 0.0249754 0.0249999 4.98249
-2.36301 -0.137638 0.0249684 0.025 4.98249
-2.35819 -0.1464 0.0249601 0.0250002 4.98249
-2.35314 -0.155034 0.0249506 0.0250003 4.98249
-2.34783 -0.163505 0.0249399 0.0250004 4.98249
-2.34221 -0.171777 0.024928 0.0250006 4.98249
-2.33625 -0.17981 0.0249151 0.0250007 4.98249
-2.32994 -0.187563 0.0249012 0.0250007 4.98249
-2.32325 -0.194993 0.0248864 0.0250008 4.98249
-2.31617 -0.202056 0.0248707 0.0250009 4.98249
-2.3087 -0.208708 0.0248542 0.025001 4.98249
-2.30086 -0.214905 0.0248372 0.025001 4.98249
-2.29264 -0.220606 0.0248196 0.025001 4.98249
-2.28408 -0.225772 0.0248016 0.025001 4.98249
-2.2752 -0.230366 0.0247835 0.025001 4.98249
-2.26603 -0.234357 0.0247654 0.0250009 4.98249
-2.25662 -0.237721 0.0247477 0.0250008 4.98249
-2.24699 -0.240435 0.0247305 0.0250007 4.98249
-2.2372 -0.242485 0.0247144 0.0250005 4.98249
-2.2273 -0.243863 0.0246996 0.0250003 4.98249
-2.21732 -0.244565 0.0246865 0.025 4.98249
-2.20732 -0.244595 0.0246755 0.0249997 4.98249
-2.19734 -0.243959 0.0246669 0.0249993 4.98249
-2.18743 -0.24267 0.024661 0.024999 4.98249
-2.17761 -0.240746 0.024658 0.0249986 4.98249
-2.16794 -0.238206 0.0246582 0.0249983 4.98249
-2.15844 -0.235073 0.0246615 0.0249979 4.98249
-2.14915 -0.231373 0.0246681 0.0249976 4.98249
-2.14009 -0.227134 0.0246778 0.0249973 4.98249
-2.13129 -0.222383 0.0246905 0.024997 4.98249
-2.12276 -0.217151 0.024706 0.0249968 4.98249
-2.11453 -0.211469 0.0247241 0.0249966 4.98249
-2.10661 -0.205366 0.0247443 0.0249964 4.98249
-2.099 -0.198875 0.0247663 0.0249963 4.98249
-2.09171 -0.192024 0.0247897 0.0249963 4.98249
-2.08474 -0.184844 0.024814 0.0249963 4.98249
-2.0781 -0.177364 0.0248388 0.0249964 4.98249
-2.07178 -0.169611 0.0248636 0.0249965 4.98249
-2.06577 -0.161611 0.0248882 0.0249967 4.98249
-2.06008 -0.15339 0.024912 0.0249969 4.98249
-2.05468 -0.144971 0.0249347 0.0249971 4.98249
-2.04956 -0.136377 0.0249562 0.0249973 4.98249
-2.04471 -0.127627 0.024976 0.0249976 4.98249
-2.04012 -0.118741 0.0249942 0.0249979 4.98249
-2.03577 -0.109736 0.0250106 0.0249982 4.98249
-2.03164 -0.100629 0.0250251 0.0249985 4.98249
-2.02771 -0.0914331 0.0250379 0.0249988 4.98249
-2.02395 -0.0821623 0.0250489 0.024999 4.98249
-2.02036 -0.0728283 0.0250583 0.0249992 4.98249
-2.01691 -0.0634422 0.0250663 0.0249994 4.98249
-2.01358 -0.054014 0.0250731 0.0249996 4.98249
-2.01034 -0.0445531 0.025079 0.0249997 4.98249
-2.00717 -0.0350676 0.0250842 0.0249998 4.98249
-2.00406 -0.025565 0.025089 0.0249999 4.98249
-2.00097 -0.0160521 0.0250935 0.0249999 4.98249
-1.99791 -0.00653452 0.0250979 0.025 4.98249
-1.99484 0.00298269 0.0251024 0.025 4.98249
