-0.429722 0.102941 0.0250268 0.0250001 0.62031
-0.421782 0.0968607 0.0250275 0.0250001 0.62031
-0.413919 0.0906835 0.0250283 0.0250002 0.62031
-0.40614 0.0843999 0.025029 0.0250004 0.62031
-0.39845 0.078008 0.0250297 0.0250005 0.62031
-0.390849 0.0715108 0.0250303 0.0250007 0.62031
-0.383333 0.0649155 0.0250309 0.0250008 0.62031
-0.375895 0.0582322 0.0250312 0.025001 0.62031
-0.368525 0.0514739 0.0250314 0.0250011 0.62031
-0.361212 0.0446554 0.0250313 0.0250013 0.62031
-0.353939 0.0377934 0.025031 0.0250014 0.62031
-0.34669 0.0309063 0.0250303 0.0250015 0.62031
-0.339447 0.0240135 0.0250292 0.0250016 0.62031
-0.33219 0.0171359 0.0250277 0.0250018 0.62031
-0.324897 0.0102954 0.0250258 0.0250019 0.62031
-0.317549 0.00351522 0.0250235 0.025002 0.62031
-0.310124 -0.00318066 0.0250208 0.025002 0.62031
-0.302601 -0.009767 0.0250176 0.0250021 0.62031
-0.294962 -0.0162176 0.025014 0.0250021 0.62031
-0.287189 -0.0225054 0.02501 0.0250021 0.62031
-0.279264 -0.0286024 0.0250055 0.0250021 0.62031
-0.271176 -0.03448 0.0250008 0.025002 0.62031
-0.262913 -0.0401093 0.0249957 0.025002 0.62031
-0.254467 -0.045461 0.0249905 0.0250019 0.62031
-0.245835 -0.0505062 0.0249851 0.0250018 0.62031
-0.237015 -0.0552165 0.0249797 0.0250015 0.62031
-0.228011 -0.0595646 0.0249744 0.0250011 0.62031
-0.21883 -0.0635249 0.0249693 0.0250007 0.62031
-0.209481 -0.0670737 0.0249647 0.0250001 0.62031
-0.199979 -0.0701899 0.0249606 0.0249996 0.62031
-0.19034 -0.0728558 0.0249572 0.0249992 0.62031
-0.180585 -0.0750564 0.0249547 0.0249989 0.62031
-0.170733 -0.0767807 0.0249532 0.0249987 0.62031
-0.16081 -0.078022 0.0249528 0.0249985 0.62031
-0.150837 -0.0787775 0.0249535 0.0249983 0.62031
-0.140839 -0.0790493 0.0249554 0.0249981 0.62031
-0.13084 -0.0788434 0.0249585 0.024998 0.62031
-0.120861 -0.0781704 0.0249628 0.0249978 0.62031
-0.110922 -0.0770445 0.0249683 0.0249977 0.62031
-0.101043 -0.0754838 0.0249748 0.0249976 0.62031
-0.0912378 -0.0735099 0.0249824 0.0249976 0.62031
-0.0815191 -0.0711467 0.0249907 0.0249975 0.62031
-0.0718957 -0.0684209 0.0249998 0.0249975 0.62031
-0.0623733 -0.0653609 0.0250094 0.0249975 0.62031
-0.0529542 -0.0619965 0.0250194 0.0249976 0.62031
-0.0436374 -0.0583584 0.0250295 0.0249977 0.62031
-0.0344189 -0.0544782 0.0250395 0.0249978 0.62031
-0.0252921 -0.0503873 0.0250493 0.0249979 0.62031
-0.0162477 -0.0461174 0.0250587 0.024998 0.62031
-0.00727478 -0.0416996 0.0250674 0.0249982 0.62031
0.00163942 -0.0371647 0.0250753 0.0249983 0.62031
0.0105087 -0.0325429 0.0250822 0.0249985 0.62031
0.0193476 -0.0278635 0.025088 0.0249987 0.62031
0.0281709 -0.0231551 0.0250926 0.0249988 0.62031
0.0369934 -0.0184454 0.0250958 0.024999 0.62031
0.0458293 -0.0137612 0.0250976 0.0249992 0.62031
0.0546922 -0.00912847 0.025098 0.0249993 0.62031
0.0635943 -0.00457199 0.025097 0.0249995 0.62031
0.0725469 -0.000115687 0.0250946 0.0249996 0.62031
0.0815596 0.0042176 0.0250908 0.0249997 0.62031
0.0906403 0.00840611 0.0250857 0.0249998 0.62031
0.0997955 0.0124292 0.0250795 0.0249999 0.62031
0.10903 0.0162675 0.0250723 0.025 0.62031
0.118345 0.0199027 0.0250641 0.025 0.62031
0.127744 0.0233179 0.0250551 0.025 0.62031
0.137225 0.0264974 0.0250455 0.025 0.62031
0.146786 0.029427 0.0250354 0.025 0.62031
0.156424 0.0320935 0.0250251 0.025 0.62031
0.166134 0.0344854 0.0250146 0.025 0.62031
0.17591 0.0365923 0.0250041 0.0249999 0.62031
0.185744 0.038405 0.0249938 0.0249999 0.62031
0.195629 0.0399156 0.0249838 0.0249998 0.62031
0.205557 0.0411176 0.0249742 0.0249997 0.62031
0.215518 0.0420055 0.0249653 0.0249996 0.62031
0.225502 0.042575 0.024957 0.0249995 0.62031
0.235499 0.0428232 0.0249496 0.0249994 0.62031
0.2455 0.0427482 0.0249431 0.0249993 0.62031
0.255492 0.0423494 0.0249376 0.0249991 0.62031
0.265467 0.0416274 0.0249333 0.024999 0.62031
0.275413 0.0405838 0.0249302 0.0249989 0.62031
0.285321 0.0392219 0.0249283 0.0249988 0.62031
0.29518 0.0375455 0.0249277 0.0249987 0.62031
0.304982 0.0355597 0.0249285 0.0249986 0.62031
0.314718 0.0332701 0.0249306 0.0249985 0.62031
0.324379 0.0306834 0.0249341 0.0249985 0.62031
0.333958 0.0278072 0.0249388 0.0249984 0.62031
0.343447 0.02465 0.0249448 0.0249984 0.62031
0.352843 0.0212212 0.0249519 0.0249984 0.62031
0.362138 0.0175308 0.0249601 0.0249984 0.62031
0.37133 0.0135901 0.0249692 0.0249985 0.62031
0.380416 0.00941093 0.0249793 0.0249985 0.62031
0.389395 0.00500596 0.02499 0.0249986 0.62031
0.398267 0.00038882 0.0250014 0.0249987 0.62031
0.407032 -0.00442603 0.0250134 0.0249988 0.62031
0.415695 -0.00942313 0.0250257 0.0249989 0.62031
0.424261 -0.0145859 0.0250383 0.024999 0.62031
0.432735 -0.0198965 0.0250512 0.0249992 0.62031
0.441127 -0.0253349 0.0250641 0.0249994 0.62031
0.449451 -0.0308782 0.0250771 0.0249996 0.62031
0.457723 -0.0364971 0.02509 0.0249998 0.62031
0.465995 -0.0421169 0.0251029 0.0249999 0.62031
