-0.392537 0.0416474 0.0250128 0.0250001 0.94047
-0.385681 0.0489264 0.0250136 0.0250001 0.94047
-0.378719 0.0561047 0.0250144 0.0250002 0.94047
-0.371619 0.0631472 0.0250151 0.0250003 0.94047
-0.364354 0.0700176 0.0250159 0.0250004 0.94047
-0.356895 0.0766777 0.0250167 0.0250005 0.94047
-0.349219 0.0830868 0.0250175 0.0250006 0.94047
-0.341308 0.0892024 0.0250183 0.0250006 0.94047
-0.333146 0.0949803 0.025019 0.0250006 0.94047
-0.324727 0.100375 0.0250198 0.0250007 0.94047
-0.316047 0.105339 0.0250206 0.0250007 0.94047
-0.307111 0.109827 0.0250215 0.0250006 0.94047
-0.297932 0.113793 0.0250225 0.0250006 0.94047
-0.288528 0.117195 0.0250236 0.0250005 0.94047
-0.278928 0.119992 0.025025 0.0250004 0.94047
-0.269163 0.122148 0.0250267 0.0250003 0.94047
-0.259275 0.123634 0.0250288 0.0250002 0.94047
-0.249306 0.124424 0.0250313 0.0250001 0.94047
-0.239306 0.124503 0.0250343 0.0250001 0.94047
-0.229327 0.12386 0.0250377 0.0250001 0.94047
-0.219421 0.122495 0.0250415 0.025 0.94047
-0.20964 0.120415 0.0250457 0.0250001 0.94047
-0.200034 0.117635 0.0250501 0.0250001 0.94047
-0.19065 0.11418 0.0250548 0.0250001 0.94047
-0.181529 0.110079 0.0250595 0.0250002 0.94047
-0.172708 0.105369 0.0250642 0.0250003 0.94047
-0.164215 0.100092 0.0250687 0.0250004 0.94047
-0.156069 0.0942921 0.0250729 0.0250006 0.94047
-0.148282 0.0880182 0.0250767 0.0250007 0.94047
-0.140859 0.0813193 0.02508 0.0250009 0.94047
-0.133792 0.0742445 0.0250826 0.0250011 0.94047
-0.12707 0.0668424 0.0250844 0.0250013 0.94047
-0.12067 0.05916 0.0250853 0.0250015 0.94047
-0.114565 0.0512417 0.0250851 0.0250017 0.94047
-0.108719 0.0431298 0.0250839 0.0250019 0.94047
-0.103095 0.0348635 0.0250816 0.0250021 0.94047
-0.0976476 0.0264794 0.0250781 0.0250023 0.94047
-0.0923311 0.018012 0.0250734 0.0250025 0.94047
-0.0870968 0.00949378 0.0250675 0.0250026 0.94047
-0.0818949 0.000955784 0.0250604 0.0250028 0.94047
-0.0766758 -0.00757155 0.0250522 0.0250029 0.94047
-0.0713907 -0.016058 0.0250428 0.025003 0.94047
-0.0659923 -0.0244727 0.0250324 0.0250031 0.94047
-0.0604363 -0.0327841 0.0250211 0.0250032 0.94047
-0.0546817 -0.0409592 0.025009 0.0250033 0.94047
-0.0486918 -0.0489635 0.0249961 0.0250033 0.94047
-0.042435 -0.0567608 0.0249827 0.0250033 0.94047
-0.0358851 -0.0643138 0.024969 0.0250033 0.94047
-0.0290223 -0.0715835 0.024955 0.0250032 0.94047
-0.0218332 -0.0785308 0.0249409 0.0250031 0.94047
-0.0143111 -0.0851164 0.024927 0.025003 0.94047
-0.00645627 -0.0913014 0.0249133 0.0250028 0.94047
0.00172443 -0.0970487 0.0249001 0.0250027 0.94047
0.0102177 -0.102323 0.0248875 0.0250024 0.94047
0.0190044 -0.107094 0.0248758 0.0250022 0.94047
0.0280602 -0.111332 0.024865 0.0250019 0.94047
0.0373561 -0.115014 0.0248552 0.0250016 0.94047
0.0468599 -0.118121 0.0248467 0.0250013 0.94047
0.0565365 -0.12064 0.0248395 0.0250009 0.94047
0.0663494 -0.122563 0.0248338 0.0250006 0.94047
0.0762611 -0.123886 0.0248295 0.0250002 0.94047
0.0862347 -0.124613 0.0248268 0.0249998 0.94047
0.0962341 -0.124749 0.0248258 0.0249994 0.94047
0.106225 -0.124307 0.0248263 0.024999 0.94047
0.116175 -0.123301 0.0248285 0.0249986 0.94047
0.126056 -0.121751 0.0248323 0.0249983 0.94047
0.13584 -0.119678 0.0248377 0.0249979 0.94047
0.145505 -0.117105 0.0248446 0.0249976 0.94047
0.155031 -0.114057 0.0248528 0.0249973 0.94047
0.164402 -0.110559 0.0248623 0.024997 0.94047
0.173604 -0.106637 0.0248728 0.0249968 0.94047
0.182625 -0.102317 0.0248841 0.0249966 0.94047
0.191459 -0.0976246 0.024896 0.0249965 0.94047
0.200099 -0.0925843 0.0249083 0.0249964 0.94047
0.208543 -0.087221 0.0249205 0.0249963 0.94047
0.216789 -0.0815588 0.0249326 0.0249963 0.94047
0.224839 -0.0756207 0.0249442 0.0249963 0.94047
0.232695 -0.0694292 0.024955 0.0249963 0.94047
0.240363 -0.0630057 0.0249648 0.0249964 0.94047
0.247849 -0.0563709 0.0249734 0.0249965 0.94047
0.25516 -0.0495445 0.0249806 0.0249966 0.94047
0.262306 -0.0425453 0.0249861 0.0249968 0.94047
0.269297 -0.0353913 0.0249898 0.024997 0.94047
0.276143 -0.0280995 0.0249916 0.0249971 0.94047
0.282858 -0.0206862 0.0249914 0.0249973 0.94047
0.289453 -0.0131669 0.0249891 0.0249976 0.94047
0.295943 -0.00555612 0.0249848 0.0249978 0.94047
0.30234 0.00213207 0.0249784 0.024998 0.94047
0.308659 0.0098844 0.02497 0.0249982 0.94047
0.314915 0.0176882 0.0249597 0.0249984 0.94047
0.32112 0.0255316 0.0249477 0.0249986 0.94047
0.327289 0.0334031 0.0249341 0.0249988 0.94047
0.333436 0.041292 0.0249191 0.024999 0.94047
0.339572 0.0491885 0.0249028 0.0249992 0.94047
0.345711 0.0570834 0.0248856 0.0249993 0.94047
0.351863 0.0649682 0.0248675 0.0249994 0.94047
0.358036 0.0728356 0.0248488 0.0249996 0.94047
0.364239 0.0806798 0.0248297 0.0249997 0.94047
0.370475 0.0884975 0.0248104 0.0249998 0.94047
0.376742 0.09629 0.0247909 0.0249999 0.94047
0.383015 0.104078 0.0247714 0.0249999 0.94047
