-0.92682 0.00490732 0.0250937 0.0250001 1.98099
-0.921241 0.0132063 0.0250943 0.0250001 1.98099
-0.915598 0.0214619 0.0250949 0.0250002 1.98099
-0.90986 0.0296518 0.0250954 0.0250003 1.98099
-0.903995 0.0377507 0.0250959 0.0250004 1.98099
-0.897969 0.0457303 0.0250962 0.0250005 1.98099
-0.891747 0.0535586 0.0250962 0.0250006 1.98099
-0.885298 0.0612004 0.0250959 0.0250007 1.98099
-0.878591 0.0686169 0.0250951 0.0250007 1.98099
-0.871599 0.0757658 0.0250938 0.0250008 1.98099
-0.864301 0.0826016 0.0250919 0.0250008 1.98099
-0.856681 0.0890756 0.0250893 0.0250008 1.98099
-0.848728 0.095137 0.0250859 0.0250008 1.98099
-0.840441 0.100733 0.0250819 0.0250007 1.98099
-0.831827 0.105811 0.0250772 0.0250006 1.98099
-0.822901 0.110319 0.0250718 0.0250005 1.98099
-0.813688 0.114205 0.0250658 0.0250003 1.98099
-0.804219 0.117422 0.0250594 0.0250001 1.98099
-0.794539 0.11993 0.0250527 0.0249998 1.98099
-0.784695 0.121692 0.0250458 0.0249995 1.98099
-0.774744 0.12268 0.025039 0.0249993 1.98099
-0.764745 0.122876 0.0250324 0.024999 1.98099
-0.754762 0.122271 0.025026 0.0249988 1.98099
-0.744861 0.120863 0.0250201 0.0249987 1.98099
-0.735104 0.118665 0.0250146 0.0249985 1.98099
-0.725554 0.115697 0.0250097 0.0249984 1.98099
-0.716266 0.111987 0.0250054 0.0249983 1.98099
-0.70729 0.107575 0.0250017 0.0249982 1.98099
-0.698669 0.102506 0.0249986 0.0249982 1.98099
-0.690435 0.0968286 0.024996 0.0249981 1.98099
-0.68261 0.0905985 0.0249939 0.0249981 1.98099
-0.675209 0.083872 0.0249921 0.0249982 1.98099
-0.668232 0.0767062 0.0249906 0.0249982 1.98099
-0.661671 0.0691576 0.0249891 0.0249983 1.98099
-0.655508 0.0612805 0.0249876 0.0249984 1.98099
-0.649718 0.0531261 0.0249858 0.0249985 1.98099
-0.644265 0.0447422 0.0249835 0.0249986 1.98099
-0.639109 0.0361728 0.0249806 0.0249988 1.98099
-0.634202 0.0274581 0.0249769 0.0249989 1.98099
-0.629494 0.0186347 0.0249723 0.0249991 1.98099
-0.624931 0.00973609 0.0249666 0.0249992 1.98099
-0.620455 0.000793003 0.0249598 0.0249994 1.98099
-0.61601 -0.00816548 0.0249519 0.0249996 1.98099
-0.611541 -0.0171112 0.0249427 0.0249998 1.98099
-0.60699 -0.0260159 0.0249324 0.025 1.98099
-0.602306 -0.0348508 0.0249209 0.0250001 1.98099
-0.597437 -0.0435854 0.0249083 0.0250003 1.98099
-0.592338 -0.0521873 0.0248947 0.0250004 1.98099
-0.586967 -0.0606219 0.0248802 0.0250005 1.98099
-0.581287 -0.0688521 0.0248649 0.0250006 1.98099
-0.57527 -0.0768382 0.0248491 0.0250007 1.98099
-0.568891 -0.0845387 0.0248326 0.0250007 1.98099
-0.562135 -0.0919105 0.0248158 0.0250008 1.98099
-0.554993 -0.0989093 0.0247986 0.0250008 1.98099
-0.547465 -0.105491 0.0247813 0.0250009 1.98099
-0.539559 -0.111613 0.0247638 0.0250009 1.98099
-0.531288 -0.117232 0.0247463 0.0250009 1.98099
-0.522675 -0.122311 0.0247289 0.0250009 1.98099
-0.513747 -0.126815 0.0247119 0.0250008 1.98099
-0.504539 -0.130712 0.0246954 0.0250008 1.98099
-0.495088 -0.133978 0.0246797 0.0250006 1.98099
-0.485436 -0.136593 0.024665 0.0250005 1.98099
-0.475628 -0.138542 0.0246516 0.0250003 1.98099
-0.46571 -0.139818 0.0246399 0.025 1.98099
-0.455728 -0.140419 0.0246301 0.0249998 1.98099
-0.445728 -0.140348 0.0246225 0.0249994 1.98099
-0.435754 -0.139614 0.0246175 0.0249991 1.98099
-0.42585 -0.13823 0.0246153 0.0249988 1.98099
-0.416054 -0.136213 0.024616 0.0249984 1.98099
-0.406404 -0.133585 0.0246198 0.0249981 1.98099
-0.396934 -0.130368 0.0246268 0.0249978 1.98099
-0.387674 -0.126589 0.0246368 0.0249974 1.98099
-0.37865 -0.122274 0.0246498 0.0249971 1.98099
-0.369885 -0.117455 0.0246657 0.0249969 1.98099
-0.361399 -0.112159 0.0246841 0.0249967 1.98099
-0.353208 -0.106418 0.0247049 0.0249965 1.98099
-0.345323 -0.100263 0.0247276 0.0249964 1.98099
-0.337754 -0.0937239 0.0247519 0.0249963 1.98099
-0.330505 -0.0868309 0.0247774 0.0249963 1.98099
-0.323579 -0.0796135 0.0248036 0.0249963 1.98099
-0.316975 -0.0721002 0.0248301 0.0249964 1.98099
-0.310691 -0.0643183 0.0248565 0.0249965 1.98099
-0.304719 -0.0562939 0.0248824 0.0249967 1.98099
-0.299051 -0.0480518 0.0249075 0.0249969 1.98099
-0.293678 -0.0396153 0.0249313 0.0249971 1.98099
-0.288586 -0.0310062 0.0249538 0.0249973 1.98099
-0.283761 -0.0222447 0.0249745 0.0249976 1.98099
-0.279189 -0.0133496 0.0249935 0.0249979 1.98099
-0.27485 -0.00433792 0.0250105 0.0249982 1.98099
-0.270728 0.00477444 0.0250256 0.0249985 1.98099
-0.266803 0.0139732 0.0250388 0.0249987 1.98099
-0.263056 0.0232455 0.0250502 0.024999 1.98099
-0.259465 0.0325794 0.0250599 0.0249992 1.98099
-0.25601 0.0419642 0.0250681 0.0249994 1.98099
-0.252668 0.0513898 0.0250751 0.0249995 1.98099
-0.249418 0.0608472 0.025081 0.0249997 1.98099
-0.246238 0.0703282 0.0250862 0.0249998 1.98099
-0.243107 0.0798254 0.0250908 0.0249999 1.98099
-0.240005 0.0893323 0.0250952 0.0249999 1.98099
-0.236916 0.0988433 0.0250995 0.025 1.98099
-0.233826 0.108354 0.0251038 0.025 1.98099
