-0.41067 -0.122294 0.0250827 0.0250001 1.18059
-0.403589 -0.115233 0.0250789 0.0250001 1.18059
-0.396711 -0.107975 0.0250751 0.0250003 1.18059
-0.390072 -0.100497 0.0250714 0.0250004 1.18059
-0.383701 -0.0927896 0.0250676 0.0250005 1.18059
-0.377616 -0.0848542 0.0250639 0.0250006 1.18059
-0.371831 -0.0766982 0.0250601 0.0250008 1.18059
-0.36635 -0.0683348 0.0250562 0.0250009 1.18059
-0.361172 -0.059781 0.0250521 0.0250011 1.18059
-0.356286 -0.0510566 0.0250478 0.0250013 1.18059
-0.351679 -0.0421824 0.0250431 0.0250014 1.18059
-0.347327 -0.0331802 0.025038 0.0250016 1.18059
-0.343204 -0.0240716 0.0250324 0.0250018 1.18059
-0.339274 -0.0148776 0.0250262 0.025002 1.18059
-0.335501 -0.00561863 0.0250192 0.0250022 1.18059
-0.331842 0.00368571 0.0250115 0.0250024 1.18059
-0.32825 0.0130162 0.025003 0.0250026 1.18059
-0.324677 0.0223537 0.0249937 0.0250028 1.18059
-0.321071 0.0316787 0.0249837 0.0250029 1.18059
-0.317381 0.0409705 0.0249729 0.0250031 1.18059
-0.313554 0.0502065 0.0249615 0.0250032 1.18059
-0.309538 0.0593617 0.0249496 0.0250032 1.18059
-0.305281 0.0684077 0.0249375 0.0250032 1.18059
-0.300736 0.0773121 0.0249253 0.0250032 1.18059
-0.295858 0.0860384 0.0249133 0.0250032 1.18059
-0.290605 0.094545 0.0249018 0.0250031 1.18059
-0.284944 0.102786 0.024891 0.025003 1.18059
-0.278848 0.110709 0.0248812 0.0250028 1.18059
-0.272296 0.118261 0.0248726 0.0250026 1.18059
-0.265278 0.125382 0.0248654 0.0250024 1.18059
-0.257795 0.132012 0.0248598 0.0250022 1.18059
-0.249857 0.138091 0.024856 0.025002 1.18059
-0.241486 0.14356 0.024854 0.0250017 1.18059
-0.232716 0.148361 0.024854 0.0250014 1.18059
-0.223588 0.152445 0.0248559 0.0250011 1.18059
-0.214157 0.155767 0.0248597 0.0250008 1.18059
-0.204481 0.158291 0.0248652 0.0250005 1.18059
-0.194627 0.159992 0.0248725 0.0250002 1.18059
-0.184665 0.160855 0.0248813 0.0249998 1.18059
-0.174665 0.160878 0.0248914 0.0249995 1.18059
-0.164697 0.160069 0.0249026 0.0249991 1.18059
-0.154828 0.158448 0.0249149 0.0249987 1.18059
-0.14512 0.156046 0.0249281 0.0249984 1.18059
-0.135626 0.1529 0.0249421 0.024998 1.18059
-0.126392 0.149056 0.0249566 0.0249978 1.18059
-0.117455 0.144566 0.0249715 0.0249975 1.18059
-0.10884 0.139485 0.0249865 0.0249974 1.18059
-0.100564 0.133868 0.0250014 0.0249972 1.18059
-0.0926328 0.127773 0.0250161 0.0249971 1.18059
-0.0850449 0.121256 0.0250302 0.0249971 1.18059
-0.077789 0.114372 0.0250435 0.0249971 1.18059
-0.0708469 0.107171 0.0250558 0.0249971 1.18059
-0.0641941 0.0997018 0.0250668 0.0249972 1.18059
-0.0578008 0.0920096 0.0250764 0.0249973 1.18059
-0.0516333 0.0841353 0.0250844 0.0249974 1.18059
-0.0456548 0.0761166 0.0250905 0.0249975 1.18059
-0.0398266 0.0679882 0.0250948 0.0249977 1.18059
-0.0341086 0.0597821 0.0250969 0.0249978 1.18059
-0.0284608 0.0515276 0.0250969 0.024998 1.18059
-0.0228433 0.0432527 0.0250947 0.0249981 1.18059
-0.0172175 0.0349835 0.0250903 0.0249983 1.18059
-0.0115463 0.0267455 0.0250837 0.0249984 1.18059
-0.00579499 0.0185634 0.0250748 0.0249986 1.18059
6.89888e-05 0.0104619 0.025064 0.0249987 1.18059
0.00607514 0.00246528 0.0250511 0.0249988 1.18059
0.0122499 -0.00540171 0.0250363 0.0249989 1.18059
0.0186165 -0.0131142 0.0250199 0.024999 1.18059
0.0251945 -0.0206471 0.025002 0.0249991 1.18059
0.0320002 -0.0279748 0.0249828 0.0249992 1.18059
0.0390461 -0.0350717 0.0249625 0.0249993 1.18059
0.0463413 -0.0419122 0.0249414 0.0249993 1.18059
0.0538912 -0.0484702 0.0249196 0.0249993 1.18059
0.061698 -0.0547204 0.0248975 0.0249994 1.18059
0.0697602 -0.0606373 0.0248752 0.0249994 1.18059
0.0780732 -0.0661964 0.024853 0.0249993 1.18059
0.0866292 -0.0713738 0.0248311 0.0249993 1.18059
0.0954172 -0.0761467 0.0248098 0.0249993 1.18059
0.104424 -0.0804938 0.0247892 0.0249992 1.18059
0.113632 -0.0843953 0.0247696 0.0249991 1.18059
0.123023 -0.0878335 0.0247512 0.0249991 1.18059
0.132576 -0.0907926 0.024734 0.024999 1.18059
0.142268 -0.0932595 0.0247182 0.0249989 1.18059
0.152074 -0.0952237 0.024704 0.0249988 1.18059
0.161969 -0.0966776 0.0246914 0.0249987 1.18059
0.171926 -0.0976166 0.0246805 0.0249985 1.18059
0.181918 -0.0980395 0.0246712 0.0249984 1.18059
0.191919 -0.0979484 0.0246636 0.0249983 1.18059
0.201902 -0.0973489 0.0246577 0.0249982 1.18059
0.211843 -0.0962502 0.0246535 0.0249982 1.18059
0.221718 -0.0946645 0.0246509 0.0249981 1.18059
0.231506 -0.0926071 0.0246498 0.0249982 1.18059
0.241187 -0.0900965 0.0246501 0.0249982 1.18059
0.250746 -0.0871544 0.0246516 0.0249983 1.18059
0.26017 -0.0838055 0.0246542 0.0249984 1.18059
0.26945 -0.0800777 0.0246578 0.0249985 1.18059
0.278583 -0.0760021 0.024662 0.0249987 1.18059
0.28757 -0.0716137 0.0246669 0.0249989 1.18059
0.296418 -0.0669522 0.0246721 0.0249992 1.18059
0.305143 -0.0620645 0.0246776 0.0249994 1.18059
0.313773 -0.0570117 0.0246832 0.0249997 1.18059
0.322397 -0.0519496 0.0246889 0.0249999 1.18059
