-1.04684 -0.183299 0.0248453 0.0250001 2.24112
-1.03787 -0.178895 0.0248475 0.0250001 2.24112
-1.02904 -0.1742 0.0248497 0.0250002 2.24112
-1.0204 -0.169167 0.0248519 0.0250003 2.24112
-1.01198 -0.163766 0.0248543 0.0250004 2.24112
-1.00383 -0.157981 0.0248568 0.0250005 2.24112
-0.99596 -0.151806 0.0248595 0.0250006 2.24112
-0.988414 -0.145244 0.0248624 0.0250007 2.24112
-0.981212 -0.138308 0.0248656 0.0250009 2.24112
-0.974371 -0.131015 0.0248691 0.025001 2.24112
-0.967904 -0.123388 0.0248728 0.0250011 2.24112
-0.961819 -0.115455 0.0248769 0.0250013 2.24112
-0.956113 -0.107243 0.0248812 0.0250014 2.24112
-0.950779 -0.0987861 0.0248857 0.0250016 2.24112
-0.945803 -0.090114 0.0248905 0.0250018 2.24112
-0.941161 -0.0812581 0.0248954 0.0250019 2.24112
-0.936827 -0.0722481 0.0249005 0.0250021 2.24112
-0.932765 -0.063112 0.0249056 0.0250023 2.24112
-0.928936 -0.0538759 0.0249107 0.0250024 2.24112
-0.925297 -0.044564 0.0249158 0.0250026 2.24112
-0.921797 -0.0351986 0.0249209 0.0250027 2.24112
-0.918386 -0.0258006 0.0249257 0.0250029 2.24112
-0.91501 -0.0163903 0.0249303 0.025003 2.24112
-0.911612 -0.00698788 0.0249347 0.0250031 2.24112
-0.908136 0.00238582 0.0249387 0.0250032 2.24112
-0.904525 0.0117082 0.0249423 0.0250033 2.24112
-0.900723 0.0209541 0.0249455 0.0250034 2.24112
-0.896675 0.0300951 0.0249481 0.0250034 2.24112
-0.89233 0.0390989 0.0249503 0.0250034 2.24112
-0.887641 0.0479283 0.024952 0.0250034 2.24112
-0.882566 0.0565419 0.0249531 0.0250033 2.24112
-0.87707 0.0648929 0.0249537 0.0250032 2.24112
-0.871125 0.0729307 0.0249539 0.025003 2.24112
-0.864712 0.0806006 0.0249536 0.0250028 2.24112
-0.857822 0.0878454 0.024953 0.0250025 2.24112
-0.850457 0.0946065 0.0249521 0.0250022 2.24112
-0.842628 0.100826 0.024951 0.0250018 2.24112
-0.834358 0.106446 0.0249498 0.0250013 2.24112
-0.825681 0.111415 0.0249486 0.0250008 2.24112
-0.81664 0.115686 0.0249475 0.0250003 2.24112
-0.807285 0.11922 0.0249467 0.0249997 2.24112
-0.797674 0.121984 0.0249464 0.0249991 2.24112
-0.78787 0.123958 0.0249466 0.0249985 2.24112
-0.777937 0.125131 0.0249475 0.0249979 2.24112
-0.767942 0.125503 0.0249493 0.0249973 2.24112
-0.757949 0.125083 0.024952 0.0249968 2.24112
-0.748017 0.123891 0.0249557 0.0249963 2.24112
-0.738203 0.121956 0.0249604 0.0249959 2.24112
-0.728555 0.119313 0.024966 0.0249955 2.24112
-0.719115 0.116004 0.0249726 0.0249952 2.24112
-0.709915 0.112074 0.0249799 0.024995 2.24112
-0.700981 0.107573 0.0249879 0.0249948 2.24112
-0.692328 0.102551 0.0249964 0.0249947 2.24112
-0.683965 0.0970615 0.0250053 0.0249947 2.24112
-0.675891 0.0911535 0.0250143 0.0249946 2.24112
-0.668101 0.0848767 0.0250235 0.0249947 2.24112
-0.660581 0.0782781 0.0250325 0.0249947 2.24112
-0.653315 0.0714021 0.0250413 0.0249948 2.24112
-0.646279 0.0642902 0.0250496 0.024995 2.24112
-0.639449 0.056981 0.0250575 0.0249951 2.24112
-0.632796 0.04951 0.0250648 0.0249952 2.24112
-0.626291 0.04191 0.0250715 0.0249954 2.24112
-0.619903 0.0342114 0.0250775 0.0249955 2.24112
-0.613601 0.0264421 0.0250827 0.0249957 2.24112
-0.607355 0.0186282 0.0250873 0.0249958 2.24112
-0.601135 0.010794 0.025091 0.0249959 2.24112
-0.594911 0.00296277 0.0250941 0.0249959 2.24112
-0.588656 -0.00484351 0.0250963 0.024996 2.24112
-0.582344 -0.0126035 0.0250977 0.024996 2.24112
-0.57595 -0.0202964 0.0250981 0.024996 2.24112
-0.569452 -0.0279018 0.0250975 0.0249961 2.24112
-0.56283 -0.0353992 0.0250954 0.0249961 2.24112
-0.556065 -0.0427683 0.0250918 0.0249962 2.24112
-0.549142 -0.0499884 0.0250862 0.0249963 2.24112
-0.542047 -0.0570389 0.0250783 0.0249965 2.24112
-0.534767 -0.0638991 0.0250678 0.0249967 2.24112
-0.527295 -0.0705483 0.0250545 0.024997 2.24112
-0.519623 -0.076966 0.0250384 0.0249972 2.24112
-0.511747 -0.0831319 0.0250192 0.0249974 2.24112
-0.503666 -0.0890258 0.0249971 0.0249976 2.24112
-0.495381 -0.0946283 0.0249721 0.0249977 2.24112
-0.486894 -0.0999208 0.0249444 0.0249979 2.24112
-0.478211 -0.104885 0.0249142 0.024998 2.24112
-0.469341 -0.109506 0.0248818 0.024998 2.24112
-0.460293 -0.113767 0.0248475 0.024998 2.24112
-0.451078 -0.117655 0.0248116 0.0249981 2.24112
-0.44171 -0.121159 0.0247744 0.0249981 2.24112
-0.432205 -0.124269 0.0247362 0.0249981 2.24112
-0.422577 -0.126979 0.0246972 0.0249982 2.24112
-0.412845 -0.129283 0.0246578 0.0249982 2.24112
-0.403025 -0.131179 0.0246182 0.0249983 2.24112
-0.393136 -0.13267 0.0245783 0.0249984 2.24112
-0.383194 -0.133759 0.0245385 0.0249985 2.24112
-0.373217 -0.134457 0.0244989 0.0249986 2.24112
-0.363221 -0.134777 0.0244593 0.0249988 2.24112
-0.353221 -0.134737 0.0244201 0.0249989 2.24112
-0.343227 -0.134363 0.024381 0.0249991 2.24112
-0.333249 -0.133686 0.0243422 0.0249993 2.24112
-0.323293 -0.132751 0.0243036 0.0249995 2.24112
-0.313356 -0.131622 0.0242652 0.0249998 2.24112
-0.303422 -0.13048 0.0242269 0.0249999 2.24112
