-0.496299 -0.00875295 0.0249907 0.0249999 0.30015
-0.486426 -0.0103429 0.0249913 0.0249998 0.30015
-0.476538 -0.0118366 0.0249918 0.0249996 0.30015
-0.466632 -0.013214 0.0249924 0.0249994 0.30015
-0.45671 -0.0144587 0.024993 0.0249992 0.30015
-0.446769 -0.0155573 0.0249936 0.024999 0.30015
-0.436813 -0.0164986 0.0249942 0.0249988 0.30015
-0.426842 -0.017274 0.0249949 0.0249985 0.30015
-0.416859 -0.0178766 0.0249956 0.0249983 0.30015
-0.406867 -0.0183011 0.0249964 0.0249981 0.30015
-0.396868 -0.018544 0.0249973 0.0249979 0.30015
-0.386866 -0.0186032 0.0249983 0.0249977 0.30015
-0.376865 -0.0184783 0.0249993 0.0249975 0.30015
-0.366868 -0.0181705 0.0250005 0.0249973 0.30015
-0.356878 -0.0176826 0.0250017 0.0249971 0.30015
-0.346897 -0.0170187 0.0250029 0.024997 0.30015
-0.33693 -0.0161843 0.0250041 0.0249968 0.30015
-0.326977 -0.0151866 0.0250054 0.0249966 0.30015
-0.317041 -0.0140335 0.0250066 0.0249965 0.30015
-0.307123 -0.0127346 0.0250077 0.0249963 0.30015
-0.297223 -0.0113003 0.0250088 0.0249961 0.30015
-0.287342 -0.00974208 0.0250097 0.024996 0.30015
-0.277479 -0.00807223 0.0250105 0.0249958 0.30015
-0.267633 -0.00630388 0.0250111 0.0249957 0.30015
-0.257803 -0.00445082 0.0250116 0.0249956 0.30015
-0.247986 -0.00252742 0.0250118 0.0249957 0.30015
-0.23818 -0.000548484 0.0250118 0.0249958 0.30015
-0.228383 0.00147085 0.0250116 0.024996 0.30015
-0.218591 0.00351526 0.0250111 0.0249961 0.30015
-0.208801 0.0055693 0.0250104 0.0249962 0.30015
-0.19901 0.00761757 0.0250094 0.0249963 0.30015
-0.189214 0.00964484 0.0250082 0.0249964 0.30015
-0.179412 0.0116361 0.0250069 0.0249965 0.30015
-0.169599 0.0135769 0.0250053 0.0249966 0.30015
-0.159774 0.0154531 0.0250036 0.0249966 0.30015
-0.149934 0.0172515 0.0250018 0.0249965 0.30015
-0.140078 0.0189597 0.0249999 0.0249962 0.30015
-0.130205 0.0205659 0.0249979 0.024996 0.30015
-0.120314 0.0220597 0.024996 0.0249957 0.30015
-0.110405 0.0234316 0.0249942 0.0249954 0.30015
-0.100478 0.0246737 0.0249924 0.0249951 0.30015
-0.0905356 0.0257793 0.0249909 0.0249948 0.30015
-0.0805779 0.0267425 0.0249896 0.0249946 0.30015
-0.0706067 0.0275587 0.0249885 0.0249944 0.30015
-0.0606244 0.0282247 0.0249877 0.0249943 0.30015
-0.050633 0.0287383 0.0249872 0.0249943 0.30015
-0.040635 0.0290987 0.0249871 0.0249943 0.30015
-0.0306326 0.0293063 0.0249872 0.0249944 0.30015
-0.0206283 0.029363 0.0249877 0.0249944 0.30015
-0.0106242 0.0292714 0.0249885 0.0249944 0.30015
-0.000622591 0.0290356 0.0249895 0.0249945 0.30015
0.00937476 0.0286604 0.0249908 0.0249946 0.30015
0.0193662 0.0281519 0.0249923 0.0249946 0.30015
0.0293503 0.0275168 0.024994 0.0249947 0.30015
0.039326 0.0267625 0.0249957 0.0249948 0.30015
0.0492926 0.0258973 0.0249976 0.0249949 0.30015
0.0592498 0.0249296 0.0249995 0.024995 0.30015
0.0691973 0.0238686 0.0250014 0.0249951 0.30015
0.0791354 0.0227236 0.0250032 0.0249952 0.30015
0.0890646 0.0215042 0.0250049 0.0249953 0.30015
0.0989855 0.0202199 0.0250065 0.0249955 0.30015
0.108899 0.0188805 0.0250079 0.0249956 0.30015
0.118806 0.0174954 0.0250091 0.0249957 0.30015
0.128708 0.0160741 0.0250101 0.0249958 0.30015
0.138606 0.0146257 0.0250108 0.024996 0.30015
0.148501 0.0131592 0.0250113 0.0249961 0.30015
0.158395 0.0116831 0.0250115 0.0249963 0.30015
0.168288 0.0102056 0.0250115 0.0249964 0.30015
0.178182 0.00873441 0.0250112 0.0249965 0.30015
0.188078 0.00727697 0.0250107 0.0249967 0.30015
0.197977 0.0058402 0.02501 0.0249968 0.30015
0.207879 0.00443063 0.0250091 0.0249969 0.30015
0.217787 0.00305439 0.0250081 0.024997 0.30015
0.227699 0.00171727 0.0250069 0.0249971 0.30015
0.237618 0.000424708 0.0250056 0.0249972 0.30015
0.247542 -0.000818178 0.0250042 0.0249973 0.30015
0.257473 -0.00200657 0.0250028 0.0249974 0.30015
0.267412 -0.00313595 0.0250014 0.0249975 0.30015
0.277356 -0.0042021 0.025 0.0249976 0.30015
0.287308 -0.00520107 0.0249986 0.0249977 0.30015
0.297267 -0.00612923 0.0249974 0.0249978 0.30015
0.307232 -0.00698322 0.0249963 0.0249979 0.30015
0.317204 -0.00776001 0.0249953 0.024998 0.30015
0.327181 -0.00845689 0.0249944 0.024998 0.30015
0.337164 -0.00907173 0.0249938 0.0249981 0.30015
0.347151 -0.00960264 0.0249933 0.0249982 0.30015
0.357142 -0.0100477 0.0249931 0.0249983 0.30015
0.367137 -0.0104052 0.024993 0.0249984 0.30015
0.377135 -0.0106738 0.0249932 0.0249985 0.30015
0.387134 -0.0108522 0.0249936 0.0249986 0.30015
0.397135 -0.0109398 0.0249941 0.0249987 0.30015
0.407136 -0.0109363 0.0249949 0.0249988 0.30015
0.417137 -0.0108419 0.0249958 0.0249989 0.30015
0.427136 -0.0106577 0.0249968 0.0249991 0.30015
0.437133 -0.0103854 0.024998 0.0249992 0.30015
0.447127 -0.010028 0.0249993 0.0249993 0.30015
0.457118 -0.00958988 0.0250006 0.0249994 0.30015
0.467105 -0.00907727 0.025002 0.0249996 0.30015
0.477089 -0.00849951 0.0250034 0.0249997 0.30015
0.487069 -0.00787158 0.0250048 0.0249999 0.30015
0.497049 -0.00724113 0.0250062 0.0249999 0.30015
