-1.60298 -0.201962 0.0249083 0.0250001 3.2016
-1.59516 -0.195727 0.0249105 0.0250001 3.2016
-1.58754 -0.189259 0.0249128 0.0250003 3.2016
-1.58015 -0.182526 0.024915 0.0250004 3.2016
-1.57302 -0.175512 0.0249173 0.0250006 3.2016
-1.56618 -0.168215 0.0249197 0.0250007 3.2016
-1.55966 -0.160637 0.0249221 0.0250008 3.2016
-1.55346 -0.152791 0.0249246 0.025001 3.2016
-1.54759 -0.144694 0.0249273 0.0250011 3.2016
-1.54206 -0.136365 0.0249299 0.0250013 3.2016
-1.53685 -0.127829 0.0249326 0.0250015 3.2016
-1.53196 -0.119109 0.0249353 0.0250016 3.2016
-1.52736 -0.11023 0.024938 0.0250018 3.2016
-1.52303 -0.101218 0.0249406 0.025002 3.2016
-1.51894 -0.0920957 0.024943 0.0250021 3.2016
-1.51504 -0.0828868 0.0249453 0.0250023 3.2016
-1.51131 -0.0736128 0.0249473 0.0250024 3.2016
-1.50769 -0.0642945 0.0249489 0.0250026 3.2016
-1.50413 -0.0549518 0.0249503 0.0250027 3.2016
-1.50058 -0.0456047 0.0249512 0.0250029 3.2016
-1.49699 -0.0362733 0.0249518 0.025003 3.2016
-1.49331 -0.0269792 0.0249519 0.0250031 3.2016
-1.48947 -0.0177458 0.0249516 0.0250032 3.2016
-1.48544 -0.00859932 0.024951 0.0250033 3.2016
-1.48115 0.000430607 0.02495 0.0250033 3.2016
-1.47655 0.00931019 0.0249487 0.0250033 3.2016
-1.47161 0.0180011 0.0249472 0.0250032 3.2016
-1.46628 0.0264603 0.0249456 0.0250031 3.2016
-1.46053 0.03464 0.0249441 0.025003 3.2016
-1.45434 0.0424882 0.0249427 0.0250027 3.2016
-1.44769 0.0499491 0.0249416 0.0250025 3.2016
-1.44056 0.0569648 0.024941 0.0250022 3.2016
-1.43297 0.0634754 0.0249409 0.0250019 3.2016
-1.42494 0.0694218 0.0249415 0.0250015 3.2016
-1.41647 0.0747464 0.0249428 0.0250011 3.2016
-1.40762 0.0793959 0.0249448 0.0250007 3.2016
-1.39842 0.0833229 0.0249476 0.0250003 3.2016
-1.38894 0.0864875 0.024951 0.0249998 3.2016
-1.37922 0.0888592 0.0249552 0.0249993 3.2016
-1.36934 0.0904174 0.0249601 0.0249987 3.2016
-1.35937 0.0911529 0.0249657 0.0249982 3.2016
-1.34937 0.0910674 0.024972 0.0249977 3.2016
-1.33941 0.0901739 0.024979 0.0249972 3.2016
-1.32955 0.088495 0.0249867 0.0249967 3.2016
-1.31984 0.0860627 0.0249949 0.0249964 3.2016
-1.31035 0.0829162 0.0250037 0.0249961 3.2016
-1.3011 0.0791012 0.0250128 0.0249958 3.2016
-1.29213 0.0746678 0.0250221 0.0249956 3.2016
-1.28347 0.069669 0.0250315 0.0249955 3.2016
-1.27512 0.0641594 0.0250408 0.0249954 3.2016
-1.26709 0.0581934 0.0250498 0.0249954 3.2016
-1.25937 0.0518246 0.0250583 0.0249954 3.2016
-1.25196 0.0451045 0.0250662 0.0249955 3.2016
-1.24484 0.0380821 0.0250734 0.0249956 3.2016
-1.23798 0.0308031 0.0250798 0.0249958 3.2016
-1.23135 0.0233101 0.0250852 0.0249959 3.2016
-1.22493 0.0156427 0.0250895 0.024996 3.2016
-1.21867 0.00783691 0.0250929 0.0249962 3.2016
-1.21255 -7.37026e-05 0.0250952 0.0249963 3.2016
-1.20652 -0.00805818 0.0250964 0.0249964 3.2016
-1.20056 -0.0160877 0.0250965 0.0249965 3.2016
-1.19462 -0.024135 0.0250954 0.0249966 3.2016
-1.18866 -0.0321741 0.0250932 0.0249967 3.2016
-1.18267 -0.0401801 0.0250896 0.0249968 3.2016
-1.1766 -0.0481287 0.0250846 0.024997 3.2016
-1.17042 -0.0559957 0.0250782 0.0249971 3.2016
-1.16411 -0.0637575 0.0250704 0.0249973 3.2016
-1.15765 -0.0713903 0.025061 0.0249974 3.2016
-1.15101 -0.0788703 0.0250501 0.0249976 3.2016
-1.14417 -0.0861737 0.0250378 0.0249977 3.2016
-1.13713 -0.0932765 0.0250241 0.0249978 3.2016
-1.12987 -0.100154 0.0250092 0.0249979 3.2016
-1.12238 -0.106784 0.0249931 0.024998 3.2016
-1.11466 -0.11314 0.0249759 0.024998 3.2016
-1.1067 -0.119199 0.0249577 0.0249981 3.2016
-1.09851 -0.124937 0.0249387 0.0249981 3.2016
-1.09009 -0.130332 0.0249189 0.0249982 3.2016
-1.08144 -0.13536 0.0248984 0.0249982 3.2016
-1.07258 -0.140002 0.0248774 0.0249982 3.2016
-1.06352 -0.144236 0.0248561 0.0249982 3.2016
-1.05427 -0.148044 0.0248344 0.0249982 3.2016
-1.04486 -0.151411 0.0248127 0.0249982 3.2016
-1.03529 -0.154322 0.0247911 0.0249982 3.2016
-1.02559 -0.156764 0.0247696 0.0249981 3.2016
-1.01578 -0.158729 0.0247486 0.0249981 3.2016
-1.00589 -0.16021 0.0247281 0.024998 3.2016
-0.995939 -0.161205 0.0247082 0.024998 3.2016
-0.98595 -0.161712 0.0246891 0.024998 3.2016
-0.975949 -0.161736 0.024671 0.024998 3.2016
-0.965958 -0.161283 0.0246538 0.024998 3.2016
-0.955999 -0.160362 0.0246376 0.0249981 3.2016
-0.946092 -0.158987 0.0246224 0.0249982 3.2016
-0.936256 -0.157174 0.0246082 0.0249983 3.2016
-0.926507 -0.154943 0.024595 0.0249984 3.2016
-0.916856 -0.15232 0.0245825 0.0249986 3.2016
-0.907311 -0.149332 0.0245709 0.0249987 3.2016
-0.897877 -0.146013 0.0245599 0.0249989 3.2016
-0.888552 -0.142402 0.0245493 0.0249992 3.2016
-0.879324 -0.138545 0.0245392 0.0249994 3.2016
-0.870175 -0.134509 0.0245292 0.0249997 3.2016
-0.86103 -0.130462 0.0245193 0.0249999 3.2016
