-0.482514 0.0190928 0.0250078 0.0249999 0.42021
-0.473525 0.0147125 0.0250066 0.0249998 0.42021
-0.4645 0.0104042 0.0250054 0.0249996 0.42021
-0.455431 0.00618915 0.0250042 0.0249994 0.42021
-0.446311 0.00208756 0.025003 0.0249992 0.42021
-0.437131 -0.00188063 0.0250019 0.024999 0.42021
-0.427886 -0.00569592 0.0250007 0.0249988 0.42021
-0.418573 -0.00933922 0.0249995 0.0249986 0.42021
-0.409186 -0.012792 0.0249983 0.0249984 0.42021
-0.399726 -0.0160365 0.0249971 0.0249982 0.42021
-0.390191 -0.0190557 0.024996 0.0249979 0.42021
-0.380583 -0.0218337 0.0249949 0.0249977 0.42021
-0.370904 -0.0243561 0.0249939 0.0249974 0.42021
-0.361159 -0.0266097 0.024993 0.0249972 0.42021
-0.351353 -0.028583 0.0249923 0.0249969 0.42021
-0.341493 -0.0302667 0.0249918 0.0249966 0.42021
-0.331587 -0.0316533 0.0249916 0.0249963 0.42021
-0.321643 -0.032737 0.0249916 0.0249961 0.42021
-0.31167 -0.033514 0.024992 0.0249958 0.42021
-0.301677 -0.0339827 0.0249927 0.0249956 0.42021
-0.291675 -0.0341437 0.0249938 0.0249953 0.42021
-0.281672 -0.0339996 0.0249952 0.0249951 0.42021
-0.271678 -0.0335556 0.0249969 0.0249949 0.42021
-0.261701 -0.0328186 0.0249989 0.0249947 0.42021
-0.251749 -0.0317977 0.0250011 0.0249945 0.42021
-0.241828 -0.0305043 0.0250035 0.0249943 0.42021
-0.231945 -0.0289513 0.0250061 0.0249941 0.42021
-0.222103 -0.0271533 0.0250088 0.024994 0.42021
-0.212306 -0.0251269 0.0250115 0.0249939 0.42021
-0.202554 -0.0228896 0.0250141 0.024994 0.42021
-0.192849 -0.0204605 0.0250166 0.0249941 0.42021
-0.183188 -0.0178597 0.0250189 0.0249943 0.42021
-0.173569 -0.0151079 0.025021 0.0249945 0.42021
-0.163989 -0.0122269 0.0250227 0.0249947 0.42021
-0.154441 -0.00923877 0.0250241 0.0249949 0.42021
-0.144921 -0.00616582 0.0250251 0.024995 0.42021
-0.135421 -0.00303069 0.0250256 0.0249952 0.42021
-0.125935 0.000144079 0.0250256 0.0249954 0.42021
-0.116454 0.00333606 0.0250251 0.0249955 0.42021
-0.106972 0.00652312 0.0250241 0.0249957 0.42021
-0.0974805 0.00968358 0.0250226 0.0249958 0.42021
-0.0879738 0.0127963 0.0250206 0.0249959 0.42021
-0.0784451 0.0158409 0.0250181 0.024996 0.42021
-0.068889 0.0187979 0.0250153 0.024996 0.42021
-0.0593006 0.0216485 0.025012 0.0249961 0.42021
-0.0496763 0.0243752 0.0250084 0.0249961 0.42021
-0.0400135 0.0269619 0.0250046 0.0249962 0.42021
-0.0303105 0.0293936 0.0250006 0.0249962 0.42021
-0.0205668 0.0316567 0.0249965 0.0249962 0.42021
-0.0107829 0.0337395 0.0249924 0.0249961 0.42021
-0.000960394 0.0356315 0.0249883 0.0249961 0.42021
0.00889848 0.0373242 0.0249845 0.0249961 0.42021
0.0187906 0.0388108 0.024981 0.024996 0.42021
0.0287122 0.0400862 0.0249778 0.0249959 0.42021
0.038659 0.0411471 0.0249751 0.0249959 0.42021
0.0486266 0.0419921 0.0249729 0.0249958 0.42021
0.0586102 0.0426215 0.0249713 0.0249957 0.42021
0.068605 0.0430365 0.0249704 0.0249957 0.42021
0.0786064 0.0432399 0.0249702 0.0249956 0.42021
0.08861 0.0432357 0.0249707 0.0249956 0.42021
0.0986114 0.0430289 0.0249719 0.0249955 0.42021
0.108607 0.0426253 0.0249738 0.0249955 0.42021
0.118593 0.0420319 0.0249764 0.0249955 0.42021
0.128566 0.0412559 0.0249796 0.0249955 0.42021
0.138525 0.0403054 0.0249833 0.0249956 0.42021
0.148466 0.0391888 0.0249874 0.0249956 0.42021
0.158388 0.0379147 0.024992 0.0249956 0.42021
0.168289 0.0364919 0.0249968 0.0249957 0.42021
0.17817 0.0349294 0.0250018 0.0249957 0.42021
0.188029 0.0332359 0.025007 0.0249958 0.42021
0.197866 0.0314201 0.0250121 0.0249959 0.42021
0.207682 0.0294904 0.0250171 0.024996 0.42021
0.217475 0.0274552 0.0250218 0.0249961 0.42021
0.227249 0.0253225 0.0250263 0.0249962 0.42021
0.237002 0.0231004 0.0250303 0.0249964 0.42021
0.246735 0.0207966 0.0250339 0.0249965 0.42021
0.256451 0.0184186 0.0250369 0.0249967 0.42021
0.266151 0.0159739 0.0250393 0.0249968 0.42021
0.275835 0.0134698 0.025041 0.024997 0.42021
0.285505 0.0109135 0.025042 0.0249971 0.42021
0.295163 0.00831187 0.0250423 0.0249973 0.42021
0.30481 0.00567181 0.0250417 0.0249975 0.42021
0.314449 0.00300001 0.0250404 0.0249976 0.42021
0.32408 0.00030305 0.0250384 0.0249978 0.42021
0.333706 -0.00241268 0.0250356 0.0249979 0.42021
0.343328 -0.00514092 0.025032 0.0249981 0.42021
0.352949 -0.00787563 0.0250278 0.0249982 0.42021
0.362569 -0.0106109 0.0250229 0.0249984 0.42021
0.37219 -0.0133412 0.0250175 0.0249985 0.42021
0.381814 -0.0160611 0.0250115 0.0249987 0.42021
0.391443 -0.0187658 0.025005 0.0249988 0.42021
0.401076 -0.0214507 0.0249982 0.0249989 0.42021
0.410717 -0.0241114 0.0249911 0.024999 0.42021
0.420365 -0.0267438 0.0249837 0.0249992 0.42021
0.430021 -0.0293444 0.0249761 0.0249993 0.42021
0.439687 -0.0319101 0.0249684 0.0249994 0.42021
0.449363 -0.0344391 0.0249606 0.0249995 0.42021
0.459047 -0.0369309 0.0249528 0.0249996 0.42021
0.468741 -0.0393873 0.024945 0.0249998 0.42021
0.478443 -0.041814 0.0249372 0.0249999 0.42021
0.488145 -0.044236 0.0249294 0.0249999 0.42021
