-0.418313 0.120298 0.0250556 0.0249999 0.70035
-0.40927 0.116029 0.0250533 0.0249998 0.70035
-0.400318 0.111571 0.0250511 0.0249996 0.70035
-0.391479 0.106894 0.0250488 0.0249994 0.70035
-0.382768 0.101981 0.0250465 0.0249992 0.70035
-0.3742 0.0968236 0.0250442 0.0249991 0.70035
-0.365786 0.0914178 0.025042 0.0249992 0.70035
-0.357535 0.0857667 0.0250398 0.0249994 0.70035
-0.349453 0.0798774 0.0250376 0.0249995 0.70035
-0.341541 0.0737609 0.0250355 0.0249997 0.70035
-0.333799 0.0674314 0.0250335 0.0249999 0.70035
-0.326222 0.0609057 0.0250316 0.0250001 0.70035
-0.318801 0.0542024 0.0250297 0.0250003 0.70035
-0.311526 0.0473422 0.0250279 0.0250005 0.70035
-0.304381 0.0403468 0.0250261 0.0250006 0.70035
-0.297348 0.0332388 0.0250243 0.0250008 0.70035
-0.290406 0.0260419 0.0250225 0.025001 0.70035
-0.283532 0.0187803 0.0250206 0.0250011 0.70035
-0.2767 0.0114786 0.0250186 0.0250013 0.70035
-0.269885 0.00416234 0.0250166 0.0250014 0.70035
-0.263057 -0.00314251 0.0250143 0.0250015 0.70035
-0.256189 -0.0104092 0.0250119 0.0250016 0.70035
-0.249252 -0.01761 0.0250092 0.0250016 0.70035
-0.242218 -0.0247164 0.0250063 0.0250017 0.70035
-0.235062 -0.0316988 0.0250031 0.0250017 0.70035
-0.227757 -0.0385265 0.0249997 0.0250017 0.70035
-0.220283 -0.0451679 0.0249961 0.0250016 0.70035
-0.212619 -0.0515903 0.0249923 0.0250015 0.70035
-0.204751 -0.0577604 0.0249884 0.0250014 0.70035
-0.196667 -0.0636445 0.0249844 0.0250013 0.70035
-0.188359 -0.0692089 0.0249804 0.0250011 0.70035
-0.179826 -0.0744204 0.0249764 0.0250008 0.70035
-0.171068 -0.0792469 0.0249727 0.0250006 0.70035
-0.162094 -0.0836581 0.0249692 0.0250003 0.70035
-0.152915 -0.0876261 0.0249662 0.0249999 0.70035
-0.143547 -0.0911262 0.0249638 0.0249996 0.70035
-0.134011 -0.0941374 0.024962 0.0249992 0.70035
-0.124329 -0.096643 0.0249611 0.0249989 0.70035
-0.114528 -0.0986306 0.0249611 0.0249985 0.70035
-0.104634 -0.100093 0.0249622 0.0249982 0.70035
-0.0946758 -0.101026 0.0249643 0.0249978 0.70035
-0.0846822 -0.101434 0.0249675 0.0249975 0.70035
-0.0746808 -0.101324 0.0249718 0.0249973 0.70035
-0.0646975 -0.100707 0.024977 0.024997 0.70035
-0.0547565 -0.0996005 0.0249832 0.0249968 0.70035
-0.0448787 -0.0980249 0.0249903 0.0249967 0.70035
-0.0350823 -0.0960037 0.0249981 0.0249965 0.70035
-0.0253816 -0.0935639 0.0250065 0.0249964 0.70035
-0.0157873 -0.0907344 0.0250153 0.0249964 0.70035
-0.00630614 -0.0875459 0.0250244 0.0249963 0.70035
0.00305859 -0.0840301 0.0250336 0.0249963 0.70035
0.0123073 -0.0802197 0.0250427 0.0249964 0.70035
0.0214438 -0.0761475 0.0250516 0.0249964 0.70035
0.0304744 -0.0718459 0.02506 0.0249965 0.70035
0.0394085 -0.0673473 0.0250679 0.0249966 0.70035
0.0482572 -0.0626831 0.025075 0.0249967 0.70035
0.0570334 -0.0578842 0.0250813 0.0249969 0.70035
0.0657512 -0.0529802 0.0250867 0.024997 0.70035
0.0744255 -0.048 0.0250909 0.0249971 0.70035
0.0830716 -0.0429711 0.025094 0.0249973 0.70035
0.0917048 -0.0379204 0.0250959 0.0249974 0.70035
0.10034 -0.0328732 0.0250965 0.0249976 0.70035
0.108991 -0.0278542 0.0250958 0.0249977 0.70035
0.117672 -0.0228869 0.0250939 0.0249979 0.70035
0.126395 -0.0179936 0.0250908 0.024998 0.70035
0.135171 -0.0131961 0.0250865 0.0249981 0.70035
0.144009 -0.00851482 0.0250811 0.0249982 0.70035
0.152918 -0.00396942 0.0250747 0.0249983 0.70035
0.161904 0.000421355 0.0250675 0.0249984 0.70035
0.170972 0.00463967 0.0250594 0.0249985 0.70035
0.180126 0.00866857 0.0250507 0.0249986 0.70035
0.189367 0.0124919 0.0250415 0.0249986 0.70035
0.198697 0.0160945 0.0250319 0.0249987 0.70035
0.208114 0.0194618 0.025022 0.0249987 0.70035
0.217617 0.0225802 0.0250121 0.0249987 0.70035
0.227201 0.025437 0.0250022 0.0249987 0.70035
0.236863 0.0280203 0.0249925 0.0249987 0.70035
0.246596 0.0303193 0.0249831 0.0249987 0.70035
0.256394 0.0323241 0.0249741 0.0249987 0.70035
0.266249 0.0340259 0.0249656 0.0249987 0.70035
0.276153 0.0354172 0.0249577 0.0249987 0.70035
0.286096 0.0364915 0.0249506 0.0249986 0.70035
0.296069 0.0372438 0.0249442 0.0249986 0.70035
0.306061 0.0376703 0.0249387 0.0249986 0.70035
0.316061 0.0377689 0.0249341 0.0249985 0.70035
0.32606 0.0375391 0.0249304 0.0249985 0.70035
0.336046 0.036982 0.0249277 0.0249985 0.70035
0.346008 0.0360999 0.024926 0.0249985 0.70035
0.355937 0.0348967 0.0249253 0.0249985 0.70035
0.365822 0.0333779 0.0249256 0.0249985 0.70035
0.375655 0.0315508 0.0249267 0.0249986 0.70035
0.385427 0.0294243 0.0249286 0.0249986 0.70035
0.395132 0.0270094 0.0249313 0.0249987 0.70035
0.404764 0.0243189 0.0249347 0.0249988 0.70035
0.41432 0.0213681 0.0249386 0.0249989 0.70035
0.423797 0.0181747 0.0249431 0.0249991 0.70035
0.433197 0.0147596 0.0249478 0.0249992 0.70035
0.442522 0.0111477 0.0249529 0.0249994 0.70035
0.451782 0.00737031 0.0249581 0.0249996 0.70035
0.46099 0.00347016 0.0249634 0.0249998 0.70035
0.470196 -0.000435531 0.0249687 0.0249999 0.70035
