-2.47156 -0.0081569 0.0249694 0.0250001 4.66233
-2.46417 -0.0148931 0.0249737 0.0250001 4.66233
-2.45696 -0.0218193 0.024978 0.0250002 4.66233
-2.44995 -0.0289566 0.0249822 0.0250004 4.66233
-2.44318 -0.0363125 0.0249864 0.0250005 4.66233
-2.43665 -0.0438857 0.0249905 0.0250006 4.66233
-2.43037 -0.0516674 0.0249944 0.0250008 4.66233
-2.42434 -0.0596441 0.0249981 0.025001 4.66233
-2.41855 -0.0677982 0.0250014 0.0250012 4.66233
-2.41299 -0.07611 0.0250043 0.0250014 4.66233
-2.40764 -0.0845576 0.0250067 0.0250015 4.66233
-2.40248 -0.0931186 0.0250085 0.0250017 4.66233
-2.39747 -0.10177 0.0250098 0.0250019 4.66233
-2.39257 -0.110488 0.0250105 0.0250021 4.66233
-2.38775 -0.119249 0.0250105 0.0250023 4.66233
-2.38297 -0.128029 0.0250099 0.0250024 4.66233
-2.37818 -0.136803 0.0250086 0.0250026 4.66233
-2.37333 -0.145546 0.0250068 0.0250027 4.66233
-2.36837 -0.15423 0.0250045 0.0250028 4.66233
-2.36327 -0.162825 0.0250018 0.0250028 4.66233
-2.35796 -0.171297 0.0249988 0.0250028 4.66233
-2.35241 -0.179612 0.0249956 0.0250028 4.66233
-2.34657 -0.18773 0.0249923 0.0250028 4.66233
-2.34041 -0.195606 0.0249892 0.0250027 4.66233
-2.3339 -0.203194 0.0249864 0.0250026 4.66233
-2.32702 -0.210441 0.024984 0.0250024 4.66233
-2.31973 -0.217291 0.0249822 0.0250023 4.66233
-2.31205 -0.223688 0.0249811 0.0250021 4.66233
-2.30397 -0.229572 0.0249808 0.0250019 4.66233
-2.29549 -0.234883 0.0249814 0.0250017 4.66233
-2.28666 -0.239565 0.0249829 0.0250014 4.66233
-2.27749 -0.243562 0.0249853 0.0250012 4.66233
-2.26804 -0.246825 0.0249885 0.0250009 4.66233
-2.25836 -0.249314 0.0249926 0.0250007 4.66233
-2.2485 -0.250994 0.0249974 0.0250005 4.66233
-2.23854 -0.251842 0.0250027 0.0250002 4.66233
-2.22854 -0.251847 0.0250085 0.025 4.66233
-2.21857 -0.251006 0.0250145 0.0249997 4.66233
-2.20871 -0.249331 0.0250207 0.0249994 4.66233
-2.19903 -0.246844 0.0250269 0.0249991 4.66233
-2.18957 -0.243578 0.0250332 0.0249988 4.66233
-2.18041 -0.239575 0.0250395 0.0249984 4.66233
-2.17158 -0.234883 0.0250458 0.0249982 4.66233
-2.16311 -0.229556 0.025052 0.0249979 4.66233
-2.15504 -0.223652 0.0250582 0.0249977 4.66233
-2.14737 -0.217228 0.0250643 0.0249976 4.66233
-2.14012 -0.210345 0.0250701 0.0249974 4.66233
-2.13326 -0.203058 0.0250756 0.0249974 4.66233
-2.1268 -0.195424 0.0250808 0.0249974 4.66233
-2.12071 -0.187494 0.0250854 0.0249974 4.66233
-2.11495 -0.179314 0.0250894 0.0249974 4.66233
-2.1095 -0.170929 0.0250928 0.0249975 4.66233
-2.10431 -0.162377 0.0250954 0.0249975 4.66233
-2.09934 -0.153695 0.0250971 0.0249976 4.66233
-2.09456 -0.144912 0.0250979 0.0249977 4.66233
-2.08991 -0.136059 0.0250976 0.0249978 4.66233
-2.08534 -0.12716 0.0250962 0.0249979 4.66233
-2.08081 -0.11824 0.0250936 0.0249981 4.66233
-2.07629 -0.109322 0.0250896 0.0249982 4.66233
-2.07171 -0.100428 0.0250843 0.0249983 4.66233
-2.06705 -0.0915798 0.0250774 0.0249985 4.66233
-2.06226 -0.0827988 0.025069 0.0249986 4.66233
-2.05732 -0.0741075 0.025059 0.0249988 4.66233
-2.05218 -0.0655293 0.0250473 0.0249989 4.66233
-2.04681 -0.057088 0.025034 0.0249991 4.66233
-2.0412 -0.0488085 0.0250191 0.0249992 4.66233
-2.03533 -0.0407166 0.0250026 0.0249994 4.66233
-2.02917 -0.0328388 0.0249848 0.0249995 4.66233
-2.02271 -0.0252023 0.0249656 0.0249996 4.66233
-2.01595 -0.0178347 0.0249453 0.0249997 4.66233
-2.00888 -0.0107637 0.0249241 0.0249997 4.66233
-2.00149 -0.00401714 0.0249021 0.0249998 4.66233
-1.99381 0.0023775 0.0248797 0.0249998 4.66233
-1.98582 0.00839341 0.024857 0.0249998 4.66233
-1.97754 0.0140047 0.0248345 0.0249998 4.66233
-1.96899 0.0191867 0.0248122 0.0249998 4.66233
-1.96018 0.0239163 0.0247906 0.0249997 4.66233
-1.95113 0.0281724 0.0247698 0.0249996 4.66233
-1.94186 0.031936 0.0247502 0.0249995 4.66233
-1.93241 0.0351906 0.0247318 0.0249994 4.66233
-1.92279 0.0379224 0.0247151 0.0249993 4.66233
-1.91303 0.0401207 0.0247 0.0249991 4.66233
-1.90317 0.0417778 0.0246868 0.024999 4.66233
-1.89323 0.0428896 0.0246755 0.0249989 4.66233
-1.88324 0.0434553 0.0246662 0.0249987 4.66233
-1.87324 0.0434776 0.024659 0.0249985 4.66233
-1.86325 0.0429631 0.0246539 0.0249984 4.66233
-1.85331 0.0419218 0.0246508 0.0249983 4.66233
-1.84343 0.040367 0.0246498 0.0249982 4.66233
-1.83364 0.0383149 0.0246506 0.0249982 4.66233
-1.82396 0.035785 0.0246532 0.0249981 4.66233
-1.81442 0.0327997 0.0246575 0.0249982 4.66233
-1.80502 0.0293844 0.0246632 0.0249982 4.66233
-1.79577 0.0255668 0.0246701 0.0249983 4.66233
-1.78669 0.0213777 0.0246781 0.0249985 4.66233
-1.77777 0.0168503 0.0246868 0.0249986 4.66233
-1.76902 0.0120212 0.0246961 0.0249988 4.66233
-1.76041 0.00693079 0.0247059 0.0249991 4.66233
-1.75193 0.00162582 0.0247159 0.0249994 4.66233
-1.74355 -0.00383456 0.0247259 0.0249997 4.66233
-1.73518 -0.00930365 0.0247359 0.0249998 4.66233
