-0.635055 -0.0295836 0.0248828 0.0250001 1.50075
-0.62888 -0.0374492 0.0248938 0.0250001 1.50075
-0.622676 -0.045292 0.0249047 0.0250002 1.50075
-0.61642 -0.0530928 0.0249156 0.0250003 1.50075
-0.610084 -0.0608289 0.0249264 0.0250004 1.50075
-0.603638 -0.0684735 0.0249369 0.0250005 1.50075
-0.597051 -0.0759969 0.0249471 0.0250006 1.50075
-0.590291 -0.0833657 0.0249569 0.0250007 1.50075
-0.583329 -0.0905431 0.0249662 0.0250008 1.50075
-0.576136 -0.0974892 0.0249747 0.0250008 1.50075
-0.568687 -0.10416 0.0249825 0.0250009 1.50075
-0.560963 -0.11051 0.0249894 0.0250009 1.50075
-0.552948 -0.116489 0.0249952 0.0250009 1.50075
-0.544636 -0.122047 0.025 0.0250009 1.50075
-0.536024 -0.127129 0.0250035 0.0250009 1.50075
-0.527122 -0.131683 0.0250058 0.0250008 1.50075
-0.517946 -0.135656 0.0250069 0.0250007 1.50075
-0.508522 -0.138999 0.0250068 0.0250006 1.50075
-0.498884 -0.141665 0.0250057 0.0250004 1.50075
-0.489076 -0.143613 0.0250038 0.0250002 1.50075
-0.479148 -0.144809 0.0250012 0.025 1.50075
-0.469156 -0.145225 0.0249982 0.0249998 1.50075
-0.459163 -0.144843 0.024995 0.0249996 1.50075
-0.449234 -0.143655 0.0249918 0.0249995 1.50075
-0.439434 -0.141663 0.0249888 0.0249993 1.50075
-0.429829 -0.138879 0.0249862 0.0249992 1.50075
-0.420481 -0.135325 0.024984 0.024999 1.50075
-0.411448 -0.131033 0.0249824 0.0249989 1.50075
-0.402781 -0.126042 0.0249814 0.0249988 1.50075
-0.394523 -0.120401 0.024981 0.0249988 1.50075
-0.386707 -0.114162 0.0249813 0.0249987 1.50075
-0.379356 -0.10738 0.024982 0.0249988 1.50075
-0.372483 -0.100116 0.0249833 0.0249988 1.50075
-0.366088 -0.0924266 0.0249848 0.0249989 1.50075
-0.360163 -0.0843699 0.0249865 0.024999 1.50075
-0.354688 -0.0760004 0.0249882 0.0249991 1.50075
-0.349638 -0.0673688 0.0249897 0.0249992 1.50075
-0.344975 -0.0585215 0.024991 0.0249993 1.50075
-0.340659 -0.0495005 0.0249919 0.0249995 1.50075
-0.33664 -0.040343 0.0249923 0.0249996 1.50075
-0.332867 -0.031082 0.0249923 0.0249997 1.50075
-0.329283 -0.0217461 0.0249917 0.0249998 1.50075
-0.32583 -0.0123612 0.0249904 0.0249999 1.50075
-0.322448 -0.00295043 0.0249886 0.025 1.50075
-0.319077 0.0064643 0.0249861 0.0250002 1.50075
-0.315658 0.0158617 0.0249828 0.0250003 1.50075
-0.312135 0.02522 0.0249786 0.0250005 1.50075
-0.308451 0.0345163 0.0249735 0.0250006 1.50075
-0.304555 0.0437255 0.0249672 0.0250008 1.50075
-0.300399 0.0528203 0.0249598 0.025001 1.50075
-0.29594 0.0617701 0.024951 0.0250013 1.50075
-0.291141 0.0705416 0.0249407 0.0250015 1.50075
-0.285968 0.0790984 0.0249289 0.0250017 1.50075
-0.280398 0.0874018 0.0249154 0.0250019 1.50075
-0.274413 0.0954106 0.0249004 0.0250021 1.50075
-0.268001 0.103083 0.0248839 0.0250023 1.50075
-0.261161 0.110375 0.0248659 0.0250024 1.50075
-0.253897 0.117244 0.0248467 0.0250025 1.50075
-0.24622 0.12365 0.0248265 0.0250025 1.50075
-0.238151 0.129552 0.0248056 0.0250025 1.50075
-0.229713 0.134916 0.0247843 0.0250024 1.50075
-0.220938 0.139708 0.0247631 0.0250023 1.50075
-0.211862 0.143901 0.0247425 0.0250021 1.50075
-0.202523 0.147473 0.0247228 0.0250018 1.50075
-0.192964 0.150405 0.0247046 0.0250015 1.50075
-0.183229 0.152686 0.0246882 0.0250012 1.50075
-0.173362 0.154309 0.0246742 0.0250008 1.50075
-0.163409 0.155272 0.0246627 0.0250005 1.50075
-0.153414 0.155578 0.0246542 0.0250001 1.50075
-0.14342 0.155236 0.0246489 0.0249997 1.50075
-0.133468 0.154255 0.0246469 0.0249993 1.50075
-0.123596 0.152653 0.0246482 0.0249989 1.50075
-0.113842 0.150446 0.0246528 0.0249985 1.50075
-0.104237 0.147657 0.0246607 0.0249982 1.50075
-0.0948131 0.144307 0.0246715 0.0249979 1.50075
-0.0855961 0.140424 0.0246852 0.0249976 1.50075
-0.0766092 0.136033 0.0247014 0.0249973 1.50075
-0.0678722 0.131164 0.0247199 0.0249971 1.50075
-0.0594012 0.125846 0.0247402 0.024997 1.50075
-0.0512088 0.120107 0.0247619 0.0249969 1.50075
-0.0433045 0.113977 0.0247847 0.0249969 1.50075
-0.0356941 0.107486 0.0248082 0.0249969 1.50075
-0.0283805 0.100663 0.024832 0.024997 1.50075
-0.0213636 0.0935348 0.0248556 0.0249971 1.50075
-0.0146403 0.0861291 0.0248789 0.0249972 1.50075
-0.00820512 0.0784721 0.0249014 0.0249974 1.50075
-0.00204972 0.0705886 0.0249229 0.0249977 1.50075
0.00383629 0.0625022 0.0249433 0.0249979 1.50075
0.00946548 0.0542352 0.0249623 0.0249981 1.50075
0.0148523 0.0458085 0.02498 0.0249984 1.50075
0.020013 0.0372416 0.0249963 0.0249986 1.50075
0.0249653 0.0285529 0.0250112 0.0249989 1.50075
0.029728 0.019759 0.0250248 0.0249991 1.50075
0.0343211 0.0108755 0.0250371 0.0249993 1.50075
0.0387655 0.00191692 0.0250485 0.0249995 1.50075
0.0430832 -0.00710327 0.025059 0.0249997 1.50075
0.047297 -0.0161723 0.0250688 0.0249998 1.50075
0.05143 -0.0252784 0.0250782 0.0249999 1.50075
0.0555054 -0.0344104 0.0250874 0.0249999 1.50075
0.0595463 -0.0435576 0.0250964 0.025 1.50075
0.063587 -0.0527049 0.0251056 0.025 1.50075
