-0.48923 0.0063548 0.0250002 0.0249999 0.38019
-0.479842 0.00291099 0.0249997 0.0249998 0.38019
-0.470421 -0.000442794 0.0249991 0.0249996 0.38019
-0.46096 -0.00368358 0.0249986 0.0249994 0.38019
-0.451455 -0.0067906 0.024998 0.0249992 0.38019
-0.4419 -0.00974458 0.0249975 0.024999 0.38019
-0.432294 -0.0125276 0.0249969 0.0249988 0.38019
-0.422636 -0.0151228 0.0249963 0.0249986 0.38019
-0.412925 -0.017515 0.0249958 0.0249983 0.38019
-0.403163 -0.0196901 0.0249953 0.0249981 0.38019
-0.393352 -0.0216356 0.0249949 0.0249978 0.38019
-0.383497 -0.0233408 0.0249945 0.0249976 0.38019
-0.373601 -0.0247966 0.0249943 0.0249973 0.38019
-0.363671 -0.025996 0.0249943 0.0249971 0.38019
-0.353713 -0.0269335 0.0249945 0.0249968 0.38019
-0.343733 -0.0276052 0.0249949 0.0249966 0.38019
-0.333738 -0.0280092 0.0249955 0.0249964 0.38019
-0.323736 -0.0281455 0.0249964 0.0249961 0.38019
-0.313734 -0.0280162 0.0249975 0.0249959 0.38019
-0.303738 -0.0276249 0.0249988 0.0249957 0.38019
-0.293756 -0.0269776 0.0250003 0.0249955 0.38019
-0.283792 -0.0260817 0.025002 0.0249953 0.38019
-0.273853 -0.0249467 0.0250039 0.0249951 0.38019
-0.263942 -0.0235834 0.0250058 0.024995 0.38019
-0.254063 -0.0220045 0.0250078 0.0249948 0.38019
-0.244219 -0.0202239 0.0250097 0.0249946 0.38019
-0.23441 -0.018257 0.0250117 0.0249944 0.38019
-0.224636 -0.01612 0.0250135 0.0249944 0.38019
-0.214897 -0.0138305 0.0250151 0.0249944 0.38019
-0.205191 -0.0114068 0.0250166 0.0249946 0.38019
-0.195514 -0.00886784 0.0250178 0.0249948 0.38019
-0.185863 -0.00623325 0.0250188 0.0249949 0.38019
-0.176233 -0.00352298 0.0250194 0.0249951 0.38019
-0.166619 -0.000757283 0.0250197 0.0249952 0.38019
-0.157016 0.00204349 0.0250196 0.0249954 0.38019
-0.147416 0.00485905 0.0250191 0.0249955 0.38019
-0.137816 0.00766927 0.0250183 0.0249956 0.38019
-0.128208 0.0104544 0.025017 0.0249957 0.38019
-0.118587 0.0131951 0.0250154 0.0249958 0.38019
-0.108949 0.0158726 0.0250134 0.0249959 0.38019
-0.0992883 0.0184691 0.0250111 0.024996 0.38019
-0.0896022 0.0209676 0.0250086 0.024996 0.38019
-0.0798873 0.0233518 0.0250057 0.024996 0.38019
-0.0701417 0.0256071 0.0250027 0.0249961 0.38019
-0.0603642 0.0277198 0.0249996 0.0249961 0.38019
-0.0505545 0.0296777 0.0249964 0.024996 0.38019
-0.0407132 0.03147 0.0249932 0.024996 0.38019
-0.0308417 0.0330877 0.0249901 0.024996 0.38019
-0.020942 0.0345231 0.0249871 0.0249959 0.38019
-0.0110167 0.0357705 0.0249844 0.0249956 0.38019
-0.00106896 0.0368259 0.024982 0.0249954 0.38019
0.00889763 0.0376872 0.02498 0.0249953 0.38019
0.0188792 0.0383532 0.0249784 0.0249953 0.38019
0.0288719 0.0388243 0.0249773 0.0249952 0.38019
0.0388718 0.0391024 0.0249767 0.0249952 0.38019
0.0488753 0.0391906 0.0249766 0.0249952 0.38019
0.0588786 0.039093 0.024977 0.0249952 0.38019
0.0688786 0.0388152 0.024978 0.0249952 0.38019
0.0788722 0.0383635 0.0249794 0.0249953 0.38019
0.0888568 0.0377449 0.0249813 0.0249953 0.38019
0.0988303 0.0369675 0.0249837 0.0249953 0.38019
0.108791 0.0360398 0.0249864 0.0249954 0.38019
0.118737 0.0349706 0.0249894 0.0249954 0.38019
0.128669 0.0337692 0.0249926 0.0249955 0.38019
0.138584 0.0324451 0.024996 0.0249955 0.38019
0.148484 0.0310078 0.0249996 0.0249956 0.38019
0.158368 0.0294669 0.0250032 0.0249957 0.38019
0.168237 0.0278319 0.0250068 0.0249958 0.38019
0.178091 0.026112 0.0250103 0.0249959 0.38019
0.187932 0.0243162 0.0250136 0.0249961 0.38019
0.19776 0.0224533 0.0250168 0.0249962 0.38019
0.207577 0.0205316 0.0250197 0.0249963 0.38019
0.217383 0.0185593 0.0250222 0.0249965 0.38019
0.227181 0.0165442 0.0250244 0.0249966 0.38019
0.236971 0.0144938 0.0250262 0.0249967 0.38019
0.246755 0.0124154 0.0250276 0.0249969 0.38019
0.256535 0.010316 0.0250286 0.024997 0.38019
0.266311 0.0082026 0.0250291 0.0249972 0.38019
0.276086 0.00608168 0.0250291 0.0249973 0.38019
0.285861 0.00395967 0.0250287 0.0249974 0.38019
0.295636 0.00184273 0.0250278 0.0249976 0.38019
0.305414 -0.000263143 0.0250264 0.0249977 0.38019
0.315195 -0.0023522 0.0250246 0.0249978 0.38019
0.324981 -0.00441891 0.0250224 0.0249979 0.38019
0.334772 -0.00645796 0.0250197 0.0249981 0.38019
0.344571 -0.00846432 0.0250168 0.0249982 0.38019
0.354376 -0.0104332 0.0250135 0.0249983 0.38019
0.36419 -0.0123602 0.0250099 0.0249984 0.38019
0.374013 -0.0142413 0.0250061 0.0249986 0.38019
0.383845 -0.016073 0.0250021 0.0249987 0.38019
0.393686 -0.0178519 0.0249979 0.0249988 0.38019
0.403538 -0.0195748 0.0249937 0.0249989 0.38019
0.413399 -0.0212389 0.0249893 0.024999 0.38019
0.42327 -0.0228421 0.0249849 0.0249991 0.38019
0.433152 -0.0243828 0.0249805 0.0249992 0.38019
0.443042 -0.0258607 0.0249761 0.0249994 0.38019
0.452942 -0.0272766 0.0249717 0.0249995 0.38019
0.46285 -0.0286332 0.0249673 0.0249996 0.38019
0.472765 -0.0299361 0.0249629 0.0249997 0.38019
0.482686 -0.0311962 0.0249586 0.0249999 0.38019
0.492607 -0.0324517 0.0249543 0.0249999 0.38019
