-0.722506 0.105124 0.0250533 0.0250001 1.68084
-0.71456 0.099053 0.0250513 0.0250001 1.68084
-0.706788 0.0927601 0.0250493 0.0250003 1.68084
-0.699226 0.0862177 0.0250474 0.0250004 1.68084
-0.691899 0.0794128 0.0250455 0.0250006 1.68084
-0.684827 0.0723433 0.0250438 0.0250007 1.68084
-0.678023 0.065015 0.0250421 0.0250009 1.68084
-0.671496 0.0574405 0.0250405 0.025001 1.68084
-0.665244 0.0496367 0.0250389 0.0250012 1.68084
-0.659263 0.0416242 0.0250374 0.0250014 1.68084
-0.653539 0.0334258 0.0250358 0.0250016 1.68084
-0.648053 0.025066 0.0250342 0.0250017 1.68084
-0.642782 0.0165697 0.0250324 0.0250019 1.68084
-0.637695 0.00796216 0.0250304 0.0250021 1.68084
-0.632757 -0.000731498 0.0250282 0.0250023 1.68084
-0.627929 -0.00948626 0.0250257 0.0250025 1.68084
-0.623166 -0.0182772 0.0250228 0.0250026 1.68084
-0.618425 -0.027079 0.0250197 0.0250028 1.68084
-0.613655 -0.0358658 0.0250162 0.0250029 1.68084
-0.608809 -0.0446104 0.0250124 0.025003 1.68084
-0.603837 -0.0532838 0.0250083 0.0250031 1.68084
-0.59869 -0.0618545 0.025004 0.0250031 1.68084
-0.593321 -0.070288 0.0249994 0.0250031 1.68084
-0.587686 -0.078546 0.0249948 0.0250031 1.68084
-0.581744 -0.0865867 0.0249903 0.0250031 1.68084
-0.575462 -0.0943639 0.0249859 0.0250029 1.68084
-0.56881 -0.101828 0.0249819 0.0250028 1.68084
-0.561768 -0.108925 0.0249784 0.0250026 1.68084
-0.554324 -0.115599 0.0249756 0.0250023 1.68084
-0.546474 -0.121791 0.0249735 0.0250021 1.68084
-0.538226 -0.127442 0.0249724 0.0250018 1.68084
-0.529597 -0.132494 0.0249722 0.0250015 1.68084
-0.520617 -0.136891 0.0249731 0.0250011 1.68084
-0.511324 -0.140583 0.0249749 0.0250008 1.68084
-0.501767 -0.143523 0.0249777 0.0250004 1.68084
-0.492001 -0.145676 0.0249813 0.025 1.68084
-0.482091 -0.147013 0.0249857 0.0249996 1.68084
-0.472103 -0.147519 0.0249907 0.0249992 1.68084
-0.462108 -0.147187 0.0249963 0.0249987 1.68084
-0.452175 -0.146024 0.0250024 0.0249983 1.68084
-0.44237 -0.144048 0.0250089 0.0249978 1.68084
-0.432757 -0.141285 0.0250157 0.0249974 1.68084
-0.423392 -0.137774 0.0250229 0.024997 1.68084
-0.414321 -0.133557 0.0250304 0.0249966 1.68084
-0.405585 -0.128686 0.025038 0.0249964 1.68084
-0.39721 -0.123215 0.0250458 0.0249961 1.68084
-0.389218 -0.1172 0.0250534 0.024996 1.68084
-0.381616 -0.110698 0.0250609 0.0249959 1.68084
-0.374403 -0.103766 0.0250679 0.0249958 1.68084
-0.367572 -0.0964594 0.0250745 0.0249958 1.68084
-0.361103 -0.0888291 0.0250805 0.0249959 1.68084
-0.354973 -0.0809237 0.0250856 0.024996 1.68084
-0.349153 -0.072788 0.0250899 0.0249961 1.68084
-0.343608 -0.0644627 0.0250932 0.0249962 1.68084
-0.3383 -0.0559844 0.0250955 0.0249963 1.68084
-0.333188 -0.0473864 0.0250966 0.0249965 1.68084
-0.32823 -0.0386985 0.0250965 0.0249966 1.68084
-0.323384 -0.0299482 0.0250952 0.0249968 1.68084
-0.318607 -0.0211603 0.0250926 0.0249969 1.68084
-0.313855 -0.0123583 0.0250888 0.024997 1.68084
-0.30909 -0.00356434 0.0250836 0.0249972 1.68084
-0.30427 0.00520011 0.0250772 0.0249973 1.68084
-0.29936 0.0139138 0.0250696 0.0249975 1.68084
-0.294324 0.0225556 0.0250607 0.0249976 1.68084
-0.289131 0.0311037 0.0250506 0.0249977 1.68084
-0.283752 0.039536 0.0250393 0.0249978 1.68084
-0.278162 0.0478299 0.025027 0.0249979 1.68084
-0.272339 0.0559617 0.0250136 0.024998 1.68084
-0.266265 0.0639075 0.0249993 0.0249981 1.68084
-0.259925 0.0716424 0.024984 0.0249981 1.68084
-0.253307 0.0791412 0.0249679 0.0249982 1.68084
-0.246403 0.0863782 0.024951 0.0249983 1.68084
-0.239211 0.0933277 0.0249334 0.0249984 1.68084
-0.231729 0.0999638 0.0249152 0.0249984 1.68084
-0.223959 0.106261 0.0248965 0.0249985 1.68084
-0.215908 0.112195 0.0248774 0.0249985 1.68084
-0.207585 0.117741 0.0248581 0.0249985 1.68084
-0.199003 0.122876 0.0248386 0.0249986 1.68084
-0.190177 0.127579 0.0248192 0.0249986 1.68084
-0.181124 0.13183 0.0248 0.0249986 1.68084
-0.171865 0.135611 0.0247811 0.0249985 1.68084
-0.162423 0.138907 0.0247628 0.0249985 1.68084
-0.152822 0.141706 0.0247452 0.0249985 1.68084
-0.143086 0.143998 0.0247286 0.0249984 1.68084
-0.133244 0.145776 0.024713 0.0249983 1.68084
-0.123323 0.147036 0.0246987 0.0249983 1.68084
-0.113349 0.14778 0.0246858 0.0249982 1.68084
-0.10335 0.14801 0.0246745 0.0249981 1.68084
-0.0933525 0.147733 0.0246647 0.0249981 1.68084
-0.0833808 0.146961 0.0246566 0.024998 1.68084
-0.0734582 0.145706 0.0246501 0.024998 1.68084
-0.0636057 0.143986 0.0246452 0.0249981 1.68084
-0.0538411 0.141822 0.0246416 0.0249981 1.68084
-0.0441795 0.139237 0.0246394 0.0249982 1.68084
-0.0346316 0.13626 0.0246383 0.0249984 1.68084
-0.0252043 0.13292 0.0246382 0.0249986 1.68084
-0.015899 0.129255 0.0246387 0.0249988 1.68084
-0.00671149 0.125305 0.0246398 0.0249991 1.68084
0.00237037 0.121118 0.0246413 0.0249993 1.68084
0.0113701 0.116757 0.0246429 0.0249997 1.68084
0.0203647 0.112387 0.0246445 0.0249998 1.68084
