-2.56527 0.0245126 0.024881 0.0250001 4.78239
-2.5553 0.0236846 0.0248849 0.0250001 4.78239
-2.54537 0.0225279 0.0248889 0.0250002 4.78239
-2.53549 0.0209772 0.0248929 0.0250003 4.78239
-2.52569 0.0189834 0.0248969 0.0250004 4.78239
-2.516 0.0165092 0.0249011 0.0250004 4.78239
-2.50646 0.0135289 0.0249055 0.0250005 4.78239
-2.49709 0.0100265 0.0249101 0.0250005 4.78239
-2.48794 0.00599543 0.0249151 0.0250006 4.78239
-2.47904 0.00143778 0.0249205 0.0250006 4.78239
-2.47042 -0.00363601 0.0249263 0.0250007 4.78239
-2.46212 -0.00920813 0.0249325 0.0250008 4.78239
-2.45416 -0.0152543 0.0249391 0.0250009 4.78239
-2.44655 -0.0217449 0.0249462 0.0250009 4.78239
-2.43931 -0.028646 0.0249535 0.025001 4.78239
-2.43245 -0.0359209 0.0249612 0.0250011 4.78239
-2.42597 -0.0435309 0.024969 0.0250012 4.78239
-2.41985 -0.0514367 0.024977 0.0250014 4.78239
-2.41407 -0.0595992 0.024985 0.0250015 4.78239
-2.40862 -0.0679804 0.0249929 0.0250016 4.78239
-2.40346 -0.0765441 0.0250005 0.0250018 4.78239
-2.39855 -0.0852559 0.0250078 0.0250019 4.78239
-2.39386 -0.0940837 0.0250146 0.0250021 4.78239
-2.38933 -0.102997 0.0250208 0.0250022 4.78239
-2.38491 -0.111968 0.0250263 0.0250024 4.78239
-2.38056 -0.120969 0.0250309 0.0250025 4.78239
-2.37621 -0.129973 0.0250346 0.0250026 4.78239
-2.37182 -0.138952 0.0250373 0.0250028 4.78239
-2.36732 -0.147879 0.0250388 0.0250029 4.78239
-2.36265 -0.156723 0.0250392 0.0250029 4.78239
-2.35778 -0.16545 0.0250384 0.025003 4.78239
-2.35264 -0.174025 0.0250363 0.025003 4.78239
-2.34719 -0.182407 0.025033 0.025003 4.78239
-2.34139 -0.190552 0.0250285 0.025003 4.78239
-2.33521 -0.198411 0.0250229 0.0250029 4.78239
-2.32862 -0.205933 0.0250162 0.0250028 4.78239
-2.32162 -0.213064 0.0250086 0.0250026 4.78239
-2.31418 -0.219747 0.025 0.0250023 4.78239
-2.30632 -0.225926 0.0249908 0.025002 4.78239
-2.29805 -0.231544 0.0249811 0.0250017 4.78239
-2.28939 -0.236548 0.024971 0.0250013 4.78239
-2.28039 -0.24089 0.0249607 0.0250009 4.78239
-2.27107 -0.244527 0.0249504 0.0250004 4.78239
-2.2615 -0.247423 0.0249403 0.0249999 4.78239
-2.25173 -0.249551 0.0249306 0.0249994 4.78239
-2.24182 -0.250894 0.0249217 0.0249988 4.78239
-2.23183 -0.251445 0.0249136 0.0249983 4.78239
-2.22183 -0.251207 0.0249066 0.0249977 4.78239
-2.21188 -0.250192 0.024901 0.0249971 4.78239
-2.20204 -0.248422 0.024897 0.0249966 4.78239
-2.19235 -0.245926 0.0248946 0.0249962 4.78239
-2.18287 -0.242741 0.0248941 0.0249957 4.78239
-2.17363 -0.238907 0.0248954 0.0249954 4.78239
-2.16466 -0.234471 0.0248985 0.0249951 4.78239
-2.15599 -0.229479 0.0249034 0.0249948 4.78239
-2.14764 -0.223981 0.02491 0.0249946 4.78239
-2.1396 -0.218026 0.0249181 0.0249944 4.78239
-2.13188 -0.211662 0.0249276 0.0249943 4.78239
-2.12447 -0.204935 0.0249383 0.0249943 4.78239
-2.11737 -0.197891 0.0249499 0.0249943 4.78239
-2.11055 -0.190569 0.0249622 0.0249943 4.78239
-2.104 -0.183008 0.0249751 0.0249944 4.78239
-2.09769 -0.175244 0.0249882 0.0249945 4.78239
-2.0916 -0.167309 0.0250014 0.0249946 4.78239
-2.08569 -0.159231 0.0250145 0.0249947 4.78239
-2.07995 -0.151037 0.0250272 0.0249949 4.78239
-2.07435 -0.142752 0.0250394 0.024995 4.78239
-2.06884 -0.134397 0.0250508 0.0249952 4.78239
-2.06342 -0.125993 0.0250614 0.0249953 4.78239
-2.05804 -0.117556 0.0250709 0.0249954 4.78239
-2.05269 -0.109106 0.0250791 0.0249956 4.78239
-2.04733 -0.100657 0.0250859 0.0249957 4.78239
-2.04195 -0.0922256 0.0250912 0.0249958 4.78239
-2.03652 -0.0838264 0.0250947 0.0249959 4.78239
-2.03101 -0.0754742 0.0250963 0.024996 4.78239
-2.02541 -0.0671838 0.0250957 0.0249961 4.78239
-2.01971 -0.0589697 0.0250928 0.0249962 4.78239
-2.01387 -0.0508469 0.0250871 0.0249963 4.78239
-2.00789 -0.0428305 0.0250785 0.0249965 4.78239
-2.00174 -0.0349358 0.0250667 0.0249966 4.78239
-1.99543 -0.0271783 0.0250514 0.0249968 4.78239
-1.98893 -0.0195736 0.0250325 0.024997 4.78239
-1.98224 -0.0121373 0.0250097 0.0249971 4.78239
-1.97535 -0.00488486 0.0249832 0.0249973 4.78239
-1.96826 0.00216835 0.0249527 0.0249975 4.78239
-1.96096 0.00900794 0.0249185 0.0249976 4.78239
-1.95346 0.01562 0.0248808 0.0249978 4.78239
-1.94575 0.0219908 0.0248396 0.024998 4.78239
-1.93784 0.0281077 0.0247954 0.0249982 4.78239
-1.92973 0.033959 0.0247482 0.0249983 4.78239
-1.92142 0.0395347 0.0246985 0.0249985 4.78239
-1.91294 0.0448267 0.0246466 0.0249987 4.78239
-1.90428 0.0498293 0.0245927 0.0249989 4.78239
-1.89546 0.0545398 0.0245373 0.0249991 4.78239
-1.88648 0.0589594 0.0244806 0.0249992 4.78239
-1.87738 0.0630938 0.024423 0.0249994 4.78239
-1.86815 0.0669546 0.0243648 0.0249995 4.78239
-1.85883 0.0705614 0.0243062 0.0249997 4.78239
-1.84942 0.0739449 0.0242474 0.0249998 4.78239
-1.83995 0.077156 0.0241886 0.0249999 4.78239
-1.83047 0.0803553 0.0241299 0.0249999 4.78239
