-1.51211 -0.0292697 0.0248928 0.0250001 2.98149
-1.50651 -0.0209812 0.0249036 0.0250001 2.98149
-1.50085 -0.0127358 0.0249143 0.0250002 2.98149
-1.4951 -0.00455546 0.024925 0.0250003 2.98149
-1.48922 0.00353452 0.0249355 0.0250004 2.98149
-1.48319 0.0115057 0.0249458 0.0250005 2.98149
-1.47695 0.0193263 0.0249558 0.0250006 2.98149
-1.4705 0.0269611 0.0249653 0.0250006 2.98149
-1.46378 0.0343714 0.0249743 0.0250007 2.98149
-1.45679 0.041515 0.0249826 0.0250008 2.98149
-1.44948 0.0483462 0.0249901 0.0250008 2.98149
-1.44186 0.0548165 0.0249968 0.0250008 2.98149
-1.43391 0.0608751 0.0250024 0.0250008 2.98149
-1.42562 0.0664694 0.025007 0.0250007 2.98149
-1.417 0.0715461 0.0250106 0.0250006 2.98149
-1.40808 0.0760529 0.0250131 0.0250005 2.98149
-1.39886 0.0799389 0.0250146 0.0250003 2.98149
-1.38939 0.0831572 0.0250152 0.0250001 2.98149
-1.37971 0.0856655 0.0250151 0.0249999 2.98149
-1.36987 0.0874282 0.0250143 0.0249996 2.98149
-1.35992 0.0884177 0.0250132 0.0249994 2.98149
-1.34992 0.0886146 0.0250118 0.0249991 2.98149
-1.33994 0.0880093 0.0250104 0.0249989 2.98149
-1.33004 0.0866022 0.025009 0.0249987 2.98149
-1.32028 0.0844037 0.0250078 0.0249985 2.98149
-1.31073 0.0814342 0.0250069 0.0249984 2.98149
-1.30144 0.0777233 0.0250064 0.0249983 2.98149
-1.29247 0.0733091 0.0250062 0.0249982 2.98149
-1.28385 0.0682364 0.0250064 0.0249981 2.98149
-1.27562 0.0625556 0.025007 0.0249981 2.98149
-1.2678 0.0563211 0.025008 0.0249981 2.98149
-1.2604 0.0495893 0.0250093 0.0249981 2.98149
-1.25343 0.0424177 0.0250107 0.0249982 2.98149
-1.24687 0.0348625 0.0250124 0.0249982 2.98149
-1.24072 0.0269782 0.0250139 0.0249983 2.98149
-1.23494 0.0188161 0.0250154 0.0249984 2.98149
-1.2295 0.0104241 0.0250165 0.0249985 2.98149
-1.22436 0.0018462 0.0250172 0.0249986 2.98149
-1.21947 -0.00687731 0.0250172 0.0249987 2.98149
-1.21478 -0.0157098 0.0250165 0.0249988 2.98149
-1.21023 -0.0246181 0.025015 0.024999 2.98149
-1.20578 -0.0335712 0.0250124 0.0249992 2.98149
-1.20135 -0.0425404 0.0250086 0.0249993 2.98149
-1.1969 -0.0514974 0.0250036 0.0249995 2.98149
-1.19238 -0.0604142 0.0249974 0.0249997 2.98149
-1.18772 -0.069262 0.0249898 0.0249999 2.98149
-1.18287 -0.0780105 0.0249809 0.025 2.98149
-1.1778 -0.0866274 0.0249707 0.0250001 2.98149
-1.17245 -0.0950781 0.0249593 0.0250003 2.98149
-1.1668 -0.103326 0.0249467 0.0250004 2.98149
-1.1608 -0.111331 0.0249332 0.0250005 2.98149
-1.15445 -0.119051 0.0249187 0.0250005 2.98149
-1.14772 -0.126445 0.0249035 0.0250006 2.98149
-1.1406 -0.133466 0.0248876 0.0250006 2.98149
-1.13309 -0.140073 0.0248711 0.0250007 2.98149
-1.1252 -0.14622 0.0248541 0.0250007 2.98149
-1.11695 -0.151866 0.0248368 0.0250007 2.98149
-1.10835 -0.156973 0.0248193 0.0250007 2.98149
-1.09944 -0.161505 0.0248017 0.0250007 2.98149
-1.09024 -0.165431 0.0247842 0.0250006 2.98149
-1.0808 -0.168725 0.0247672 0.0250005 2.98149
-1.07116 -0.171368 0.0247507 0.0250004 2.98149
-1.06136 -0.173346 0.0247351 0.0250002 2.98149
-1.05144 -0.174649 0.0247207 0.025 2.98149
-1.04146 -0.175275 0.0247079 0.0249998 2.98149
-1.03146 -0.175228 0.0246969 0.0249995 2.98149
-1.02149 -0.174516 0.0246881 0.0249992 2.98149
-1.01158 -0.173152 0.0246818 0.0249989 2.98149
-1.00178 -0.171154 0.0246783 0.0249986 2.98149
-0.992126 -0.168541 0.0246778 0.0249982 2.98149
-0.982652 -0.165338 0.0246803 0.0249979 2.98149
-0.973387 -0.16157 0.024686 0.0249975 2.98149
-0.964359 -0.157265 0.0246948 0.0249972 2.98149
-0.95559 -0.152451 0.0247066 0.0249969 2.98149
-0.947102 -0.14716 0.0247212 0.0249967 2.98149
-0.938909 -0.141421 0.0247385 0.0249965 2.98149
-0.931024 -0.135266 0.0247579 0.0249963 2.98149
-0.923456 -0.128725 0.0247792 0.0249962 2.98149
-0.916211 -0.121829 0.024802 0.0249961 2.98149
-0.90929 -0.114606 0.0248257 0.0249962 2.98149
-0.902693 -0.107086 0.02485 0.0249962 2.98149
-0.896418 -0.0992972 0.0248745 0.0249963 2.98149
-0.890456 -0.0912648 0.0248986 0.0249965 2.98149
-0.884801 -0.083014 0.024922 0.0249967 2.98149
-0.879442 -0.0745684 0.0249443 0.024997 2.98149
-0.874366 -0.0659498 0.0249654 0.0249972 2.98149
-0.869559 -0.0571785 0.0249848 0.0249975 2.98149
-0.865005 -0.0482735 0.0250026 0.0249978 2.98149
-0.860687 -0.039252 0.0250184 0.0249981 2.98149
-0.856587 -0.0301296 0.0250324 0.0249984 2.98149
-0.852686 -0.0209208 0.0250446 0.0249987 2.98149
-0.848963 -0.0116385 0.025055 0.0249989 2.98149
-0.845399 -0.00229453 0.0250637 0.0249992 2.98149
-0.841971 0.00710029 0.0250711 0.0249994 2.98149
-0.838658 0.016536 0.0250772 0.0249995 2.98149
-0.835438 0.0260036 0.0250825 0.0249997 2.98149
-0.832288 0.0354948 0.025087 0.0249998 2.98149
-0.829188 0.0450024 0.0250912 0.0249998 2.98149
-0.826119 0.0545198 0.0250951 0.0249999 2.98149
-0.823063 0.0640414 0.0250989 0.025 2.98149
-0.820005 0.0735625 0.0251028 0.025 2.98149
