-2.68036 -0.0811311 0.0248656 0.025 4.96248
-2.67426 -0.0732046 0.0248768 0.0250001 4.96248
-2.66807 -0.0653483 0.0248881 0.0250002 4.96248
-2.66176 -0.0575911 0.0248993 0.0250003 4.96248
-2.65529 -0.0499645 0.0249104 0.0250004 4.96248
-2.64864 -0.0425032 0.0249213 0.0250005 4.96248
-2.64176 -0.0352448 0.0249318 0.0250006 4.96248
-2.63463 -0.0282305 0.0249418 0.0250006 4.96248
-2.62723 -0.0215043 0.0249512 0.0250007 4.96248
-2.61954 -0.0151132 0.0249599 0.0250008 4.96248
-2.61155 -0.00910675 0.0249677 0.0250008 4.96248
-2.60324 -0.0035362 0.0249746 0.0250008 4.96248
-2.59463 0.00154626 0.0249804 0.0250008 4.96248
-2.58572 0.00608861 0.0249852 0.0250007 4.96248
-2.57654 0.0100402 0.0249889 0.0250007 4.96248
-2.5671 0.0133532 0.0249916 0.0250005 4.96248
-2.55746 0.015984 0.0249934 0.0250004 4.96248
-2.54764 0.0178947 0.0249943 0.0250002 4.96248
-2.53771 0.0190548 0.0249945 0.025 4.96248
-2.52772 0.0194418 0.0249943 0.0249998 4.96248
-2.51772 0.019042 0.0249937 0.0249996 4.96248
-2.50779 0.0178513 0.024993 0.0249994 4.96248
-2.49799 0.0158755 0.0249922 0.0249993 4.96248
-2.48837 0.0131303 0.0249915 0.0249991 4.96248
-2.479 0.00964077 0.0249909 0.024999 4.96248
-2.46993 0.0054406 0.0249906 0.0249989 4.96248
-2.46119 0.000570941 0.0249905 0.0249988 4.96248
-2.45283 -0.00492092 0.0249907 0.0249988 4.96248
-2.44488 -0.0109831 0.0249911 0.0249988 4.96248
-2.43735 -0.0175609 0.0249917 0.0249987 4.96248
-2.43024 -0.024598 0.0249924 0.0249987 4.96248
-2.42356 -0.0320383 0.0249932 0.0249988 4.96248
-2.41728 -0.0398271 0.024994 0.0249988 4.96248
-2.4114 -0.0479121 0.0249947 0.0249989 4.96248
-2.40587 -0.0562443 0.0249951 0.024999 4.96248
-2.40065 -0.0647786 0.0249951 0.0249991 4.96248
-2.39571 -0.0734736 0.0249947 0.0249992 4.96248
-2.39099 -0.0822919 0.0249936 0.0249993 4.96248
-2.38645 -0.0911991 0.0249917 0.0249995 4.96248
-2.38202 -0.100164 0.024989 0.0249996 4.96248
-2.37764 -0.109157 0.0249853 0.0249998 4.96248
-2.37327 -0.11815 0.0249805 0.0249999 4.96248
-2.36884 -0.127115 0.0249745 0.0250001 4.96248
-2.3643 -0.136024 0.0249673 0.0250002 4.96248
-2.35959 -0.144847 0.0249589 0.0250004 4.96248
-2.35467 -0.153551 0.0249491 0.0250005 4.96248
-2.34949 -0.162104 0.0249382 0.0250006 4.96248
-2.34401 -0.170467 0.024926 0.0250007 4.96248
-2.33819 -0.178603 0.0249128 0.0250007 4.96248
-2.33202 -0.186469 0.0248985 0.0250008 4.96248
-2.32546 -0.19402 0.0248834 0.0250008 4.96248
-2.31852 -0.201213 0.0248676 0.0250008 4.96248
-2.31118 -0.208001 0.0248512 0.0250007 4.96248
-2.30344 -0.21434 0.0248346 0.0250007 4.96248
-2.29533 -0.220185 0.0248179 0.0250005 4.96248
-2.28686 -0.225495 0.0248014 0.0250004 4.96248
-2.27805 -0.230232 0.0247853 0.0250002 4.96248
-2.26894 -0.234364 0.0247698 0.025 4.96248
-2.25957 -0.237862 0.0247552 0.0249998 4.96248
-2.24999 -0.240703 0.0247416 0.0249996 4.96248
-2.24022 -0.242871 0.0247293 0.0249994 4.96248
-2.23033 -0.244357 0.0247184 0.0249991 4.96248
-2.22036 -0.245157 0.024709 0.0249988 4.96248
-2.21036 -0.245273 0.0247014 0.0249985 4.96248
-2.20038 -0.244713 0.0246957 0.0249982 4.96248
-2.19045 -0.243492 0.024692 0.0249978 4.96248
-2.18063 -0.241626 0.0246904 0.0249975 4.96248
-2.17094 -0.239139 0.0246909 0.0249972 4.96248
-2.16142 -0.236055 0.0246936 0.0249969 4.96248
-2.15211 -0.232401 0.0246985 0.0249966 4.96248
-2.14303 -0.228208 0.0247054 0.0249964 4.96248
-2.1342 -0.223506 0.0247142 0.0249963 4.96248
-2.12564 -0.218325 0.0247248 0.0249962 4.96248
-2.11737 -0.212697 0.0247371 0.0249962 4.96248
-2.1094 -0.206654 0.0247509 0.0249962 4.96248
-2.10174 -0.200226 0.0247661 0.0249962 4.96248
-2.09439 -0.193443 0.0247826 0.0249963 4.96248
-2.08735 -0.186335 0.0248002 0.0249963 4.96248
-2.08063 -0.178929 0.0248189 0.0249963 4.96248
-2.07421 -0.171252 0.0248386 0.0249963 4.96248
-2.0681 -0.163331 0.0248591 0.0249964 4.96248
-2.06229 -0.15519 0.0248803 0.0249964 4.96248
-2.05677 -0.146851 0.0249019 0.0249964 4.96248
-2.05152 -0.138337 0.0249236 0.0249965 4.96248
-2.04653 -0.129669 0.0249452 0.0249967 4.96248
-2.04178 -0.120864 0.0249664 0.0249969 4.96248
-2.03726 -0.11194 0.0249866 0.0249971 4.96248
-2.03295 -0.102913 0.0250058 0.0249974 4.96248
-2.02884 -0.0937977 0.0250235 0.0249978 4.96248
-2.02489 -0.0846073 0.0250396 0.0249981 4.96248
-2.0211 -0.0753537 0.0250539 0.0249985 4.96248
-2.01743 -0.0660473 0.0250664 0.0249989 4.96248
-2.01388 -0.0566978 0.0250772 0.0249992 4.96248
-2.01043 -0.0473143 0.0250865 0.0249995 4.96248
-2.00704 -0.0379051 0.0250945 0.0249997 4.96248
-2.0037 -0.0284778 0.0251016 0.0249998 4.96248
-2.0004 -0.0190393 0.0251081 0.0249998 4.96248
-1.99711 -0.00959572 0.0251144 0.0249999 4.96248
-1.99382 -0.000151961 0.0251205 0.0249999 4.96248
-1.99052 0.00928862 0.0251267 0.025 4.96248
-1.98722 0.0187283 0.0251329 0.025 4.96248
