-0.97999 -0.131261 0.0249921 0.0250001 2.14107
-0.974082 -0.123193 0.0249884 0.0250001 2.14107
-0.968362 -0.114991 0.0249847 0.0250003 2.14107
-0.962856 -0.106644 0.0249811 0.0250004 2.14107
-0.95758 -0.098149 0.0249775 0.0250006 2.14107
-0.95254 -0.0895127 0.024974 0.0250007 2.14107
-0.947733 -0.0807447 0.0249704 0.0250009 2.14107
-0.943148 -0.0718584 0.0249669 0.0250011 2.14107
-0.93877 -0.0628689 0.0249633 0.0250012 2.14107
-0.934574 -0.0537929 0.0249595 0.0250014 2.14107
-0.930532 -0.0446475 0.0249556 0.0250016 2.14107
-0.92661 -0.0354502 0.0249515 0.0250018 2.14107
-0.92277 -0.0262187 0.0249471 0.025002 2.14107
-0.918969 -0.016971 0.0249425 0.0250021 2.14107
-0.915162 -0.00772569 0.0249377 0.0250022 2.14107
-0.911303 0.00149768 0.0249328 0.0250024 2.14107
-0.907343 0.0106779 0.0249277 0.0250024 2.14107
-0.903232 0.0197916 0.0249226 0.0250025 2.14107
-0.898921 0.0288127 0.0249174 0.0250025 2.14107
-0.894364 0.0377115 0.0249124 0.0250026 2.14107
-0.889514 0.0464545 0.0249076 0.0250026 2.14107
-0.884331 0.0550042 0.0249031 0.0250025 2.14107
-0.878778 0.0633178 0.0248991 0.0250025 2.14107
-0.872822 0.0713482 0.0248958 0.0250025 2.14107
-0.866439 0.0790436 0.0248933 0.0250024 2.14107
-0.859612 0.0863485 0.0248919 0.0250023 2.14107
-0.852335 0.0932043 0.0248917 0.0250022 2.14107
-0.844609 0.0995507 0.0248928 0.025002 2.14107
-0.836448 0.105327 0.0248955 0.0250019 2.14107
-0.827876 0.110474 0.0248998 0.0250016 2.14107
-0.818928 0.114936 0.0249058 0.0250014 2.14107
-0.80965 0.118663 0.0249135 0.0250011 2.14107
-0.800095 0.121612 0.0249228 0.0250008 2.14107
-0.790326 0.123747 0.0249336 0.0250005 2.14107
-0.780411 0.125046 0.0249456 0.0250003 2.14107
-0.770422 0.125496 0.0249587 0.025 2.14107
-0.76043 0.125096 0.0249724 0.0249998 2.14107
-0.750507 0.123857 0.0249865 0.0249996 2.14107
-0.74072 0.121799 0.0250005 0.0249994 2.14107
-0.731132 0.118955 0.0250141 0.0249993 2.14107
-0.721798 0.115367 0.0250269 0.0249991 2.14107
-0.712761 0.111083 0.0250389 0.0249989 2.14107
-0.704057 0.106157 0.0250498 0.0249987 2.14107
-0.695711 0.100647 0.0250595 0.0249986 2.14107
-0.687734 0.094614 0.0250681 0.0249985 2.14107
-0.680131 0.0881164 0.0250756 0.0249985 2.14107
-0.672895 0.0812127 0.0250819 0.0249985 2.14107
-0.66601 0.0739582 0.0250872 0.0249985 2.14107
-0.659454 0.0664056 0.0250915 0.0249985 2.14107
-0.653197 0.0586035 0.0250948 0.0249985 2.14107
-0.647204 0.0505969 0.0250973 0.0249985 2.14107
-0.641436 0.0424269 0.025099 0.0249984 2.14107
-0.635849 0.0341312 0.0250998 0.0249984 2.14107
-0.630401 0.0257443 0.0250998 0.0249984 2.14107
-0.625044 0.0172984 0.0250989 0.0249984 2.14107
-0.619734 0.00882333 0.0250968 0.0249985 2.14107
-0.614425 0.000347751 0.0250933 0.0249986 2.14107
-0.609073 -0.00810068 0.0250882 0.0249988 2.14107
-0.603636 -0.0164947 0.0250813 0.024999 2.14107
-0.598075 -0.024807 0.0250723 0.0249992 2.14107
-0.592355 -0.0330101 0.0250611 0.0249995 2.14107
-0.586443 -0.0410758 0.0250476 0.0249997 2.14107
-0.580311 -0.0489753 0.0250318 0.025 2.14107
-0.573936 -0.056679 0.0250136 0.0250002 2.14107
-0.567297 -0.064157 0.0249933 0.0250004 2.14107
-0.56038 -0.0713787 0.024971 0.0250006 2.14107
-0.553176 -0.0783132 0.024947 0.0250008 2.14107
-0.545679 -0.0849299 0.0249216 0.0250009 2.14107
-0.537889 -0.0911983 0.0248952 0.025001 2.14107
-0.529809 -0.0970887 0.0248683 0.025001 2.14107
-0.521447 -0.102572 0.0248411 0.025001 2.14107
-0.512816 -0.107621 0.0248141 0.0250009 2.14107
-0.503932 -0.112209 0.0247877 0.0250008 2.14107
-0.494813 -0.116313 0.0247623 0.0250007 2.14107
-0.485483 -0.119909 0.024738 0.0250006 2.14107
-0.475966 -0.122978 0.0247153 0.0250004 2.14107
-0.46629 -0.125503 0.0246944 0.0250003 2.14107
-0.456486 -0.12747 0.0246753 0.0250002 2.14107
-0.446584 -0.128869 0.0246583 0.025 2.14107
-0.436618 -0.129692 0.0246434 0.0249999 2.14107
-0.426621 -0.129935 0.0246309 0.0249997 2.14107
-0.416626 -0.129598 0.0246208 0.0249995 2.14107
-0.406668 -0.128684 0.0246131 0.0249994 2.14107
-0.396777 -0.127202 0.0246081 0.0249992 2.14107
-0.386987 -0.125161 0.0246057 0.024999 2.14107
-0.377326 -0.122576 0.024606 0.0249988 2.14107
-0.367821 -0.119465 0.0246091 0.0249986 2.14107
-0.358497 -0.115847 0.0246148 0.0249985 2.14107
-0.349376 -0.111746 0.0246231 0.0249984 2.14107
-0.340474 -0.107187 0.0246338 0.0249983 2.14107
-0.331807 -0.102195 0.0246467 0.0249982 2.14107
-0.323385 -0.0968016 0.0246616 0.0249982 2.14107
-0.315213 -0.0910354 0.0246783 0.0249983 2.14107
-0.307293 -0.0849281 0.0246964 0.0249984 2.14107
-0.299621 -0.0785121 0.0247158 0.0249985 2.14107
-0.292188 -0.0718209 0.024736 0.0249987 2.14107
-0.284979 -0.0648889 0.0247571 0.0249989 2.14107
-0.277973 -0.0577524 0.0247786 0.0249992 2.14107
-0.27114 -0.0504509 0.0248004 0.0249994 2.14107
-0.264434 -0.043032 0.0248223 0.0249997 2.14107
-0.257736 -0.0356067 0.0248443 0.0249999 2.14107
