-1.34115 0.0872723 0.0249677 0.0250001 2.72136
-1.33216 0.0829075 0.0249682 0.0250001 2.72136
-1.3233 0.0782594 0.0249688 0.0250003 2.72136
-1.31463 0.0732844 0.0249694 0.0250004 2.72136
-1.30617 0.0679565 0.02497 0.0250005 2.72136
-1.29795 0.0622624 0.0249708 0.0250006 2.72136
-1.29 0.0561993 0.0249718 0.0250008 2.72136
-1.28233 0.049773 0.024973 0.0250009 2.72136
-1.27498 0.0429964 0.0249744 0.025001 2.72136
-1.26795 0.0358885 0.024976 0.0250011 2.72136
-1.26124 0.0284726 0.0249779 0.0250013 2.72136
-1.25486 0.0207755 0.0249801 0.0250014 2.72136
-1.2488 0.0128261 0.0249824 0.0250016 2.72136
-1.24303 0.00465445 0.0249849 0.0250018 2.72136
-1.23755 -0.00370901 0.0249875 0.0250019 2.72136
-1.23233 -0.0122342 0.0249902 0.0250021 2.72136
-1.22733 -0.0208917 0.0249928 0.0250023 2.72136
-1.22251 -0.0296532 0.0249955 0.0250024 2.72136
-1.21784 -0.0384914 0.024998 0.0250026 2.72136
-1.21326 -0.0473797 0.0250005 0.0250028 2.72136
-1.20873 -0.0562922 0.0250027 0.0250029 2.72136
-1.2042 -0.0652025 0.0250047 0.025003 2.72136
-1.19961 -0.0740838 0.0250065 0.0250031 2.72136
-1.19491 -0.0829077 0.025008 0.0250032 2.72136
-1.19004 -0.0916436 0.0250092 0.0250033 2.72136
-1.18497 -0.100258 0.02501 0.0250033 2.72136
-1.17964 -0.108714 0.0250106 0.0250033 2.72136
-1.174 -0.116971 0.0250107 0.0250033 2.72136
-1.16802 -0.124984 0.0250106 0.0250032 2.72136
-1.16167 -0.132703 0.02501 0.0250031 2.72136
-1.15492 -0.140076 0.0250092 0.025003 2.72136
-1.14775 -0.147047 0.0250081 0.0250028 2.72136
-1.14016 -0.153558 0.0250067 0.0250025 2.72136
-1.13216 -0.15955 0.0250051 0.0250022 2.72136
-1.12376 -0.164964 0.0250034 0.0250018 2.72136
-1.11497 -0.169747 0.0250017 0.0250014 2.72136
-1.10585 -0.173845 0.025 0.0250009 2.72136
-1.09644 -0.177215 0.0249984 0.0250004 2.72136
-1.08678 -0.179818 0.0249971 0.0249999 2.72136
-1.07695 -0.181627 0.0249962 0.0249993 2.72136
-1.067 -0.182622 0.0249957 0.0249987 2.72136
-1.057 -0.182798 0.0249959 0.0249981 2.72136
-1.04702 -0.182157 0.0249969 0.0249975 2.72136
-1.03712 -0.180714 0.0249988 0.0249969 2.72136
-1.02737 -0.178492 0.0250015 0.0249965 2.72136
-1.01781 -0.175525 0.0250052 0.024996 2.72136
-1.00851 -0.171851 0.0250097 0.0249956 2.72136
-0.999493 -0.167517 0.025015 0.0249953 2.72136
-0.990796 -0.162573 0.0250209 0.0249951 2.72136
-0.982441 -0.157072 0.0250274 0.0249949 2.72136
-0.974439 -0.151067 0.0250343 0.0249948 2.72136
-0.966796 -0.144613 0.0250415 0.0249947 2.72136
-0.959505 -0.137762 0.0250488 0.0249947 2.72136
-0.952557 -0.130564 0.025056 0.0249947 2.72136
-0.945933 -0.123067 0.025063 0.0249948 2.72136
-0.939609 -0.115315 0.0250696 0.0249949 2.72136
-0.933557 -0.107349 0.0250757 0.024995 2.72136
-0.927746 -0.0992062 0.0250812 0.0249952 2.72136
-0.922142 -0.0909196 0.0250859 0.0249953 2.72136
-0.916709 -0.0825202 0.0250897 0.0249955 2.72136
-0.911409 -0.0740356 0.0250927 0.0249956 2.72136
-0.906207 -0.0654914 0.0250948 0.0249958 2.72136
-0.901065 -0.0569107 0.0250959 0.0249959 2.72136
-0.895947 -0.0483156 0.025096 0.024996 2.72136
-0.89082 -0.0397265 0.025095 0.0249961 2.72136
-0.885649 -0.0311634 0.0250928 0.0249962 2.72136
-0.880404 -0.0226458 0.0250895 0.0249963 2.72136
-0.875056 -0.0141927 0.0250848 0.0249964 2.72136
-0.869578 -0.00582329 0.0250788 0.0249966 2.72136
-0.863946 0.00244309 0.0250713 0.0249967 2.72136
-0.858138 0.0105869 0.0250624 0.0249968 2.72136
-0.852136 0.0185883 0.025052 0.0249969 2.72136
-0.845923 0.026427 0.0250401 0.024997 2.72136
-0.839485 0.0340822 0.0250266 0.0249971 2.72136
-0.832812 0.0415328 0.0250117 0.0249972 2.72136
-0.825894 0.0487575 0.0249953 0.0249973 2.72136
-0.818728 0.0557347 0.0249775 0.0249974 2.72136
-0.811309 0.0624428 0.0249582 0.0249975 2.72136
-0.803637 0.0688605 0.0249375 0.0249975 2.72136
-0.795715 0.0749667 0.0249154 0.0249976 2.72136
-0.787549 0.0807412 0.0248922 0.0249976 2.72136
-0.779145 0.0861647 0.0248678 0.0249977 2.72136
-0.770514 0.0912188 0.0248423 0.0249977 2.72136
-0.761669 0.0958868 0.0248159 0.0249978 2.72136
-0.752623 0.100154 0.0247887 0.0249978 2.72136
-0.743393 0.104007 0.0247608 0.0249978 2.72136
-0.733998 0.107437 0.0247325 0.0249978 2.72136
-0.724456 0.110435 0.0247038 0.0249979 2.72136
-0.714788 0.112997 0.024675 0.0249979 2.72136
-0.705015 0.11512 0.0246461 0.024998 2.72136
-0.695156 0.116806 0.0246174 0.0249981 2.72136
-0.685234 0.118059 0.0245888 0.0249982 2.72136
-0.675267 0.118888 0.0245604 0.0249984 2.72136
-0.665274 0.119305 0.0245324 0.0249985 2.72136
-0.655273 0.119327 0.0245047 0.0249987 2.72136
-0.645278 0.118977 0.0244773 0.0249989 2.72136
-0.635302 0.118283 0.0244503 0.0249991 2.72136
-0.625351 0.117281 0.0244235 0.0249993 2.72136
-0.615431 0.116017 0.0243971 0.0249995 2.72136
-0.605538 0.114557 0.0243708 0.0249998 2.72136
-0.595647 0.113084 0.0243446 0.0249999 2.72136
