-1.26385 0.0194623 0.0250644 0.0250001 2.6013
-1.25784 0.0114721 0.025061 0.0250002 2.6013
-1.25196 0.00338411 0.0250577 0.0250003 2.6013
-1.24622 -0.00480666 0.0250544 0.0250005 2.6013
-1.24063 -0.0130969 0.025051 0.0250006 2.6013
-1.23517 -0.0214781 0.0250478 0.0250008 2.6013
-1.22984 -0.0299374 0.0250445 0.0250009 2.6013
-1.22461 -0.0384596 0.0250412 0.0250011 2.6013
-1.21946 -0.047027 0.025038 0.0250012 2.6013
-1.21434 -0.0556201 0.0250347 0.0250014 2.6013
-1.20924 -0.0642178 0.0250313 0.0250015 2.6013
-1.2041 -0.0727973 0.0250279 0.0250016 2.6013
-1.1989 -0.0813339 0.0250244 0.0250017 2.6013
-1.19358 -0.0898006 0.0250208 0.0250018 2.6013
-1.18811 -0.0981679 0.0250171 0.0250019 2.6013
-1.18244 -0.106403 0.0250133 0.0250019 2.6013
-1.17653 -0.11447 0.0250094 0.025002 2.6013
-1.17035 -0.12233 0.0250054 0.0250019 2.6013
-1.16386 -0.129938 0.0250015 0.0250019 2.6013
-1.15704 -0.137249 0.0249976 0.0250018 2.6013
-1.14986 -0.14421 0.0249938 0.0250018 2.6013
-1.14232 -0.150769 0.0249903 0.0250017 2.6013
-1.1344 -0.156869 0.0249873 0.0250016 2.6013
-1.1261 -0.162452 0.0249847 0.0250014 2.6013
-1.11745 -0.167461 0.0249827 0.0250013 2.6013
-1.10846 -0.171838 0.0249813 0.0250012 2.6013
-1.09916 -0.175531 0.0249807 0.0250011 2.6013
-1.08961 -0.17849 0.0249809 0.025001 2.6013
-1.07985 -0.180673 0.0249818 0.0250008 2.6013
-1.06995 -0.182046 0.0249836 0.0250007 2.6013
-1.05997 -0.182585 0.0249861 0.0250006 2.6013
-1.04997 -0.182277 0.0249894 0.0250005 2.6013
-1.04004 -0.181118 0.0249934 0.0250005 2.6013
-1.03024 -0.17912 0.0249979 0.0250004 2.6013
-1.02065 -0.176302 0.0250028 0.0250003 2.6013
-1.01132 -0.172696 0.0250079 0.0250003 2.6013
-1.00232 -0.168342 0.0250132 0.0250002 2.6013
-0.993686 -0.16329 0.0250184 0.0250001 2.6013
-0.985467 -0.157594 0.0250235 0.0249999 2.6013
-0.977685 -0.151314 0.0250283 0.0249998 2.6013
-0.970357 -0.14451 0.0250328 0.0249996 2.6013
-0.963485 -0.137244 0.025037 0.0249995 2.6013
-0.957065 -0.129576 0.0250408 0.0249993 2.6013
-0.95108 -0.121564 0.0250442 0.0249992 2.6013
-0.945504 -0.113262 0.0250471 0.0249991 2.6013
-0.940305 -0.104719 0.0250495 0.024999 2.6013
-0.935443 -0.0959799 0.0250514 0.0249989 2.6013
-0.930873 -0.0870845 0.0250527 0.0249989 2.6013
-0.926545 -0.0780682 0.0250533 0.0249989 2.6013
-0.92241 -0.0689623 0.0250532 0.024999 2.6013
-0.918414 -0.0597948 0.0250522 0.0249991 2.6013
-0.914502 -0.0505906 0.0250503 0.0249992 2.6013
-0.910623 -0.0413732 0.0250473 0.0249993 2.6013
-0.906723 -0.0321646 0.0250431 0.0249995 2.6013
-0.902751 -0.0229868 0.0250376 0.0249997 2.6013
-0.89866 -0.013862 0.0250308 0.025 2.6013
-0.894403 -0.00481316 0.0250225 0.0250002 2.6013
-0.88994 0.00413522 0.0250127 0.0250004 2.6013
-0.885232 0.0129571 0.0250014 0.0250007 2.6013
-0.880246 0.0216246 0.0249887 0.0250009 2.6013
-0.874953 0.0301082 0.0249745 0.0250011 2.6013
-0.869331 0.0383767 0.0249589 0.0250013 2.6013
-0.86336 0.0463972 0.0249421 0.0250015 2.6013
-0.857029 0.0541363 0.0249241 0.0250017 2.6013
-0.850331 0.0615594 0.0249051 0.0250018 2.6013
-0.843264 0.0686322 0.0248853 0.025002 2.6013
-0.835832 0.0753204 0.0248649 0.025002 2.6013
-0.828044 0.0815908 0.024844 0.0250021 2.6013
-0.819915 0.0874114 0.0248229 0.0250021 2.6013
-0.811462 0.0927519 0.0248019 0.0250021 2.6013
-0.802709 0.0975844 0.024781 0.0250021 2.6013
-0.793682 0.101883 0.0247606 0.025002 2.6013
-0.784411 0.105626 0.024741 0.0250019 2.6013
-0.774927 0.108792 0.0247222 0.0250018 2.6013
-0.765266 0.111368 0.0247046 0.0250017 2.6013
-0.755463 0.113339 0.0246885 0.0250015 2.6013
-0.745557 0.114698 0.024674 0.0250013 2.6013
-0.735585 0.11544 0.0246613 0.0250011 2.6013
-0.725587 0.115564 0.0246507 0.0250008 2.6013
-0.7156 0.115076 0.0246424 0.0250006 2.6013
-0.70566 0.11398 0.0246365 0.0250003 2.6013
-0.695804 0.11229 0.0246333 0.025 2.6013
-0.686065 0.110019 0.0246328 0.0249998 2.6013
-0.676475 0.107186 0.0246353 0.0249995 2.6013
-0.667061 0.103811 0.0246406 0.0249993 2.6013
-0.657849 0.0999178 0.0246489 0.0249991 2.6013
-0.648861 0.0955321 0.0246601 0.0249989 2.6013
-0.640116 0.090681 0.0246742 0.0249987 2.6013
-0.631627 0.0853934 0.0246909 0.0249986 2.6013
-0.623405 0.0796993 0.0247101 0.0249984 2.6013
-0.615456 0.0736295 0.0247316 0.0249984 2.6013
-0.607782 0.0672153 0.0247552 0.0249984 2.6013
-0.600381 0.0604882 0.0247805 0.0249984 2.6013
-0.593247 0.0534797 0.0248074 0.0249984 2.6013
-0.586367 0.0462209 0.0248354 0.0249986 2.6013
-0.579726 0.0387429 0.0248644 0.0249987 2.6013
-0.573303 0.0310767 0.0248941 0.0249989 2.6013
-0.567074 0.0232534 0.0249241 0.0249991 2.6013
-0.561003 0.0153059 0.0249544 0.0249994 2.6013
-0.555049 0.00727163 0.0249848 0.0249997 2.6013
-0.5491 -0.000766655 0.025015 0.0249998 2.6013
