-1.37394 0.0942501 0.0249413 0.0250001 2.76138
-1.36417 0.0921119 0.0249419 0.0250001 2.76138
-1.35447 0.0896511 0.0249424 0.0250002 2.76138
-1.34489 0.0868089 0.0249431 0.0250003 2.76138
-1.33544 0.0835435 0.0249438 0.0250004 2.76138
-1.32615 0.0798265 0.0249447 0.0250005 2.76138
-1.31707 0.075641 0.0249459 0.0250006 2.76138
-1.30822 0.0709796 0.0249474 0.0250006 2.76138
-1.29964 0.0658444 0.0249494 0.0250007 2.76138
-1.29136 0.0602453 0.0249518 0.0250008 2.76138
-1.2834 0.0541996 0.0249548 0.0250009 2.76138
-1.27577 0.0477306 0.0249583 0.025001 2.76138
-1.2685 0.0408665 0.0249624 0.0250011 2.76138
-1.26159 0.0336394 0.0249669 0.0250012 2.76138
-1.25504 0.0260838 0.0249719 0.0250013 2.76138
-1.24884 0.0182356 0.0249773 0.0250014 2.76138
-1.24299 0.0101311 0.024983 0.0250016 2.76138
-1.23745 0.0018063 0.024989 0.0250017 2.76138
-1.2322 -0.00670404 0.024995 0.0250018 2.76138
-1.22721 -0.0153667 0.0250011 0.025002 2.76138
-1.22243 -0.0241501 0.025007 0.0250021 2.76138
-1.21783 -0.0330246 0.0250128 0.0250023 2.76138
-1.21335 -0.0419619 0.0250181 0.0250025 2.76138
-1.20894 -0.0509349 0.0250231 0.0250026 2.76138
-1.20454 -0.0599168 0.0250274 0.0250028 2.76138
-1.20012 -0.0688808 0.0250312 0.0250029 2.76138
-1.1956 -0.0777988 0.0250341 0.025003 2.76138
-1.19093 -0.0866411 0.0250363 0.0250031 2.76138
-1.18607 -0.0953753 0.0250376 0.0250032 2.76138
-1.18095 -0.103966 0.0250381 0.0250032 2.76138
-1.17554 -0.112373 0.0250376 0.0250032 2.76138
-1.1698 -0.120554 0.0250362 0.0250032 2.76138
-1.16368 -0.12846 0.0250339 0.0250031 2.76138
-1.15716 -0.136042 0.0250308 0.025003 2.76138
-1.15023 -0.143243 0.0250268 0.0250028 2.76138
-1.14287 -0.150008 0.0250221 0.0250026 2.76138
-1.13508 -0.15628 0.0250168 0.0250023 2.76138
-1.12688 -0.162 0.025011 0.025002 2.76138
-1.11829 -0.167113 0.0250048 0.0250016 2.76138
-1.10934 -0.17157 0.0249984 0.0250012 2.76138
-1.10007 -0.175323 0.0249919 0.0250007 2.76138
-1.09053 -0.178336 0.0249854 0.0250002 2.76138
-1.08079 -0.180576 0.0249792 0.0249996 2.76138
-1.07089 -0.182025 0.0249735 0.024999 2.76138
-1.06091 -0.182673 0.0249683 0.0249985 2.76138
-1.05091 -0.182518 0.024964 0.0249979 2.76138
-1.04095 -0.181572 0.0249606 0.0249973 2.76138
-1.0311 -0.179856 0.0249583 0.0249967 2.76138
-1.0214 -0.177398 0.0249573 0.0249963 2.76138
-1.01191 -0.174233 0.0249576 0.0249958 2.76138
-1.00267 -0.170404 0.0249592 0.0249954 2.76138
-0.993713 -0.165956 0.024962 0.0249951 2.76138
-0.985058 -0.160939 0.0249661 0.0249949 2.76138
-0.976725 -0.155403 0.0249712 0.0249947 2.76138
-0.968723 -0.149399 0.0249774 0.0249946 2.76138
-0.961051 -0.142978 0.0249843 0.0249945 2.76138
-0.953704 -0.136187 0.024992 0.0249945 2.76138
-0.94667 -0.129073 0.0250002 0.0249945 2.76138
-0.93993 -0.12168 0.0250087 0.0249945 2.76138
-0.933463 -0.114046 0.0250175 0.0249946 2.76138
-0.927245 -0.10621 0.0250263 0.0249947 2.76138
-0.921246 -0.0982034 0.0250351 0.0249948 2.76138
-0.915437 -0.0900583 0.0250437 0.0249949 2.76138
-0.909788 -0.081802 0.025052 0.024995 2.76138
-0.904267 -0.0734597 0.0250598 0.0249952 2.76138
-0.898842 -0.0650544 0.0250672 0.0249953 2.76138
-0.893483 -0.0566071 0.0250739 0.0249954 2.76138
-0.88816 -0.0481375 0.0250799 0.0249955 2.76138
-0.882843 -0.0396638 0.0250851 0.0249956 2.76138
-0.877505 -0.0312033 0.0250895 0.0249957 2.76138
-0.87212 -0.0227729 0.0250929 0.0249958 2.76138
-0.866664 -0.0143889 0.0250952 0.0249958 2.76138
-0.861112 -0.0060675 0.0250962 0.0249959 2.76138
-0.855444 0.00217522 0.0250956 0.0249959 2.76138
-0.849641 0.0103228 0.0250933 0.024996 2.76138
-0.843683 0.0183585 0.0250889 0.0249961 2.76138
-0.837556 0.0262654 0.025082 0.0249962 2.76138
-0.831245 0.034026 0.0250723 0.0249964 2.76138
-0.824738 0.0416229 0.0250594 0.0249965 2.76138
-0.818025 0.0490383 0.0250432 0.0249967 2.76138
-0.811098 0.0562544 0.0250235 0.0249969 2.76138
-0.803952 0.0632534 0.025 0.0249971 2.76138
-0.796584 0.0700178 0.0249729 0.0249973 2.76138
-0.788993 0.0765308 0.0249421 0.0249975 2.76138
-0.781181 0.0827762 0.0249079 0.0249976 2.76138
-0.773151 0.0887391 0.0248705 0.0249978 2.76138
-0.764909 0.0944051 0.0248302 0.0249979 2.76138
-0.756463 0.099761 0.0247874 0.0249981 2.76138
-0.74782 0.104795 0.0247424 0.0249983 2.76138
-0.738993 0.109497 0.0246955 0.0249984 2.76138
-0.729994 0.113858 0.0246471 0.0249986 2.76138
-0.720835 0.117875 0.0245975 0.0249988 2.76138
-0.711532 0.121545 0.0245471 0.0249989 2.76138
-0.7021 0.12487 0.0244961 0.0249991 2.76138
-0.692555 0.127855 0.0244448 0.0249992 2.76138
-0.682914 0.130512 0.0243934 0.0249994 2.76138
-0.673193 0.132858 0.0243421 0.0249995 2.76138
-0.663408 0.13492 0.0242911 0.0249996 2.76138
-0.653573 0.136734 0.0242402 0.0249997 2.76138
-0.643706 0.13836 0.0241897 0.0249999 2.76138
-0.633837 0.139972 0.0241393 0.0249999 2.76138
