-2.08544 -0.0289735 0.0248236 0.025 3.94197
-2.07873 -0.0215556 0.0248378 0.0250001 3.94197
-2.07192 -0.0142413 0.0248521 0.0250002 3.94197
-2.06495 -0.00706761 0.0248664 0.0250002 3.94197
-2.0578 -7.32387e-05 0.0248806 0.0250003 3.94197
-2.05045 0.00670055 0.0248946 0.0250004 3.94197
-2.04286 0.0132099 0.0249083 0.0250005 3.94197
-2.03501 0.0194084 0.0249217 0.0250005 3.94197
-2.02689 0.0252475 0.0249345 0.0250006 3.94197
-2.01849 0.0306769 0.0249466 0.0250006 3.94197
-2.00982 0.0356451 0.024958 0.0250006 3.94197
-2.00086 0.0401008 0.0249684 0.0250006 3.94197
-1.99165 0.0439938 0.0249779 0.0250006 3.94197
-1.98221 0.0472761 0.0249863 0.0250005 3.94197
-1.97256 0.0499035 0.0249936 0.0250004 3.94197
-1.96275 0.0518371 0.025 0.0250003 3.94197
-1.95282 0.0530442 0.0250054 0.0250001 3.94197
-1.94283 0.0535002 0.0250099 0.0249999 3.94197
-1.93284 0.0531893 0.0250138 0.0249998 3.94197
-1.9229 0.0521043 0.0250171 0.0249996 3.94197
-1.91307 0.0502476 0.02502 0.0249995 3.94197
-1.90342 0.0476312 0.0250224 0.0249994 3.94197
-1.894 0.0442766 0.0250246 0.0249993 3.94197
-1.88486 0.0402137 0.0250265 0.0249992 3.94197
-1.87605 0.0354803 0.0250282 0.0249991 3.94197
-1.86761 0.0301204 0.0250297 0.0249991 3.94197
-1.85956 0.0241832 0.025031 0.0249991 3.94197
-1.85193 0.0177212 0.025032 0.0249991 3.94197
-1.84472 0.010789 0.0250327 0.0249991 3.94197
-1.83793 0.00344135 0.0250331 0.0249992 3.94197
-1.83156 -0.00426753 0.0250331 0.0249993 3.94197
-1.82559 -0.0122856 0.0250326 0.0249993 3.94197
-1.81997 -0.0205638 0.0250315 0.0249994 3.94197
-1.81469 -0.0290562 0.0250297 0.0249996 3.94197
-1.8097 -0.0377209 0.0250273 0.0249997 3.94197
-1.80495 -0.0465195 0.025024 0.0249998 3.94197
-1.80038 -0.0554172 0.0250197 0.0249999 3.94197
-1.79595 -0.064382 0.0250145 0.0250001 3.94197
-1.7916 -0.0733841 0.0250083 0.0250002 3.94197
-1.78726 -0.0823951 0.0250009 0.0250004 3.94197
-1.78289 -0.091387 0.0249924 0.0250005 3.94197
-1.77842 -0.100331 0.0249828 0.0250007 3.94197
-1.7738 -0.109199 0.024972 0.0250008 3.94197
-1.76897 -0.117959 0.0249602 0.0250009 3.94197
-1.7639 -0.126576 0.0249472 0.025001 3.94197
-1.75854 -0.135014 0.0249333 0.0250011 3.94197
-1.75285 -0.143235 0.0249186 0.0250011 3.94197
-1.74679 -0.151195 0.0249031 0.0250011 3.94197
-1.74036 -0.158851 0.024887 0.0250011 3.94197
-1.73353 -0.166156 0.0248705 0.0250011 3.94197
-1.7263 -0.173062 0.0248537 0.025001 3.94197
-1.71867 -0.179524 0.024837 0.0250009 3.94197
-1.71065 -0.185494 0.0248205 0.0250007 3.94197
-1.70226 -0.19093 0.0248044 0.0250006 3.94197
-1.69352 -0.195791 0.0247889 0.0250004 3.94197
-1.68447 -0.200042 0.0247743 0.0250001 3.94197
-1.67514 -0.203652 0.0247607 0.0249999 3.94197
-1.66559 -0.206596 0.0247483 0.0249996 3.94197
-1.65584 -0.208857 0.0247374 0.0249993 3.94197
-1.64597 -0.210423 0.024728 0.024999 3.94197
-1.636 -0.211291 0.0247203 0.0249987 3.94197
-1.626 -0.211462 0.0247144 0.0249984 3.94197
-1.61602 -0.210945 0.0247104 0.024998 3.94197
-1.60609 -0.209755 0.0247082 0.0249977 3.94197
-1.59625 -0.20791 0.024708 0.0249974 3.94197
-1.58656 -0.205433 0.0247098 0.0249971 3.94197
-1.57705 -0.202353 0.0247135 0.0249968 3.94197
-1.56774 -0.198699 0.0247192 0.0249965 3.94197
-1.55866 -0.194502 0.0247267 0.0249963 3.94197
-1.54983 -0.189796 0.0247361 0.0249961 3.94197
-1.54127 -0.184613 0.0247471 0.024996 3.94197
-1.533 -0.178986 0.0247596 0.0249958 3.94197
-1.52503 -0.172947 0.0247734 0.0249958 3.94197
-1.51735 -0.16653 0.0247883 0.0249957 3.94197
-1.50999 -0.159764 0.0248041 0.0249957 3.94197
-1.50292 -0.152679 0.0248205 0.0249958 3.94197
-1.49617 -0.145304 0.0248374 0.0249958 3.94197
-1.48971 -0.137666 0.0248544 0.0249959 3.94197
-1.48354 -0.129791 0.0248715 0.024996 3.94197
-1.47765 -0.121703 0.0248882 0.0249962 3.94197
-1.47204 -0.113424 0.0249045 0.0249963 3.94197
-1.46668 -0.104976 0.0249202 0.0249965 3.94197
-1.46157 -0.0963784 0.0249351 0.0249967 3.94197
-1.45669 -0.0876489 0.024949 0.0249969 3.94197
-1.45201 -0.0788044 0.0249618 0.0249971 3.94197
-1.44754 -0.0698603 0.0249734 0.0249973 3.94197
-1.44324 -0.0608304 0.0249838 0.0249975 3.94197
-1.43909 -0.0517278 0.0249929 0.0249977 3.94197
-1.43508 -0.042564 0.0250007 0.024998 3.94197
-1.43119 -0.0333498 0.0250071 0.0249982 3.94197
-1.4274 -0.0240949 0.0250123 0.0249984 3.94197
-1.42369 -0.0148082 0.0250162 0.0249986 3.94197
-1.42004 -0.00549807 0.025019 0.0249988 3.94197
-1.41643 0.00382776 0.0250207 0.0249989 3.94197
-1.41284 0.0131621 0.0250216 0.0249991 3.94197
-1.40925 0.0224985 0.0250217 0.0249993 3.94197
-1.40566 0.0318311 0.0250211 0.0249994 3.94197
-1.40204 0.0411551 0.0250201 0.0249996 3.94197
-1.3984 0.0504672 0.0250187 0.0249997 3.94197
-1.39472 0.0597666 0.0250171 0.0249999 3.94197
-1.39104 0.0690646 0.0250154 0.0249999 3.94197
