-2.3895 -0.149143 0.0248909 0.025 4.48224
-2.38299 -0.156731 0.0249032 0.0250001 4.48224
-2.37642 -0.164271 0.0249155 0.0250002 4.48224
-2.36976 -0.171736 0.0249277 0.0250003 4.48224
-2.363 -0.179098 0.0249398 0.0250004 4.48224
-2.35609 -0.186326 0.0249516 0.0250005 4.48224
-2.349 -0.193383 0.0249632 0.0250005 4.48224
-2.34172 -0.200232 0.0249742 0.0250006 4.48224
-2.3342 -0.20683 0.0249847 0.0250007 4.48224
-2.32644 -0.213132 0.0249944 0.0250007 4.48224
-2.31841 -0.219092 0.0250033 0.0250007 4.48224
-2.3101 -0.224658 0.0250113 0.0250008 4.48224
-2.30151 -0.22978 0.0250182 0.0250007 4.48224
-2.29265 -0.234404 0.0250241 0.0250007 4.48224
-2.28352 -0.238479 0.0250287 0.0250006 4.48224
-2.27414 -0.241954 0.0250323 0.0250005 4.48224
-2.26455 -0.244782 0.0250347 0.0250003 4.48224
-2.25478 -0.246918 0.0250362 0.0250001 4.48224
-2.24488 -0.248327 0.0250368 0.0249999 4.48224
-2.2349 -0.248977 0.0250367 0.0249996 4.48224
-2.2249 -0.248846 0.025036 0.0249993 4.48224
-2.21494 -0.247924 0.025035 0.0249991 4.48224
-2.20509 -0.246206 0.0250338 0.0249989 4.48224
-2.19541 -0.243699 0.0250326 0.0249987 4.48224
-2.18596 -0.240423 0.0250314 0.0249985 4.48224
-2.1768 -0.236402 0.0250304 0.0249984 4.48224
-2.16799 -0.231673 0.0250296 0.0249983 4.48224
-2.15957 -0.226279 0.0250291 0.0249982 4.48224
-2.15157 -0.220269 0.0250288 0.0249981 4.48224
-2.14403 -0.213697 0.0250289 0.0249981 4.48224
-2.13697 -0.20662 0.0250293 0.0249981 4.48224
-2.13038 -0.199094 0.0250299 0.0249981 4.48224
-2.12427 -0.191178 0.0250306 0.0249982 4.48224
-2.11862 -0.182926 0.0250314 0.0249982 4.48224
-2.1134 -0.174392 0.0250321 0.0249983 4.48224
-2.10859 -0.165622 0.0250326 0.0249984 4.48224
-2.10415 -0.156661 0.0250327 0.0249985 4.48224
-2.10003 -0.147548 0.0250323 0.0249986 4.48224
-2.09618 -0.138318 0.0250312 0.0249987 4.48224
-2.09255 -0.129001 0.0250293 0.0249989 4.48224
-2.08907 -0.119624 0.0250264 0.024999 4.48224
-2.08569 -0.110212 0.0250226 0.0249992 4.48224
-2.08235 -0.100786 0.0250175 0.0249994 4.48224
-2.07898 -0.0913685 0.0250112 0.0249996 4.48224
-2.07554 -0.0819797 0.0250036 0.0249997 4.48224
-2.07196 -0.0726422 0.0249948 0.0249999 4.48224
-2.06819 -0.0633802 0.0249846 0.0250001 4.48224
-2.06418 -0.0542199 0.0249732 0.0250002 4.48224
-2.05988 -0.0451905 0.0249606 0.0250003 4.48224
-2.05526 -0.0363243 0.0249469 0.0250004 4.48224
-2.05027 -0.0276567 0.0249322 0.0250005 4.48224
-2.04489 -0.019226 0.0249166 0.0250006 4.48224
-2.0391 -0.011073 0.0249002 0.0250006 4.48224
-2.03289 -0.00324026 0.0248831 0.0250007 4.48224
-2.02624 0.00422851 0.0248655 0.0250007 4.48224
-2.01916 0.0112894 0.0248473 0.0250008 4.48224
-2.01166 0.0178994 0.0248289 0.0250008 4.48224
-2.00375 0.0240172 0.0248102 0.0250008 4.48224
-1.99545 0.0296045 0.0247914 0.0250008 4.48224
-1.98681 0.0346264 0.0247728 0.0250007 4.48224
-1.97784 0.0390527 0.0247546 0.0250006 4.48224
-1.96859 0.0428581 0.0247371 0.0250005 4.48224
-1.95911 0.046023 0.0247205 0.0250003 4.48224
-1.94943 0.0485333 0.0247052 0.0250001 4.48224
-1.9396 0.0503808 0.0246916 0.0249999 4.48224
-1.92967 0.0515628 0.02468 0.0249996 4.48224
-1.91968 0.0520819 0.0246707 0.0249993 4.48224
-1.90968 0.0519458 0.0246641 0.0249989 4.48224
-1.89971 0.0511664 0.0246603 0.0249986 4.48224
-1.88981 0.0497595 0.0246597 0.0249982 4.48224
-1.88002 0.047744 0.0246622 0.0249979 4.48224
-1.87036 0.0451417 0.024668 0.0249976 4.48224
-1.86087 0.0419766 0.0246769 0.0249973 4.48224
-1.85158 0.0382747 0.024689 0.024997 4.48224
-1.84251 0.0340631 0.0247039 0.0249967 4.48224
-1.83367 0.0293704 0.0247214 0.0249965 4.48224
-1.82509 0.0242256 0.0247413 0.0249964 4.48224
-1.81678 0.018658 0.024763 0.0249963 4.48224
-1.80875 0.0126971 0.0247862 0.0249962 4.48224
-1.801 0.00637193 0.0248104 0.0249962 4.48224
-1.79354 -0.000288825 0.0248353 0.0249963 4.48224
-1.78636 -0.00725737 0.0248603 0.0249964 4.48224
-1.77947 -0.0145068 0.024885 0.0249966 4.48224
-1.77286 -0.0220113 0.0249091 0.0249968 4.48224
-1.76651 -0.0297463 0.0249322 0.024997 4.48224
-1.76043 -0.0376885 0.0249539 0.0249973 4.48224
-1.7546 -0.0458158 0.0249742 0.0249976 4.48224
-1.74901 -0.0541075 0.0249928 0.0249979 4.48224
-1.74364 -0.0625446 0.0250095 0.0249981 4.48224
-1.73847 -0.0711088 0.0250245 0.0249984 4.48224
-1.7335 -0.0797837 0.0250376 0.0249987 4.48224
-1.72869 -0.088554 0.0250489 0.024999 4.48224
-1.72404 -0.0974055 0.0250586 0.0249992 4.48224
-1.71951 -0.106325 0.025067 0.0249994 4.48224
-1.7151 -0.115299 0.0250741 0.0249995 4.48224
-1.71078 -0.124316 0.0250803 0.0249997 4.48224
-1.70652 -0.133366 0.0250858 0.0249998 4.48224
-1.70232 -0.142439 0.0250909 0.0249999 4.48224
-1.69814 -0.151526 0.0250958 0.0249999 4.48224
-1.69398 -0.160619 0.0251006 0.025 4.48224
-1.68982 -0.169712 0.0251055 0.025 4.48224
