-0.497709 -0.0119919 0.0249901 0.0249999 0.26013
-0.487744 -0.0128231 0.024991 0.0249998 0.26013
-0.477772 -0.0135684 0.0249918 0.0249996 0.26013
-0.467792 -0.0142115 0.0249927 0.0249994 0.26013
-0.457805 -0.01474 0.0249936 0.0249992 0.26013
-0.447813 -0.0151448 0.0249945 0.024999 0.26013
-0.437816 -0.0154182 0.0249954 0.0249988 0.26013
-0.427816 -0.015555 0.0249964 0.0249986 0.26013
-0.417814 -0.0155514 0.0249974 0.0249985 0.26013
-0.407814 -0.0154052 0.0249984 0.0249983 0.26013
-0.397817 -0.015116 0.0249995 0.0249981 0.26013
-0.387825 -0.0146846 0.0250005 0.0249979 0.26013
-0.377839 -0.0141133 0.0250016 0.0249977 0.26013
-0.367862 -0.0134058 0.0250027 0.0249976 0.26013
-0.357896 -0.0125669 0.0250038 0.0249974 0.26013
-0.34794 -0.0116026 0.0250048 0.0249973 0.26013
-0.337997 -0.0105201 0.0250057 0.0249971 0.26013
-0.328066 -0.00932733 0.0250066 0.0249969 0.26013
-0.318147 -0.00803337 0.0250073 0.0249968 0.26013
-0.308241 -0.00664801 0.0250079 0.0249966 0.26013
-0.298346 -0.00518179 0.0250084 0.0249965 0.26013
-0.288462 -0.00364586 0.0250087 0.0249963 0.26013
-0.278587 -0.00205188 0.0250089 0.0249961 0.26013
-0.268719 -0.000411992 0.0250088 0.024996 0.26013
-0.258856 0.00126139 0.0250086 0.0249959 0.26013
-0.248998 0.00295558 0.0250082 0.0249959 0.26013
-0.23914 0.00465776 0.0250076 0.024996 0.26013
-0.229282 0.00635514 0.0250068 0.0249961 0.26013
-0.219421 0.00803502 0.0250058 0.024996 0.26013
-0.209555 0.00968492 0.0250047 0.0249958 0.26013
-0.199681 0.0112926 0.0250035 0.0249956 0.26013
-0.189799 0.0128464 0.0250021 0.0249954 0.26013
-0.179907 0.0143351 0.0250007 0.0249952 0.26013
-0.170003 0.0157481 0.0249992 0.0249949 0.26013
-0.160087 0.0170757 0.0249978 0.0249947 0.26013
-0.150159 0.0183093 0.0249964 0.0249944 0.26013
-0.140219 0.019441 0.024995 0.0249942 0.26013
-0.130267 0.0204637 0.0249938 0.0249939 0.26013
-0.120303 0.0213712 0.0249928 0.0249937 0.26013
-0.110329 0.022158 0.0249919 0.0249937 0.26013
-0.100346 0.02282 0.0249913 0.0249937 0.26013
-0.090355 0.023354 0.0249908 0.0249938 0.26013
-0.0803582 0.0237579 0.0249906 0.0249938 0.26013
-0.070357 0.0240308 0.0249907 0.0249939 0.26013
-0.0603531 0.0241727 0.024991 0.0249939 0.26013
-0.0503482 0.024185 0.0249915 0.024994 0.26013
-0.0403441 0.0240697 0.0249922 0.0249941 0.26013
-0.0303423 0.0238304 0.0249931 0.0249942 0.26013
-0.0203441 0.023471 0.0249941 0.0249942 0.26013
-0.0103508 0.0229969 0.0249953 0.0249943 0.26013
-0.000363285 0.0224138 0.0249966 0.0249945 0.26013
0.00961761 0.0217284 0.024998 0.0249946 0.26013
0.0195914 0.0209479 0.0249994 0.0249947 0.26013
0.0295579 0.02008 0.0250008 0.0249948 0.26013
0.0395171 0.0191331 0.0250022 0.0249949 0.26013
0.0494693 0.0181155 0.0250035 0.024995 0.26013
0.0594148 0.0170361 0.0250047 0.0249952 0.26013
0.0693543 0.0159037 0.0250058 0.0249953 0.26013
0.0792887 0.0147273 0.0250068 0.0249954 0.26013
0.0892186 0.0135159 0.0250076 0.0249956 0.26013
0.0991453 0.0122783 0.0250082 0.0249957 0.26013
0.10907 0.0110231 0.0250086 0.0249958 0.26013
0.118993 0.00975869 0.0250088 0.0249959 0.26013
0.128916 0.00849331 0.0250088 0.0249961 0.26013
0.138839 0.00723473 0.0250087 0.0249962 0.26013
0.148764 0.00599037 0.0250083 0.0249963 0.26013
0.158692 0.00476726 0.0250077 0.0249965 0.26013
0.168623 0.00357203 0.025007 0.0249966 0.26013
0.178558 0.00241087 0.0250062 0.0249967 0.26013
0.188498 0.00128952 0.0250051 0.0249968 0.26013
0.198442 0.000213309 0.025004 0.0249969 0.26013
0.208392 -0.000812839 0.0250028 0.024997 0.26013
0.218347 -0.00178439 0.0250016 0.0249972 0.26013
0.228307 -0.00269715 0.0250003 0.0249973 0.26013
0.238273 -0.00354729 0.024999 0.0249974 0.26013
0.248245 -0.00433127 0.0249977 0.0249974 0.26013
0.258221 -0.00504589 0.0249965 0.0249975 0.26013
0.268202 -0.00568823 0.0249954 0.0249976 0.26013
0.278188 -0.00625568 0.0249943 0.0249977 0.26013
0.288178 -0.00674592 0.0249934 0.0249978 0.26013
0.298171 -0.00715693 0.0249926 0.0249979 0.26013
0.308168 -0.00748722 0.024992 0.024998 0.26013
0.318166 -0.00773551 0.0249916 0.024998 0.26013
0.328166 -0.00790039 0.0249914 0.0249981 0.26013
0.338167 -0.00798056 0.0249914 0.0249982 0.26013
0.348169 -0.00797489 0.0249917 0.0249983 0.26013
0.35817 -0.00788239 0.0249921 0.0249984 0.26013
0.368169 -0.00770228 0.0249928 0.0249985 0.26013
0.378167 -0.00743404 0.0249937 0.0249985 0.26013
0.388162 -0.00707743 0.0249948 0.0249986 0.26013
0.398153 -0.00663256 0.0249961 0.0249987 0.26013
0.40814 -0.00609995 0.0249975 0.0249989 0.26013
0.418121 -0.00548064 0.0249991 0.024999 0.26013
0.428097 -0.00477628 0.0250007 0.0249991 0.26013
0.438067 -0.00398926 0.0250025 0.0249992 0.26013
0.44803 -0.00312293 0.0250043 0.0249993 0.26013
0.457986 -0.0021819 0.0250062 0.0249994 0.26013
0.467935 -0.00117248 0.0250081 0.0249996 0.26013
0.477878 -0.000103655 0.0250101 0.0249997 0.26013
0.487816 0.00101052 0.025012 0.0249999 0.26013
0.497754 0.00212565 0.0250139 0.0249999 0.26013
