-1.86055 8.20994e-05 0.0250529 0.0250001 3.62181
-1.85416 -0.00760454 0.025049 0.0250002 3.62181
-1.84792 -0.0154177 0.0250452 0.0250003 3.62181
-1.84185 -0.0233668 0.0250414 0.0250005 3.62181
-1.83596 -0.031452 0.0250376 0.0250006 3.62181
-1.83026 -0.0396664 0.0250339 0.0250008 3.62181
-1.82473 -0.0479986 0.0250303 0.025001 3.62181
-1.81937 -0.0564339 0.0250268 0.0250012 3.62181
-1.81413 -0.0649552 0.0250233 0.0250013 3.62181
-1.80901 -0.0735436 0.0250199 0.0250015 3.62181
-1.80397 -0.0821789 0.0250166 0.0250016 3.62181
-1.79898 -0.0908397 0.0250133 0.0250018 3.62181
-1.79399 -0.0995032 0.02501 0.0250019 3.62181
-1.78896 -0.108146 0.0250067 0.025002 3.62181
-1.78385 -0.116741 0.0250035 0.0250021 3.62181
-1.77862 -0.125261 0.0250002 0.0250022 3.62181
-1.77322 -0.133675 0.024997 0.0250023 3.62181
-1.76761 -0.14195 0.0249938 0.0250023 3.62181
-1.76174 -0.150048 0.0249907 0.0250023 3.62181
-1.75559 -0.157929 0.0249877 0.0250023 3.62181
-1.74912 -0.165548 0.0249849 0.0250022 3.62181
-1.74229 -0.172855 0.0249824 0.0250022 3.62181
-1.7351 -0.1798 0.0249803 0.0250021 3.62181
-1.72752 -0.186325 0.0249787 0.025002 3.62181
-1.71956 -0.192375 0.0249776 0.0250019 3.62181
-1.71122 -0.197889 0.0249771 0.0250018 3.62181
-1.70252 -0.202809 0.0249774 0.0250017 3.62181
-1.69348 -0.20708 0.0249784 0.0250015 3.62181
-1.68414 -0.210647 0.0249802 0.0250014 3.62181
-1.67454 -0.213464 0.0249828 0.0250013 3.62181
-1.66475 -0.21549 0.0249861 0.0250012 3.62181
-1.65482 -0.216695 0.0249903 0.025001 3.62181
-1.64483 -0.217057 0.0249951 0.0250009 3.62181
-1.63484 -0.216568 0.0250005 0.0250008 3.62181
-1.62493 -0.215228 0.0250064 0.0250007 3.62181
-1.61517 -0.213053 0.0250127 0.0250006 3.62181
-1.60563 -0.210066 0.0250192 0.0250005 3.62181
-1.59637 -0.206302 0.0250258 0.0250003 3.62181
-1.58744 -0.201806 0.0250324 0.0250002 3.62181
-1.57888 -0.196629 0.0250389 0.025 3.62181
-1.57074 -0.190827 0.0250452 0.0249998 3.62181
-1.56302 -0.18446 0.0250513 0.0249996 3.62181
-1.55576 -0.177591 0.0250571 0.0249994 3.62181
-1.54893 -0.170279 0.0250626 0.0249992 3.62181
-1.54255 -0.162583 0.0250679 0.024999 3.62181
-1.53657 -0.154561 0.0250728 0.0249989 3.62181
-1.53099 -0.146264 0.0250773 0.0249987 3.62181
-1.52576 -0.137739 0.0250813 0.0249987 3.62181
-1.52084 -0.12903 0.0250848 0.0249986 3.62181
-1.5162 -0.120175 0.0250876 0.0249987 3.62181
-1.51177 -0.111207 0.0250895 0.0249987 3.62181
-1.50751 -0.102158 0.0250904 0.0249988 3.62181
-1.50337 -0.0930529 0.0250901 0.0249989 3.62181
-1.4993 -0.083918 0.0250886 0.0249991 3.62181
-1.49525 -0.0747758 0.0250855 0.0249992 3.62181
-1.49116 -0.0656487 0.0250809 0.0249994 3.62181
-1.48699 -0.0565584 0.0250745 0.0249997 3.62181
-1.4827 -0.0475272 0.0250662 0.0249999 3.62181
-1.47824 -0.0385783 0.0250561 0.0250001 3.62181
-1.47357 -0.0297358 0.025044 0.0250004 3.62181
-1.46866 -0.0210254 0.02503 0.0250006 3.62181
-1.46347 -0.0124743 0.0250142 0.0250008 3.62181
-1.45799 -0.00411087 0.0249966 0.025001 3.62181
-1.45219 0.00403479 0.0249773 0.0250012 3.62181
-1.44606 0.0119317 0.0249567 0.0250014 3.62181
-1.43958 0.0195481 0.0249348 0.0250015 3.62181
-1.43275 0.0268518 0.024912 0.0250016 3.62181
-1.42557 0.0338105 0.0248886 0.0250016 3.62181
-1.41805 0.0403924 0.0248647 0.0250017 3.62181
-1.41018 0.0465663 0.0248408 0.0250017 3.62181
-1.40199 0.0523023 0.0248172 0.0250016 3.62181
-1.39349 0.0575721 0.024794 0.0250015 3.62181
-1.38471 0.0623492 0.0247717 0.0250015 3.62181
-1.37566 0.0666095 0.0247504 0.0250013 3.62181
-1.36638 0.0703313 0.0247305 0.0250012 3.62181
-1.3569 0.0734961 0.0247121 0.025001 3.62181
-1.34724 0.0760884 0.0246954 0.0250009 3.62181
-1.33745 0.0780963 0.0246806 0.0250007 3.62181
-1.32755 0.0795115 0.0246679 0.0250005 3.62181
-1.31758 0.0803293 0.0246574 0.0250003 3.62181
-1.30758 0.0805489 0.0246491 0.025 3.62181
-1.29759 0.0801735 0.0246433 0.0249998 3.62181
-1.28764 0.0792099 0.0246399 0.0249996 3.62181
-1.27776 0.0776688 0.0246391 0.0249994 3.62181
-1.26798 0.0755643 0.0246408 0.0249991 3.62181
-1.25834 0.0729137 0.0246452 0.024999 3.62181
-1.24885 0.0697372 0.0246522 0.0249988 3.62181
-1.23955 0.0660573 0.0246617 0.0249987 3.62181
-1.23046 0.061899 0.0246736 0.0249986 3.62181
-1.22158 0.0572894 0.0246877 0.0249985 3.62181
-1.21294 0.052257 0.024704 0.0249985 3.62181
-1.20454 0.046832 0.0247223 0.0249985 3.62181
-1.19638 0.0410454 0.0247422 0.0249985 3.62181
-1.18847 0.0349293 0.0247637 0.0249986 3.62181
-1.18079 0.0285164 0.0247864 0.0249987 3.62181
-1.17335 0.0218401 0.0248101 0.0249988 3.62181
-1.16611 0.0149345 0.0248346 0.024999 3.62181
-1.15907 0.00783523 0.0248595 0.0249992 3.62181
-1.15219 0.000580678 0.0248849 0.0249995 3.62181
-1.14542 -0.00678371 0.0249103 0.0249997 3.62181
-1.13866 -0.0141538 0.0249358 0.0249999 3.62181
