-2.0246 0.0415624 0.0248399 0.0250001 3.84192
-2.01503 0.0444679 0.0248465 0.0250001 3.84192
-2.00538 0.0470878 0.0248531 0.0250003 3.84192
-1.99564 0.0493527 0.0248597 0.0250004 3.84192
-1.98581 0.0512019 0.0248664 0.0250005 3.84192
-1.97591 0.0525811 0.0248732 0.0250006 3.84192
-1.96595 0.0534419 0.02488 0.0250006 3.84192
-1.95595 0.0537428 0.0248869 0.0250007 3.84192
-1.94596 0.0534489 0.024894 0.0250007 3.84192
-1.936 0.0525329 0.0249014 0.0250007 3.84192
-1.92612 0.0509759 0.0249091 0.0250007 3.84192
-1.91637 0.0487677 0.0249172 0.0250007 3.84192
-1.90679 0.0459063 0.0249257 0.0250007 3.84192
-1.89742 0.0423985 0.0249347 0.0250007 3.84192
-1.88832 0.0382594 0.0249442 0.0250007 3.84192
-1.87952 0.0335119 0.0249542 0.0250007 3.84192
-1.87106 0.028186 0.0249645 0.0250007 3.84192
-1.86296 0.0223175 0.0249753 0.0250008 3.84192
-1.85525 0.0159469 0.0249863 0.0250008 3.84192
-1.84795 0.00911819 0.0249974 0.0250009 3.84192
-1.84105 0.00187744 0.0250085 0.025001 3.84192
-1.83456 -0.00572851 0.0250195 0.0250011 3.84192
-1.82846 -0.0136532 0.0250302 0.0250012 3.84192
-1.82274 -0.0218514 0.0250404 0.0250013 3.84192
-1.81736 -0.0302803 0.0250499 0.0250014 3.84192
-1.81229 -0.0388995 0.0250586 0.0250016 3.84192
-1.80749 -0.0476717 0.0250662 0.0250017 3.84192
-1.80292 -0.0565623 0.0250725 0.0250019 3.84192
-1.79852 -0.0655397 0.0250775 0.0250021 3.84192
-1.79423 -0.0745741 0.0250808 0.0250022 3.84192
-1.79001 -0.0836376 0.0250824 0.0250024 3.84192
-1.7858 -0.0927028 0.0250821 0.0250026 3.84192
-1.78153 -0.101742 0.0250798 0.0250028 3.84192
-1.77714 -0.110728 0.0250754 0.025003 3.84192
-1.77259 -0.119628 0.0250688 0.0250031 3.84192
-1.76781 -0.128411 0.0250601 0.0250033 3.84192
-1.76277 -0.137041 0.0250492 0.0250034 3.84192
-1.7574 -0.145476 0.0250363 0.0250035 3.84192
-1.75168 -0.153674 0.0250215 0.0250035 3.84192
-1.74557 -0.161588 0.0250049 0.0250035 3.84192
-1.73905 -0.169166 0.0249868 0.0250034 3.84192
-1.7321 -0.176357 0.0249674 0.0250033 3.84192
-1.72473 -0.183106 0.0249471 0.0250032 3.84192
-1.71693 -0.189358 0.0249261 0.025003 3.84192
-1.70872 -0.195061 0.0249049 0.0250027 3.84192
-1.70012 -0.200165 0.0248838 0.0250024 3.84192
-1.69117 -0.204624 0.0248633 0.025002 3.84192
-1.68191 -0.208399 0.0248438 0.0250015 3.84192
-1.67239 -0.211456 0.0248256 0.0250011 3.84192
-1.66266 -0.213772 0.0248092 0.0250006 3.84192
-1.65279 -0.21533 0.024795 0.025 3.84192
-1.64282 -0.216124 0.0247831 0.0249995 3.84192
-1.63282 -0.216156 0.024774 0.0249989 3.84192
-1.62284 -0.215437 0.0247678 0.0249984 3.84192
-1.61295 -0.213985 0.0247647 0.0249978 3.84192
-1.60318 -0.211828 0.0247647 0.0249973 3.84192
-1.59359 -0.208996 0.0247679 0.0249968 3.84192
-1.5842 -0.205528 0.0247743 0.0249963 3.84192
-1.57506 -0.201464 0.0247836 0.0249959 3.84192
-1.56619 -0.196846 0.0247958 0.0249955 3.84192
-1.5576 -0.191718 0.0248105 0.0249952 3.84192
-1.54931 -0.186125 0.0248275 0.024995 3.84192
-1.54131 -0.18011 0.0248463 0.0249948 3.84192
-1.53362 -0.173716 0.0248665 0.0249947 3.84192
-1.52622 -0.166983 0.0248878 0.0249946 3.84192
-1.51911 -0.159948 0.0249096 0.0249946 3.84192
-1.51227 -0.152647 0.0249314 0.0249946 3.84192
-1.50568 -0.145113 0.0249529 0.0249947 3.84192
-1.49934 -0.137376 0.0249736 0.0249948 3.84192
-1.49322 -0.129463 0.024993 0.0249949 3.84192
-1.4873 -0.121398 0.0250106 0.0249951 3.84192
-1.48156 -0.113205 0.0250263 0.0249953 3.84192
-1.47598 -0.104903 0.0250394 0.0249955 3.84192
-1.47054 -0.0965111 0.0250499 0.0249957 3.84192
-1.46521 -0.0880458 0.0250575 0.024996 3.84192
-1.45997 -0.0795228 0.0250619 0.0249962 3.84192
-1.4548 -0.0709562 0.0250629 0.0249965 3.84192
-1.44969 -0.0623596 0.0250606 0.0249967 3.84192
-1.44461 -0.0537454 0.0250549 0.0249969 3.84192
-1.43953 -0.0451256 0.0250457 0.0249971 3.84192
-1.43445 -0.0365117 0.0250332 0.0249973 3.84192
-1.42934 -0.0279149 0.0250173 0.0249975 3.84192
-1.42418 -0.019346 0.0249983 0.0249977 3.84192
-1.41896 -0.0108159 0.0249764 0.0249978 3.84192
-1.41365 -0.00233498 0.0249517 0.024998 3.84192
-1.40826 0.0060862 0.0249244 0.0249981 3.84192
-1.40275 0.0144369 0.0248948 0.0249982 3.84192
-1.39713 0.0227065 0.0248631 0.0249983 3.84192
-1.39137 0.0308842 0.0248296 0.0249984 3.84192
-1.38547 0.0389594 0.0247945 0.0249985 3.84192
-1.37942 0.0469221 0.024758 0.0249986 3.84192
-1.37321 0.0547625 0.0247203 0.0249988 3.84192
-1.36684 0.0624718 0.0246817 0.0249989 3.84192
-1.36031 0.0700425 0.0246423 0.024999 3.84192
-1.35361 0.0774688 0.0246022 0.0249991 3.84192
-1.34675 0.0847473 0.0245616 0.0249992 3.84192
-1.33974 0.0918783 0.0245207 0.0249994 3.84192
-1.33258 0.0988666 0.0244796 0.0249995 3.84192
-1.32531 0.105725 0.0244383 0.0249997 3.84192
-1.31793 0.112479 0.0243969 0.0249998 3.84192
-1.31055 0.119225 0.0243555 0.0249999 3.84192
