-0.462957 0.0529592 0.0250171 0.0250001 0.50025
-0.454843 0.0471144 0.025016 0.0250001 0.50025
-0.446718 0.0412845 0.0250149 0.0250002 0.50025
-0.438575 0.0354811 0.0250138 0.0250003 0.50025
-0.430403 0.029718 0.0250127 0.0250004 0.50025
-0.422191 0.0240112 0.0250115 0.0250005 0.50025
-0.41393 0.0183777 0.0250104 0.0250006 0.50025
-0.405606 0.012836 0.0250092 0.0250007 0.50025
-0.39721 0.00740556 0.025008 0.0250008 0.50025
-0.38873 0.00210675 0.0250067 0.0250008 0.50025
-0.380156 -0.00303953 0.0250054 0.0250007 0.50025
-0.371481 -0.00801189 0.0250039 0.0250004 0.50025
-0.362696 -0.0127886 0.0250024 0.0250002 0.50025
-0.353796 -0.0173479 0.0250008 0.0249999 0.50025
-0.344777 -0.0216683 0.0249992 0.0249997 0.50025
-0.335638 -0.0257285 0.0249975 0.0249994 0.50025
-0.326379 -0.0295082 0.0249959 0.0249991 0.50025
-0.317003 -0.0329881 0.0249942 0.0249988 0.50025
-0.307515 -0.03615 0.0249927 0.0249985 0.50025
-0.297922 -0.0389776 0.0249912 0.0249981 0.50025
-0.288232 -0.0414563 0.02499 0.0249978 0.50025
-0.278457 -0.0435742 0.024989 0.0249974 0.50025
-0.268609 -0.0453216 0.0249883 0.024997 0.50025
-0.2587 -0.0466912 0.0249881 0.0249967 0.50025
-0.248746 -0.0476781 0.0249882 0.0249964 0.50025
-0.238761 -0.0482804 0.0249887 0.0249961 0.50025
-0.228761 -0.0484992 0.0249897 0.0249958 0.50025
-0.218758 -0.0483382 0.0249912 0.0249955 0.50025
-0.208769 -0.0478044 0.024993 0.0249953 0.50025
-0.198805 -0.0469073 0.0249952 0.0249952 0.50025
-0.18888 -0.0456594 0.0249977 0.0249953 0.50025
-0.179002 -0.0440756 0.0250005 0.0249954 0.50025
-0.169181 -0.0421734 0.0250036 0.0249956 0.50025
-0.159423 -0.0399722 0.0250067 0.0249957 0.50025
-0.149731 -0.0374933 0.0250099 0.0249959 0.50025
-0.140109 -0.0347595 0.0250131 0.024996 0.50025
-0.130555 -0.0317951 0.0250163 0.0249962 0.50025
-0.121068 -0.0286251 0.0250192 0.0249964 0.50025
-0.111643 -0.0252753 0.0250219 0.0249966 0.50025
-0.102274 -0.021772 0.0250244 0.0249968 0.50025
-0.092953 -0.0181418 0.0250264 0.024997 0.50025
-0.0836724 -0.0144113 0.025028 0.0249971 0.50025
-0.0744218 -0.0106071 0.0250292 0.0249973 0.50025
-0.0651911 -0.0067553 0.0250298 0.0249975 0.50025
-0.0559697 -0.00288186 0.02503 0.0249976 0.50025
-0.0467467 0.000987907 0.0250296 0.0249977 0.50025
-0.0375121 0.00482928 0.0250287 0.0249979 0.50025
-0.0282559 0.00861829 0.0250273 0.024998 0.50025
-0.0189692 0.0123318 0.0250254 0.024998 0.50025
-0.0096442 0.0159477 0.0250231 0.0249981 0.50025
-0.00027402 0.0194448 0.0250204 0.0249981 0.50025
0.00914672 0.0228032 0.0250173 0.0249982 0.50025
0.0186221 0.0260043 0.0250141 0.0249982 0.50025
0.0281546 0.0290308 0.0250106 0.0249982 0.50025
0.0377455 0.031867 0.025007 0.0249982 0.50025
0.0473945 0.0344985 0.0250034 0.0249981 0.50025
0.0571002 0.036913 0.0249999 0.0249981 0.50025
0.0668599 0.0390995 0.0249965 0.024998 0.50025
0.0766697 0.0410489 0.0249934 0.0249979 0.50025
0.086525 0.0427538 0.0249905 0.0249978 0.50025
0.0964204 0.0442085 0.024988 0.0249978 0.50025
0.10635 0.0454092 0.0249859 0.0249977 0.50025
0.116307 0.0463535 0.0249843 0.0249976 0.50025
0.126285 0.0470406 0.0249832 0.0249974 0.50025
0.136278 0.0474713 0.0249826 0.0249973 0.50025
0.146279 0.0476477 0.0249826 0.0249972 0.50025
0.156281 0.0475732 0.0249833 0.0249971 0.50025
0.166278 0.0472519 0.0249845 0.024997 0.50025
0.176265 0.0466883 0.0249863 0.024997 0.50025
0.186235 0.0458879 0.0249885 0.0249969 0.50025
0.196184 0.0448563 0.0249913 0.0249969 0.50025
0.206107 0.0435996 0.0249944 0.0249968 0.50025
0.216 0.0421242 0.0249979 0.0249968 0.50025
0.22586 0.0404365 0.0250015 0.0249968 0.50025
0.235681 0.0385436 0.0250053 0.0249969 0.50025
0.245463 0.0364522 0.0250091 0.0249969 0.50025
0.255201 0.0341697 0.0250128 0.024997 0.50025
0.264895 0.0317032 0.0250164 0.024997 0.50025
0.274542 0.0290602 0.0250197 0.0249971 0.50025
0.284141 0.0262482 0.0250226 0.0249972 0.50025
0.293691 0.0232747 0.0250251 0.0249973 0.50025
0.303191 0.0201477 0.0250271 0.0249974 0.50025
0.312643 0.0168747 0.0250285 0.0249975 0.50025
0.322045 0.0134637 0.0250294 0.0249976 0.50025
0.331399 0.00992267 0.0250296 0.0249978 0.50025
0.340706 0.00625966 0.0250292 0.0249979 0.50025
0.349967 0.00248276 0.0250282 0.024998 0.50025
0.359184 -0.00139983 0.0250265 0.0249982 0.50025
0.368359 -0.00537988 0.0250242 0.0249983 0.50025
0.377495 -0.00944909 0.0250214 0.0249985 0.50025
0.386595 -0.0135992 0.025018 0.0249986 0.50025
0.395661 -0.0178217 0.0250141 0.0249988 0.50025
0.404696 -0.0221085 0.0250097 0.0249989 0.50025
0.413705 -0.0264512 0.025005 0.0249991 0.50025
0.42269 -0.0308416 0.025 0.0249992 0.50025
0.431656 -0.0352718 0.0249947 0.0249994 0.50025
0.440606 -0.0397339 0.0249892 0.0249995 0.50025
0.449543 -0.0442205 0.0249835 0.0249996 0.50025
0.458472 -0.048724 0.0249778 0.0249998 0.50025
0.467396 -0.0532368 0.024972 0.0249999 0.50025
0.476322 -0.0577462 0.0249662 0.0249999 0.50025
