-0.473702 0.0351907 0.0250138 0.025 0.46023
-0.465165 0.0299822 0.0250123 0.0250001 0.46023
-0.456601 0.0248199 0.0250109 0.0250002 0.46023
-0.447999 0.0197208 0.0250095 0.0250003 0.46023
-0.439349 0.0147029 0.0250081 0.0250003 0.46023
-0.430643 0.00978479 0.0250067 0.0250003 0.46023
-0.42187 0.00498556 0.0250053 0.0250001 0.46023
-0.413022 0.000324866 0.0250038 0.0249999 0.46023
-0.404093 -0.00417734 0.0250024 0.0249996 0.46023
-0.395076 -0.00850101 0.0250009 0.0249994 0.46023
-0.385965 -0.0126262 0.0249994 0.0249991 0.46023
-0.376759 -0.0165332 0.024998 0.0249989 0.46023
-0.367456 -0.020203 0.0249965 0.0249986 0.46023
-0.358056 -0.0236172 0.0249951 0.0249983 0.46023
-0.34856 -0.0267585 0.0249938 0.0249981 0.46023
-0.338974 -0.0296108 0.0249926 0.0249978 0.46023
-0.329302 -0.0321596 0.0249915 0.0249975 0.46023
-0.319553 -0.0343923 0.0249906 0.0249972 0.46023
-0.309733 -0.0362983 0.0249899 0.0249969 0.46023
-0.299855 -0.0378693 0.0249896 0.0249966 0.46023
-0.289928 -0.0390989 0.0249896 0.0249963 0.46023
-0.279964 -0.0399828 0.0249901 0.024996 0.46023
-0.269975 -0.0405196 0.0249909 0.0249957 0.46023
-0.259973 -0.04071 0.0249921 0.0249955 0.46023
-0.249971 -0.0405574 0.0249938 0.0249952 0.46023
-0.239979 -0.0400678 0.0249957 0.024995 0.46023
-0.230008 -0.0392494 0.0249981 0.0249948 0.46023
-0.220069 -0.038113 0.0250007 0.0249946 0.46023
-0.210169 -0.0366716 0.0250035 0.0249945 0.46023
-0.200315 -0.0349405 0.0250065 0.0249945 0.46023
-0.190514 -0.0329365 0.0250096 0.0249947 0.46023
-0.180768 -0.0306786 0.0250127 0.0249949 0.46023
-0.171079 -0.028187 0.0250158 0.024995 0.46023
-0.161447 -0.0254833 0.0250187 0.0249952 0.46023
-0.151871 -0.0225903 0.0250214 0.0249954 0.46023
-0.142346 -0.0195312 0.0250237 0.0249956 0.46023
-0.132869 -0.0163303 0.0250258 0.0249957 0.46023
-0.123432 -0.0130119 0.0250273 0.0249959 0.46023
-0.114029 -0.00960064 0.0250284 0.0249961 0.46023
-0.10465 -0.00612125 0.025029 0.0249963 0.46023
-0.0952881 -0.00259826 0.0250291 0.0249965 0.46023
-0.0859336 0.000944057 0.0250285 0.0249966 0.46023
-0.0765774 0.00448182 0.0250274 0.0249967 0.46023
-0.0672109 0.0079917 0.0250257 0.0249969 0.46023
-0.0578257 0.011451 0.0250235 0.024997 0.46023
-0.0484142 0.0148379 0.0250208 0.0249971 0.46023
-0.0389696 0.0181313 0.0250177 0.0249971 0.46023
-0.0294863 0.0213114 0.0250141 0.0249972 0.46023
-0.0199598 0.0243593 0.0250102 0.0249972 0.46023
-0.0103867 0.0272575 0.0250061 0.0249972 0.46023
-0.000764861 0.0299899 0.0250018 0.0249972 0.46023
0.00890638 0.0325418 0.0249975 0.0249972 0.46023
0.0186267 0.0349002 0.0249931 0.0249971 0.46023
0.0283944 0.0370537 0.024989 0.0249971 0.46023
0.0382071 0.0389926 0.0249851 0.024997 0.46023
0.0480611 0.040709 0.0249815 0.0249969 0.46023
0.0579524 0.0421967 0.0249783 0.0249968 0.46023
0.0678759 0.0434515 0.0249756 0.0249967 0.46023
0.0778265 0.0444707 0.0249736 0.0249966 0.46023
0.0877986 0.0452533 0.0249722 0.0249965 0.46023
0.0977865 0.0458001 0.0249715 0.0249964 0.46023
0.107784 0.0461135 0.0249716 0.0249963 0.46023
0.117787 0.0461965 0.0249724 0.0249963 0.46023
0.127789 0.0460535 0.024974 0.0249962 0.46023
0.137786 0.0456898 0.0249764 0.0249962 0.46023
0.147772 0.0451111 0.0249794 0.0249961 0.46023
0.157744 0.0443242 0.0249831 0.0249961 0.46023
0.167698 0.043336 0.0249874 0.0249961 0.46023
0.177631 0.0421541 0.0249921 0.0249961 0.46023
0.18754 0.040786 0.0249971 0.0249962 0.46023
0.197423 0.0392396 0.0250024 0.0249962 0.46023
0.207278 0.0375224 0.0250079 0.0249963 0.46023
0.217102 0.0356424 0.0250133 0.0249963 0.46023
0.226896 0.0336074 0.0250187 0.0249964 0.46023
0.236658 0.0314249 0.0250238 0.0249965 0.46023
0.246387 0.0291028 0.0250285 0.0249966 0.46023
0.256084 0.0266487 0.0250328 0.0249967 0.46023
0.265749 0.0240703 0.0250365 0.0249969 0.46023
0.275381 0.021375 0.0250396 0.024997 0.46023
0.284982 0.0185704 0.025042 0.0249971 0.46023
0.294553 0.015664 0.0250436 0.0249973 0.46023
0.304094 0.0126632 0.0250444 0.0249974 0.46023
0.313608 0.00957523 0.0250442 0.0249976 0.46023
0.323095 0.00640754 0.0250432 0.0249977 0.46023
0.332557 0.00316736 0.0250413 0.0249979 0.46023
0.341997 -0.000138086 0.0250386 0.024998 0.46023
0.351416 -0.00350165 0.0250349 0.0249982 0.46023
0.360816 -0.00691624 0.0250305 0.0249983 0.46023
0.370201 -0.0103749 0.0250253 0.0249984 0.46023
0.379571 -0.0138706 0.0250194 0.0249986 0.46023
0.38893 -0.0173968 0.0250129 0.0249987 0.46023
0.398279 -0.0209469 0.0250058 0.0249989 0.46023
0.407622 -0.0245145 0.0249982 0.024999 0.46023
0.416961 -0.0280938 0.0249902 0.0249991 0.46023
0.426296 -0.0316795 0.0249819 0.0249992 0.46023
0.435632 -0.035266 0.0249734 0.0249994 0.46023
0.444968 -0.0388485 0.0249646 0.0249995 0.46023
0.454308 -0.042423 0.0249558 0.0249996 0.46023
0.463652 -0.0459866 0.024947 0.0249998 0.46023
0.473 -0.0495388 0.0249381 0.0249999 0.46023
0.482349 -0.0530867 0.0249292 0.0249999 0.46023
