-1.21572 -0.0808276 0.0248896 0.0250001 2.48124
-1.20919 -0.0884036 0.0249008 0.0250001 2.48124
-1.20261 -0.0959292 0.0249121 0.0250002 2.48124
-1.19594 -0.103379 0.0249232 0.0250003 2.48124
-1.18915 -0.110723 0.0249341 0.0250004 2.48124
-1.18222 -0.11793 0.0249448 0.0250005 2.48124
-1.17511 -0.124964 0.0249551 0.0250006 2.48124
-1.1678 -0.131787 0.024965 0.0250007 2.48124
-1.16026 -0.138356 0.0249742 0.0250007 2.48124
-1.15247 -0.144626 0.0249827 0.0250008 2.48124
-1.14442 -0.150549 0.0249905 0.0250008 2.48124
-1.13608 -0.156076 0.0249973 0.0250008 2.48124
-1.12747 -0.161154 0.0250032 0.0250008 2.48124
-1.11858 -0.165731 0.0250081 0.0250007 2.48124
-1.10942 -0.169756 0.025012 0.0250006 2.48124
-1.10003 -0.173177 0.0250147 0.0250005 2.48124
-1.09042 -0.175948 0.0250165 0.0250004 2.48124
-1.08064 -0.178026 0.0250172 0.0250002 2.48124
-1.07073 -0.179373 0.0250171 0.025 2.48124
-1.06075 -0.17996 0.0250162 0.0249998 2.48124
-1.05075 -0.179768 0.0250149 0.0249996 2.48124
-1.0408 -0.178782 0.0250133 0.0249995 2.48124
-1.03096 -0.177002 0.0250115 0.0249993 2.48124
-1.02129 -0.174436 0.0250098 0.0249991 2.48124
-1.01186 -0.1711 0.0250083 0.024999 2.48124
-1.00273 -0.167023 0.0250071 0.0249988 2.48124
-0.993947 -0.162241 0.0250062 0.0249987 2.48124
-0.985557 -0.156796 0.0250058 0.0249987 2.48124
-0.977599 -0.15074 0.0250058 0.0249986 2.48124
-0.970097 -0.144126 0.0250062 0.0249986 2.48124
-0.963069 -0.13701 0.0250069 0.0249986 2.48124
-0.95652 -0.129451 0.0250079 0.0249986 2.48124
-0.950446 -0.121506 0.0250089 0.0249987 2.48124
-0.944832 -0.11323 0.0250098 0.0249988 2.48124
-0.939653 -0.104674 0.0250104 0.0249989 2.48124
-0.934877 -0.0958874 0.0250106 0.0249991 2.48124
-0.930465 -0.0869126 0.0250102 0.0249992 2.48124
-0.926371 -0.0777885 0.025009 0.0249994 2.48124
-0.922544 -0.0685493 0.025007 0.0249995 2.48124
-0.918929 -0.0592254 0.0250041 0.0249997 2.48124
-0.915467 -0.0498433 0.0250002 0.0249998 2.48124
-0.9121 -0.0404271 0.0249953 0.025 2.48124
-0.908768 -0.0309988 0.0249894 0.0250001 2.48124
-0.90541 -0.0215797 0.0249824 0.0250003 2.48124
-0.901968 -0.012191 0.0249744 0.0250004 2.48124
-0.898385 -0.00285527 0.0249654 0.0250006 2.48124
-0.894608 0.00640337 0.0249553 0.0250007 2.48124
-0.890586 0.0155582 0.024944 0.0250009 2.48124
-0.886274 0.0245797 0.0249317 0.025001 2.48124
-0.88163 0.033435 0.0249182 0.0250012 2.48124
-0.87662 0.0420884 0.0249037 0.0250013 2.48124
-0.871215 0.0505009 0.024888 0.0250014 2.48124
-0.865396 0.0586314 0.0248712 0.0250016 2.48124
-0.859147 0.0664369 0.0248535 0.0250017 2.48124
-0.852463 0.0738733 0.0248349 0.0250017 2.48124
-0.845347 0.0808967 0.0248156 0.0250017 2.48124
-0.837807 0.0874639 0.0247959 0.0250017 2.48124
-0.829862 0.0935338 0.024776 0.0250017 2.48124
-0.821535 0.0990684 0.0247562 0.0250015 2.48124
-0.812856 0.104033 0.024737 0.0250014 2.48124
-0.80386 0.108399 0.0247187 0.0250011 2.48124
-0.794587 0.112141 0.0247017 0.0250009 2.48124
-0.78508 0.11524 0.0246865 0.0250006 2.48124
-0.775384 0.117683 0.0246733 0.0250002 2.48124
-0.765543 0.119462 0.0246625 0.0249999 2.48124
-0.755605 0.120576 0.0246545 0.0249995 2.48124
-0.745615 0.121027 0.0246495 0.0249991 2.48124
-0.735616 0.120825 0.0246476 0.0249987 2.48124
-0.725651 0.11998 0.0246489 0.0249983 2.48124
-0.715758 0.11851 0.0246535 0.024998 2.48124
-0.705974 0.116434 0.0246613 0.0249976 2.48124
-0.696332 0.113774 0.0246722 0.0249973 2.48124
-0.686862 0.110554 0.0246859 0.024997 2.48124
-0.67759 0.106801 0.0247023 0.0249968 2.48124
-0.66854 0.102543 0.024721 0.0249966 2.48124
-0.659729 0.0978071 0.0247417 0.0249964 2.48124
-0.651174 0.0926237 0.024764 0.0249963 2.48124
-0.642886 0.087022 0.0247876 0.0249963 2.48124
-0.634876 0.081031 0.0248119 0.0249963 2.48124
-0.627148 0.0746797 0.0248367 0.0249963 2.48124
-0.619705 0.0679965 0.0248615 0.0249964 2.48124
-0.612548 0.0610088 0.024886 0.0249965 2.48124
-0.605673 0.0537433 0.0249097 0.0249967 2.48124
-0.599075 0.0462254 0.0249324 0.0249969 2.48124
-0.592747 0.0384794 0.0249539 0.0249971 2.48124
-0.586678 0.0305285 0.0249739 0.0249974 2.48124
-0.580858 0.0223943 0.0249922 0.0249976 2.48124
-0.575273 0.0140973 0.0250088 0.0249979 2.48124
-0.569908 0.00565653 0.0250236 0.0249982 2.48124
-0.564746 -0.00291012 0.0250366 0.0249984 2.48124
-0.559772 -0.0115862 0.0250479 0.0249987 2.48124
-0.554965 -0.0203566 0.0250576 0.0249989 2.48124
-0.550308 -0.0292069 0.0250657 0.0249991 2.48124
-0.545781 -0.0381239 0.0250726 0.0249993 2.48124
-0.541361 -0.0470949 0.0250783 0.0249994 2.48124
-0.53703 -0.0561085 0.0250832 0.0249996 2.48124
-0.532765 -0.0651539 0.0250875 0.0249997 2.48124
-0.528548 -0.0742214 0.0250913 0.0249998 2.48124
-0.524359 -0.0833021 0.0250948 0.0249998 2.48124
-0.520183 -0.0923885 0.0250983 0.0249999 2.48124
-0.516006 -0.101474 0.0251017 0.025 2.48124
