-2.07648 -0.0118161 0.0248175 0.025 3.92196
-2.06912 -0.00504542 0.02483 0.0250001 3.92196
-2.06163 0.00158507 0.0248425 0.0250002 3.92196
-2.05399 0.00803013 0.024855 0.0250002 3.92196
-2.04615 0.0142439 0.0248676 0.0250003 3.92196
-2.0381 0.0201793 0.0248801 0.0250004 3.92196
-2.02983 0.0257873 0.0248926 0.0250004 3.92196
-2.0213 0.0310179 0.0249048 0.0250005 3.92196
-2.01253 0.03582 0.0249168 0.0250005 3.92196
-2.00351 0.0401426 0.0249284 0.0250005 3.92196
-1.99426 0.0439355 0.0249396 0.0250005 3.92196
-1.98479 0.0471505 0.0249504 0.0250004 3.92196
-1.97514 0.0497427 0.0249605 0.0250004 3.92196
-1.96532 0.0516718 0.0249701 0.0250003 3.92196
-1.9554 0.0529032 0.0249791 0.0250001 3.92196
-1.94541 0.0534098 0.0249876 0.025 3.92196
-1.93542 0.0531726 0.0249955 0.0249998 3.92196
-1.92546 0.0521815 0.0250029 0.0249997 3.92196
-1.91562 0.0504354 0.02501 0.0249996 3.92196
-1.90593 0.0479424 0.0250167 0.0249994 3.92196
-1.89647 0.0447199 0.025023 0.0249994 3.92196
-1.88727 0.0407942 0.0250289 0.0249993 3.92196
-1.87839 0.0361989 0.0250344 0.0249993 3.92196
-1.86986 0.0309749 0.0250394 0.0249992 3.92196
-1.86172 0.0251682 0.0250439 0.0249993 3.92196
-1.85398 0.0188287 0.0250478 0.0249993 3.92196
-1.84667 0.012009 0.025051 0.0249994 3.92196
-1.83978 0.0047624 0.0250534 0.0249995 3.92196
-1.8333 -0.00285787 0.025055 0.0249996 3.92196
-1.82722 -0.0108003 0.0250556 0.0249997 3.92196
-1.82152 -0.0190157 0.0250552 0.0249998 3.92196
-1.81616 -0.0274581 0.0250536 0.025 3.92196
-1.8111 -0.036085 0.0250509 0.0250001 3.92196
-1.8063 -0.0448574 0.025047 0.0250003 3.92196
-1.80171 -0.0537397 0.0250417 0.0250005 3.92196
-1.79727 -0.0626994 0.0250352 0.0250006 3.92196
-1.79293 -0.0717065 0.0250274 0.0250008 3.92196
-1.78862 -0.0807321 0.0250183 0.0250009 3.92196
-1.7843 -0.0897486 0.0250079 0.025001 3.92196
-1.7799 -0.098728 0.0249964 0.0250012 3.92196
-1.77537 -0.107641 0.0249837 0.0250013 3.92196
-1.77065 -0.116457 0.0249701 0.0250014 3.92196
-1.7657 -0.125143 0.0249555 0.0250014 3.92196
-1.76047 -0.133663 0.0249401 0.0250015 3.92196
-1.75491 -0.141977 0.024924 0.0250015 3.92196
-1.749 -0.150044 0.0249075 0.0250015 3.92196
-1.74272 -0.157819 0.0248907 0.0250014 3.92196
-1.73603 -0.165255 0.0248738 0.0250014 3.92196
-1.72894 -0.172304 0.0248569 0.0250012 3.92196
-1.72144 -0.178917 0.0248403 0.0250011 3.92196
-1.71354 -0.185046 0.0248242 0.0250009 3.92196
-1.70526 -0.190645 0.0248088 0.0250007 3.92196
-1.69661 -0.195671 0.0247942 0.0250005 3.92196
-1.68764 -0.200087 0.0247806 0.0250003 3.92196
-1.67838 -0.203857 0.0247682 0.025 3.92196
-1.66887 -0.206956 0.0247572 0.0249997 3.92196
-1.65916 -0.209362 0.0247477 0.0249994 3.92196
-1.64931 -0.211064 0.0247397 0.024999 3.92196
-1.63936 -0.212054 0.0247334 0.0249987 3.92196
-1.62936 -0.212333 0.0247289 0.0249984 3.92196
-1.61937 -0.211911 0.0247262 0.024998 3.92196
-1.60943 -0.210802 0.0247254 0.0249977 3.92196
-1.59958 -0.209024 0.0247264 0.0249974 3.92196
-1.58988 -0.206604 0.0247292 0.024997 3.92196
-1.58035 -0.203569 0.0247339 0.0249967 3.92196
-1.57102 -0.199951 0.0247404 0.0249964 3.92196
-1.56193 -0.195784 0.0247486 0.0249962 3.92196
-1.55309 -0.191103 0.0247585 0.024996 3.92196
-1.54452 -0.185943 0.0247698 0.0249958 3.92196
-1.53623 -0.18034 0.0247825 0.0249957 3.92196
-1.52824 -0.174326 0.0247963 0.0249956 3.92196
-1.52054 -0.167937 0.024811 0.0249956 3.92196
-1.51314 -0.161203 0.0248264 0.0249956 3.92196
-1.50604 -0.154156 0.0248421 0.0249956 3.92196
-1.49924 -0.146825 0.024858 0.0249956 3.92196
-1.49272 -0.139237 0.0248738 0.0249957 3.92196
-1.48648 -0.131418 0.0248892 0.0249958 3.92196
-1.48051 -0.123392 0.0249039 0.024996 3.92196
-1.47479 -0.115181 0.0249178 0.0249961 3.92196
-1.46932 -0.106807 0.0249306 0.0249963 3.92196
-1.46408 -0.0982894 0.0249421 0.0249965 3.92196
-1.45905 -0.0896449 0.0249521 0.0249967 3.92196
-1.45421 -0.0808904 0.0249605 0.0249969 3.92196
-1.44955 -0.0720408 0.0249671 0.0249971 3.92196
-1.44504 -0.0631098 0.0249719 0.0249974 3.92196
-1.44068 -0.0541102 0.0249748 0.0249976 3.92196
-1.43643 -0.0450534 0.0249758 0.0249978 3.92196
-1.43229 -0.0359502 0.0249749 0.024998 3.92196
-1.42823 -0.0268102 0.0249721 0.0249982 3.92196
-1.42423 -0.0176425 0.0249676 0.0249984 3.92196
-1.42028 -0.00845562 0.0249614 0.0249986 3.92196
-1.41635 0.000742279 0.0249537 0.0249988 3.92196
-1.41243 0.00994355 0.0249446 0.0249989 3.92196
-1.40851 0.019141 0.0249343 0.0249991 3.92196
-1.40456 0.028328 0.0249229 0.0249992 3.92196
-1.40057 0.0374985 0.0249108 0.0249994 3.92196
-1.39653 0.0466474 0.0248979 0.0249995 3.92196
-1.39243 0.055771 0.0248846 0.0249996 3.92196
-1.38828 0.0648677 0.024871 0.0249998 3.92196
-1.38407 0.0739398 0.0248571 0.0249999 3.92196
-1.37986 0.0830097 0.0248432 0.0249999 3.92196
