-2.69341 -0.11736 0.0249594 0.0250001 5.0025
-2.68825 -0.108794 0.0249634 0.0250001 5.0025
-2.68306 -0.100244 0.0249674 0.0250002 5.0025
-2.67782 -0.0917273 0.0249712 0.0250004 5.0025
-2.6725 -0.0832626 0.024975 0.0250005 5.0025
-2.66706 -0.0748721 0.0249784 0.0250006 5.0025
-2.66147 -0.0665813 0.0249815 0.0250007 5.0025
-2.65569 -0.0584192 0.0249841 0.0250008 5.0025
-2.64969 -0.0504179 0.0249861 0.0250009 5.0025
-2.64344 -0.0426134 0.0249875 0.025001 5.0025
-2.63691 -0.0350452 0.0249883 0.0250011 5.0025
-2.63006 -0.0277567 0.0249883 0.0250011 5.0025
-2.62289 -0.0207944 0.0249877 0.0250011 5.0025
-2.61536 -0.014208 0.0249864 0.0250011 5.0025
-2.60748 -0.00804956 0.0249845 0.025001 5.0025
-2.59925 -0.0023727 0.0249822 0.0250009 5.0025
-2.59068 0.0027686 0.0249794 0.0250007 5.0025
-2.58177 0.00732124 0.0249763 0.0250005 5.0025
-2.57257 0.0112346 0.0249732 0.0250003 5.0025
-2.56311 0.0144619 0.02497 0.0250001 5.0025
-2.55342 0.0169614 0.0249671 0.0249999 5.0025
-2.54358 0.0186982 0.0249644 0.0249997 5.0025
-2.53362 0.0196453 0.0249621 0.0249996 5.0025
-2.52362 0.0197851 0.0249602 0.0249994 5.0025
-2.51364 0.0191098 0.0249589 0.0249993 5.0025
-2.50375 0.0176221 0.0249582 0.0249992 5.0025
-2.49402 0.015335 0.024958 0.0249992 5.0025
-2.4845 0.0122718 0.0249585 0.0249992 5.0025
-2.47525 0.00846481 0.0249595 0.0249992 5.0025
-2.46632 0.00395467 0.0249611 0.0249992 5.0025
-2.45776 -0.00121118 0.0249632 0.0249992 5.0025
-2.44959 -0.00698012 0.0249658 0.0249993 5.0025
-2.44184 -0.013296 0.0249687 0.0249994 5.0025
-2.43451 -0.0201008 0.024972 0.0249994 5.0025
-2.42761 -0.0273365 0.0249755 0.0249995 5.0025
-2.42112 -0.0349464 0.024979 0.0249996 5.0025
-2.41503 -0.0428761 0.0249826 0.0249997 5.0025
-2.4093 -0.0510742 0.024986 0.0249997 5.0025
-2.4039 -0.0594934 0.0249891 0.0249998 5.0025
-2.39879 -0.06809 0.0249919 0.0249998 5.0025
-2.39393 -0.0768247 0.0249941 0.0249999 5.0025
-2.38924 -0.0856616 0.0249957 0.025 5.0025
-2.3847 -0.0945679 0.0249965 0.0250001 5.0025
-2.38023 -0.103513 0.0249963 0.0250002 5.0025
-2.37578 -0.112468 0.024995 0.0250004 5.0025
-2.37129 -0.121405 0.0249923 0.0250006 5.0025
-2.36671 -0.130296 0.0249881 0.0250008 5.0025
-2.36199 -0.13911 0.0249822 0.025001 5.0025
-2.35708 -0.147818 0.0249744 0.0250013 5.0025
-2.35192 -0.156387 0.0249648 0.0250015 5.0025
-2.34649 -0.164782 0.0249531 0.0250017 5.0025
-2.34075 -0.172965 0.0249394 0.025002 5.0025
-2.33466 -0.180899 0.0249237 0.0250022 5.0025
-2.32822 -0.188541 0.0249062 0.0250023 5.0025
-2.3214 -0.195849 0.0248871 0.0250025 5.0025
-2.31419 -0.202781 0.0248666 0.0250025 5.0025
-2.3066 -0.209294 0.024845 0.0250026 5.0025
-2.29865 -0.215345 0.0248228 0.0250026 5.0025
-2.29033 -0.220897 0.0248003 0.0250025 5.0025
-2.28168 -0.225911 0.024778 0.0250024 5.0025
-2.27272 -0.230354 0.0247564 0.0250022 5.0025
-2.2635 -0.234199 0.0247358 0.025002 5.0025
-2.25403 -0.237421 0.0247168 0.0250017 5.0025
-2.24437 -0.240001 0.0246997 0.0250015 5.0025
-2.23456 -0.241926 0.0246848 0.0250012 5.0025
-2.22464 -0.243188 0.0246725 0.0250008 5.0025
-2.21466 -0.243785 0.024663 0.0250005 5.0025
-2.20466 -0.243718 0.0246565 0.0250002 5.0025
-2.19468 -0.242996 0.024653 0.0249998 5.0025
-2.18478 -0.24163 0.0246527 0.0249995 5.0025
-2.17498 -0.239635 0.0246553 0.0249992 5.0025
-2.16532 -0.237029 0.0246608 0.0249989 5.0025
-2.15585 -0.233835 0.024669 0.0249986 5.0025
-2.14658 -0.230076 0.0246797 0.0249983 5.0025
-2.13755 -0.225778 0.0246927 0.024998 5.0025
-2.12878 -0.22097 0.0247077 0.0249978 5.0025
-2.12029 -0.215681 0.0247244 0.0249976 5.0025
-2.1121 -0.209941 0.0247426 0.0249975 5.0025
-2.10422 -0.203781 0.0247621 0.0249973 5.0025
-2.09666 -0.19723 0.0247825 0.0249973 5.0025
-2.08943 -0.19032 0.0248035 0.0249972 5.0025
-2.08253 -0.183078 0.0248249 0.0249973 5.0025
-2.07596 -0.175536 0.0248464 0.0249973 5.0025
-2.06972 -0.167719 0.0248677 0.0249974 5.0025
-2.0638 -0.159655 0.0248887 0.0249975 5.0025
-2.0582 -0.151369 0.024909 0.0249976 5.0025
-2.0529 -0.142885 0.0249286 0.0249978 5.0025
-2.0479 -0.134226 0.0249472 0.0249979 5.0025
-2.04317 -0.125413 0.0249648 0.0249981 5.0025
-2.0387 -0.116465 0.0249813 0.0249983 5.0025
-2.03447 -0.107399 0.0249967 0.0249985 5.0025
-2.03047 -0.0982339 0.025011 0.0249987 5.0025
-2.02667 -0.0889829 0.0250242 0.024999 5.0025
-2.02305 -0.0796599 0.0250363 0.0249992 5.0025
-2.01959 -0.0702773 0.0250476 0.0249993 5.0025
-2.01627 -0.0608461 0.0250581 0.0249995 5.0025
-2.01305 -0.0513766 0.0250679 0.0249997 5.0025
-2.00992 -0.0418782 0.0250773 0.0249998 5.0025
-2.00686 -0.0323595 0.0250865 0.0249999 5.0025
-2.00383 -0.0228288 0.0250955 0.0249999 5.0025
-2.0008 -0.0132981 0.0251045 0.025 5.0025
