-2.15388 -0.200625 0.0249832 0.0250001 4.14207
-2.14794 -0.192586 0.0249834 0.0250001 4.14207
-2.14218 -0.184412 0.0249837 0.0250003 4.14207
-2.13663 -0.17609 0.024984 0.0250004 4.14207
-2.13132 -0.167618 0.0249843 0.0250005 4.14207
-2.12624 -0.159003 0.0249846 0.0250007 4.14207
-2.1214 -0.150254 0.0249849 0.0250008 4.14207
-2.11679 -0.141383 0.0249851 0.025001 4.14207
-2.11238 -0.132408 0.0249852 0.0250011 4.14207
-2.10816 -0.123343 0.024985 0.0250013 4.14207
-2.10409 -0.114208 0.0249846 0.0250015 4.14207
-2.10015 -0.105018 0.0249837 0.0250016 4.14207
-2.0963 -0.0957925 0.0249823 0.0250018 4.14207
-2.09249 -0.0865492 0.0249804 0.025002 4.14207
-2.08867 -0.0773067 0.0249779 0.0250022 4.14207
-2.08481 -0.0680846 0.0249747 0.0250023 4.14207
-2.08085 -0.0589041 0.024971 0.0250024 4.14207
-2.07674 -0.0497884 0.0249667 0.0250025 4.14207
-2.07244 -0.0407636 0.0249619 0.0250026 4.14207
-2.0679 -0.0318589 0.0249568 0.0250026 4.14207
-2.06306 -0.0231076 0.0249515 0.0250026 4.14207
-2.0579 -0.0145472 0.0249461 0.0250025 4.14207
-2.05236 -0.00621998 0.0249408 0.0250025 4.14207
-2.04643 0.00182721 0.0249357 0.0250024 4.14207
-2.04007 0.00954297 0.024931 0.0250024 4.14207
-2.03327 0.016872 0.024927 0.0250023 4.14207
-2.02602 0.0237562 0.0249236 0.0250022 4.14207
-2.01832 0.0301352 0.0249212 0.0250021 4.14207
-2.01019 0.0359485 0.0249198 0.025002 4.14207
-2.00164 0.0411371 0.0249197 0.0250018 4.14207
-1.99271 0.0456447 0.024921 0.0250016 4.14207
-1.98346 0.0494208 0.0249237 0.0250014 4.14207
-1.97392 0.0524216 0.024928 0.0250011 4.14207
-1.96416 0.0546122 0.0249337 0.0250008 4.14207
-1.95425 0.0559681 0.0249409 0.0250006 4.14207
-1.94427 0.0564757 0.0249494 0.0250003 4.14207
-1.93427 0.0561334 0.024959 0.025 4.14207
-1.92434 0.0549509 0.0249695 0.0249998 4.14207
-1.91455 0.0529491 0.0249806 0.0249995 4.14207
-1.90494 0.0501595 0.024992 0.0249993 4.14207
-1.89559 0.046623 0.0250035 0.0249991 4.14207
-1.88653 0.0423873 0.0250148 0.0249989 4.14207
-1.8778 0.0375065 0.0250257 0.0249987 4.14207
-1.86943 0.0320383 0.0250361 0.0249985 4.14207
-1.86142 0.0260424 0.0250459 0.0249984 4.14207
-1.85379 0.0195784 0.0250551 0.0249983 4.14207
-1.84652 0.0127045 0.0250636 0.0249982 4.14207
-1.83961 0.00547639 0.0250713 0.0249982 4.14207
-1.83303 -0.00205308 0.0250781 0.0249982 4.14207
-1.82675 -0.00983489 0.0250841 0.0249982 4.14207
-1.82073 -0.0178238 0.0250892 0.0249982 4.14207
-1.81494 -0.0259784 0.0250933 0.0249983 4.14207
-1.80933 -0.0342607 0.0250963 0.0249983 4.14207
-1.80387 -0.042636 0.0250982 0.0249984 4.14207
-1.79849 -0.0510723 0.0250988 0.0249985 4.14207
-1.79317 -0.0595395 0.025098 0.0249986 4.14207
-1.78785 -0.0680091 0.0250956 0.0249988 4.14207
-1.78249 -0.0764536 0.0250916 0.0249989 4.14207
-1.77706 -0.0848459 0.0250857 0.0249991 4.14207
-1.7715 -0.0931589 0.0250778 0.0249993 4.14207
-1.76578 -0.101365 0.0250679 0.0249995 4.14207
-1.75988 -0.109437 0.0250558 0.0249997 4.14207
-1.75376 -0.117345 0.0250415 0.0249999 4.14207
-1.7474 -0.125061 0.025025 0.0250002 4.14207
-1.74077 -0.132554 0.0250063 0.0250004 4.14207
-1.73388 -0.139794 0.0249858 0.0250006 4.14207
-1.72669 -0.146751 0.0249635 0.0250008 4.14207
-1.71922 -0.153394 0.0249399 0.0250009 4.14207
-1.71145 -0.159693 0.0249152 0.025001 4.14207
-1.7034 -0.165617 0.0248899 0.025001 4.14207
-1.69506 -0.171139 0.0248644 0.025001 4.14207
-1.68646 -0.17623 0.0248392 0.0250009 4.14207
-1.6776 -0.180866 0.0248145 0.0250008 4.14207
-1.6685 -0.18502 0.0247908 0.0250007 4.14207
-1.65919 -0.188672 0.0247684 0.0250005 4.14207
-1.64969 -0.1918 0.0247475 0.0250004 4.14207
-1.64004 -0.194389 0.0247283 0.0250002 4.14207
-1.63024 -0.196424 0.0247109 0.025 4.14207
-1.62035 -0.197893 0.0246955 0.0249999 4.14207
-1.61039 -0.198789 0.0246821 0.0249997 4.14207
-1.6004 -0.199108 0.0246708 0.0249996 4.14207
-1.5904 -0.198849 0.0246615 0.0249994 4.14207
-1.58044 -0.198014 0.0246544 0.0249993 4.14207
-1.57053 -0.196612 0.0246494 0.0249991 4.14207
-1.56073 -0.194651 0.0246466 0.0249989 4.14207
-1.55104 -0.192147 0.024646 0.0249987 4.14207
-1.54151 -0.189116 0.0246476 0.0249986 4.14207
-1.53216 -0.185578 0.0246513 0.0249984 4.14207
-1.523 -0.181555 0.0246571 0.0249983 4.14207
-1.51406 -0.177072 0.0246647 0.0249983 4.14207
-1.50535 -0.172156 0.0246742 0.0249983 4.14207
-1.49688 -0.166836 0.0246851 0.0249983 4.14207
-1.48866 -0.161141 0.0246975 0.0249984 4.14207
-1.48069 -0.155102 0.0247109 0.0249985 4.14207
-1.47296 -0.148752 0.0247254 0.0249987 4.14207
-1.46547 -0.142124 0.0247406 0.0249988 4.14207
-1.45821 -0.135253 0.0247564 0.024999 4.14207
-1.45114 -0.128175 0.0247727 0.0249993 4.14207
-1.44425 -0.12093 0.0247892 0.0249995 4.14207
-1.43748 -0.113566 0.0248059 0.0249997 4.14207
-1.43072 -0.106195 0.0248226 0.0249999 4.14207
