-0.8034 0.12749 0.0250528 0.0250001 1.78089
-0.793438 0.126624 0.0250528 0.0250001 1.78089
-0.78351 0.125429 0.0250528 0.0250002 1.78089
-0.773637 0.123841 0.0250528 0.0250003 1.78089
-0.763846 0.121809 0.0250528 0.0250004 1.78089
-0.754166 0.119299 0.0250529 0.0250005 1.78089
-0.744632 0.116283 0.0250531 0.0250005 1.78089
-0.735279 0.112747 0.0250536 0.0250006 1.78089
-0.726142 0.108685 0.0250542 0.0250006 1.78089
-0.717256 0.104098 0.0250552 0.0250007 1.78089
-0.708654 0.098999 0.0250564 0.0250008 1.78089
-0.700366 0.0934046 0.0250579 0.0250008 1.78089
-0.692416 0.0873399 0.0250596 0.0250009 1.78089
-0.684823 0.0808345 0.0250616 0.025001 1.78089
-0.677597 0.0739223 0.0250637 0.0250011 1.78089
-0.670745 0.0666403 0.0250659 0.0250012 1.78089
-0.664263 0.0590269 0.0250681 0.0250014 1.78089
-0.658141 0.0511214 0.0250701 0.0250015 1.78089
-0.652361 0.0429625 0.0250719 0.0250016 1.78089
-0.646898 0.0345882 0.0250733 0.0250018 1.78089
-0.641721 0.0260345 0.0250743 0.0250019 1.78089
-0.636792 0.0173355 0.0250746 0.0250021 1.78089
-0.632068 0.0085233 0.0250743 0.0250023 1.78089
-0.627504 -0.000371931 0.0250731 0.0250024 1.78089
-0.623047 -0.00932165 0.025071 0.0250026 1.78089
-0.618645 -0.0182983 0.0250678 0.0250027 1.78089
-0.614243 -0.0272748 0.0250637 0.0250029 1.78089
-0.609785 -0.0362234 0.0250584 0.025003 1.78089
-0.605215 -0.0451153 0.025052 0.0250031 1.78089
-0.600478 -0.0539197 0.0250444 0.0250032 1.78089
-0.595523 -0.0626028 0.0250358 0.0250032 1.78089
-0.590301 -0.0711276 0.0250261 0.0250033 1.78089
-0.584766 -0.0794532 0.0250154 0.0250032 1.78089
-0.578881 -0.0875348 0.0250038 0.0250032 1.78089
-0.572613 -0.0953237 0.0249915 0.025003 1.78089
-0.56594 -0.102768 0.0249786 0.0250029 1.78089
-0.558846 -0.109813 0.0249653 0.0250027 1.78089
-0.551327 -0.116402 0.0249517 0.0250024 1.78089
-0.543388 -0.12248 0.0249382 0.0250021 1.78089
-0.535044 -0.127989 0.0249247 0.0250017 1.78089
-0.526323 -0.132879 0.0249117 0.0250013 1.78089
-0.517258 -0.137101 0.0248992 0.0250008 1.78089
-0.507896 -0.140613 0.0248875 0.0250004 1.78089
-0.498287 -0.143381 0.0248767 0.0249998 1.78089
-0.488488 -0.145379 0.0248672 0.0249993 1.78089
-0.478561 -0.146593 0.0248589 0.0249987 1.78089
-0.468569 -0.147015 0.0248523 0.0249982 1.78089
-0.458574 -0.14665 0.0248473 0.0249976 1.78089
-0.448637 -0.145512 0.0248442 0.024997 1.78089
-0.438814 -0.143623 0.0248432 0.0249965 1.78089
-0.429157 -0.141015 0.0248442 0.024996 1.78089
-0.41971 -0.137724 0.0248473 0.0249956 1.78089
-0.410512 -0.133792 0.0248525 0.0249953 1.78089
-0.401591 -0.129265 0.0248596 0.024995 1.78089
-0.392969 -0.124191 0.0248686 0.0249947 1.78089
-0.38466 -0.118619 0.0248793 0.0249945 1.78089
-0.376671 -0.112597 0.0248914 0.0249944 1.78089
-0.369 -0.106175 0.0249047 0.0249943 1.78089
-0.36164 -0.0993981 0.024919 0.0249943 1.78089
-0.35458 -0.0923101 0.024934 0.0249943 1.78089
-0.347801 -0.0849518 0.0249494 0.0249944 1.78089
-0.341284 -0.0773613 0.024965 0.0249945 1.78089
-0.335005 -0.0695732 0.0249806 0.0249946 1.78089
-0.328937 -0.0616193 0.0249958 0.0249948 1.78089
-0.323053 -0.0535283 0.0250107 0.0249949 1.78089
-0.317325 -0.0453263 0.0250248 0.0249951 1.78089
-0.311725 -0.0370372 0.0250381 0.0249952 1.78089
-0.306223 -0.0286824 0.0250503 0.0249954 1.78089
-0.300791 -0.0202818 0.0250614 0.0249955 1.78089
-0.295402 -0.0118537 0.0250713 0.0249957 1.78089
-0.29003 -0.00341506 0.0250796 0.0249958 1.78089
-0.28465 0.00501802 0.0250865 0.024996 1.78089
-0.279237 0.0134301 0.0250917 0.0249961 1.78089
-0.273769 0.0218063 0.0250951 0.0249962 1.78089
-0.268224 0.0301316 0.0250966 0.0249963 1.78089
-0.262581 0.0383915 0.025096 0.0249963 1.78089
-0.256824 0.0465711 0.0250931 0.0249964 1.78089
-0.250933 0.0546553 0.0250877 0.0249965 1.78089
-0.244893 0.0626289 0.0250795 0.0249966 1.78089
-0.238691 0.0704764 0.0250682 0.0249968 1.78089
-0.232313 0.0781821 0.0250535 0.0249969 1.78089
-0.22575 0.0857304 0.0250354 0.0249971 1.78089
-0.218994 0.0931054 0.0250136 0.0249973 1.78089
-0.212037 0.100292 0.0249881 0.0249974 1.78089
-0.204875 0.107274 0.0249589 0.0249976 1.78089
-0.197506 0.114037 0.0249261 0.0249977 1.78089
-0.189931 0.120567 0.0248899 0.0249979 1.78089
-0.18215 0.126852 0.0248504 0.0249981 1.78089
-0.174168 0.132877 0.0248078 0.0249982 1.78089
-0.165988 0.138632 0.0247625 0.0249984 1.78089
-0.157618 0.144106 0.0247147 0.0249986 1.78089
-0.149067 0.149292 0.0246646 0.0249988 1.78089
-0.140345 0.154184 0.0246128 0.024999 1.78089
-0.131463 0.15878 0.0245594 0.0249991 1.78089
-0.122434 0.163081 0.0245048 0.0249993 1.78089
-0.113274 0.167094 0.0244493 0.0249994 1.78089
-0.103998 0.17083 0.0243933 0.0249996 1.78089
-0.0946229 0.17431 0.0243368 0.0249997 1.78089
-0.0851671 0.177564 0.0242803 0.0249998 1.78089
-0.0756534 0.180644 0.0242237 0.0249999 1.78089
-0.0661359 0.183713 0.0241671 0.0249999 1.78089
