-1.54155 -0.117912 0.0250919 0.0250001 3.08154
-1.53676 -0.109133 0.0250841 0.0250001 3.08154
-1.53209 -0.100293 0.0250764 0.0250003 3.08154
-1.52753 -0.0913928 0.0250686 0.0250004 3.08154
-1.52308 -0.0824371 0.0250608 0.0250006 3.08154
-1.51873 -0.0734352 0.0250529 0.0250007 3.08154
-1.51445 -0.0643988 0.025045 0.0250009 3.08154
-1.51021 -0.0553416 0.025037 0.025001 3.08154
-1.50598 -0.0462791 0.0250288 0.0250011 3.08154
-1.50173 -0.0372284 0.0250204 0.0250013 3.08154
-1.49742 -0.0282085 0.0250118 0.0250014 3.08154
-1.493 -0.0192404 0.025003 0.0250015 3.08154
-1.48843 -0.0103476 0.0249941 0.0250016 3.08154
-1.48366 -0.00155665 0.024985 0.0250017 3.08154
-1.47866 0.00710273 0.0249758 0.0250017 3.08154
-1.47339 0.015597 0.0249667 0.0250017 3.08154
-1.4678 0.0238885 0.0249579 0.0250017 3.08154
-1.46187 0.0319357 0.0249495 0.0250017 3.08154
-1.45556 0.0396926 0.0249417 0.0250016 3.08154
-1.44885 0.0471095 0.0249348 0.0250015 3.08154
-1.44174 0.0541329 0.024929 0.0250013 3.08154
-1.4342 0.0607065 0.0249246 0.0250012 3.08154
-1.42625 0.0667726 0.0249216 0.025001 3.08154
-1.4179 0.0722729 0.0249203 0.0250008 3.08154
-1.40917 0.0771505 0.0249206 0.0250005 3.08154
-1.4001 0.0813514 0.0249227 0.0250003 3.08154
-1.39072 0.0848263 0.0249264 0.0250001 3.08154
-1.3811 0.0875324 0.0249318 0.0249998 3.08154
-1.37128 0.0894349 0.0249386 0.0249996 3.08154
-1.36134 0.0905088 0.0249467 0.0249994 3.08154
-1.35134 0.0907393 0.0249559 0.0249993 3.08154
-1.34136 0.0901231 0.0249659 0.0249991 3.08154
-1.33146 0.0886685 0.0249764 0.0249991 3.08154
-1.32172 0.0863949 0.0249871 0.024999 3.08154
-1.3122 0.0833319 0.0249976 0.024999 3.08154
-1.30296 0.0795186 0.0250077 0.0249991 3.08154
-1.29403 0.0750015 0.0250171 0.0249991 3.08154
-1.28547 0.0698329 0.0250254 0.0249992 3.08154
-1.2773 0.0640698 0.0250325 0.0249992 3.08154
-1.26953 0.057772 0.0250382 0.0249992 3.08154
-1.26217 0.0509999 0.0250425 0.0249992 3.08154
-1.25522 0.0438132 0.0250454 0.0249992 3.08154
-1.24865 0.0362694 0.025047 0.0249992 3.08154
-1.24245 0.0284228 0.0250472 0.0249991 3.08154
-1.23659 0.0203242 0.0250463 0.0249991 3.08154
-1.23101 0.0120199 0.0250443 0.0249991 3.08154
-1.22569 0.00355267 0.0250414 0.0249991 3.08154
-1.22057 -0.00503908 0.0250376 0.0249991 3.08154
-1.21561 -0.0137203 0.025033 0.0249992 3.08154
-1.21074 -0.0224589 0.0250277 0.0249992 3.08154
-1.20593 -0.031225 0.0250216 0.0249993 3.08154
-1.20112 -0.0399899 0.0250149 0.0249995 3.08154
-1.19625 -0.0487258 0.0250075 0.0249996 3.08154
-1.19128 -0.057405 0.0249993 0.0249998 3.08154
-1.18617 -0.0659989 0.0249905 0.025 3.08154
-1.18087 -0.0744784 0.0249809 0.0250002 3.08154
-1.17534 -0.0828127 0.0249706 0.0250004 3.08154
-1.16956 -0.0909696 0.0249596 0.0250006 3.08154
-1.16349 -0.0989157 0.024948 0.0250008 3.08154
-1.15711 -0.106616 0.0249356 0.0250011 3.08154
-1.1504 -0.114034 0.0249227 0.0250012 3.08154
-1.14336 -0.121135 0.0249092 0.0250014 3.08154
-1.13598 -0.127879 0.024895 0.0250016 3.08154
-1.12826 -0.134232 0.0248804 0.0250018 3.08154
-1.12021 -0.140157 0.0248653 0.0250019 3.08154
-1.11183 -0.145621 0.0248498 0.025002 3.08154
-1.10316 -0.15059 0.024834 0.0250021 3.08154
-1.0942 -0.155036 0.0248179 0.0250022 3.08154
-1.08499 -0.158931 0.0248016 0.0250022 3.08154
-1.07556 -0.162251 0.0247854 0.0250022 3.08154
-1.06594 -0.164978 0.0247693 0.0250022 3.08154
-1.05617 -0.167094 0.0247536 0.0250022 3.08154
-1.04629 -0.168588 0.0247385 0.0250021 3.08154
-1.03633 -0.169451 0.0247242 0.0250019 3.08154
-1.02633 -0.169679 0.024711 0.0250018 3.08154
-1.01634 -0.169272 0.024699 0.0250016 3.08154
-1.00639 -0.168236 0.0246886 0.0250014 3.08154
-0.996534 -0.166577 0.0246799 0.0250011 3.08154
-0.986795 -0.164309 0.0246733 0.0250008 3.08154
-0.977214 -0.161447 0.0246689 0.0250005 3.08154
-0.967823 -0.15801 0.0246668 0.0250002 3.08154
-0.958654 -0.15402 0.0246673 0.0249999 3.08154
-0.949733 -0.149502 0.0246704 0.0249997 3.08154
-0.941083 -0.144483 0.0246763 0.0249994 3.08154
-0.932726 -0.13899 0.0246849 0.0249991 3.08154
-0.924677 -0.133054 0.0246963 0.0249989 3.08154
-0.91695 -0.126705 0.0247103 0.0249987 3.08154
-0.909552 -0.119975 0.0247268 0.0249986 3.08154
-0.902489 -0.112895 0.0247457 0.0249985 3.08154
-0.89576 -0.105496 0.0247668 0.0249984 3.08154
-0.889362 -0.0978088 0.0247898 0.0249983 3.08154
-0.883287 -0.0898636 0.0248146 0.0249983 3.08154
-0.877525 -0.0816892 0.0248408 0.0249984 3.08154
-0.872059 -0.0733135 0.0248683 0.0249985 3.08154
-0.866872 -0.064763 0.0248967 0.0249986 3.08154
-0.861939 -0.0560629 0.0249258 0.0249988 3.08154
-0.857235 -0.0472374 0.0249554 0.024999 3.08154
-0.852729 -0.0383096 0.0249853 0.0249992 3.08154
-0.848383 -0.0293028 0.0250153 0.0249994 3.08154
-0.844151 -0.0202419 0.0250453 0.0249997 3.08154
-0.839925 -0.0111789 0.0250752 0.0249999 3.08154
