-0.902955 0.0577314 0.0251 0.0250001 1.92096
-0.895586 0.0644914 0.0251 0.0250002 1.92096
-0.88809 0.0711096 0.0251 0.0250003 1.92096
-0.880432 0.0775404 0.0250999 0.0250004 1.92096
-0.872584 0.0837377 0.0250998 0.0250005 1.92096
-0.864523 0.0896543 0.0250996 0.0250006 1.92096
-0.85623 0.0952413 0.0250996 0.0250006 1.92096
-0.847693 0.100448 0.0250995 0.0250006 1.92096
-0.838908 0.105225 0.0250995 0.0250005 1.92096
-0.829878 0.10952 0.0250996 0.0250005 1.92096
-0.820613 0.113283 0.0250996 0.0250004 1.92096
-0.811134 0.116466 0.0250996 0.0250003 1.92096
-0.801467 0.119025 0.0250995 0.0250002 1.92096
-0.791648 0.120919 0.0250992 0.0250001 1.92096
-0.78172 0.122115 0.0250986 0.025 1.92096
-0.771731 0.122585 0.0250977 0.0249998 1.92096
-0.761735 0.122311 0.0250965 0.0249997 1.92096
-0.751787 0.121283 0.0250949 0.0249996 1.92096
-0.741947 0.119501 0.0250931 0.0249996 1.92096
-0.732271 0.116973 0.0250909 0.0249996 1.92096
-0.722816 0.113717 0.0250886 0.0249996 1.92096
-0.713632 0.109759 0.025086 0.0249995 1.92096
-0.704765 0.105135 0.0250833 0.0249995 1.92096
-0.696255 0.0998831 0.0250804 0.0249995 1.92096
-0.688131 0.0940512 0.0250773 0.0249995 1.92096
-0.680415 0.0876892 0.0250739 0.0249995 1.92096
-0.673119 0.0808497 0.0250701 0.0249995 1.92096
-0.666245 0.0735862 0.0250658 0.0249996 1.92096
-0.659786 0.0659517 0.0250609 0.0249996 1.92096
-0.653725 0.0579977 0.0250553 0.0249997 1.92096
-0.648036 0.0497733 0.0250488 0.0249999 1.92096
-0.642687 0.0413242 0.0250415 0.025 1.92096
-0.637637 0.032693 0.0250331 0.0250002 1.92096
-0.632842 0.0239182 0.0250237 0.0250004 1.92096
-0.628249 0.0150354 0.0250133 0.0250005 1.92096
-0.623807 0.00607683 0.0250019 0.0250007 1.92096
-0.619458 -0.00292729 0.0249894 0.0250008 1.92096
-0.615145 -0.0119484 0.0249759 0.025001 1.92096
-0.610809 -0.0209585 0.0249614 0.0250011 1.92096
-0.606392 -0.0299294 0.0249459 0.0250012 1.92096
-0.60184 -0.0388321 0.0249295 0.0250013 1.92096
-0.597099 -0.0476355 0.0249123 0.0250014 1.92096
-0.59212 -0.0563062 0.0248945 0.0250015 1.92096
-0.586857 -0.0648078 0.0248761 0.0250015 1.92096
-0.581272 -0.0731012 0.0248574 0.0250015 1.92096
-0.575331 -0.0811438 0.0248384 0.0250015 1.92096
-0.56901 -0.0888909 0.0248194 0.0250015 1.92096
-0.56229 -0.0962952 0.0248005 0.0250014 1.92096
-0.555163 -0.103309 0.0247819 0.0250013 1.92096
-0.547629 -0.109882 0.0247639 0.0250011 1.92096
-0.539695 -0.115968 0.0247466 0.025001 1.92096
-0.531379 -0.121521 0.0247302 0.0250008 1.92096
-0.522706 -0.126498 0.024715 0.0250006 1.92096
-0.513709 -0.13086 0.0247012 0.0250003 1.92096
-0.504425 -0.134576 0.0246888 0.025 1.92096
-0.494899 -0.137618 0.0246781 0.0249997 1.92096
-0.485178 -0.139967 0.0246693 0.0249994 1.92096
-0.475313 -0.14161 0.0246625 0.0249991 1.92096
-0.465356 -0.142542 0.0246577 0.0249987 1.92096
-0.455357 -0.142765 0.0246551 0.0249984 1.92096
-0.445367 -0.142287 0.0246548 0.024998 1.92096
-0.435433 -0.141124 0.0246567 0.0249977 1.92096
-0.4256 -0.139295 0.0246609 0.0249973 1.92096
-0.415907 -0.136826 0.0246673 0.024997 1.92096
-0.406391 -0.133746 0.0246759 0.0249966 1.92096
-0.397081 -0.130087 0.0246867 0.0249963 1.92096
-0.388005 -0.125882 0.0246994 0.0249961 1.92096
-0.379183 -0.121167 0.024714 0.0249959 1.92096
-0.370631 -0.115977 0.0247303 0.0249957 1.92096
-0.362363 -0.110346 0.024748 0.0249956 1.92096
-0.354386 -0.10431 0.0247668 0.0249955 1.92096
-0.346705 -0.0979007 0.0247865 0.0249954 1.92096
-0.339321 -0.0911511 0.0248068 0.0249954 1.92096
-0.332234 -0.0840914 0.0248273 0.0249954 1.92096
-0.325438 -0.0767505 0.0248477 0.0249955 1.92096
-0.318927 -0.0691558 0.0248677 0.0249956 1.92096
-0.312692 -0.061333 0.024887 0.0249957 1.92096
-0.306723 -0.053306 0.0249052 0.0249958 1.92096
-0.301006 -0.045097 0.0249222 0.024996 1.92096
-0.295529 -0.0367267 0.0249377 0.0249962 1.92096
-0.290276 -0.0282142 0.0249513 0.0249964 1.92096
-0.28523 -0.0195771 0.024963 0.0249966 1.92096
-0.280376 -0.0108315 0.0249726 0.0249969 1.92096
-0.275694 -0.00199219 0.02498 0.0249971 1.92096
-0.271168 0.00692717 0.0249851 0.0249974 1.92096
-0.266778 0.0159141 0.0249878 0.0249976 1.92096
-0.262505 0.0249573 0.0249882 0.0249978 1.92096
-0.25833 0.0340461 0.0249862 0.0249981 1.92096
-0.254236 0.043171 0.0249821 0.0249983 1.92096
-0.250202 0.0523228 0.0249759 0.0249985 1.92096
-0.24621 0.0614929 0.0249677 0.0249987 1.92096
-0.242242 0.070673 0.0249577 0.0249988 1.92096
-0.23828 0.0798554 0.0249462 0.024999 1.92096
-0.234306 0.0890328 0.0249333 0.0249991 1.92096
-0.230307 0.0981987 0.0249193 0.0249993 1.92096
-0.226267 0.107347 0.0249044 0.0249994 1.92096
-0.222176 0.116472 0.0248887 0.0249995 1.92096
-0.218027 0.125571 0.0248725 0.0249997 1.92096
-0.213817 0.134642 0.024856 0.0249998 1.92096
-0.209553 0.143688 0.0248393 0.0249999 1.92096
-0.205284 0.152731 0.0248225 0.0249999 1.92096
