-0.53695 -0.143223 0.0250398 0.0250001 1.34067
-0.527083 -0.144846 0.0250304 0.0250001 1.34067
-0.517171 -0.146175 0.0250211 0.0250003 1.34067
-0.507218 -0.147139 0.0250119 0.0250004 1.34067
-0.497233 -0.147678 0.0250027 0.0250005 1.34067
-0.487234 -0.14774 0.0249937 0.0250006 1.34067
-0.477245 -0.14728 0.0249849 0.0250006 1.34067
-0.467298 -0.14626 0.0249765 0.0250007 1.34067
-0.457428 -0.144651 0.0249685 0.0250007 1.34067
-0.447679 -0.14243 0.0249611 0.0250006 1.34067
-0.438092 -0.139585 0.0249544 0.0250006 1.34067
-0.428715 -0.136113 0.0249484 0.0250006 1.34067
-0.419593 -0.132017 0.0249434 0.0250005 1.34067
-0.41077 -0.127311 0.0249394 0.0250005 1.34067
-0.402287 -0.122016 0.0249365 0.0250005 1.34067
-0.394181 -0.11616 0.0249346 0.0250005 1.34067
-0.386484 -0.109778 0.0249337 0.0250005 1.34067
-0.379217 -0.102909 0.0249339 0.0250005 1.34067
-0.372397 -0.0955952 0.024935 0.0250005 1.34067
-0.366032 -0.087883 0.0249369 0.0250006 1.34067
-0.360121 -0.0798183 0.0249397 0.0250006 1.34067
-0.354652 -0.0714467 0.024943 0.0250007 1.34067
-0.349608 -0.0628125 0.0249468 0.0250008 1.34067
-0.344963 -0.0539576 0.024951 0.0250009 1.34067
-0.340683 -0.0449206 0.0249553 0.025001 1.34067
-0.336728 -0.0357368 0.0249596 0.0250011 1.34067
-0.333053 -0.0264378 0.0249638 0.0250013 1.34067
-0.329606 -0.0170516 0.0249676 0.0250014 1.34067
-0.326334 -0.00760344 0.0249708 0.0250016 1.34067
-0.323179 0.00188428 0.0249733 0.0250017 1.34067
-0.320081 0.0113907 0.024975 0.0250019 1.34067
-0.316978 0.0208957 0.0249756 0.0250021 1.34067
-0.313811 0.0303789 0.024975 0.0250022 1.34067
-0.310517 0.0398189 0.0249732 0.0250024 1.34067
-0.307038 0.0491919 0.0249699 0.0250025 1.34067
-0.303315 0.0584712 0.0249651 0.0250027 1.34067
-0.299297 0.067626 0.0249589 0.0250028 1.34067
-0.294934 0.0766214 0.024951 0.0250029 1.34067
-0.290183 0.0854181 0.0249417 0.0250029 1.34067
-0.285008 0.0939722 0.0249309 0.025003 1.34067
-0.279381 0.102236 0.0249188 0.0250029 1.34067
-0.273281 0.110157 0.0249054 0.0250029 1.34067
-0.266699 0.117682 0.0248911 0.0250028 1.34067
-0.259635 0.124757 0.024876 0.0250026 1.34067
-0.252098 0.131326 0.0248604 0.0250024 1.34067
-0.244108 0.137337 0.0248446 0.0250021 1.34067
-0.235696 0.142741 0.024829 0.0250017 1.34067
-0.226899 0.147494 0.0248139 0.0250014 1.34067
-0.217763 0.151557 0.0247997 0.0250009 1.34067
-0.208339 0.154901 0.0247867 0.0250005 1.34067
-0.198684 0.157505 0.0247754 0.025 1.34067
-0.188856 0.159354 0.024766 0.0249994 1.34067
-0.178916 0.160446 0.0247589 0.0249989 1.34067
-0.16892 0.160787 0.0247543 0.0249984 1.34067
-0.158927 0.160388 0.0247525 0.0249978 1.34067
-0.148987 0.159272 0.0247536 0.0249973 1.34067
-0.139149 0.157467 0.0247578 0.0249968 1.34067
-0.129454 0.155004 0.0247649 0.0249964 1.34067
-0.119938 0.151922 0.024775 0.024996 1.34067
-0.110629 0.148259 0.0247878 0.0249956 1.34067
-0.10155 0.14406 0.0248033 0.0249953 1.34067
-0.0927156 0.139366 0.0248211 0.0249951 1.34067
-0.0841366 0.13422 0.0248409 0.0249949 1.34067
-0.0758169 0.128664 0.0248623 0.0249947 1.34067
-0.0677555 0.122739 0.0248849 0.0249946 1.34067
-0.0599473 0.116485 0.0249082 0.0249945 1.34067
-0.0523834 0.109937 0.0249318 0.0249945 1.34067
-0.0450518 0.10313 0.0249552 0.0249945 1.34067
-0.0379381 0.0960957 0.024978 0.0249946 1.34067
-0.031026 0.0888633 0.0249995 0.0249947 1.34067
-0.0242977 0.0814596 0.0250194 0.0249949 1.34067
-0.0177347 0.0739093 0.0250371 0.0249951 1.34067
-0.0113174 0.066235 0.0250524 0.0249953 1.34067
-0.00502611 0.0584572 0.0250647 0.0249955 1.34067
0.00115932 0.0505953 0.0250738 0.0249957 1.34067
0.00725901 0.0426668 0.0250795 0.024996 1.34067
0.013293 0.0346885 0.0250814 0.0249963 1.34067
0.0192809 0.0266759 0.0250794 0.0249965 1.34067
0.0252423 0.0186437 0.0250734 0.0249968 1.34067
0.0311959 0.010606 0.0250634 0.024997 1.34067
0.03716 0.00257636 0.0250493 0.0249972 1.34067
0.0431522 -0.00543214 0.0250314 0.0249974 1.34067
0.0491891 -0.0134067 0.0250096 0.0249976 1.34067
0.0552867 -0.0213348 0.0249841 0.0249978 1.34067
0.0614594 -0.0292044 0.0249553 0.024998 1.34067
0.0677208 -0.0370035 0.0249232 0.0249981 1.34067
0.0740837 -0.0447198 0.0248883 0.0249983 1.34067
0.0805596 -0.0523413 0.0248507 0.0249984 1.34067
0.087159 -0.0598561 0.0248108 0.0249985 1.34067
0.0938905 -0.0672526 0.0247689 0.0249986 1.34067
0.100761 -0.0745196 0.0247251 0.0249987 1.34067
0.107777 -0.081647 0.0246799 0.0249988 1.34067
0.114941 -0.0886253 0.0246334 0.0249989 1.34067
0.122254 -0.0954468 0.0245859 0.024999 1.34067
0.129715 -0.102106 0.0245376 0.0249992 1.34067
0.13732 -0.1086 0.0244886 0.0249993 1.34067
0.145063 -0.114929 0.0244392 0.0249994 1.34067
0.152932 -0.1211 0.0243895 0.0249995 1.34067
0.160912 -0.127127 0.0243396 0.0249997 1.34067
0.168978 -0.133039 0.0242896 0.0249998 1.34067
0.177049 -0.138943 0.0242395 0.0249999 1.34067
