-1.83348 -0.0463293 0.0251035 0.025 3.56178
-1.82782 -0.054572 0.0251013 0.025 3.56178
-1.82223 -0.0628648 0.0250991 0.0250001 3.56178
-1.81671 -0.0712045 0.0250969 0.0250001 3.56178
-1.81125 -0.0795817 0.0250946 0.0250003 3.56178
-1.80583 -0.0879829 0.0250918 0.0250004 3.56178
-1.80041 -0.0963916 0.0250885 0.0250006 3.56178
-1.79498 -0.104788 0.0250844 0.0250008 3.56178
-1.7895 -0.113151 0.0250794 0.025001 3.56178
-1.78393 -0.121455 0.0250733 0.0250012 3.56178
-1.77824 -0.129674 0.025066 0.0250014 3.56178
-1.77238 -0.137777 0.0250577 0.0250016 3.56178
-1.76632 -0.145731 0.0250484 0.0250017 3.56178
-1.76003 -0.153499 0.0250382 0.0250018 3.56178
-1.75346 -0.161043 0.0250275 0.0250018 3.56178
-1.7466 -0.168317 0.0250164 0.0250018 3.56178
-1.73942 -0.175275 0.0250054 0.0250018 3.56178
-1.73191 -0.181867 0.0249949 0.0250016 3.56178
-1.72404 -0.188039 0.0249852 0.0250015 3.56178
-1.71582 -0.193736 0.0249765 0.0250013 3.56178
-1.70726 -0.198901 0.0249691 0.0250011 3.56178
-1.69837 -0.203479 0.0249634 0.0250008 3.56178
-1.68918 -0.207415 0.0249593 0.0250005 3.56178
-1.67972 -0.21066 0.024957 0.0250002 3.56178
-1.67004 -0.213167 0.0249566 0.025 3.56178
-1.66019 -0.214899 0.024958 0.0249997 3.56178
-1.65023 -0.215824 0.0249611 0.0249994 3.56178
-1.64023 -0.215922 0.0249659 0.0249992 3.56178
-1.63026 -0.215182 0.0249721 0.0249991 3.56178
-1.62038 -0.213606 0.0249795 0.0249989 3.56178
-1.61068 -0.211206 0.0249879 0.0249988 3.56178
-1.6012 -0.208003 0.0249972 0.0249988 3.56178
-1.59202 -0.204032 0.0250069 0.0249988 3.56178
-1.58319 -0.199335 0.0250169 0.0249988 3.56178
-1.57476 -0.19396 0.0250268 0.0249989 3.56178
-1.56676 -0.187963 0.0250363 0.0249989 3.56178
-1.55921 -0.181402 0.0250452 0.024999 3.56178
-1.55213 -0.174338 0.0250531 0.0249991 3.56178
-1.54552 -0.16683 0.0250598 0.0249991 3.56178
-1.53938 -0.158939 0.0250651 0.0249992 3.56178
-1.53368 -0.150721 0.0250687 0.0249992 3.56178
-1.5284 -0.142229 0.0250706 0.0249993 3.56178
-1.5235 -0.13351 0.0250708 0.0249993 3.56178
-1.51894 -0.124609 0.0250692 0.0249994 3.56178
-1.51468 -0.115564 0.025066 0.0249995 3.56178
-1.51065 -0.106409 0.0250611 0.0249995 3.56178
-1.50681 -0.097174 0.0250547 0.0249996 3.56178
-1.50311 -0.0878859 0.025047 0.0249997 3.56178
-1.49948 -0.0785687 0.0250381 0.0249998 3.56178
-1.49586 -0.0692449 0.025028 0.025 3.56178
-1.49221 -0.0599359 0.0250169 0.0250001 3.56178
-1.48846 -0.0506636 0.0250049 0.0250003 3.56178
-1.48458 -0.0414502 0.024992 0.0250004 3.56178
-1.4805 -0.0323198 0.0249784 0.0250006 3.56178
-1.47619 -0.023298 0.0249641 0.0250008 3.56178
-1.4716 -0.0144128 0.0249492 0.025001 3.56178
-1.4667 -0.00569442 0.0249338 0.0250012 3.56178
-1.46147 0.00282474 0.024918 0.0250014 3.56178
-1.45587 0.0111101 0.0249019 0.0250015 3.56178
-1.44989 0.0191256 0.0248856 0.0250017 3.56178
-1.44353 0.0268337 0.0248691 0.0250019 3.56178
-1.43676 0.0341965 0.0248526 0.025002 3.56178
-1.4296 0.0411759 0.0248361 0.0250022 3.56178
-1.42206 0.0477347 0.0248197 0.0250023 3.56178
-1.41414 0.0538369 0.0248036 0.0250024 3.56178
-1.40586 0.0594487 0.0247878 0.0250024 3.56178
-1.39726 0.0645386 0.0247724 0.0250024 3.56178
-1.38835 0.0690785 0.0247576 0.0250025 3.56178
-1.37917 0.0730435 0.0247434 0.0250024 3.56178
-1.36976 0.0764126 0.02473 0.0250024 3.56178
-1.36015 0.0791685 0.0247176 0.0250023 3.56178
-1.35038 0.0812984 0.0247061 0.0250022 3.56178
-1.34049 0.0827933 0.0246959 0.025002 3.56178
-1.33053 0.0836488 0.0246869 0.0250018 3.56178
-1.32053 0.0838644 0.0246793 0.0250016 3.56178
-1.31054 0.0834439 0.0246732 0.0250014 3.56178
-1.3006 0.0823953 0.0246688 0.0250011 3.56178
-1.29074 0.0807302 0.0246662 0.0250009 3.56178
-1.281 0.0784638 0.0246656 0.0250006 3.56178
-1.27142 0.0756146 0.0246669 0.0250003 3.56178
-1.26202 0.072204 0.0246704 0.025 3.56178
-1.25283 0.0682563 0.0246761 0.0249997 3.56178
-1.24388 0.0637974 0.0246841 0.0249995 3.56178
-1.23518 0.0588547 0.0246944 0.0249992 3.56178
-1.22676 0.0534574 0.024707 0.024999 3.56178
-1.21863 0.047635 0.0247218 0.0249988 3.56178
-1.2108 0.041418 0.0247387 0.0249987 3.56178
-1.20327 0.0348368 0.0247577 0.0249986 3.56178
-1.19604 0.027922 0.0247785 0.0249985 3.56178
-1.18912 0.0207036 0.024801 0.0249984 3.56178
-1.1825 0.013211 0.0248251 0.0249984 3.56178
-1.17616 0.00547275 0.0248504 0.0249984 3.56178
-1.1701 -0.00248366 0.0248769 0.0249985 3.56178
-1.1643 -0.0106319 0.0249042 0.0249985 3.56178
-1.15874 -0.0189466 0.0249323 0.0249987 3.56178
-1.1534 -0.0274039 0.0249608 0.0249988 3.56178
-1.14826 -0.0359807 0.0249896 0.024999 3.56178
-1.14328 -0.0446547 0.0250186 0.0249992 3.56178
-1.13844 -0.0534036 0.0250476 0.0249995 3.56178
-1.13369 -0.0622031 0.0250766 0.0249997 3.56178
-1.12894 -0.0710042 0.0251054 0.0249999 3.56178
