-1.31107 0.0713309 0.0249818 0.0250001 2.68134
-1.30315 0.0652248 0.0249843 0.0250001 2.68134
-1.29541 0.0588972 0.0249869 0.0250003 2.68134
-1.28788 0.0523207 0.0249893 0.0250004 2.68134
-1.28058 0.0454824 0.0249918 0.0250006 2.68134
-1.27354 0.0383801 0.0249942 0.0250008 2.68134
-1.26678 0.03102 0.0249965 0.0250009 2.68134
-1.26028 0.0234143 0.0249988 0.0250011 2.68134
-1.25407 0.0155801 0.0250009 0.0250013 2.68134
-1.24813 0.00753789 0.025003 0.0250014 2.68134
-1.24245 -0.000689529 0.0250048 0.0250016 2.68134
-1.23701 -0.00907794 0.0250064 0.0250017 2.68134
-1.23178 -0.0176024 0.0250078 0.0250019 2.68134
-1.22674 -0.026238 0.0250088 0.0250021 2.68134
-1.22185 -0.0349595 0.0250095 0.0250022 2.68134
-1.21707 -0.0437423 0.0250097 0.0250024 2.68134
-1.21236 -0.0525617 0.0250095 0.0250025 2.68134
-1.20768 -0.0613925 0.0250087 0.0250027 2.68134
-1.20296 -0.0702093 0.0250075 0.0250028 2.68134
-1.19817 -0.0789852 0.0250057 0.0250029 2.68134
-1.19326 -0.0876915 0.0250035 0.025003 2.68134
-1.18817 -0.0962971 0.0250008 0.0250031 2.68134
-1.18286 -0.104768 0.0249979 0.0250031 2.68134
-1.17728 -0.113066 0.0249947 0.0250031 2.68134
-1.1714 -0.121149 0.0249915 0.025003 2.68134
-1.16518 -0.128973 0.0249884 0.0250029 2.68134
-1.15858 -0.136487 0.0249855 0.0250027 2.68134
-1.1516 -0.143638 0.0249831 0.0250025 2.68134
-1.1442 -0.15037 0.0249813 0.0250023 2.68134
-1.1364 -0.156623 0.0249803 0.0250021 2.68134
-1.1282 -0.162339 0.02498 0.0250018 2.68134
-1.11961 -0.167459 0.0249807 0.0250015 2.68134
-1.11066 -0.171927 0.0249823 0.0250012 2.68134
-1.1014 -0.175691 0.0249847 0.0250009 2.68134
-1.09187 -0.178706 0.024988 0.0250006 2.68134
-1.08212 -0.180933 0.0249919 0.0250002 2.68134
-1.07222 -0.182345 0.0249964 0.0249999 2.68134
-1.06224 -0.182924 0.0250014 0.0249995 2.68134
-1.05224 -0.182662 0.0250067 0.0249991 2.68134
-1.0423 -0.181567 0.0250123 0.0249986 2.68134
-1.03248 -0.179654 0.0250181 0.0249982 2.68134
-1.02285 -0.17695 0.0250241 0.0249978 2.68134
-1.01347 -0.173492 0.0250302 0.0249974 2.68134
-1.00437 -0.169325 0.0250365 0.0249971 2.68134
-0.995614 -0.164497 0.025043 0.0249969 2.68134
-0.987215 -0.159064 0.0250494 0.0249966 2.68134
-0.979199 -0.153082 0.0250559 0.0249965 2.68134
-0.971573 -0.146608 0.0250623 0.0249964 2.68134
-0.964339 -0.139699 0.0250684 0.0249963 2.68134
-0.957488 -0.132411 0.0250742 0.0249962 2.68134
-0.951002 -0.124795 0.0250797 0.0249962 2.68134
-0.944859 -0.116901 0.0250845 0.0249963 2.68134
-0.939028 -0.108773 0.0250887 0.0249963 2.68134
-0.933476 -0.100452 0.0250921 0.0249964 2.68134
-0.928164 -0.0919765 0.0250947 0.0249965 2.68134
-0.923053 -0.0833785 0.0250962 0.0249966 2.68134
-0.918099 -0.0746888 0.0250966 0.0249968 2.68134
-0.91326 -0.0659347 0.0250959 0.0249969 2.68134
-0.908492 -0.0571414 0.025094 0.024997 2.68134
-0.903755 -0.0483323 0.0250907 0.0249972 2.68134
-0.899005 -0.0395297 0.0250862 0.0249973 2.68134
-0.894205 -0.030755 0.0250802 0.0249975 2.68134
-0.889315 -0.0220294 0.025073 0.0249976 2.68134
-0.884303 -0.0133742 0.0250644 0.0249977 2.68134
-0.879135 -0.00481083 0.0250544 0.0249978 2.68134
-0.873783 0.00363853 0.0250431 0.0249979 2.68134
-0.868222 0.0119512 0.0250305 0.0249981 2.68134
-0.862428 0.0201037 0.0250166 0.0249982 2.68134
-0.856384 0.028072 0.0250015 0.0249983 2.68134
-0.850073 0.0358313 0.0249853 0.0249984 2.68134
-0.843486 0.0433565 0.0249679 0.0249985 2.68134
-0.836613 0.0506217 0.0249494 0.0249985 2.68134
-0.82945 0.0576013 0.02493 0.0249986 2.68134
-0.821996 0.0642694 0.0249098 0.0249987 2.68134
-0.814254 0.0706004 0.0248888 0.0249988 2.68134
-0.80623 0.0765693 0.0248672 0.0249988 2.68134
-0.797932 0.0821519 0.0248452 0.0249988 2.68134
-0.789373 0.0873251 0.024823 0.0249989 2.68134
-0.780568 0.0920673 0.0248007 0.0249989 2.68134
-0.771535 0.0963587 0.0247787 0.0249989 2.68134
-0.762293 0.100182 0.0247571 0.0249988 2.68134
-0.752866 0.10352 0.0247362 0.0249988 2.68134
-0.743277 0.106362 0.0247162 0.0249987 2.68134
-0.733553 0.108697 0.0246973 0.0249986 2.68134
-0.723719 0.110519 0.0246799 0.0249985 2.68134
-0.713803 0.111824 0.0246641 0.0249984 2.68134
-0.703833 0.112611 0.02465 0.0249983 2.68134
-0.693835 0.112885 0.0246378 0.0249982 2.68134
-0.683836 0.112652 0.0246276 0.0249982 2.68134
-0.673862 0.111922 0.0246193 0.0249981 2.68134
-0.663934 0.110709 0.024613 0.0249981 2.68134
-0.654074 0.10903 0.0246086 0.0249981 2.68134
-0.644301 0.106906 0.0246058 0.0249982 2.68134
-0.634629 0.104361 0.0246047 0.0249983 2.68134
-0.625069 0.101422 0.0246049 0.0249984 2.68134
-0.615629 0.0981201 0.0246062 0.0249986 2.68134
-0.606309 0.0944917 0.0246084 0.0249988 2.68134
-0.597106 0.0905773 0.0246112 0.0249991 2.68134
-0.588008 0.0864254 0.0246145 0.0249993 2.68134
-0.578991 0.0820998 0.024618 0.0249997 2.68134
-0.56998 0.0777641 0.0246215 0.0249998 2.68134
