2.5e-08 0 4.76e+06 0 5.55112e-11
0.00200007 0.0145016 -0.160298 0.276596 226.961
0.00400013 0.041823 -0.327471 -0.219635 57.1628
0.00600017 0.0709179 -0.211064 -0.488532 199.661
0.00800022 0.0874188 -0.1371 -0.868165 287.863
0.0100003 0.0863876 0.00490362 -0.956841 184.043
0.0120003 0.0759234 0.0313167 -1.27006 10.4675
0.0140004 0.0677847 -0.0502498 -0.713401 175.871
0.0160004 0.0707287 -0.138919 -0.211364 215.772
0.0180005 0.085173 -0.199424 -0.0570838 124.492
0.0200005 0.1044 -0.188004 -0.00346787 27.0708
0.0220006 0.119349 -0.158395 -0.517248 117.798
0.0240006 0.125164 -0.0845909 -0.867492 113.538
0.0260007 0.123105 -0.0327161 -1.33982 20.3343
0.0280007 0.11985 -0.0409331 -1.41855 81.7266
0.0300008 0.121296 -0.0461819 -1.47671 129.675
0.0320008 0.129787 -0.0584535 -1.27003 103.182
0.0340009 0.1426 -0.0774753 -1.081 31.403
0.0360009 0.154528 -0.0876599 -1.1355 38.0134
0.038001 0.161732 -0.0744621 -1.33389 50.4152
0.040001 0.163851 -0.0593169 -1.6441 9.44197
0.0420011 0.164084 -0.0504512 -1.82805 54.3905
0.0440011 0.166258 -0.0502818 -1.8924 93.3376
0.0460012 0.172413 -0.0632203 -1.80195 89.1704
0.0480012 0.181575 -0.0853755 -1.74957 52.3815
0.0500013 0.190865 -0.0703852 -1.81141 16.3642
0.0520013 0.197699 -0.0554634 -1.90361 10.5533
0.0540014 0.201468 -0.0866621 -2.15186 22.2752
0.0560014 0.203717 -0.0361433 -2.43018 56.3873
0.0580015 0.206871 -0.0469717 -2.51071 84.0224
0.0600015 0.212246 -0.0828379 -2.66558 82.1845
0.0620016 0.219494 -0.0295325 -2.64986 64.385
0.0640016 0.226964 -0.079953 -2.74931 42.6572
0.0660017 0.233054 -0.0500192 -2.82391 36.1492
0.0680017 0.237313 -0.0620746 -3.07815 49.4196
0.0700018 0.240719 -0.0612821 -3.16187 69.3479
0.0720018 0.244451 -0.0681853 -3.42509 87.7936
0.0740019 0.249574 -0.0594017 -3.55103 86.8911
0.0760019 0.255714 -0.050997 -3.74625 79.2939
0.078002 0.26208 -0.0862976 -4.03345 64.2442
0.080002 0.267652 -0.0522755 -4.25029 61.301
0.0820021 0.272177 -0.0656188 -4.33525 69.4831
0.0840021 0.276028 -0.0675021 -4.45615 84.3017
0.0860022 0.280112 -0.0321854 -4.46407 98.4754
0.0880022 0.284918 -0.0814301 -4.62086 101.868
0.0900023 0.290513 -0.0393147 -4.55366 98.4696
0.0920023 0.296144 -0.0677446 -4.60807 93.1418
0.0940024 0.30123 -0.0612326 -4.81739 94.0993
0.0960024 0.305656 -0.0493502 -5.09469 99.5151
0.0980025 0.309802 -0.0741447 -5.31156 110.275
0.100003 0.314178 -0.0645892 -5.49259 115.395
0.102003 0.318922 -0.0463284 -5.68639 119.002
0.104003 0.324236 -0.0703074 -5.74413 113.844
0.106003 0.329625 -0.0555404 -5.92292 109.807
0.108003 0.334751 -0.0786124 -6.09218 107.495
0.110003 0.339403 -0.0368171 -6.25733 108.735
0.112003 0.34387 -0.0858267 -6.43739 115.337
0.114003 0.348446 -0.0471798 -6.5633 116.351
0.116003 0.353185 -0.0756451 -6.83269 118.882
0.118003 0.358301 -0.0720824 -6.93478 113.586
0.120003 0.36334 -0.0512411 -7.05599 112.711
0.122003 0.368254 -0.0813516 -6.9796 112.279
0.124003 0.372669 -0.0572078 -7.2638 115.495
0.126003 0.377113 -0.0771051 -7.42815 119.309
0.128003 0.381654 -0.0523213 -7.71907 119.264
0.130003 0.386505 -0.0815042 -7.85262 118.745
0.132003 0.391481 -0.070089 -7.97726 114.242
0.134003 0.39623 -0.0816539 -8.27518 114.488
0.136003 0.400892 -0.0585061 -8.30728 113.309
0.138003 0.405235 -0.0705488 -8.59019 117.329
0.140004 0.409723 -0.0952462 -8.79262 118.198
0.142004 0.414257 -0.0518231 -9.06794 117.178
0.144004 0.419036 -0.0910602 -9.29491 115.787
0.146004 0.423839 -0.0701412 -9.58532 112.027
0.148004 0.428462 -0.075363 -9.87132 110.983
0.150004 0.433015 -0.0794731 -10.0584 110.409
0.152004 0.43737 -0.0746054 -10.4664 111.586
0.154004 0.4419 -0.0734256 -10.549 111.473
0.156004 0.446403 -0.0692257 -10.852 111.297
0.158004 0.451041 -0.0593213 -11.0414 109.749
0.160004 0.45561 -0.0949887 -11.3383 108.669
0.162004 0.460198 -0.0681166 -11.329 107.737
0.164004 0.464582 -0.0629908 -11.6234 108.872
0.166004 0.469046 -0.0811411 -11.7521 109.709
0.168004 0.473396 -0.0616761 -12.0247 110.023
0.170004 0.477899 -0.0679089 -12.1696 109.488
0.172004 0.482488 -0.0619297 -12.3779 108.185
0.174004 0.487018 -0.0685788 -12.5349 107.511
0.176004 0.491439 -0.0639318 -12.6759 107.642
0.178004 0.495785 -0.0744485 -12.8354 109.301
0.180005 0.500119 -0.045246 -12.9159 109.294
0.182005 0.504459 -0.0583859 -13.1512 110.872
0.184005 0.50897 -0.0661831 -13.2483 109.846
0.186005 0.513386 -0.0572335 -13.3629 109.727
0.188005 0.517753 -0.0576455 -13.4532 109.921
0.190005 0.522063 -0.0647157 -13.5962 110.952
0.192005 0.526376 -0.0632181 -13.6661 112.123
0.194005 0.53064 -0.062653 -13.7971 112.882
0.196005 0.534972 -0.0704575 -13.8414 113.373
0.198005 0.539293 -0.0509743 -13.9541 113.381
0.200005 0.543621 -0.0571365 -14.0301 114.032
0.202005 0.547888 -0.0652588 -14.1062 115.107
0.204005 0.552076 -0.0638509 -14.1857 116.392
0.206005 0.556259 -0.058348 -14.3232 117.238
0.208005 0.560573 -0.063174 -14.3964 117.565
0.210005 0.564878 -0.0647019 -14.507 117.543
0.212005 0.569126 -0.0618483 -14.5715 117.584
0.214005 0.573319 -0.0676714 -14.6319 118.846
0.216005 0.57748 -0.0559539 -14.6286 119.899
0.218005 0.581553 -0.055218 -14.8062 121.645
0.220006 0.585763 -0.0600198 -14.8503 121.73
0.222006 0.589986 -0.0658762 -14.9536 122.415
0.224006 0.59421 -0.0566254 -14.9604 121.988
0.226006 0.598317 -0.0627401 -15.0194 123.28
0.228006 0.602392 -0.0635152 -15.0816 124.825
0.230006 0.606444 -0.0596021 -15.1616 126.273
0.232006 0.610544 -0.0662436 -15.2068 127.004
0.234006 0.614664 -0.059647 -15.3117 127.237
0.236006 0.618841 -0.0541269 -15.3066 127.413
0.238006 0.622932 -0.0562431 -15.3691 127.917
0.240006 0.626945 -0.0646377 -15.4345 129.684
0.242006 0.630906 -0.0577006 -15.4976 131.107
0.244006 0.634913 -0.0577376 -15.5143 132.32
0.246006 0.638966 -0.06172 -15.6098 132.783
0.248006 0.643062 -0.0596866 -15.6773 132.883
0.250006 0.64713 -0.0604219 -15.6764 133.234
0.252006 0.65111 -0.0602396 -15.6692 134.249
0.254006 0.654997 -0.0563569 -15.7231 136.386
0.256006 0.658883 -0.0530844 -15.7667 137.758
0.258006 0.662822 -0.0632116 -15.8797 139.096
0.260007 0.666889 -0.0609914 -15.8549 138.554
0.262007 0.670882 -0.0593688 -15.9123 139.127
0.264007 0.674824 -0.0616525 -15.9382 139.95
0.266007 0.678695 -0.0643268 -15.9689 141.401
0.268007 0.682538 -0.0620228 -16.0094 143.067
0.270007 0.686387 -0.062114 -16.1032 144.242
0.272007 0.690341 -0.0604814 -16.0916 144.556
0.274007 0.694286 -0.0590489 -16.136 144.724
0.276007 0.698189 -0.0641799 -16.1807 145.387
0.278007 0.702033 -0.0647056 -16.2127 146.578
0.280007 0.705843 -0.0639912 -16.2108 147.98
0.282007 0.709616 -0.0623593 -16.2525 149.382
0.284007 0.713434 -0.0653227 -16.3356 150.495
0.286007 0.717324 -0.0628658 -16.3554 150.601
0.288007 0.721196 -0.0625959 -16.3953 150.886
0.290007 0.725051 -0.0593152 -16.3478 151.461
0.292007 0.728769 -0.0611213 -16.4288 153.201
0.294007 0.732486 -0.0634661 -16.4804 154.702
0.296007 0.736243 -0.0620996 -16.4916 155.662
0.298007 0.740055 -0.0621237 -16.4879 156.373
0.300008 0.743828 -0.0622064 -16.5865 156.881
0.302008 0.747647 -0.0629208 -16.5113 157.268
0.304008 0.751344 -0.0615321 -16.6079 158.625
0.306008 0.755054 -0.0620858 -16.6067 159.758
0.308008 0.758735 -0.060591 -16.6684 160.975
0.310008 0.76248 -0.0629977 -16.6292 161.711
0.312008 0.766172 -0.0637157 -16.7044 162.6
0.314008 0.769902 -0.0655717 -16.7248 163.161
0.316008 0.773616 -0.0619295 -16.7381 164.001
0.318008 0.777288 -0.0640576 -16.7378 164.81
0.320008 0.780933 -0.0642453 -16.7475 166.247
0.322008 0.784552 -0.0638618 -16.8256 167.365
0.324008 0.788223 -0.0643438 -16.8316 168.136
0.326008 0.79191 -0.0641194 -16.8312 168.666
0.328008 0.795585 -0.0670653 -16.8153 169.431
0.330008 0.799168 -0.0640231 -16.9259 170.594
0.332008 0.802808 -0.0650317 -16.8842 171.418
0.334008 0.806414 -0.0621813 -16.9191 172.535
0.336008 0.810012 -0.0645253 -16.9767 173.476
0.338008 0.813641 -0.0629206 -16.9381 174.087
0.340009 0.817239 -0.0641008 -16.9586 175.143
0.342009 0.820812 -0.0641093 -17.0081 176.023
0.344009 0.824394 -0.0655306 -17.0285 176.875
0.346009 0.827983 -0.0641277 -17.0342 177.727
0.348009 0.831558 -0.0653999 -17.0384 178.409
0.350009 0.835105 -0.0641474 -17.0759 179.689
0.352009 0.838644 -0.0659656 -17.0892 180.485
0.354009 0.842177 -0.0656302 -17.1081 181.628
0.356009 0.84575 -0.066263 -17.0684 182.161
0.358009 0.849261 -0.0658024 -17.1376 183.285
0.360009 0.852789 -0.0643714 -17.1587 183.964
0.362009 0.856321 -0.0663342 -17.1734 184.839
0.364009 0.859861 -0.0624435 -17.1408 185.454
0.366009 0.863333 -0.0658574 -17.2094 186.628
0.368009 0.86683 -0.0632679 -17.2279 187.618
0.370009 0.870337 -0.0667396 -17.1817 188.47
0.372009 0.873789 -0.063643 -17.2812 189.495
0.374009 0.87732 -0.0655254 -17.2411 190.018
0.376009 0.880814 -0.0644417 -17.2458 190.83
0.378009 0.88427 -0.0664372 -17.2702 191.758
0.38001 0.88771 -0.0654153 -17.2672 192.995
0.38201 0.891139 -0.0668266 -17.3014 194.001
0.38401 0.894605 -0.0660772 -17.2934 194.847
0.38601 0.898074 -0.0671124 -17.2919 195.368
0.38801 0.901526 -0.0649585 -17.3139 196.158
0.39001 0.904959 -0.0658969 -17.3614 197.034
0.39201 0.908393 -0.0659713 -17.3435 197.992
0.39401 0.911798 -0.0652831 -17.33 199.045
0.39601 0.915191 -0.0664485 -17.3511 200.227
0.39801 0.918599 -0.0641233 -17.3818 201.096
0.40001 0.922035 -0.0677206 -17.3662 201.685
0.40201 0.925454 -0.0638734 -17.3862 202.42
0.40401 0.928859 -0.0670075 -17.3945 203.313
0.40601 0.93224 -0.0656546 -17.4078 204.314
0.40801 0.935625 -0.0682536 -17.3612 205.384
0.41001 0.938946 -0.0650538 -17.4444 206.845
0.41201 0.942352 -0.067185 -17.3631 207.368
0.41401 0.945723 -0.064848 -17.4177 208.341
0.41601 0.949134 -0.0679017 -17.3949 208.69
0.41801 0.952494 -0.0646373 -17.3938 209.735
0.420011 0.955824 -0.0681337 -17.4317 210.843
0.422011 0.959162 -0.0662914 -17.4177 211.938
0.424011 0.962502 -0.0671732 -17.4149 212.998
0.426011 0.965855 -0.065898 -17.396 213.874
0.428011 0.969187 -0.0685801 -17.4563 214.784
0.430011 0.972564 -0.0677442 -17.402 215.466
0.432011 0.975885 -0.067603 -17.4112 216.493
0.434011 0.979202 -0.0677844 -17.3866 217.553
0.436011 0.982497 -0.0671362 -17.4157 218.625
0.438011 0.985822 -0.0669974 -17.3854 219.52
0.440011 0.989127 -0.0666803 -17.4077 220.445
0.442011 0.992449 -0.0677056 -17.4182 221.342
0.444011 0.995776 -0.0677684 -17.4061 222.075
0.446011 0.999091 -0.0680539 -17.3819 223.09
0.448011 1.00237 -0.0664613 -17.3943 224.192
0.450011 1.00565 -0.0691861 -17.3668 225.338
0.452011 1.00892 -0.0669314 -17.3955 226.301
0.454011 1.01222 -0.0689904 -17.4009 227.374
0.456011 1.01553 -0.0669101 -17.336 228.017
0.458011 1.01879 -0.0680838 -17.3879 229.337
0.460012 1.02209 -0.0669087 -17.3353 230.04
0.462012 1.02534 -0.0677732 -17.3424 231.267
0.464012 1.02862 -0.0670769 -17.3221 232.109
0.466012 1.03186 -0.0701872 -17.3453 233.3
0.468012 1.03513 -0.0662105 -17.3296 234.228
0.470012 1.0384 -0.0695928 -17.2927 235.266
0.472012 1.04165 -0.0671184 -17.3187 236.331
0.474012 1.04492 -0.0691629 -17.2801 237.246
0.476012 1.04816 -0.0668143 -17.2867 238.386
0.478012 1.05142 -0.0685287 -17.2358 239.348
0.480012 1.05464 -0.0665103 -17.2571 240.615
0.482012 1.05788 -0.0689127 -17.234 241.593
0.484012 1.06112 -0.066333 -17.2219 242.621
0.486012 1.06437 -0.070491 -17.2175 243.645
0.488012 1.06761 -0.0676096 -17.1792 244.56
0.490012 1.07083 -0.0688345 -17.186 245.813
0.492012 1.07405 -0.0677369 -17.1733 246.937
0.494012 1.07728 -0.0688013 -17.1415 248.068
0.496012 1.08051 -0.0677361 -17.1152 249.142
0.498012 1.08371 -0.0698961 -17.1337 250.332
0.500013 1.08695 -0.0677615 -17.0738 251.32
0.502013 1.09015 -0.0707547 -17.0827 252.565
0.504013 1.09337 -0.0679453 -17.0532 253.6
0.506013 1.09658 -0.0706265 -17.0357 254.755
0.508013 1.0998 -0.068904 -17.0121 255.843
0.510013 1.10301 -0.068938 -16.9792 256.951
0.512013 1.10619 -0.0679672 -16.9927 258.276
0.514013 1.10941 -0.0699434 -16.9408 259.315
0.516013 1.1126 -0.0683565 -16.9545 260.636
0.518013 1.11582 -0.0709512 -16.8892 261.578
0.520013 1.11901 -0.0679687 -16.8961 262.895
0.522013 1.12221 -0.070086 -16.8549 264.029
0.524013 1.12539 -0.0679121 -16.8497 265.289
0.526013 1.12859 -0.0694659 -16.8331 266.514
0.528013 1.13179 -0.068994 -16.7733 267.68
0.530013 1.13496 -0.0690303 -16.7821 269.1
0.532013 1.13815 -0.0690912 -16.7434 270.31
0.534013 1.14134 -0.0712036 -16.7081 271.582
0.536013 1.14453 -0.0689151 -16.6893 272.79
0.538013 1.14772 -0.070932 -16.6513 274.001
0.540014 1.1509 -0.0683861 -16.6304 275.227
0.542014 1.15407 -0.0702624 -16.6019 276.567
0.544014 1.15724 -0.0694503 -16.5921 277.983
0.546014 1.16042 -0.0710524 -16.5427 279.325
0.548014 1.1636 -0.0704668 -16.5232 280.717
0.550014 1.16679 -0.0697766 -16.4667 281.918
0.552014 1.16996 -0.0693488 -16.446 283.263
0.554014 1.17313 -0.07069 -16.4068 284.62
0.556014 1.17629 -0.0693042 -16.3986 285.965
0.558014 1.17947 -0.0706471 -16.361 287.383
0.560014 1.18265 -0.0702587 -16.3174 288.687
0.562014 1.18581 -0.0715812 -16.2999 290.247
0.564014 1.18898 -0.0713955 -16.254 291.668
0.566014 1.19215 -0.0710701 -16.2299 293.214
0.568014 1.19533 -0.0707467 -16.1653 294.59
0.570014 1.19849 -0.0704581 -16.1286 296.048
0.572014 1.20165 -0.073154 -16.1183 297.526
0.574014 1.20482 -0.0708162 -16.0471 298.987
0.576014 1.20797 -0.0708657 -16.0414 300.59
0.578014 1.21114 -0.0709427 -15.9817 301.97
0.580015 1.21432 -0.0707041 -15.9544 303.432
0.582015 1.21749 -0.0710043 -15.9167 304.842
0.584015 1.22066 -0.0714406 -15.876 306.433
0.586015 1.22381 -0.0713681 -15.8381 308.097
0.588015 1.22697 -0.0721653 -15.7957 309.843
0.590015 1.23012 -0.0708535 -15.7551 311.495
0.592015 1.2333 -0.0716156 -15.6903 313.068
0.594015 1.23646 -0.0701535 -15.6589 314.567
0.596015 1.23963 -0.0728169 -15.6215 316.182
0.598015 1.24279 -0.0720713 -15.5865 317.857
0.600015 1.24596 -0.0712865 -15.5275 319.601
0.602015 1.24912 -0.0716616 -15.4741 321.308
0.604015 1.25228 -0.0719633 -15.4283 323.013
0.606015 1.25544 -0.0730721 -15.3985 324.73
0.608015 1.2586 -0.0722536 -15.3454 326.453
0.610015 1.26177 -0.0730057 -15.3093 328.21
0.612015 1.26494 -0.0713213 -15.2458 329.948
0.614015 1.26811 -0.0728069 -15.2104 331.808
0.616015 1.27128 -0.0713364 -15.139 333.618
0.618015 1.27443 -0.0720188 -15.1017 335.536
0.620016 1.2776 -0.0733052 -15.0558 337.355
0.622016 1.28076 -0.0722257 -14.9999 339.237
0.624016 1.28393 -0.0720883 -14.964 341.168
0.626016 1.28711 -0.072969 -14.8842 343.052
0.628016 1.29027 -0.0733818 -14.8489 344.992
0.630016 1.29345 -0.0729718 -14.7856 346.964
0.632016 1.29661 -0.0729179 -14.7438 348.993
0.634016 1.29978 -0.0721052 -14.6765 350.992
0.636016 1.30296 -0.073526 -14.6183 352.989
0.638016 1.30613 -0.0733669 -14.5677 354.998
0.640016 1.3093 -0.0726224 -14.5177 357.059
0.642016 1.31247 -0.0732896 -14.4701 359.124
0.644016 1.31565 -0.0732373 -14.4078 361.262
0.646016 1.31883 -0.0729054 -14.3529 363.408
0.648016 1.32201 -0.0740197 -14.2785 365.63
0.650016 1.32518 -0.0741849 -14.2333 367.85
0.652016 1.32836 -0.0733949 -14.1615 370.101
0.654016 1.33154 -0.0739322 -14.1084 372.343
0.656016 1.33472 -0.073426 -14.0465 374.563
0.658016 1.33791 -0.0739564 -13.9865 376.812
0.660017 1.3411 -0.0733449 -13.9319 379.081
0.662017 1.34429 -0.0735783 -13.865 381.439
0.664017 1.34747 -0.0750371 -13.806 383.867
0.666017 1.35066 -0.0742003 -13.7312 386.356
0.668017 1.35384 -0.0743277 -13.678 388.794
0.670017 1.35704 -0.073626 -13.6038 391.208
0.672017 1.36023 -0.0746597 -13.5398 393.628
0.674017 1.36343 -0.0740447 -13.4878 396.147
0.676017 1.36662 -0.0746733 -13.4098 398.754
0.678017 1.36981 -0.0749081 -13.3557 401.351
0.680017 1.37302 -0.0745824 -13.2765 403.967
0.682017 1.37622 -0.0749174 -13.2104 406.546
0.684017 1.37943 -0.0747721 -13.1447 409.217
0.686017 1.38263 -0.0749491 -13.0791 411.927
0.688017 1.38583 -0.0741557 -13.0145 414.737
0.690017 1.38904 -0.0757782 -12.9351 417.562
0.692017 1.39225 -0.0744641 -12.8651 420.353
0.694017 1.39546 -0.0751418 -12.7952 423.149
0.696017 1.39868 -0.076234 -12.7331 425.969
0.698017 1.40189 -0.0750347 -12.6592 428.934
0.700018 1.40511 -0.0750821 -12.5791 431.949
0.702018 1.40832 -0.0750735 -12.5094 434.962
0.704018 1.41154 -0.0759852 -12.4369 437.97
0.706018 1.41476 -0.0758731 -12.3684 441.019
0.708018 1.41799 -0.0754322 -12.2901 444.125
0.710018 1.42122 -0.0760432 -12.2125 447.268
0.712018 1.42444 -0.075047 -12.1486 450.476
0.714018 1.42767 -0.0768045 -12.0639 453.756
0.716018 1.4309 -0.0761624 -11.9977 456.998
0.718018 1.43415 -0.0760181 -11.911 460.307
0.720018 1.43738 -0.0763149 -11.8362 463.657
0.722018 1.44062 -0.0753806 -11.7608 467.087
0.724018 1.44385 -0.076737 -11.6839 470.527
0.726018 1.4471 -0.0768197 -11.614 474.02
0.728018 1.45034 -0.0761511 -11.5294 477.602
0.730018 1.45359 -0.0764741 -11.4482 481.198
0.732018 1.45684 -0.0765576 -11.3693 484.821
0.734018 1.46009 -0.0768851 -11.2925 488.478
0.736018 1.46334 -0.0766258 -11.2202 492.188
0.738018 1.4666 -0.0769861 -11.1301 496.031
0.740019 1.46985 -0.0772053 -11.0548 499.881
0.742019 1.47311 -0.0765696 -10.9725 503.782
0.744019 1.47636 -0.0771461 -10.897 507.699
0.746019 1.47963 -0.077327 -10.8102 511.705
0.748019 1.48289 -0.0768766 -10.728 515.767
0.750019 1.48616 -0.0775088 -10.6484 519.869
0.752019 1.48942 -0.0770487 -10.5716 524.012
0.754019 1.4927 -0.0776871 -10.4871 528.251
0.756019 1.49597 -0.0779086 -10.4082 532.536
0.758019 1.49924 -0.0769883 -10.316 536.889
0.760019 1.50252 -0.0775688 -10.2375 541.266
0.762019 1.50579 -0.0778936 -10.1611 545.724
0.764019 1.50907 -0.0777897 -10.0727 550.288
0.766019 1.51235 -0.0774058 -9.99245 554.875
0.768019 1.51563 -0.0781475 -9.91074 559.502
0.770019 1.51892 -0.0781348 -9.82583 564.215
0.772019 1.5222 -0.0779569 -9.74212 569.001
0.774019 1.52549 -0.0775671 -9.65897 573.851
0.776019 1.52877 -0.0785041 -9.57775 578.768
0.778019 1.53206 -0.078223 -9.49764 583.76
0.78002 1.53535 -0.077816 -9.40744 588.851
0.78202 1.53864 -0.0785611 -9.33227 593.953
0.78402 1.54193 -0.0783114 -9.24667 599.163
0.78602 1.54523 -0.0781686 -9.16216 604.447
0.78802 1.54852 -0.0785758 -9.08165 609.782
0.79002 1.55182 -0.07816 -8.99797 615.222
0.79202 1.55511 -0.078873 -8.91749 620.724
0.79402 1.55841 -0.078436 -8.83838 626.301
0.79602 1.5617 -0.0787937 -8.7565 631.96
0.79802 1.565 -0.0784003 -8.67164 637.716
0.80002 1.5683 -0.0790552 -8.59401 643.523
0.80202 1.5716 -0.0781848 -8.50992 649.447
0.80402 1.57489 -0.0788816 -8.43403 655.439
0.80602 1.57819 -0.0789517 -8.35472 661.532
0.80802 1.58148 -0.0781108 -8.27316 667.693
0.81002 1.58478 -0.079543 -8.19615 673.935
0.81202 1.58808 -0.0787116 -8.12078 680.28
0.81402 1.59137 -0.0785834 -8.03992 686.709
0.81602 1.59467 -0.0791748 -7.96251 693.237
0.81802 1.59796 -0.0786228 -7.89085 699.852
0.820021 1.60125 -0.0787326 -7.81072 706.587
0.822021 1.60454 -0.0791133 -7.74064 713.377
0.824021 1.60783 -0.07914 -7.66858 720.271
0.826021 1.61112 -0.0784199 -7.59213 727.274
0.828021 1.6144 -0.0792871 -7.52269 734.374
0.830021 1.61768 -0.0789273 -7.45214 741.566
0.832021 1.62097 -0.0780212 -7.37827 748.873
0.834021 1.62424 -0.0799933 -7.3139 756.266
0.836021 1.62751 -0.0784108 -7.24701 763.788
0.838021 1.63078 -0.0784287 -7.18083 771.398
0.840021 1.63406 -0.0795706 -7.11153 779.118
0.842021 1.63732 -0.0781596 -7.05413 786.929
0.844021 1.64058 -0.0790677 -6.98643 794.864
0.846021 1.64384 -0.0784783 -6.92492 802.911
0.848021 1.64708 -0.0788847 -6.86812 811.071
0.850021 1.65033 -0.0780484 -6.81001 819.344
0.852021 1.65357 -0.0788445 -6.75192 827.716
0.854021 1.65681 -0.0783414 -6.6984 836.204
0.856021 1.66004 -0.0785547 -6.64365 844.813
0.858021 1.66327 -0.0780191 -6.59209 853.528
0.860022 1.66648 -0.0791057 -6.54218 862.365
0.862022 1.66969 -0.0775784 -6.49798 871.312
0.864022 1.6729 -0.0779503 -6.4443 880.42
0.866022 1.6761 -0.078272 -6.40446 889.604
0.868022 1.67928 -0.077653 -6.3649 898.916
0.870022 1.68247 -0.0776014 -6.31915 908.374
0.872022 1.68564 -0.0779422 -6.28578 917.905
0.874022 1.68881 -0.0776704 -6.2476 927.597
0.876022 1.69196 -0.0772982 -6.21533 937.397
0.878022 1.69511 -0.0770744 -6.17976 947.333
0.880022 1.69824 -0.0773708 -6.15303 957.392
0.882022 1.70137 -0.0769207 -6.12933 967.564
0.884022 1.70448 -0.0766019 -6.1014 977.88
0.886022 1.70759 -0.0773865 -6.08221 988.301
0.888022 1.71068 -0.0762504 -6.06462 998.848
0.890022 1.71377 -0.0762496 -6.04303 1009.55
0.892022 1.71683 -0.0762274 -6.03089 1020.36
0.894022 1.71989 -0.0763157 -6.02095 1031.29
0.896022 1.72293 -0.0753521 -6.01206 1042.36
0.898022 1.72596 -0.0755929 -6.00321 1053.57
0.900023 1.72898 -0.0755526 -6.00462 1064.89
0.902023 1.73198 -0.0749762 -6.00304 1076.34
0.904023 1.73496 -0.0746371 -6.00489 1087.93
0.906023 1.73794 -0.0751339 -6.00942 1099.64
0.908023 1.74089 -0.0742353 -6.02039 1111.46
0.910023 1.74383 -0.0745895 -6.03235 1123.43
0.912023 1.74676 -0.0734504 -6.04387 1135.53
0.914023 1.74966 -0.0742889 -6.0661 1147.73
0.916023 1.75255 -0.072708 -6.08437 1160.09
0.918023 1.75543 -0.0732713 -6.10814 1172.56
0.920023 1.75828 -0.0731274 -6.13771 1185.15
0.922023 1.76112 -0.0721192 -6.16895 1197.86
0.924023 1.76394 -0.0723996 -6.1988 1210.7
0.926023 1.76674 -0.0720265 -6.23431 1223.66
0.928023 1.76951 -0.0717854 -6.27773 1236.75
0.930023 1.77227 -0.0708045 -6.31805 1249.98
0.932023 1.77501 -0.0709887 -6.3653 1263.3
0.934023 1.77773 -0.0707247 -6.41542 1276.74
0.936023 1.78042 -0.070033 -6.47081 1290.33
0.938023 1.7831 -0.069878 -6.52167 1304
0.940024 1.78575 -0.0698184 -6.58115 1317.79
0.942024 1.78839 -0.0687667 -6.64401 1331.72
0.944024 1.791 -0.0687666 -6.7092 1345.75
0.946024 1.79358 -0.068457 -6.77703 1359.88
0.948024 1.79615 -0.0674997 -6.8517 1374.13
0.950024 1.79869 -0.0678332 -6.92201 1388.52
0.952024 1.80121 -0.0668288 -7.00262 1402.96
0.954024 1.8037 -0.0670185 -7.08144 1417.53
0.956024 1.80617 -0.065823 -7.16335 1432.23
0.958024 1.80862 -0.066395 -7.25265 1447
0.960024 1.81104 -0.0650227 -7.34174 1461.89
0.962024 1.81344 -0.0648256 -7.43272 1476.88
0.964024 1.81581 -0.0645878 -7.52522 1491.97
0.966024 1.81816 -0.0636669 -7.62677 1507.14
0.968024 1.82048 -0.0635808 -7.72644 1522.42
0.970024 1.82278 -0.0630499 -7.82843 1537.79
0.972024 1.82505 -0.0624906 -7.93579 1553.23
0.974024 1.8273 -0.0621006 -8.03855 1568.78
0.976024 1.82952 -0.0619269 -8.15321 1584.41
0.978024 1.83172 -0.0605951 -8.26584 1600.14
0.980025 1.83388 -0.060744 -8.37969 1615.94
0.982025 1.83603 -0.0601177 -8.50068 1631.8
0.984025 1.83815 -0.0595402 -8.61876 1647.78
0.986025 1.84024 -0.0588591 -8.7378 1663.83
0.988025 1.84231 -0.0588546 -8.863 1679.93
0.990025 1.84435 -0.0576753 -8.98739 1696.13
0.992025 1.84636 -0.0569847 -9.11665 1712.39
0.994025 1.84835 -0.05728 -9.24811 1728.73
0.996025 1.85031 -0.0564877 -9.37457 1745.12
0.998025 1.85224 -0.0555117 -9.50863 1761.57
1.00003 1.85415 -0.0552494 -9.64499 1778.12
1.00203 1.85604 -0.0550653 -9.7788 1794.7
1.00403 1.85789 -0.053953 -9.91747 1811.37
1.00603 1.85973 -0.0534888 -10.0552 1828.11
1.00803 1.86153 -0.0528887 -10.1914 1844.83
1.01003 1.86332 -0.0525003 -10.3388 1861.65
1.01203 1.86507 -0.0521061 -10.4801 1878.54
1.01403 1.8668 -0.0514136 -10.6188 1895.47
1.01603 1.86851 -0.0505818 -10.7606 1912.49
1.01803 1.87019 -0.0503317 -10.9068 1929.46
1.02003 1.87184 -0.0495628 -11.0579 1946.5
1.02203 1.87347 -0.0491632 -11.2044 1963.62
1.02403 1.87508 -0.0481838 -11.348 1980.81
1.02603 1.87666 -0.0479882 -11.4931 1998.07
1.02803 1.87822 -0.0476215 -11.6409 2015.28
1.03003 1.87975 -0.0465157 -11.7862 2032.52
1.03203 1.88126 -0.0458808 -11.9411 2049.83
1.03403 1.88274 -0.0458571 -12.0905 2067.15
1.03603 1.88421 -0.0454851 -12.2359 2084.52
1.03803 1.88564 -0.0444099 -12.3843 2101.99
1.04003 1.88706 -0.0438419 -12.5306 2119.44
1.04203 1.88845 -0.0431969 -12.6826 2136.89
1.04403 1.88983 -0.0426507 -12.8296 2154.29
1.04603 1.89117 -0.0421169 -12.9865 2171.83
1.04803 1.8925 -0.0415272 -13.1306 2189.38
1.05003 1.8938 -0.0414863 -13.2791 2207
1.05203 1.89508 -0.0407663 -13.4222 2224.62
1.05403 1.89634 -0.0403618 -13.5674 2242.23
1.05603 1.89758 -0.039579 -13.7167 2259.88
1.05803 1.8988 -0.0388333 -13.8609 2277.48
1.06003 1.9 -0.0377886 -14.0084 2295.11
1.06203 1.90118 -0.0378225 -14.1553 2312.75
1.06403 1.90234 -0.0372092 -14.2999 2330.44
1.06603 1.90348 -0.0369645 -14.4405 2348.14
1.06803 1.90459 -0.036071 -14.5889 2365.91
1.07003 1.90569 -0.0357013 -14.7237 2383.56
1.07203 1.90677 -0.0350693 -14.8731 2401.35
1.07403 1.90784 -0.0347423 -15.0069 2419.06
1.07603 1.90887 -0.0343015 -15.1538 2436.91
1.07803 1.9099 -0.0337209 -15.2804 2454.65
1.08003 1.91091 -0.0330909 -15.4227 2472.44
1.08203 1.91189 -0.0327619 -15.5579 2490.23
1.08403 1.91287 -0.0318604 -15.6879 2507.89
1.08603 1.91382 -0.0314362 -15.8319 2525.76
1.08803 1.91476 -0.0309437 -15.9564 2543.39
1.09003 1.91568 -0.030792 -16.0994 2561.26
1.09203 1.91658 -0.0303435 -16.2219 2578.97
1.09403 1.91747 -0.029954 -16.3542 2596.79
1.09603 1.91834 -0.0292892 -16.4807 2614.6
1.09803 1.9192 -0.0288487 -16.6022 2632.35
1.10003 1.92003 -0.0279197 -16.7337 2650.2
1.10203 1.92087 -0.0278607 -16.8502 2667.86
1.10403 1.92167 -0.0273148 -16.9796 2685.66
1.10603 1.92247 -0.0269661 -17.1008 2703.38
1.10803 1.92325 -0.0264432 -17.223 2721.17
1.11003 1.92402 -0.0261991 -17.339 2738.92
1.11203 1.92477 -0.025676 -17.4573 2756.69
1.11403 1.92551 -0.0254474 -17.5717 2774.43
1.11603 1.92624 -0.0250924 -17.6878 2792.16
1.11803 1.92695 -0.0246388 -17.8032 2809.9
1.12003 1.92765 -0.0243583 -17.9118 2827.6
1.12203 1.92834 -0.0237292 -18.0214 2845.32
1.12403 1.92902 -0.0233691 -18.1327 2863.02
1.12603 1.92968 -0.0229583 -18.237 2880.67
1.12803 1.93033 -0.0226824 -18.351 2898.37
1.13003 1.93097 -0.0220889 -18.4516 2916.02
1.13203 1.9316 -0.021769 -18.5564 2933.66
1.13403 1.93221 -0.0212196 -18.6569 2951.31
1.13603 1.93282 -0.020794 -18.7577 2968.88
1.13803 1.93341 -0.0203836 -18.8599 2986.54
1.14003 1.93399 -0.019906 -18.9492 3004.04
1.14203 1.93456 -0.0195532 -19.0532 3021.69
1.14403 1.93512 -0.0193027 -19.1415 3039.18
1.14603 1.93567 -0.019234 -19.2416 3056.76
1.14803 1.93622 -0.018837 -19.3312 3074.3
1.15003 1.93675 -0.0186294 -19.4193 3091.79
1.15203 1.93727 -0.0183009 -19.5148 3109.37
1.15403 1.93779 -0.0179879 -19.598 3126.8
1.15603 1.93829 -0.0176699 -19.6891 3144.33
1.15803 1.93878 -0.0172645 -19.7731 3161.76
1.16003 1.93927 -0.0170221 -19.8559 3179.21
1.16203 1.93974 -0.0166639 -19.9375 3196.63
1.16403 1.94021 -0.0164633 -20.0236 3214.04
1.16603 1.94067 -0.0161712 -20.1008 3231.41
1.16803 1.94112 -0.0157733 -20.1817 3248.78
1.17003 1.94157 -0.0153484 -20.2573 3266.15
1.17203 1.942 -0.0150701 -20.3357 3283.48
1.17403 1.94243 -0.01504 -20.4077 3300.8
1.17603 1.94285 -0.0149686 -20.4809 3318.06
1.17803 1.94326 -0.0147415 -20.5555 3335.38
1.18003 1.94367 -0.0144657 -20.6268 3352.59
1.18203 1.94406 -0.0140268 -20.7008 3369.87
1.18403 1.94446 -0.0137275 -20.7615 3386.99
1.18603 1.94484 -0.0133442 -20.8367 3404.25
1.18803 1.94522 -0.0131746 -20.8945 3421.35
1.19003 1.94559 -0.0129598 -20.9642 3438.51
1.19203 1.94595 -0.0126532 -21.0315 3455.66
1.19403 1.94631 -0.0125045 -21.0879 3472.71
1.19603 1.94666 -0.0121991 -21.1564 3489.85
1.19803 1.94701 -0.0120871 -21.2146 3506.88
1.20003 1.94735 -0.0119956 -21.2763 3523.94
1.20203 1.94768 -0.0119204 -21.3322 3540.95
1.20403 1.94801 -0.0116308 -21.3892 3557.94
1.20603 1.94833 -0.0112283 -21.4488 3574.94
1.20803 1.94865 -0.0110153 -21.5016 3591.88
1.21003 1.94896 -0.0108821 -21.5569 3608.82
1.21203 1.94927 -0.0109237 -21.6093 3625.72
1.21403 1.94957 -0.0108961 -21.6643 3642.61
1.21603 1.94987 -0.0106477 -21.7106 3659.48
1.21803 1.95016 -0.0103579 -21.7632 3676.31
1.22003 1.95044 -0.0101632 -21.8156 3693.18
1.22203 1.95073 -0.00996082 -21.859 3709.9
1.22403 1.951 -0.00967643 -21.9158 3726.75
1.22603 1.95128 -0.00953517 -21.9557 3743.43
1.22803 1.95154 -0.00938137 -22.0026 3760.16
1.23003 1.95181 -0.00923724 -22.0478 3776.86
1.23203 1.95207 -0.00911096 -22.0916 3793.51
1.23403 1.95232 -0.00888229 -22.1393 3810.2
1.23603 1.95257 -0.00862345 -22.1757 3826.77
1.23803 1.95282 -0.00832682 -22.2216 3843.42
1.24003 1.95306 -0.00819066 -22.2591 3859.97
1.24203 1.9533 -0.00824256 -22.2997 3876.53
1.24403 1.95354 -0.0083452 -22.3398 3893.07
1.24603 1.95377 -0.00805671 -22.3781 3909.57
1.24803 1.954 -0.00776328 -22.4149 3926.07
1.25003 1.95422 -0.00765373 -22.4518 3942.5
1.25203 1.95444 -0.00754222 -22.4931 3958.98
1.25403 1.95466 -0.00748016 -22.5201 3975.32
1.25603 1.95487 -0.00740045 -22.5627 3991.76
1.25803 1.95508 -0.00728365 -22.5934 4008.1
1.26003 1.95529 -0.00717154 -22.6294 4024.44
1.26203 1.9555 -0.00693092 -22.6605 4040.76
1.26403 1.9557 -0.00675124 -22.6909 4057.01
1.26603 1.9559 -0.00656828 -22.7272 4073.32
1.26803 1.95609 -0.00648466 -22.7512 4089.5
1.27003 1.95628 -0.00648807 -22.7863 4105.75
1.27203 1.95647 -0.00657297 -22.8134 4121.93
1.27403 1.95666 -0.00638228 -22.843 4138.09
1.27603 1.95684 -0.00611144 -22.8733 4154.25
1.27803 1.95703 -0.00603066 -22.8996 4170.33
1.28003 1.9572 -0.0060807 -22.9258 4186.43
1.28203 1.95738 -0.00617398 -22.9521 4202.47
1.28403 1.95755 -0.00594082 -22.9841 4218.55
1.28603 1.95773 -0.0056466 -23.004 4234.51
1.28803 1.95789 -0.00552598 -23.0338 4250.53
1.29003 1.95806 -0.0054746 -23.0531 4266.46
1.29203 1.95822 -0.00542641 -23.0805 4282.41
1.29403 1.95838 -0.00541374 -23.103 4298.33
1.29603 1.95855 -0.00533354 -23.1249 4314.19
1.29803 1.9587 -0.00516835 -23.1509 4330.09
1.30003 1.95886 -0.00510253 -23.1673 4345.87
1.30203 1.95901 -0.00501772 -23.1953 4361.73
1.30403 1.95916 -0.00502187 -23.2126 4377.49
1.30603 1.95931 -0.00498353 -23.2337 4393.24
1.30803 1.95946 -0.00502374 -23.2567 4409.01
1.31003 1.9596 -0.00477018 -23.2746 4424.68
1.31203 1.95974 -0.00444917 -23.2946 4440.4
1.31403 1.95989 -0.00448216 -23.3115 4456.02
1.31603 1.96002 -0.00460477 -23.333 4471.7
1.31803 1.96016 -0.00449391 -23.35 4487.26
1.32003 1.9603 -0.00434214 -23.3717 4502.89
1.32203 1.96043 -0.0042424 -23.385 4518.4
1.32403 1.96056 -0.0042525 -23.4045 4533.96
1.32603 1.96069 -0.00433217 -23.4194 4549.46
1.32803 1.96082 -0.00425157 -23.4385 4564.95
1.33003 1.96095 -0.00420065 -23.454 4580.42
1.33203 1.96108 -0.00404919 -23.4679 4595.82
1.33403 1.9612 -0.00383886 -23.4882 4611.27
1.33603 1.96132 -0.00378723 -23.4965 4626.59
1.33803 1.96144 -0.00371956 -23.5153 4641.99
1.34003 1.96156 -0.00384758 -23.5285 4657.3
1.34203 1.96168 -0.00382661 -23.5449 4672.62
1.34403 1.96179 -0.00364944 -23.5579 4687.9
1.34603 1.96191 -0.00357261 -23.5706 4703.15
1.34803 1.96202 -0.00363131 -23.5844 4718.4
1.35003 1.96214 -0.00376525 -23.5968 4733.58
1.35203 1.96225 -0.00358679 -23.6123 4748.79
1.35403 1.96236 -0.00321515 -23.6216 4763.92
1.35603 1.96246 -0.00326661 -23.636 4779.08
1.35803 1.96257 -0.00330008 -23.6468 4794.16
1.36003 1.96268 -0.00321738 -23.6616 4809.27
1.36203 1.96278 -0.00331064 -23.6698 4824.3
1.36403 1.96289 -0.00320758 -23.6826 4839.34
1.36603 1.96299 -0.00318287 -23.6949 4854.36
1.36803 1.96309 -0.00319251 -23.7038 4869.33
1.37003 1.96319 -0.00311634 -23.7157 4884.31
1.37203 1.96329 -0.00310249 -23.7239 4899.23
1.37403 1.96339 -0.00302235 -23.7372 4914.16
1.37603 1.96348 -0.00289292 -23.7457 4929.02
1.37803 1.96358 -0.00269034 -23.756 4943.89
1.38003 1.96367 -0.00274169 -23.764 4958.72
1.38203 1.96377 -0.00299373 -23.774 4973.53
1.38403 1.96386 -0.00291142 -23.7841 4988.33
1.38603 1.96395 -0.00272383 -23.7929 5003.08
1.38803 1.96404 -0.00276379 -23.8001 5017.83
1.39003 1.96413 -0.00277352 -23.8108 5032.54
1.39203 1.96422 -0.00273639 -23.8196 5047.24
1.39403 1.96431 -0.00260752 -23.8251 5061.88
1.39603 1.9644 -0.00252004 -23.836 5076.55
1.39803 1.96448 -0.00247974 -23.8428 5091.14
1.40004 1.96457 -0.00242738 -23.8509 5105.74
1.40204 1.96465 -0.00252457 -23.8591 5120.31
1.40404 1.96474 -0.00254667 -23.8657 5134.85
1.40604 1.96482 -0.00257318 -23.8731 5149.38
1.40804 1.9649 -0.00250378 -23.8789 5163.86
1.41004 1.96498 -0.00234016 -23.888 5178.36
1.41204 1.96506 -0.00233049 -23.894 5192.79
1.41404 1.96514 -0.00236361 -23.9019 5207.22
1.41604 1.96522 -0.00230467 -23.9078 5221.61
1.41804 1.9653 -0.00211813 -23.914 5236
1.42004 1.96538 -0.00213682 -23.9187 5250.34
1.42204 1.96545 -0.00236088 -23.9278 5264.69
1.42404 1.96553 -0.00229499 -23.9323 5278.98
1.42604 1.9656 -0.00220928 -23.9382 5293.27
1.42804 1.96568 -0.00224186 -23.9443 5307.53
1.43004 1.96575 -0.00211384 -23.9507 5321.76
1.43204 1.96582 -0.00206248 -23.9554 5335.98
1.43404 1.9659 -0.00206209 -23.9607 5350.15
1.43604 1.96597 -0.00199373 -23.9669 5364.32
1.43804 1.96604 -0.00202547 -23.9716 5378.46
1.44004 1.96611 -0.00200788 -23.9773 5392.58
1.44204 1.96618 -0.00199105 -23.9817 5406.67
1.44404 1.96625 -0.00203552 -23.9866 5420.74
1.44604 1.96632 -0.00214896 -23.9918 5434.79
1.44804 1.96639 -0.0020018 -23.9974 5448.82
1.45004 1.96645 -0.00176662 -24.0012 5462.82
1.45204 1.96652 -0.00186578 -24.0062 5476.79
1.45404 1.96659 -0.00186949 -24.0107 5490.76
1.45604 1.96665 -0.00182102 -24.014 5504.68
1.45804 1.96672 -0.00182173 -24.019 5518.6
1.46004 1.96678 -0.00181805 -24.0227 5532.48
1.46204 1.96684 -0.00189636 -24.0277 5546.35
1.46404 1.96691 -0.00184877 -24.0314 5560.18
1.46604 1.96697 -0.00178313 -24.0366 5574.01
1.46804 1.96703 -0.00177931 -24.0383 5587.79
1.47004 1.9671 -0.00171373 -24.0434 5601.58
1.47204 1.96716 -0.00166406 -24.0482 5615.32
1.47404 1.96722 -0.00161347 -24.0505 5629.05
1.47604 1.96728 -0.00169604 -24.053 5642.75
1.47804 1.96734 -0.00177119 -24.0572 5656.44
1.48004 1.9674 -0.00167204 -24.0618 5670.09
1.48204 1.96746 -0.00158697 -24.0646 5683.73
1.48404 1.96751 -0.00164086 -24.0681 5697.34
1.48604 1.96757 -0.0017161 -24.0703 5710.93
1.48804 1.96763 -0.00154345 -24.0755 5724.51
1.49004 1.96769 -0.00146063 -24.0769 5738.05
1.49204 1.96774 -0.00160885 -24.0814 5751.58
1.49404 1.9678 -0.00153043 -24.0827 5765.07
1.49604 1.96786 -0.00156557 -24.0865 5778.57
1.49804 1.96791 -0.0016012 -24.09 5792.03
1.50004 1.96797 -0.00151349 -24.0919 5805.46
1.50204 1.96802 -0.0014923 -24.0952 5818.88
1.50404 1.96808 -0.00140282 -24.0985 5832.27
1.50604 1.96813 -0.00140261 -24.1006 5845.64
1.50804 1.96818 -0.00147722 -24.1025 5858.99
1.51004 1.96824 -0.0014697 -24.1061 5872.32
1.51204 1.96829 -0.00136413 -24.1084 5885.62
1.51404 1.96834 -0.00138115 -24.1102 5898.9
1.51604 1.96839 -0.00156145 -24.1131 5912.17
1.51804 1.96844 -0.00143169 -24.1155 5925.41
1.52004 1.9685 -0.00130275 -24.1188 5938.64
1.52204 1.96855 -0.00129731 -24.1202 5951.82
1.52404 1.9686 -0.00133035 -24.1216 5965
1.52604 1.96865 -0.00132924 -24.1242 5978.15
1.52804 1.9687 -0.00125727 -24.1272 5991.3
1.53004 1.96875 -0.0013723 -24.1283 6004.4
1.53204 1.96879 -0.00138157 -24.1313 6017.5
1.53404 1.96884 -0.00127157 -24.1324 6030.56
1.53604 1.96889 -0.00132205 -24.135 6043.62
1.53804 1.96894 -0.0013212 -24.1365 6056.63
1.54004 1.96899 -0.00124768 -24.1395 6069.64
1.54204 1.96903 -0.00115569 -24.1408 6082.63
1.54404 1.96908 -0.00112938 -24.1418 6095.58
1.54604 1.96913 -0.00128201 -24.1439 6108.54
1.54804 1.96918 -0.00133581 -24.1464 6121.46
1.55004 1.96922 -0.00122803 -24.1479 6134.36
1.55204 1.96927 -0.00114434 -24.1493 6147.23
1.55404 1.96931 -0.00128087 -24.1513 6160.1
1.55604 1.96936 -0.00125165 -24.1526 6172.93
1.55804 1.9694 -0.00107378 -24.1552 6185.76
1.56004 1.96945 -0.00115794 -24.1553 6198.55
1.56204 1.96949 -0.00116063 -24.1578 6211.33
1.56404 1.96954 -0.00112025 -24.1585 6224.08
1.56604 1.96958 -0.0011525 -24.1607 6236.82
1.56804 1.96962 -0.00119757 -24.1616 6249.54
1.57004 1.96967 -0.00124053 -24.164 6262.23
1.57204 1.96971 -0.00110004 -24.1651 6274.91
1.57404 1.96975 -0.00106325 -24.1657 6287.55
1.57604 1.9698 -0.00108844 -24.1675 6300.19
1.57804 1.96984 -0.0011448 -24.1687 6312.8
1.58004 1.96988 -0.00108439 -24.1708 6325.4
1.58204 1.96992 -0.000975565 -24.1707 6337.96
1.58404 1.96996 -0.0011326 -24.1725 6350.52
1.58604 1.97 -0.00119563 -24.1741 6363.06
1.58804 1.97005 -0.0010758 -24.1755 6375.57
1.59004 1.97009 -0.00102944 -24.1756 6388.05
1.59204 1.97013 -0.00106543 -24.1775 6400.53
1.59404 1.97017 -0.00106385 -24.1787 6412.98
1.59604 1.97021 -0.000945997 -24.1793 6425.41
1.59804 1.97025 -0.00105016 -24.1817 6437.83
1.60004 1.97029 -0.00108771 -24.1808 6450.21
1.60204 1.97033 -0.000957073 -24.1834 6462.6
1.60404 1.97037 -0.00099884 -24.1823 6474.94
1.60604 1.9704 -0.00104223 -24.1854 6487.29
1.60804 1.97044 -0.00105249 -24.1854 6499.59
1.61004 1.97048 -0.000987937 -24.1873 6511.89
1.61204 1.97052 -0.000906474 -24.1871 6524.16
1.61404 1.97056 -0.000947953 -24.1887 6536.42
1.61604 1.9706 -0.00101883 -24.1896 6548.66
1.61804 1.97063 -0.00100839 -24.1904 6560.87
1.62004 1.97067 -0.000878486 -24.1914 6573.07
1.62204 1.97071 -0.000952219 -24.1916 6585.25
1.62404 1.97074 -0.00101337 -24.1936 6597.41
1.62604 1.97078 -0.000843685 -24.1928 6609.54
1.62804 1.97082 -0.000921057 -24.1948 6621.67
1.63004 1.97086 -0.000964355 -24.1948 6633.76
1.63204 1.97089 -0.000876361 -24.1967 6645.85
1.63404 1.97093 -0.000889992 -24.1968 6657.91
1.63604 1.97096 -0.000929951 -24.1975 6669.95
1.63804 1.971 -0.000986531 -24.1984 6681.99
1.64004 1.97104 -0.000896815 -24.1988 6693.99
1.64204 1.97107 -0.000824519 -24.1996 6705.98
1.64404 1.97111 -0.000848553 -24.2 6717.94
1.64604 1.97114 -0.000899725 -24.2013 6729.9
1.64804 1.97118 -0.000902394 -24.2015 6741.82
1.65004 1.97121 -0.000782939 -24.2024 6753.74
1.65204 1.97124 -0.000869202 -24.2023 6765.63
1.65404 1.97128 -0.000912249 -24.2037 6777.51
1.65604 1.97131 -0.000902425 -24.2035 6789.36
1.65804 1.97135 -0.000855706 -24.2048 6801.2
1.66004 1.97138 -0.00085057 -24.2054 6813.02
1.66204 1.97141 -0.000883585 -24.205 6824.82
1.66404 1.97145 -0.000743743 -24.2068 6836.61
1.66604 1.97148 -0.00081342 -24.2062 6848.36
1.66804 1.97151 -0.000910396 -24.2079 6860.12
1.67004 1.97155 -0.00079617 -24.2066 6871.83
1.67204 1.97158 -0.000808222 -24.2088 6883.56
1.67404 1.97161 -0.000840468 -24.2086 6895.24
1.67604 1.97165 -0.000852158 -24.2091 6906.91
1.67804 1.97168 -0.000864141 -24.2092 6918.57
1.68004 1.97171 -0.000796797 -24.2103 6930.21
1.68204 1.97174 -0.000721102 -24.2106 6941.82
1.68404 1.97177 -0.000804051 -24.2111 6953.42
1.68604 1.97181 -0.000854677 -24.2112 6965.01
1.68804 1.97184 -0.000739999 -24.2113 6976.57
1.69004 1.97187 -0.00080336 -24.2126 6988.12
1.69204 1.9719 -0.000827233 -24.212 6999.64
1.69404 1.97193 -0.000732964 -24.2132 7011.16
1.69604 1.97196 -0.000806067 -24.2127 7022.64
1.69804 1.97199 -0.000788937 -24.214 7034.13
1.70004 1.97202 -0.000759606 -24.2136 7045.58
1.70204 1.97205 -0.00070555 -24.2144 7057.02
1.70404 1.97209 -0.000703264 -24.2143 7068.44
1.70604 1.97212 -0.000829332 -24.2147 7079.84
1.70804 1.97215 -0.000756331 -24.2155 7091.23
1.71004 1.97218 -0.000730225 -24.2154 7102.6
1.71204 1.97221 -0.000707071 -24.2159 7113.96
1.71404 1.97224 -0.000740322 -24.2158 7125.28
1.71604 1.97227 -0.000764552 -24.2165 7136.61
1.71804 1.9723 -0.000714747 -24.2162 7147.9
1.72004 1.97232 -0.000688326 -24.2175 7159.19
1.72204 1.97235 -0.000684839 -24.2163 7170.45
1.72404 1.97238 -0.000760866 -24.2174 7181.7
1.72604 1.97241 -0.00068558 -24.2174 7192.93
1.72804 1.97244 -0.000707875 -24.2172 7204.14
1.73004 1.97247 -0.000785474 -24.2184 7215.35
1.73204 1.9725 -0.000607667 -24.2182 7226.51
1.73404 1.97253 -0.000685364 -24.2189 7237.69
1.73604 1.97256 -0.000750359 -24.2178 7248.82
1.73804 1.97258 -0.000708359 -24.2191 7259.96
1.74004 1.97261 -0.00067672 -24.219 7271.06
1.74204 1.97264 -0.000633921 -24.2195 7282.16
1.74404 1.97267 -0.000706092 -24.2184 7293.23
1.74604 1.9727 -0.000727562 -24.2197 7304.3
1.74804 1.97273 -0.000689793 -24.2194 7315.34
1.75004 1.97275 -0.000609399 -24.2199 7326.37
1.75204 1.97278 -0.000653441 -24.2197 7337.38
1.75404 1.97281 -0.000736116 -24.22 7348.37
1.75604 1.97284 -0.000658916 -24.2206 7359.35
1.75804 1.97286 -0.000686277 -24.2199 7370.3
1.76004 1.97289 -0.000684524 -24.2206 7381.26
1.76204 1.97292 -0.000656107 -24.2199 7392.17
1.76404 1.97294 -0.000648266 -24.2212 7403.09
1.76604 1.97297 -0.000657741 -24.2201 7413.98
1.76804 1.973 -0.000687454 -24.2209 7424.86
1.77004 1.97302 -0.000586385 -24.2211 7435.72
1.77204 1.97305 -0.000599025 -24.2206 7446.56
1.77404 1.97308 -0.000695611 -24.2207 7457.4
1.77604 1.9731 -0.000689616 -24.2209 7468.2
1.77804 1.97313 -0.000664133 -24.2215 7479.01
1.78004 1.97316 -0.000619594 -24.2211 7489.78
1.78204 1.97318 -0.000630388 -24.2213 7500.55
1.78404 1.97321 -0.000659707 -24.2209 7511.29
1.78604 1.97323 -0.000633307 -24.222 7522.03
1.78804 1.97326 -0.000572874 -24.221 7532.74
1.79004 1.97329 -0.000566313 -24.2217 7543.44
1.79204 1.97331 -0.000664457 -24.2208 7554.12
1.79404 1.97334 -0.00057989 -24.2214 7564.79
1.79604 1.97336 -0.000638342 -24.2214 7575.44
1.79804 1.97339 -0.000700194 -24.2212 7586.07
1.80005 1.97341 -0.000553522 -24.2224 7596.7
1.80205 1.97344 -0.000570865 -24.2209 7607.29
1.80405 1.97346 -0.00064313 -24.2216 7617.88
1.80605 1.97349 -0.000629796 -24.2215 7628.45
1.80805 1.97351 -0.000537996 -24.2218 7639.01
1.81005 1.97354 -0.000554381 -24.2208 7649.55
1.81205 1.97356 -0.000605352 -24.2219 7660.08
1.81405 1.97359 -0.000615002 -24.221 7670.58
1.81605 1.97361 -0.000644634 -24.2216 7681.08
1.81805 1.97364 -0.000517484 -24.2213 7691.56
1.82005 1.97366 -0.000577471 -24.221 7702.02
1.82205 1.97369 -0.000632156 -24.2215 7712.47
1.82405 1.97371 -0.000555388 -24.2212 7722.89
1.82605 1.97373 -0.000581678 -24.2213 7733.31
1.82805 1.97376 -0.000572986 -24.221 7743.71
1.83005 1.97378 -0.00058431 -24.2215 7754.1
1.83205 1.97381 -0.00054399 -24.2205 7764.46
1.83405 1.97383 -0.000585097 -24.2211 7774.82
1.83605 1.97385 -0.000633729 -24.2208 7785.16
1.83805 1.97388 -0.000510715 -24.2212 7795.48
1.84005 1.9739 -0.000525383 -24.2204 7805.79
1.84205 1.97393 -0.000581931 -24.2203 7816.08
1.84405 1.97395 -0.000597258 -24.221 7826.37
1.84605 1.97397 -0.00056633 -24.2207 7836.62
1.84805 1.974 -0.000531065 -24.2205 7846.88
1.85005 1.97402 -0.000555727 -24.2203 7857.11
1.85205 1.97404 -0.000561894 -24.2207 7867.33
1.85405 1.97407 -0.000603966 -24.2198 7877.53
1.85605 1.97409 -0.000499113 -24.2207 7887.72
1.85805 1.97411 -0.000522659 -24.2196 7897.89
1.86005 1.97413 -0.000593079 -24.2202 7908.05
1.86205 1.97416 -0.000493965 -24.2198 7918.19
1.86405 1.97418 -0.000579692 -24.2194 7928.32
1.86605 1.9742 -0.000590749 -24.2199 7938.44
1.86805 1.97423 -0.00048759 -24.219 7948.53
1.87005 1.97425 -0.000513273 -24.2194 7958.62
1.87205 1.97427 -0.000554135 -24.2192 7968.68
1.87405 1.97429 -0.000560101 -24.2194 7978.74
1.87605 1.97432 -0.00049739 -24.2185 7988.78
1.87805 1.97434 -0.000519456 -24.2194 7998.81
1.88005 1.97436 -0.000523453 -24.2185 8008.82
1.88205 1.97438 -0.000571896 -24.2187 8018.82
1.88405 1.9744 -0.000559875 -24.2187 8028.8
1.88605 1.97443 -0.000472197 -24.2182 8038.76
1.88805 1.97445 -0.000519237 -24.2184 8048.72
1.89005 1.97447 -0.000501865 -24.218 8058.65
1.89205 1.97449 -0.000509816 -24.2177 8068.58
1.89405 1.97451 -0.000491258 -24.2175 8078.49
1.89605 1.97454 -0.000510301 -24.2177 8088.39
1.89805 1.97456 -0.000566954 -24.2174 8098.26
1.90005 1.97458 -0.000465122 -24.2175 8108.13
1.90205 1.9746 -0.000553881 -24.217 8117.98
1.90405 1.97462 -0.000565031 -24.2174 8127.82
1.90605 1.97464 -0.000464335 -24.2168 8137.65
1.90805 1.97467 -0.000463523 -24.2167 8147.46
1.91005 1.97469 -0.000484034 -24.2165 8157.26
1.91205 1.97471 -0.000511656 -24.2163 8167.04
1.91405 1.97473 -0.000483141 -24.2161 8176.81
1.91605 1.97475 -0.000516098 -24.2158 8186.56
1.91805 1.97477 -0.000475796 -24.2157 8196.3
1.92005 1.97479 -0.000533292 -24.2155 8206.02
1.92205 1.97481 -0.000556427 -24.2158 8215.74
1.92405 1.97483 -0.00042992 -24.2151 8225.43
1.92605 1.97485 -0.000509414 -24.2161 8235.13
1.92805 1.97488 -0.000484057 -24.2145 8244.79
1.93005 1.9749 -0.000445723 -24.2152 8254.46
1.93205 1.97492 -0.000493301 -24.2147 8264.1
1.93405 1.97494 -0.00048719 -24.2141 8273.72
1.93605 1.97496 -0.000498459 -24.214 8283.34
1.93805 1.97498 -0.000451091 -24.2143 8292.94
1.94005 1.975 -0.000486784 -24.214 8302.53
1.94205 1.97502 -0.000514036 -24.213 8312.1
1.94405 1.97504 -0.000478516 -24.2141 8321.67
1.94605 1.97506 -0.000457126 -24.2129 8331.21
1.94805 1.97508 -0.000462068 -24.2137 8340.75
1.95005 1.9751 -0.000511216 -24.2128 8350.26
1.95205 1.97512 -0.000470763 -24.2127 8359.77
1.95405 1.97514 -0.00046477 -24.2127 8369.26
1.95605 1.97516 -0.000453537 -24.2121 8378.74
1.95805 1.97518 -0.000457518 -24.2122 8388.21
1.96005 1.9752 -0.000486619 -24.2117 8397.66
1.96205 1.97522 -0.000411148 -24.2117 8407.1
1.96405 1.97524 -0.000496156 -24.211 8416.53
1.96605 1.97526 -0.000508767 -24.2115 8425.94
1.96805 1.97528 -0.000422413 -24.2108 8435.34
1.97005 1.9753 -0.0004802 -24.2109 8444.73
1.97205 1.97532 -0.000496361 -24.2104 8454.1
1.97405 1.97534 -0.000452274 -24.2104 8463.46
1.97605 1.97536 -0.000405274 -24.2105 8472.8
1.97805 1.97538 -0.000447724 -24.2097 8482.13
1.98005 1.9754 -0.00045403 -24.2097 8491.46
1.98205 1.97542 -0.000457947 -24.2092 8500.76
1.98405 1.97544 -0.000472497 -24.2091 8510.06
1.98605 1.97546 -0.000421775 -24.2088 8519.34
1.98805 1.97547 -0.00050244 -24.2087 8528.61
1.99005 1.97549 -0.000460204 -24.2084 8537.86
1.99205 1.97551 -0.000405964 -24.2083 8547.1
1.99405 1.97553 -0.000459524 -24.208 8556.33
1.99605 1.97555 -0.000432159 -24.2079 8565.55
1.99805 1.97557 -0.000433542 -24.208 8574.75
2.00005 1.97559 -0.000407209 -24.2071 8583.94
2.00205 1.97561 -0.000490503 -24.2068 8593.12
2.00405 1.97563 -0.000486902 -24.207 8602.28
2.00605 1.97565 -0.000389861 -24.2067 8611.44
2.00805 1.97567 -0.000441758 -24.2061 8620.57
2.01005 1.97568 -0.000453152 -24.2062 8629.7
2.01205 1.9757 -0.000434079 -24.2059 8638.81
2.01405 1.97572 -0.000380097 -24.2057 8647.92
2.01605 1.97574 -0.000440816 -24.2052 8657
2.01805 1.97576 -0.000457259 -24.2052 8666.08
2.02005 1.97578 -0.000420098 -24.205 8675.14
2.02205 1.9758 -0.000472913 -24.2045 8684.19
2.02405 1.97581 -0.000407995 -24.2046 8693.23
2.02605 1.97583 -0.000456847 -24.204 8702.26
2.02805 1.97585 -0.000433125 -24.204 8711.27
2.03005 1.97587 -0.00035996 -24.2037 8720.27
2.03205 1.97589 -0.000446078 -24.203 8729.26
2.03405 1.97591 -0.000439954 -24.2032 8738.24
2.03605 1.97592 -0.000386984 -24.2031 8747.2
2.03805 1.97594 -0.000399011 -24.2021 8756.15
2.04005 1.97596 -0.000491323 -24.2023 8765.09
2.04205 1.97598 -0.000429398 -24.2023 8774.01
2.04405 1.976 -0.000383508 -24.2017 8782.93
2.04605 1.97602 -0.000445698 -24.2017 8791.83
2.04805 1.97603 -0.000399742 -24.2013 8800.72
2.05005 1.97605 -0.000436801 -24.201 8809.6
2.05205 1.97607 -0.000401963 -24.201 8818.46
2.05405 1.97609 -0.00039356 -24.2003 8827.31
2.05605 1.97611 -0.000441157 -24.2002 8836.15
2.05805 1.97612 -0.000384275 -24.1999 8844.98
2.06005 1.97614 -0.000404582 -24.1994 8853.8
2.06205 1.97616 -0.000415378 -24.1994 8862.6
2.06405 1.97618 -0.000437262 -24.1994 8871.4
2.06605 1.97619 -0.000390765 -24.1987 8880.17
2.06805 1.97621 -0.000386859 -24.1985 8888.94
2.07005 1.97623 -0.000471808 -24.1986 8897.7
2.07205 1.97625 -0.000414878 -24.1982 8906.45
2.07405 1.97626 -0.000373364 -24.1979 8915.18
2.07605 1.97628 -0.000373218 -24.1975 8923.9
2.07805 1.9763 -0.000431967 -24.1971 8932.61
2.08005 1.97632 -0.000378884 -24.1971 8941.31
2.08205 1.97633 -0.000352958 -24.1962 8949.99
2.08405 1.97635 -0.000450296 -24.1966 8958.67
2.08605 1.97637 -0.000378723 -24.1962 8967.32
2.08805 1.97639 -0.000429813 -24.1956 8975.98
2.09005 1.9764 -0.000429384 -24.1959 8984.61
2.09205 1.97642 -0.000380908 -24.1953 8993.24
2.09405 1.97644 -0.000431753 -24.1953 9001.85
2.09605 1.97646 -0.000360057 -24.195 9010.46
2.09805 1.97647 -0.000350581 -24.1943 9019.05
2.10005 1.97649 -0.000398028 -24.1941 9027.63
2.10205 1.97651 -0.000423025 -24.1942 9036.2
2.10405 1.97652 -0.000345269 -24.1933 9044.75
2.10605 1.97654 -0.000380969 -24.193 9053.3
2.10805 1.97656 -0.000460493 -24.1931 9061.83
2.11005 1.97657 -0.000379452 -24.1929 9070.35
2.11205 1.97659 -0.000401936 -24.1929 9078.86
2.11405 1.97661 -0.00037055 -24.1923 9087.36
2.11605 1.97662 -0.000385442 -24.1921 9095.85
2.11805 1.97664 -0.000390667 -24.1918 9104.33
2.12005 1.97666 -0.000344695 -24.1915 9112.79
2.12205 1.97667 -0.000415655 -24.1912 9121.25
2.12405 1.97669 -0.000372311 -24.1907 9129.69
2.12605 1.97671 -0.000381352 -24.1904 9138.12
2.12805 1.97672 -0.000388238 -24.19 9146.54
2.13005 1.97674 -0.000385323 -24.1901 9154.95
2.13205 1.97676 -0.000404772 -24.1895 9163.34
2.13405 1.97677 -0.000356491 -24.1893 9171.73
2.13605 1.97679 -0.000364032 -24.1893 9180.1
2.13805 1.97681 -0.000385973 -24.189 9188.46
2.14005 1.97682 -0.000413145 -24.1885 9196.82
2.14205 1.97684 -0.000343535 -24.1884 9205.16
2.14405 1.97686 -0.000367201 -24.1883 9213.49
2.14605 1.97687 -0.000416718 -24.1875 9221.81
2.14805 1.97689 -0.000332349 -24.1873 9230.12
2.15005 1.97691 -0.000393408 -24.1871 9238.41
2.15205 1.97692 -0.000380024 -24.1866 9246.7
2.15405 1.97694 -0.000351632 -24.1864 9254.97
2.15605 1.97695 -0.000383573 -24.1863 9263.24
2.15805 1.97697 -0.000350867 -24.1858 9271.49
2.16005 1.97699 -0.000387145 -24.1858 9279.73
2.16205 1.977 -0.000380402 -24.1855 9287.96
2.16405 1.97702 -0.000360522 -24.1848 9296.18
2.16605 1.97704 -0.00034674 -24.1851 9304.39
2.16805 1.97705 -0.000380846 -24.1844 9312.59
2.17005 1.97707 -0.000397106 -24.1841 9320.78
2.17205 1.97708 -0.000342377 -24.1841 9328.95
2.17405 1.9771 -0.000365201 -24.1834 9337.12
2.17605 1.97711 -0.000360719 -24.1833 9345.27
2.17805 1.97713 -0.000376219 -24.183 9353.42
2.18005 1.97715 -0.00034529 -24.1827 9361.55
2.18205 1.97716 -0.00033581 -24.1823 9369.68
2.18405 1.97718 -0.000402218 -24.1821 9377.79
2.18605 1.97719 -0.000324538 -24.1819 9385.89
2.18805 1.97721 -0.000372058 -24.1815 9393.98
2.19005 1.97723 -0.000394548 -24.1813 9402.06
2.19205 1.97724 -0.000346508 -24.181 9410.13
2.19405 1.97726 -0.00037587 -24.1807 9418.19
2.19605 1.97727 -0.000338934 -24.1805 9426.24
2.19805 1.97729 -0.000344965 -24.1799 9434.27
2.20006 1.9773 -0.000358275 -24.1796 9442.3
2.20206 1.97732 -0.00035505 -24.1793 9450.32
2.20406 1.97733 -0.000305796 -24.1793 9458.33
2.20606 1.97735 -0.000360162 -24.1785 9466.32
2.20806 1.97737 -0.000410784 -24.1785 9474.31
2.21006 1.97738 -0.000320783 -24.1784 9482.28
2.21206 1.9774 -0.000387607 -24.1779 9490.24
2.21406 1.97741 -0.000360743 -24.1778 9498.2
2.21606 1.97743 -0.000339214 -24.1776 9506.14
2.21806 1.97744 -0.000355074 -24.1772 9514.08
2.22006 1.97746 -0.000320275 -24.1767 9522
2.22206 1.97747 -0.000354978 -24.1765 9529.91
2.22406 1.97749 -0.000311957 -24.176 9537.82
2.22606 1.9775 -0.000351716 -24.1758 9545.71
2.22806 1.97752 -0.000355328 -24.1753 9553.59
2.23006 1.97753 -0.000363913 -24.175 9561.46
2.23206 1.97755 -0.000368492 -24.1752 9569.32
2.23406 1.97756 -0.00032514 -24.1747 9577.17
2.23606 1.97758 -0.000368182 -24.1746 9585.02
2.23806 1.97759 -0.00034354 -24.1742 9592.84
2.24006 1.97761 -0.000352867 -24.1739 9600.67
2.24206 1.97762 -0.000299692 -24.1737 9608.48
2.24406 1.97764 -0.000327052 -24.1729 9616.28
2.24606 1.97765 -0.000377852 -24.1729 9624.07
2.24806 1.97767 -0.000287249 -24.1725 9631.85
2.25006 1.97768 -0.00037332 -24.1718 9639.62
2.25206 1.9777 -0.000356955 -24.1719 9647.38
2.25406 1.97771 -0.000319214 -24.1717 9655.13
2.25606 1.97773 -0.000355936 -24.1713 9662.87
2.25806 1.97774 -0.000347627 -24.1712 9670.6
2.26006 1.97776 -0.000342125 -24.1709 9678.32
2.26206 1.97777 -0.0003249 -24.1708 9686.04
2.26406 1.97779 -0.000331831 -24.1704 9693.74
2.26606 1.9778 -0.000294555 -24.1697 9701.43
2.26806 1.97782 -0.000374053 -24.1693 9709.11
2.27006 1.97783 -0.000345404 -24.1694 9716.78
2.27206 1.97785 -0.000267422 -24.1685 9724.44
2.27406 1.97786 -0.000378585 -24.1685 9732.1
2.27606 1.97788 -0.000342606 -24.1685 9739.74
2.27806 1.97789 -0.000327372 -24.168 9747.37
2.28006 1.97791 -0.000336963 -24.1678 9754.99
2.28206 1.97792 -0.000330323 -24.1677 9762.6
2.28406 1.97793 -0.000329409 -24.1673 9770.21
2.28606 1.97795 -0.000305852 -24.167 9777.8
2.28806 1.97796 -0.000350246 -24.1665 9785.38
2.29006 1.97798 -0.000319066 -24.1662 9792.96
2.29206 1.97799 -0.000324684 -24.166 9800.52
2.29406 1.97801 -0.000319241 -24.1654 9808.08
2.29606 1.97802 -0.000329326 -24.1653 9815.62
2.29806 1.97804 -0.000355456 -24.1649 9823.16
2.30006 1.97805 -0.000311051 -24.1647 9830.69
2.30206 1.97806 -0.000330947 -24.1646 9838.2
2.30406 1.97808 -0.000288225 -24.164 9845.71
2.30606 1.97809 -0.00034619 -24.1639 9853.21
2.30806 1.97811 -0.000347659 -24.1637 9860.69
2.31006 1.97812 -0.000269335 -24.1632 9868.17
2.31206 1.97813 -0.000361147 -24.1629 9875.64
2.31406 1.97815 -0.000321555 -24.1628 9883.1
2.31606 1.97816 -0.0003076 -24.1621 9890.55
2.31806 1.97818 -0.000345872 -24.162 9897.99
2.32006 1.97819 -0.00032082 -24.1618 9905.42
2.32206 1.97821 -0.000294277 -24.1613 9912.85
2.32406 1.97822 -0.000299484 -24.1611 9920.26
2.32606 1.97823 -0.000339331 -24.1607 9927.66
2.32806 1.97825 -0.000304489 -24.1607 9935.06
2.33006 1.97826 -0.00033693 -24.1601 9942.44
2.33206 1.97828 -0.000305114 -24.1599 9949.82
2.33406 1.97829 -0.000306144 -24.1596 9957.18
2.33606 1.9783 -0.000376887 -24.1595 9964.54
2.33806 1.97832 -0.00029831 -24.1591 9971.89
2.34006 1.97833 -0.000304384 -24.1586 9979.23
2.34206 1.97835 -0.000299375 -24.1586 9986.55
2.34406 1.97836 -0.000310531 -24.158 9993.88
2.34606 1.97837 -0.000309167 -24.1577 10001.2
2.34806 1.97839 -0.000287718 -24.1573 10008.5
2.35006 1.9784 -0.000336782 -24.1572 10015.8
2.35206 1.97841 -0.000305249 -24.1568 10023.1
2.35406 1.97843 -0.000319672 -24.1564 10030.3
2.35606 1.97844 -0.000329742 -24.1565 10037.6
2.35806 1.97846 -0.000332749 -24.156 10044.9
2.36006 1.97847 -0.000304662 -24.1559 10052.1
2.36206 1.97848 -0.000283256 -24.1555 10059.3
2.36406 1.9785 -0.000319245 -24.155 10066.6
2.36606 1.97851 -0.000274628 -24.1548 10073.8
2.36806 1.97852 -0.000325651 -24.1545 10081
2.37006 1.97854 -0.000288647 -24.1538 10088.2
2.37206 1.97855 -0.000277745 -24.1539 10095.4
2.37406 1.97856 -0.000361822 -24.1534 10102.6
2.37606 1.97858 -0.000302958 -24.1532 10109.8
2.37806 1.97859 -0.000316264 -24.1532 10116.9
2.38006 1.9786 -0.00031156 -24.1527 10124.1
2.38206 1.97862 -0.000309425 -24.1525 10131.2
2.38406 1.97863 -0.000292308 -24.1525 10138.4
2.38606 1.97865 -0.000290761 -24.1517 10145.5
2.38806 1.97866 -0.00031619 -24.1516 10152.6
2.39006 1.97867 -0.000259126 -24.1511 10159.7
2.39206 1.97868 -0.000306337 -24.1505 10166.8
2.39406 1.9787 -0.000298884 -24.1505 10173.9
2.39606 1.97871 -0.000313885 -24.1501 10181
2.39806 1.97872 -0.000324827 -24.1498 10188.1
2.40006 1.97874 -0.000283622 -24.1498 10195.2
2.40206 1.97875 -0.000324733 -24.1497 10202.2
2.40406 1.97876 -0.000288706 -24.1492 10209.3
2.40606 1.97878 -0.000318404 -24.1489 10216.3
2.40806 1.97879 -0.000282726 -24.1487 10223.4
2.41006 1.9788 -0.000259955 -24.1482 10230.4
2.41206 1.97882 -0.000317289 -24.1477 10237.4
2.41406 1.97883 -0.00028259 -24.1474 10244.4
2.41606 1.97884 -0.000296115 -24.1472 10251.4
2.41806 1.97886 -0.000300989 -24.1467 10258.4
2.42006 1.97887 -0.000323632 -24.1465 10265.4
2.42206 1.97888 -0.000281689 -24.1466 10272.4
2.42406 1.9789 -0.000298492 -24.1461 10279.3
2.42606 1.97891 -0.000329117 -24.146 10286.3
2.42806 1.97892 -0.000253859 -24.1458 10293.3
2.43006 1.97894 -0.000305729 -24.1452 10300.2
2.43206 1.97895 -0.000270595 -24.1451 10307.1
2.43406 1.97896 -0.000287456 -24.1445 10314.1
2.43606 1.97897 -0.000321271 -24.1441 10321
2.43806 1.97899 -0.000272917 -24.1439 10327.9
2.44006 1.979 -0.000294037 -24.1435 10334.8
2.44206 1.97901 -0.000296417 -24.1432 10341.7
2.44406 1.97903 -0.000315427 -24.1432 10348.5
2.44606 1.97904 -0.000261853 -24.1429 10355.4
2.44806 1.97905 -0.000291941 -24.1426 10362.3
2.45006 1.97907 -0.000298417 -24.1422 10369.1
2.45206 1.97908 -0.000262145 -24.1419 10376
2.45406 1.97909 -0.000311468 -24.1412 10382.8
2.45606 1.9791 -0.000273537 -24.1412 10389.7
2.45806 1.97912 -0.00031762 -24.1403 10396.5
2.46006 1.97913 -0.000272709 -24.1409 10403.3
2.46206 1.97914 -0.000278579 -24.1398 10410.1
2.46406 1.97915 -0.00031608 -24.14 10416.9
2.46606 1.97917 -0.000254489 -24.1395 10423.7
2.46806 1.97918 -0.000297111 -24.1393 10430.5
2.47006 1.97919 -0.000258851 -24.1392 10437.2
2.47206 1.97921 -0.000281132 -24.1385 10444
2.47406 1.97922 -0.000308996 -24.1386 10450.8
2.47606 1.97923 -0.000280078 -24.1382 10457.5
2.47806 1.97924 -0.000274817 -24.1379 10464.3
2.48006 1.97926 -0.000301315 -24.1373 10471
2.48206 1.97927 -0.000313332 -24.1377 10477.7
2.48406 1.97928 -0.000229036 -24.1368 10484.4
2.48606 1.97929 -0.000311229 -24.1367 10491.2
2.48806 1.97931 -0.000286409 -24.1366 10497.9
2.49006 1.97932 -0.000223422 -24.136 10504.5
2.49206 1.97933 -0.000305665 -24.1359 10511.2
2.49406 1.97934 -0.000262501 -24.1354 10517.9
2.49606 1.97935 -0.000293278 -24.1351 10524.6
2.49806 1.97937 -0.000291113 -24.135 10531.2
2.50006 1.97938 -0.000270826 -24.1347 10537.9
2.50206 1.97939 -0.000298715 -24.1344 10544.5
2.50406 1.9794 -0.000294833 -24.1343 10551.2
2.50606 1.97942 -0.000276524 -24.1339 10557.8
2.50806 1.97943 -0.000249095 -24.1337 10564.4
2.51006 1.97944 -0.000287682 -24.1333 10571
2.51206 1.97945 -0.000253711 -24.1329 10577.7
2.51406 1.97947 -0.000263054 -24.1326 10584.3
2.51606 1.97948 -0.000275168 -24.1321 10590.8
2.51806 1.97949 -0.000274606 -24.1319 10597.4
2.52006 1.9795 -0.000307642 -24.1319 10604
2.52206 1.97951 -0.000244945 -24.1314 10610.6
2.52406 1.97953 -0.000316835 -24.1312 10617.1
2.52606 1.97954 -0.000301846 -24.1313 10623.7
2.52806 1.97955 -0.000233266 -24.1308 10630.2
2.53006 1.97956 -0.000283642 -24.1304 10636.8
2.53206 1.97958 -0.000254071 -24.1302 10643.3
2.53406 1.97959 -0.000262207 -24.1296 10649.8
2.53606 1.9796 -0.000262508 -24.1295 10656.3
2.53806 1.97961 -0.000261109 -24.1289 10662.8
2.54006 1.97962 -0.000269685 -24.1286 10669.3
2.54206 1.97964 -0.000302098 -24.1287 10675.8
2.54406 1.97965 -0.000281218 -24.1282 10682.3
2.54606 1.97966 -0.000249818 -24.1282 10688.8
2.54806 1.97967 -0.000326125 -24.1281 10695.2
2.55006 1.97968 -0.000239013 -24.1278 10701.7
2.55206 1.9797 -0.000241288 -24.1273 10708.1
2.55406 1.97971 -0.000289337 -24.127 10714.6
2.55606 1.97972 -0.000239633 -24.1265 10721
2.55806 1.97973 -0.000271078 -24.1261 10727.5
2.56006 1.97974 -0.000243197 -24.1258 10733.9
2.56206 1.97975 -0.000284312 -24.1254 10740.3
2.56406 1.97977 -0.000284211 -24.1253 10746.7
2.56606 1.97978 -0.000264203 -24.1252 10753.1
2.56806 1.97979 -0.000276927 -24.1252 10759.5
2.57006 1.9798 -0.000256893 -24.1246 10765.9
2.57206 1.97981 -0.000278984 -24.1246 10772.2
2.57406 1.97983 -0.000242021 -24.1243 10778.6
2.57606 1.97984 -0.000266556 -24.1236 10785
2.57806 1.97985 -0.000249167 -24.1236 10791.3
2.58006 1.97986 -0.000263812 -24.1229 10797.7
2.58206 1.97987 -0.000268041 -24.1226 10804
2.58406 1.97988 -0.000235453 -24.1224 10810.4
2.58606 1.9799 -0.000317015 -24.1222 10816.7
2.58806 1.97991 -0.000238337 -24.122 10823
2.59006 1.97992 -0.000246029 -24.1218 10829.3
2.59206 1.97993 -0.000285559 -24.1217 10835.6
2.59406 1.97994 -0.000251073 -24.1212 10841.9
2.59606 1.97995 -0.000258473 -24.1212 10848.2
2.59806 1.97996 -0.000241765 -24.1205 10854.5
2.60007 1.97998 -0.000277543 -24.1203 10860.7
2.60207 1.97999 -0.000243813 -24.1201 10867
2.60407 1.98 -0.000273278 -24.1194 10873.3
2.60607 1.98001 -0.000259668 -24.1194 10879.5
2.60807 1.98002 -0.000250575 -24.1192 10885.8
2.61007 1.98003 -0.000280826 -24.1188 10892
2.61207 1.98005 -0.000219292 -24.1187 10898.2
2.61407 1.98006 -0.000272824 -24.1184 10904.5
2.61607 1.98007 -0.000250625 -24.1181 10910.7
2.61807 1.98008 -0.000254469 -24.1179 10916.9
2.62007 1.98009 -0.000251993 -24.1174 10923.1
2.62207 1.9801 -0.000246489 -24.1172 10929.3
2.62407 1.98011 -0.000299529 -24.1169 10935.5
2.62607 1.98012 -0.000237814 -24.1166 10941.6
2.62807 1.98014 -0.000258991 -24.1165 10947.8
2.63007 1.98015 -0.000253501 -24.116 10954
2.63207 1.98016 -0.000257017 -24.1159 10960.1
2.63407 1.98017 -0.000238589 -24.1156 10966.3
2.63607 1.98018 -0.000234457 -24.1151 10972.4
2.63807 1.98019 -0.000269332 -24.115 10978.6
2.64007 1.9802 -0.000220281 -24.1145 10984.7
2.64207 1.98021 -0.000284949 -24.1143 10990.8
2.64407 1.98023 -0.000250671 -24.1142 10996.9
2.64607 1.98024 -0.00025285 -24.1138 11003
2.64807 1.98025 -0.000288022 -24.1136 11009.1
2.65007 1.98026 -0.00022705 -24.1136 11015.2
2.65207 1.98027 -0.000253826 -24.1131 11021.3
2.65407 1.98028 -0.000245144 -24.1127 11027.4
2.65607 1.98029 -0.000246791 -24.1124 11033.5
2.65807 1.9803 -0.00021295 -24.1121 11039.5
2.66007 1.98031 -0.0002491 -24.1116 11045.6
2.66207 1.98033 -0.000265096 -24.1115 11051.7
2.66407 1.98034 -0.000229294 -24.1111 11057.7
2.66607 1.98035 -0.000284355 -24.111 11063.7
2.66807 1.98036 -0.000243613 -24.1109 11069.8
2.67007 1.98037 -0.000263365 -24.1105 11075.8
2.67207 1.98038 -0.000251473 -24.1105 11081.8
2.67407 1.98039 -0.000231163 -24.1102 11087.8
2.67607 1.9804 -0.000252612 -24.1097 11093.8
2.67807 1.98041 -0.000211074 -24.1093 11099.8
2.68007 1.98043 -0.000248733 -24.1089 11105.8
2.68207 1.98044 -0.000225154 -24.1087 11111.8
2.68407 1.98045 -0.00024428 -24.1081 11117.8
2.68607 1.98046 -0.000272053 -24.108 11123.8
2.68807 1.98047 -0.00023705 -24.1081 11129.7
2.69007 1.98048 -0.000248987 -24.1076 11135.7
2.69207 1.98049 -0.00026607 -24.1077 11141.6
2.69407 1.9805 -0.000259172 -24.1075 11147.6
2.69607 1.98051 -0.000199689 -24.107 11153.5
2.69807 1.98052 -0.000258851 -24.1068 11159.5
2.70007 1.98053 -0.000234667 -24.1063 11165.4
2.70207 1.98054 -0.000196793 -24.1058 11171.3
2.70407 1.98055 -0.000277438 -24.1056 11177.2
2.70607 1.98057 -0.000218185 -24.1052 11183.1
2.70807 1.98058 -0.000248215 -24.1049 11189
2.71007 1.98059 -0.000264871 -24.105 11194.9
2.71207 1.9806 -0.000231822 -24.1048 11200.8
2.71407 1.98061 -0.000252074 -24.1045 11206.7
2.71607 1.98062 -0.000250225 -24.1044 11212.5
2.71807 1.98063 -0.000233333 -24.1041 11218.4
2.72007 1.98064 -0.000203822 -24.1037 11224.3
2.72207 1.98065 -0.000262116 -24.1032 11230.1
2.72407 1.98066 -0.000225672 -24.103 11236
2.72607 1.98067 -0.000227492 -24.1026 11241.8
2.72807 1.98068 -0.000249433 -24.1022 11247.6
2.73007 1.98069 -0.000224681 -24.1019 11253.4
2.73207 1.9807 -0.000274969 -24.102 11259.3
2.73407 1.98072 -0.000214018 -24.1018 11265.1
2.73607 1.98073 -0.000250078 -24.1013 11270.9
2.73807 1.98074 -0.000239621 -24.1014 11276.7
2.74007 1.98075 -0.000208888 -24.1009 11282.5
2.74207 1.98076 -0.00025684 -24.1008 11288.3
2.74407 1.98077 -0.000213513 -24.1002 11294
2.74607 1.98078 -0.000246224 -24.0999 11299.8
2.74807 1.98079 -0.000236737 -24.0998 11305.6
2.75007 1.9808 -0.000230544 -24.0992 11311.3
2.75207 1.98081 -0.000232874 -24.0992 11317.1
2.75407 1.98082 -0.000257612 -24.0989 11322.8
2.75607 1.98083 -0.00022816 -24.0988 11328.6
2.75807 1.98084 -0.000189196 -24.0984 11334.3
2.76007 1.98085 -0.000275032 -24.0982 11340
2.76207 1.98086 -0.000202823 -24.098 11345.8
2.76407 1.98087 -0.000227224 -24.0975 11351.5
2.76607 1.98088 -0.000254997 -24.0974 11357.2
2.76807 1.98089 -0.000213489 -24.097 11362.9
2.77007 1.9809 -0.000253144 -24.0968 11368.6
2.77207 1.98091 -0.000224338 -24.0965 11374.3
2.77407 1.98092 -0.000244595 -24.0963 11380
2.77607 1.98093 -0.000220742 -24.096 11385.6
2.77807 1.98094 -0.000227442 -24.0958 11391.3
2.78007 1.98095 -0.000208095 -24.0955 11397
2.78207 1.98096 -0.000215858 -24.095 11402.6
2.78407 1.98097 -0.000251897 -24.095 11408.3
2.78607 1.98098 -0.000202433 -24.0946 11413.9
2.78807 1.98099 -0.000246018 -24.0942 11419.6
2.79007 1.981 -0.000222193 -24.0942 11425.2
2.79207 1.98102 -0.000257301 -24.0939 11430.8
2.79407 1.98103 -0.000236853 -24.0937 11436.5
2.79607 1.98104 -0.000197154 -24.0935 11442.1
2.79807 1.98105 -0.000256144 -24.0931 11447.7
2.80007 1.98106 -0.000192072 -24.0928 11453.3
2.80207 1.98107 -0.000215323 -24.0926 11458.9
2.80407 1.98108 -0.000220302 -24.0919 11464.5
2.80607 1.98109 -0.000222593 -24.0919 11470.1
2.80807 1.9811 -0.000221431 -24.0917 11475.7
2.81007 1.98111 -0.000227274 -24.0911 11481.2
2.81207 1.98112 -0.000254129 -24.0913 11486.8
2.81407 1.98113 -0.000218179 -24.0911 11492.3
2.81607 1.98114 -0.00025878 -24.0908 11497.9
2.81807 1.98115 -0.000197508 -24.0908 11503.5
2.82007 1.98116 -0.000214208 -24.0903 11509
2.82207 1.98117 -0.000237604 -24.0899 11514.5
2.82407 1.98118 -0.000183715 -24.0896 11520.1
2.82607 1.98119 -0.000223791 -24.0891 11525.6
2.82807 1.9812 -0.000206327 -24.0888 11531.1
2.83007 1.98121 -0.000237361 -24.0886 11536.6
2.83207 1.98122 -0.00022653 -24.0884 11542.1
2.83407 1.98123 -0.000232493 -24.0884 11547.6
2.83607 1.98124 -0.000243812 -24.0882 11553.1
2.83807 1.98125 -0.000215127 -24.0881 11558.6
2.84007 1.98126 -0.000228904 -24.0878 11564.1
2.84207 1.98127 -0.000199953 -24.0874 11569.6
2.84407 1.98127 -0.000231121 -24.0871 11575
2.84607 1.98128 -0.00018978 -24.0866 11580.5
2.84807 1.98129 -0.000205795 -24.0862 11586
2.85007 1.9813 -0.000232257 -24.086 11591.4
2.85207 1.98131 -0.00020194 -24.0857 11596.9
2.85407 1.98132 -0.000259809 -24.0854 11602.3
2.85607 1.98133 -0.000202793 -24.0856 11607.7
2.85807 1.98134 -0.000223772 -24.0853 11613.2
2.86007 1.98135 -0.000246462 -24.0852 11618.6
2.86207 1.98136 -0.000198825 -24.0851 11624
2.86407 1.98137 -0.000207747 -24.0845 11629.4
2.86607 1.98138 -0.00021283 -24.0843 11634.8
2.86807 1.98139 -0.000215143 -24.0839 11640.2
2.87007 1.9814 -0.000186494 -24.0833 11645.6
2.87207 1.98141 -0.000240397 -24.0831 11651
2.87407 1.98142 -0.000213698 -24.083 11656.4
2.87607 1.98143 -0.000211779 -24.0826 11661.8
2.87807 1.98144 -0.000241335 -24.0826 11667.1
2.88007 1.98145 -0.000190552 -24.0825 11672.5
2.88207 1.98146 -0.000238586 -24.0822 11677.9
2.88407 1.98147 -0.00020263 -24.0821 11683.2
2.88607 1.98148 -0.000202957 -24.0816 11688.6
2.88807 1.98149 -0.00021193 -24.0815 11693.9
2.89007 1.9815 -0.000198618 -24.0809 11699.2
2.89207 1.98151 -0.000235128 -24.0806 11704.6
2.89407 1.98152 -0.000197272 -24.0805 11709.9
2.89607 1.98153 -0.000217364 -24.08 11715.2
2.89807 1.98154 -0.000220798 -24.08 11720.5
2.90007 1.98154 -0.000217932 -24.0799 11725.8
2.90207 1.98155 -0.000194012 -24.0796 11731.1
2.90407 1.98156 -0.000216842 -24.0794 11736.4
2.90607 1.98157 -0.000217797 -24.0791 11741.7
2.90807 1.98158 -0.000166362 -24.0787 11747
2.91007 1.98159 -0.000250944 -24.0786 11752.3
2.91207 1.9816 -0.000191303 -24.0782 11757.6
2.91407 1.98161 -0.000210249 -24.0777 11762.8
2.91607 1.98162 -0.000242485 -24.0779 11768.1
2.91807 1.98163 -0.000175985 -24.0774 11773.4
2.92007 1.98164 -0.000234154 -24.0772 11778.6
2.92207 1.98165 -0.000209601 -24.0771 11783.9
2.92407 1.98166 -0.000192135 -24.0767 11789.1
2.92607 1.98167 -0.000189558 -24.0766 11794.3
2.92807 1.98168 -0.000217545 -24.0761 11799.6
2.93007 1.98169 -0.000198405 -24.0758 11804.8
2.93207 1.98169 -0.000197841 -24.0757 11810
2.93407 1.9817 -0.000238166 -24.0754 11815.2
2.93607 1.98171 -0.00018973 -24.0751 11820.4
2.93807 1.98172 -0.000241279 -24.0751 11825.6
2.94007 1.98173 -0.00019458 -24.0748 11830.8
2.94207 1.98174 -0.000207603 -24.0745 11836
2.94407 1.98175 -0.000220708 -24.0744 11841.2
2.94607 1.98176 -0.000164146 -24.0738 11846.4
2.94807 1.98177 -0.00021492 -24.0737 11851.6
2.95007 1.98178 -0.000180256 -24.0732 11856.7
2.95207 1.98179 -0.000214058 -24.0729 11861.9
2.95407 1.9818 -0.000212551 -24.0729 11867
2.95607 1.98181 -0.000199404 -24.0725 11872.2
2.95807 1.98181 -0.0002209 -24.0724 11877.3
2.96007 1.98182 -0.000226107 -24.0724 11882.5
2.96207 1.98183 -0.000209251 -24.0721 11887.6
2.96407 1.98184 -0.000172828 -24.0718 11892.7
2.96607 1.98185 -0.000237943 -24.0716 11897.9
2.96807 1.98186 -0.000161388 -24.0712 11903
2.97007 1.98187 -0.000182703 -24.0708 11908.1
2.97207 1.98188 -0.000219458 -24.0705 11913.2
2.97407 1.98189 -0.000172016 -24.0701 11918.3
2.97607 1.9819 -0.000228444 -24.07 11923.4
2.97807 1.98191 -0.000196598 -24.0699 11928.5
2.98007 1.98191 -0.000218899 -24.0698 11933.6
2.98207 1.98192 -0.000214238 -24.0696 11938.7
2.98407 1.98193 -0.000209392 -24.0696 11943.8
2.98607 1.98194 -0.000190468 -24.0693 11948.8
2.98807 1.98195 -0.000179849 -24.0687 11953.9
2.99007 1.98196 -0.000214759 -24.0685 11959
2.99207 1.98197 -0.000160734 -24.0681 11964
2.99407 1.98198 -0.00020311 -24.0676 11969.1
2.99607 1.98199 -0.000191616 -24.0674 11974.1
2.99807 1.98199 -0.000210564 -24.0673 11979.2
3.00008 1.982 -0.000211525 -24.0671 11984.2
3.00208 1.98201 -0.00018399 -24.0671 11989.2
3.00408 1.98202 -0.000241914 -24.0669 11994.2
3.00608 1.98203 -0.000178376 -24.0668 11999.3
3.00808 1.98204 -0.000192091 -24.0666 12004.3
3.01008 1.98205 -0.000192591 -24.066 12009.3
3.01208 1.98206 -0.000187317 -24.0657 12014.3
3.01408 1.98207 -0.000193343 -24.0655 12019.3
3.01608 1.98207 -0.000179494 -24.0649 12024.3
3.01808 1.98208 -0.000207465 -24.0648 12029.3
3.02008 1.98209 -0.000189714 -24.0647 12034.3
3.02208 1.9821 -0.00022504 -24.0643 12039.2
3.02408 1.98211 -0.000180137 -24.0645 12044.2
3.02608 1.98212 -0.00019721 -24.0642 12049.2
3.02808 1.98213 -0.000220384 -24.064 12054.1
3.03008 1.98214 -0.000158221 -24.0638 12059.1
3.03208 1.98214 -0.000202675 -24.0633 12064.1
3.03408 1.98215 -0.000188236 -24.0631 12069
3.03608 1.98216 -0.000194841 -24.0627 12073.9
3.03808 1.98217 -0.00018322 -24.0624 12078.9
3.04008 1.98218 -0.000197685 -24.0621 12083.8
3.04208 1.98219 -0.000212443 -24.062 12088.7
3.04408 1.9822 -0.000183072 -24.0618 12093.7
3.04608 1.98221 -0.000203229 -24.0617 12098.6
3.04808 1.98221 -0.000174368 -24.0614 12103.5
3.05008 1.98222 -0.000204524 -24.0621 12108.4
3.05208 1.98223 -0.000177512 -24.0608 12113.3
3.05408 1.98224 -0.000179405 -24.0609 12118.2
3.05608 1.98225 -0.000202047 -24.061 12123.1
3.05808 1.98226 -0.000176777 -24.0601 12128
3.06008 1.98226 -0.000216814 -24.0607 12132.9
3.06208 1.98227 -0.000175364 -24.0596 12137.7
3.06408 1.98228 -0.000197989 -24.0603 12142.6
3.06608 1.98229 -0.000209622 -24.0592 12147.5
3.06808 1.9823 -0.000164325 -24.0598 12152.4
3.07008 1.98231 -0.000181047 -24.0588 12157.2
3.07208 1.98231 -0.000187265 -24.0589 12162.1
3.07408 1.98232 -0.000193228 -24.0588 12166.9
3.07608 1.98233 -0.000157016 -24.0579 12171.7
3.07808 1.98234 -0.00021195 -24.0582 12176.6
3.08008 1.98235 -0.000190525 -24.0576 12181.4
3.08208 1.98236 -0.000188252 -24.0577 12186.2
3.08408 1.98236 -0.000217749 -24.0573 12191.1
3.08608 1.98237 -0.000159847 -24.0574 12195.9
3.08808 1.98238 -0.000212919 -24.0569 12200.7
3.09008 1.98239 -0.000168446 -24.0566 12205.5
3.09208 1.9824 -0.000170547 -24.0564 12210.3
3.09408 1.98241 -0.000180355 -24.056 12215.1
3.09608 1.98241 -0.000171126 -24.0557 12219.9
3.09808 1.98242 -0.000198476 -24.0553 12224.7
3.10008 1.98243 -0.000167194 -24.0554 12229.5
3.10208 1.98244 -0.000212039 -24.0549 12234.2
3.10408 1.98245 -0.000195957 -24.0551 12239
3.10608 1.98246 -0.000197399 -24.0548 12243.8
3.10808 1.98247 -0.000172334 -24.0545 12248.6
3.11008 1.98247 -0.000194663 -24.0544 12253.3
3.11208 1.98248 -0.000184857 -24.054 12258.1
3.11408 1.98249 -0.000131585 -24.0536 12262.8
3.11608 1.9825 -0.00021122 -24.0533 12267.6
3.11808 1.98251 -0.000149474 -24.0531 12272.3
3.12008 1.98251 -0.000184756 -24.0525 12277
3.12208 1.98252 -0.000207936 -24.0528 12281.8
3.12408 1.98253 -0.000168284 -24.0524 12286.5
3.12608 1.98254 -0.000213344 -24.0523 12291.2
3.12808 1.98255 -0.000190274 -24.0523 12295.9
3.13008 1.98256 -0.000179904 -24.052 12300.6
3.13208 1.98256 -0.000164794 -24.0519 12305.3
3.13408 1.98257 -0.000200533 -24.0514 12310
3.13608 1.98258 -0.000142553 -24.051 12314.7
3.13808 1.98259 -0.000167175 -24.0507 12319.4
3.14008 1.9826 -0.000198612 -24.0504 12324.1
3.14208 1.9826 -0.0001544 -24.05 12328.8
3.14408 1.98261 -0.00021506 -24.05 12333.5
3.14608 1.98262 -0.000167948 -24.0498 12338.2
3.14808 1.98263 -0.000202072 -24.0498 12342.8
3.15008 1.98264 -0.00019113 -24.0497 12347.5
3.15208 1.98265 -0.000165305 -24.0494 12352.2
3.15408 1.98265 -0.000189807 -24.0493 12356.8
3.15608 1.98266 -0.000153183 -24.0487 12361.5
3.15808 1.98267 -0.00018539 -24.0484 12366.1
3.16008 1.98268 -0.000161072 -24.0482 12370.7
3.16208 1.98269 -0.00017903 -24.0477 12375.4
3.16408 1.98269 -0.00017635 -24.0475 12380
3.16608 1.9827 -0.000199048 -24.0474 12384.6
3.16808 1.98271 -0.000178415 -24.0473 12389.3
3.17008 1.98272 -0.000161626 -24.0472 12393.9
3.17208 1.98273 -0.000224631 -24.0471 12398.5
3.17408 1.98273 -0.000138972 -24.0469 12403.1
3.17608 1.98274 -0.000179255 -24.0465 12407.7
3.17808 1.98275 -0.000182681 -24.0463 12412.3
3.18008 1.98276 -0.000152559 -24.0458 12416.9
3.18208 1.98276 -0.000189764 -24.0456 12421.5
3.18408 1.98277 -0.000167519 -24.0453 12426.1
3.18608 1.98278 -0.000184132 -24.0451 12430.7
3.18808 1.98279 -0.000176145 -24.0449 12435.2
3.19008 1.9828 -0.000194374 -24.0448 12439.8
3.19208 1.9828 -0.000157627 -24.0447 12444.4
3.19408 1.98281 -0.000178876 -24.0444 12448.9
3.19608 1.98282 -0.000184343 -24.0443 12453.5
3.19808 1.98283 -0.000140976 -24.044 12458
3.20008 1.98284 -0.000190317 -24.0435 12462.6
3.20208 1.98284 -0.000159249 -24.0434 12467.1
3.20408 1.98285 -0.000189098 -24.043 12471.7
3.20608 1.98286 -0.0001725 -24.0428 12476.2
3.20808 1.98287 -0.000169006 -24.0428 12480.7
3.21008 1.98287 -0.000201351 -24.0423 12485.3
3.21208 1.98288 -0.000158464 -24.0424 12489.8
3.21408 1.98289 -0.000173667 -24.0422 12494.3
3.21608 1.9829 -0.000157487 -24.0417 12498.8
3.21808 1.98291 -0.000171232 -24.0417 12503.3
3.22008 1.98291 -0.000155697 -24.0414 12507.8
3.22208 1.98292 -0.00017097 -24.0409 12512.3
3.22408 1.98293 -0.00017709 -24.0409 12516.8
3.22608 1.98294 -0.000167213 -24.0406 12521.3
3.22808 1.98294 -0.000207045 -24.0404 12525.8
3.23008 1.98295 -0.000147129 -24.0404 12530.3
3.23208 1.98296 -0.000193389 -24.04 12534.8
3.23408 1.98297 -0.000178215 -24.0399 12539.3
3.23608 1.98298 -0.000138671 -24.0397 12543.7
3.23808 1.98298 -0.000169693 -24.0393 12548.2
3.24008 1.98299 -0.000150212 -24.039 12552.6
3.24208 1.983 -0.000172688 -24.0387 12557.1
3.24408 1.98301 -0.000155508 -24.0385 12561.6
3.24608 1.98301 -0.000184106 -24.0383 12566
3.24808 1.98302 -0.000174042 -24.0382 12570.4
3.25008 1.98303 -0.000186431 -24.038 12574.9
3.25208 1.98304 -0.000182794 -24.038 12579.3
3.25408 1.98304 -0.000151419 -24.0377 12583.8
3.25608 1.98305 -0.000192361 -24.0375 12588.2
3.25808 1.98306 -0.000130529 -24.0373 12592.6
3.26008 1.98307 -0.000165121 -24.0367 12597
3.26208 1.98307 -0.000152556 -24.0366 12601.4
3.26408 1.98308 -0.000153923 -24.0361 12605.8
3.26608 1.98309 -0.000190664 -24.036 12610.2
3.26808 1.9831 -0.000143749 -24.0359 12614.6
3.27008 1.9831 -0.000195529 -24.0356 12619
3.27208 1.98311 -0.000183557 -24.0357 12623.4
3.27408 1.98312 -0.000172751 -24.0356 12627.8
3.27608 1.98313 -0.000154804 -24.0352 12632.2
3.27808 1.98313 -0.000175733 -24.035 12636.6
3.28008 1.98314 -0.000153955 -24.0348 12641
3.28208 1.98315 -0.00013219 -24.0342 12645.3
3.28408 1.98316 -0.000185412 -24.0341 12649.7
3.28608 1.98316 -0.000131017 -24.0337 12654.1
3.28808 1.98317 -0.000187214 -24.0334 12658.4
3.29008 1.98318 -0.000165465 -24.0334 12662.8
3.29208 1.98319 -0.000164321 -24.0332 12667.1
3.29408 1.98319 -0.000199402 -24.0334 12671.5
3.29608 1.9832 -0.000149539 -24.0331 12675.8
3.29808 1.98321 -0.000174042 -24.0329 12680.1
3.30008 1.98322 -0.000145623 -24.0327 12684.5
3.30208 1.98322 -0.00016834 -24.0322 12688.8
3.30408 1.98323 -0.000146516 -24.032 12693.1
3.30608 1.98324 -0.000151847 -24.0316 12697.4
3.30808 1.98324 -0.000159758 -24.0312 12701.8
3.31008 1.98325 -0.000167995 -24.0312 12706.1
3.31208 1.98326 -0.000182516 -24.0311 12710.4
3.31408 1.98327 -0.000136982 -24.0308 12714.7
3.31608 1.98327 -0.000206445 -24.0309 12719
3.31808 1.98328 -0.000142585 -24.0307 12723.3
3.32008 1.98329 -0.000154537 -24.0303 12727.6
3.32208 1.9833 -0.000175117 -24.0303 12731.8
3.32408 1.9833 -0.000123421 -24.0297 12736.1
3.32608 1.98331 -0.000179589 -24.0295 12740.4
3.32808 1.98332 -0.000146165 -24.0293 12744.7
3.33008 1.98332 -0.000156805 -24.0289 12749
3.33208 1.98333 -0.000166683 -24.0288 12753.2
3.33408 1.98334 -0.000183392 -24.0287 12757.5
3.33608 1.98335 -0.000144662 -24.0285 12761.7
3.33808 1.98335 -0.000158788 -24.0284 12766
3.34008 1.98336 -0.000181917 -24.0283 12770.2
3.34208 1.98337 -0.000118447 -24.0279 12774.5
3.34408 1.98338 -0.000176855 -24.0278 12778.7
3.34608 1.98338 -0.000136728 -24.0274 12783
3.34808 1.98339 -0.000160022 -24.0271 12787.2
3.35008 1.9834 -0.00017057 -24.0269 12791.4
3.35208 1.9834 -0.000144335 -24.0266 12795.7
3.35408 1.98341 -0.000186327 -24.0266 12799.9
3.35608 1.98342 -0.00014912 -24.0263 12804.1
3.35808 1.98343 -0.000168299 -24.0262 12808.3
3.36008 1.98343 -0.000145583 -24.0262 12812.5
3.36208 1.98344 -0.000150138 -24.0257 12816.7
3.36408 1.98345 -0.00014745 -24.0254 12820.9
3.36608 1.98345 -0.000149312 -24.0253 12825.1
3.36808 1.98346 -0.000151262 -24.0249 12829.3
3.37008 1.98347 -0.000146748 -24.0247 12833.5
3.37208 1.98347 -0.000197486 -24.0246 12837.7
3.37408 1.98348 -0.000132548 -24.0244 12841.9
3.37608 1.98349 -0.000174971 -24.0243 12846.1
3.37808 1.9835 -0.000176858 -24.0241 12850.2
3.38008 1.9835 -0.000129593 -24.0239 12854.4
3.38208 1.98351 -0.000162064 -24.0236 12858.6
3.38408 1.98352 -0.000133476 -24.0234 12862.7
3.38608 1.98352 -0.000148372 -24.023 12866.9
3.38808 1.98353 -0.000140917 -24.0227 12871
3.39008 1.98354 -0.000163317 -24.0226 12875.2
3.39208 1.98354 -0.00014938 -24.0225 12879.3
3.39408 1.98355 -0.00016991 -24.0222 12883.5
3.39608 1.98356 -0.000179386 -24.0222 12887.6
3.39808 1.98357 -0.000135925 -24.0221 12891.7
3.40009 1.98357 -0.000181247 -24.0217 12895.9
3.40209 1.98358 -0.000137319 -24.0217 12900
3.40409 1.98359 -0.000147366 -24.0212 12904.1
3.40609 1.98359 -0.000134797 -24.0209 12908.2
3.40809 1.9836 -0.000134582 -24.0207 12912.4
3.41009 1.98361 -0.000166824 -24.0203 12916.5
3.41209 1.98361 -0.000130871 -24.0202 12920.6
3.41409 1.98362 -0.000171741 -24.0201 12924.7
3.41609 1.98363 -0.000157348 -24.0199 12928.8
3.41809 1.98363 -0.000172147 -24.0199 12932.9
3.42009 1.98364 -0.000153766 -24.02 12937
3.42209 1.98365 -0.000151275 -24.0194 12941.1
3.42409 1.98365 -0.000153484 -24.0194 12945.1
3.42609 1.98366 -0.000125643 -24.019 12949.2
3.42809 1.98367 -0.000159733 -24.0185 12953.3
3.43009 1.98368 -0.000109322 -24.0184 12957.4
3.43209 1.98368 -0.000166512 -24.0179 12961.4
3.43409 1.98369 -0.000157617 -24.0179 12965.5
3.43609 1.9837 -0.000132429 -24.0178 12969.6
3.43809 1.9837 -0.000180291 -24.0176 12973.6
3.44009 1.98371 -0.000155231 -24.0176 12977.7
3.44209 1.98372 -0.000160742 -24.0175 12981.7
3.44409 1.98372 -0.000131816 -24.0172 12985.8
3.44609 1.98373 -0.000159031 -24.017 12989.8
3.44809 1.98374 -0.000129602 -24.0166 12993.9
3.45009 1.98374 -0.000138033 -24.0162 12997.9
3.45209 1.98375 -0.000144543 -24.0161 13001.9
3.45409 1.98376 -0.000130367 -24.0156 13005.9
3.45609 1.98376 -0.000179738 -24.0156 13010
3.45809 1.98377 -0.000127314 -24.0156 13014
3.46009 1.98378 -0.000171834 -24.0153 13018
3.46209 1.98378 -0.00015018 -24.0154 13022
3.46409 1.98379 -0.000147251 -24.0151 13026
3.46609 1.9838 -0.000153453 -24.0149 13030
3.46809 1.9838 -0.000115756 -24.0147 13034
3.47009 1.98381 -0.000158048 -24.0142 13038
3.47209 1.98382 -0.000132799 -24.014 13042
3.47409 1.98382 -0.000145701 -24.0139 13046
3.47609 1.98383 -0.000133931 -24.0134 13050
3.47809 1.98384 -0.000174356 -24.0134 13054
3.48009 1.98384 -0.00014585 -24.0134 13058
3.48209 1.98385 -0.000136276 -24.013 13061.9
3.48409 1.98386 -0.000176112 -24.0131 13065.9
3.48609 1.98386 -0.000111127 -24.0128 13069.9
3.48809 1.98387 -0.000161566 -24.0126 13073.8
3.49009 1.98388 -0.0001196 -24.0123 13077.8
3.49209 1.98388 -0.000138871 -24.012 13081.8
3.49409 1.98389 -0.000158744 -24.0118 13085.7
3.49609 1.98389 -0.00013032 -24.0115 13089.7
3.49809 1.9839 -0.000161171 -24.0114 13093.6
3.50009 1.98391 -0.000144075 -24.0112 13097.5
3.50209 1.98391 -0.000167538 -24.0111 13101.5
3.50409 1.98392 -0.000128141 -24.011 13105.4
3.50609 1.98393 -0.000146528 -24.0108 13109.4
3.50809 1.98393 -0.000130027 -24.0104 13113.3
3.51009 1.98394 -0.000137862 -24.0102 13117.2
3.51209 1.98395 -0.000137227 -24.0101 13121.1
3.51409 1.98395 -0.000112698 -24.0095 13125
3.51609 1.98396 -0.000187997 -24.0096 13129
3.51809 1.98397 -0.000121145 -24.0094 13132.9
3.52009 1.98397 -0.000155643 -24.0091 13136.8
3.52209 1.98398 -0.000165966 -24.0092 13140.7
3.52409 1.98399 -0.000131709 -24.0089 13144.6
3.52609 1.98399 -0.000153872 -24.0087 13148.5
3.52809 1.984 -0.000122026 -24.0086 13152.4
3.53009 1.984 -0.000130276 -24.0081 13156.3
3.53209 1.98401 -0.000126743 -24.0079 13160.1
3.53409 1.98402 -0.000149991 -24.0077 13164
3.53609 1.98402 -0.000111229 -24.0074 13167.9
3.53809 1.98403 -0.000160298 -24.0073 13171.8
3.54009 1.98404 -0.000167212 -24.0071 13175.6
3.54209 1.98404 -0.000120544 -24.0071 13179.5
3.54409 1.98405 -0.00017528 -24.007 13183.4
3.54609 1.98406 -0.0001298 -24.0068 13187.2
3.54809 1.98406 -0.00014542 -24.0066 13191.1
3.55009 1.98407 -0.000121621 -24.0062 13194.9
3.55209 1.98407 -0.00011893 -24.0059 13198.8
3.55409 1.98408 -0.00014128 -24.0057 13202.6
3.55609 1.98409 -0.000119624 -24.0053 13206.5
3.55809 1.98409 -0.000145043 -24.0051 13210.3
3.56009 1.9841 -0.000136056 -24.0052 13214.2
3.56209 1.98411 -0.000164172 -24.0049 13218
3.56409 1.98411 -0.000139549 -24.0049 13221.8
3.56609 1.98412 -0.000154943 -24.0049 13225.6
3.56809 1.98412 -0.000134603 -24.0046 13229.5
3.57009 1.98413 -0.000126572 -24.0043 13233.3
3.57209 1.98414 -0.000151429 -24.0041 13237.1
3.57409 1.98414 -8.42659e-05 -24.0037 13240.9
3.57609 1.98415 -0.000149565 -24.0033 13244.7
3.57809 1.98416 -0.000133895 -24.0032 13248.5
3.58009 1.98416 -0.000122248 -24.0029 13252.3
3.58209 1.98417 -0.000154731 -24.0029 13256.1
3.58409 1.98417 -0.000146034 -24.0028 13259.9
3.58609 1.98418 -0.000152962 -24.0028 13263.7
3.58809 1.98419 -0.000130542 -24.0026 13267.5
3.59009 1.98419 -0.000151652 -24.0024 13271.3
3.59209 1.9842 -0.000107838 -24.0022 13275.1
3.59409 1.98421 -0.000141406 -24.0017 13278.8
3.59609 1.98421 -0.000121508 -24.0016 13282.6
3.59809 1.98422 -0.000106933 -24.0012 13286.4
3.60009 1.98422 -0.000162325 -24.0009 13290.1
3.60209 1.98423 -0.0001193 -24.001 13293.9
3.60409 1.98424 -0.000155175 -24.0007 13297.7
3.60609 1.98424 -0.000135318 -24.0007 13301.4
3.60809 1.98425 -0.000150958 -24.0006 13305.2
3.61009 1.98425 -0.000138556 -24.0004 13308.9
3.61209 1.98426 -0.00011531 -24.0002 13312.7
3.61409 1.98427 -0.000137174 -24 13316.4
3.61609 1.98427 -0.000115988 -23.9994 13320.2
3.61809 1.98428 -0.000138162 -23.9994 13323.9
3.62009 1.98428 -0.000110743 -23.9992 13327.6
3.62209 1.98429 -0.000156908 -23.9987 13331.4
3.62409 1.9843 -0.00012998 -23.9989 13335.1
3.62609 1.9843 -0.000140686 -23.9986 13338.8
3.62809 1.98431 -0.000154529 -23.9986 13342.5
3.63009 1.98431 -0.000106732 -23.9984 13346.2
3.63209 1.98432 -0.000160402 -23.9982 13350
3.63409 1.98433 -0.000104481 -23.998 13353.7
3.63609 1.98433 -0.000120956 -23.9977 13357.4
3.63809 1.98434 -0.00013288 -23.9974 13361.1
3.64009 1.98434 -0.000130692 -23.9972 13364.8
3.64209 1.98435 -0.000127517 -23.997 13368.5
3.64409 1.98436 -0.000135513 -23.9967 13372.2
3.64609 1.98436 -0.000160725 -23.9968 13375.9
3.64809 1.98437 -0.000112456 -23.9965 13379.5
3.65009 1.98437 -0.000158132 -23.9964 13383.2
3.65209 1.98438 -0.000107341 -23.9963 13386.9
3.65409 1.98439 -0.000130321 -23.9959 13390.6
3.65609 1.98439 -0.000127672 -23.9958 13394.3
3.65809 1.9844 -9.54375e-05 -23.9954 13397.9
3.66009 1.9844 -0.00015207 -23.9952 13401.6
3.66209 1.98441 -0.000111881 -23.9951 13405.3
3.66409 1.98442 -0.000151186 -23.9949 13408.9
3.66609 1.98442 -0.000131624 -23.9947 13412.6
3.66809 1.98443 -0.000138816 -23.9947 13416.2
3.67009 1.98443 -0.000143357 -23.9944 13419.9
3.67209 1.98444 -0.000127973 -23.9943 13423.5
3.67409 1.98445 -0.000117568 -23.9942 13427.2
3.67609 1.98445 -0.000105841 -23.9936 13430.8
3.67809 1.98446 -0.000146015 -23.9936 13434.5
3.68009 1.98446 -8.39562e-05 -23.9933 13438.1
3.68209 1.98447 -0.00014179 -23.993 13441.7
3.68409 1.98447 -0.000133592 -23.993 13445.4
3.68609 1.98448 -0.000125077 -23.9927 13449
3.68809 1.98449 -0.000162023 -23.9928 13452.6
3.69009 1.98449 -0.000113128 -23.9926 13456.2
3.69209 1.9845 -0.000152506 -23.9924 13459.8
3.69409 1.9845 -0.000121209 -23.9923 13463.4
3.69609 1.98451 -0.000114581 -23.9919 13467.1
3.69809 1.98451 -0.000107546 -23.9916 13470.7
3.70009 1.98452 -0.000121795 -23.9914 13474.3
3.70209 1.98453 -0.000115619 -23.991 13477.9
3.70409 1.98453 -0.000115178 -23.991 13481.5
3.70609 1.98454 -0.000146 -23.9908 13485.1
3.70809 1.98454 -0.000119552 -23.9906 13488.6
3.71009 1.98455 -0.000166835 -23.9908 13492.2
3.71209 1.98456 -0.000111243 -23.9906 13495.8
3.71409 1.98456 -0.000134601 -23.9903 13499.4
3.71609 1.98457 -0.000143685 -23.9902 13503
3.71809 1.98457 -8.28132e-05 -23.9898 13506.5
3.72009 1.98458 -0.000131185 -23.9894 13510.1
3.72209 1.98458 -0.000105182 -23.9893 13513.7
3.72409 1.98459 -0.000119229 -23.9889 13517.3
3.72609 1.98459 -0.000125422 -23.9888 13520.8
3.72809 1.9846 -0.000135651 -23.9888 13524.4
3.73009 1.98461 -0.000128015 -23.9886 13527.9
3.73209 1.98461 -0.000145187 -23.9886 13531.5
3.73409 1.98462 -0.000140287 -23.9885 13535
3.73609 1.98462 -9.59072e-05 -23.9882 13538.6
3.73809 1.98463 -0.000151571 -23.9881 13542.1
3.74009 1.98463 -9.35407e-05 -23.9877 13545.7
3.74209 1.98464 -0.000111091 -23.9874 13549.2
3.74409 1.98465 -0.000123385 -23.9872 13552.7
3.74609 1.98465 -0.000109779 -23.9868 13556.3
3.74809 1.98466 -0.000144705 -23.9869 13559.8
3.75009 1.98466 -0.000110545 -23.9867 13563.3
3.75209 1.98467 -0.000147654 -23.9865 13566.8
3.75409 1.98467 -0.000127715 -23.9867 13570.4
3.75609 1.98468 -0.000126449 -23.9863 13573.9
3.75809 1.98469 -0.000112518 -23.9862 13577.4
3.76009 1.98469 -0.000118054 -23.986 13580.9
3.76209 1.9847 -0.000117058 -23.9856 13584.4
3.76409 1.9847 -9.94255e-05 -23.9853 13587.9
3.76609 1.98471 -0.000139745 -23.9851 13591.4
3.76809 1.98471 -9.53743e-05 -23.9849 13594.9
3.77009 1.98472 -0.00015225 -23.9847 13598.4
3.77209 1.98472 -0.000127142 -23.9848 13601.9
3.77409 1.98473 -0.000107704 -23.9845 13605.4
3.77609 1.98473 -0.000148276 -23.9845 13608.9
3.77809 1.98474 -0.000107666 -23.9843 13612.3
3.78009 1.98475 -0.000114936 -23.984 13615.8
3.78209 1.98475 -9.97608e-05 -23.9838 13619.3
3.78409 1.98476 -0.000131627 -23.9835 13622.8
3.78609 1.98476 -0.000100241 -23.9833 13626.2
3.78809 1.98477 -0.000126931 -23.983 13629.7
3.79009 1.98477 -0.000127998 -23.983 13633.2
3.79209 1.98478 -0.000116264 -23.9828 13636.6
3.79409 1.98478 -0.000151952 -23.9827 13640.1
3.79609 1.98479 -9.60487e-05 -23.9826 13643.5
3.79809 1.98479 -0.000135588 -23.9824 13647
3.8001 1.9848 -0.000103471 -23.9821 13650.4
3.8021 1.98481 -0.000112649 -23.982 13653.9
3.8041 1.98481 -0.00010583 -23.9817 13657.3
3.8061 1.98482 -0.000102559 -23.9813 13660.8
3.8081 1.98482 -0.000138118 -23.9814 13664.2
3.8101 1.98483 -0.000104425 -23.981 13667.7
3.8121 1.98483 -0.000138498 -23.981 13671.1
3.8141 1.98484 -0.000116919 -23.981 13674.5
3.8161 1.98484 -0.000145524 -23.9807 13677.9
3.8181 1.98485 -0.000103932 -23.9807 13681.4
3.8201 1.98485 -0.000111622 -23.9803 13684.8
3.8221 1.98486 -0.000125221 -23.9801 13688.2
3.8241 1.98486 -7.59443e-05 -23.9798 13691.6
3.8261 1.98487 -0.000135372 -23.9795 13695
3.8281 1.98488 -8.88523e-05 -23.9793 13698.4
3.8301 1.98488 -0.000125663 -23.9792 13701.8
3.8321 1.98489 -0.000131322 -23.9791 13705.2
3.8341 1.98489 -0.000124438 -23.9791 13708.6
3.8361 1.9849 -0.000125572 -23.979 13712
3.8381 1.9849 -0.000125006 -23.9787 13715.4
3.8401 1.98491 -0.000132324 -23.9787 13718.8
3.8421 1.98491 -8.00598e-05 -23.9783 13722.2
3.8441 1.98492 -0.000127687 -23.978 13725.6
3.8461 1.98492 -8.67362e-05 -23.9778 13729
3.8481 1.98493 -0.000112556 -23.9774 13732.4
3.8501 1.98493 -0.000113929 -23.9774 13735.7
3.8521 1.98494 -0.000104085 -23.9772 13739.1
3.8541 1.98494 -0.00015132 -23.9771 13742.5
3.8561 1.98495 -0.000106475 -23.9771 13745.8
3.8581 1.98496 -0.000139515 -23.977 13749.2
3.8601 1.98496 -0.000113707 -23.9768 13752.6
3.8621 1.98497 -0.000116788 -23.9766 13755.9
3.8641 1.98497 -0.000104876 -23.9763 13759.3
3.8661 1.98498 -9.78034e-05 -23.976 13762.6
3.8681 1.98498 -0.000102339 -23.9757 13766
3.8701 1.98499 -0.000103293 -23.9754 13769.3
3.8721 1.98499 -0.000130181 -23.9753 13772.7
3.8741 1.985 -8.81811e-05 -23.9753 13776
3.8761 1.985 -0.000154268 -23.9751 13779.4
3.8781 1.98501 -0.00011723 -23.9751 13782.7
3.8801 1.98501 -0.000110851 -23.975 13786
3.8821 1.98502 -0.000133351 -23.9749 13789.4
3.8841 1.98502 -8.86313e-05 -23.9746 13792.7
3.8861 1.98503 -0.000121108 -23.9743 13796
3.8881 1.98503 -8.75322e-05 -23.9741 13799.3
3.8901 1.98504 -0.000105413 -23.9736 13802.7
3.8921 1.98504 -0.000109858 -23.9735 13806
3.8941 1.98505 -0.000120494 -23.9734 13809.3
3.8961 1.98505 -0.000109885 -23.9732 13812.6
3.8981 1.98506 -0.00012194 -23.9733 13815.9
3.9001 1.98506 -0.000135674 -23.9732 13819.2
3.9021 1.98507 -9.24194e-05 -23.9729 13822.5
3.9041 1.98507 -0.000132953 -23.9729 13825.8
3.9061 1.98508 -8.07482e-05 -23.9726 13829.1
3.9081 1.98508 -0.000114284 -23.9721 13832.4
3.9101 1.98509 -0.000111075 -23.9721 13835.7
3.9121 1.98509 -7.72021e-05 -23.9717 13839
3.9141 1.9851 -0.000138049 -23.9715 13842.3
3.9161 1.9851 -0.000106732 -23.9715 13845.5
3.9181 1.98511 -0.000117736 -23.9713 13848.8
3.9201 1.98511 -0.00011506 -23.9714 13852.1
3.9221 1.98512 -0.000123193 -23.9712 13855.4
3.9241 1.98512 -0.000100689 -23.971 13858.7
3.9261 1.98513 -0.000108842 -23.9708 13861.9
3.9281 1.98513 -0.000101368 -23.9705 13865.2
3.9301 1.98514 -8.38785e-05 -23.9702 13868.5
3.9321 1.98514 -0.000136339 -23.97 13871.7
3.9341 1.98515 -7.90801e-05 -23.9699 13875
3.9361 1.98515 -0.00012446 -23.9696 13878.2
3.9381 1.98516 -0.000121084 -23.9696 13881.5
3.9401 1.98516 -0.000112812 -23.9695 13884.7
3.9421 1.98517 -0.000123798 -23.9695 13888
3.9441 1.98517 -9.20714e-05 -23.9692 13891.2
3.9461 1.98518 -0.000124139 -23.969 13894.5
3.9481 1.98518 -8.76371e-05 -23.9689 13897.7
3.9501 1.98519 -9.9829e-05 -23.9684 13900.9
3.9521 1.98519 -9.18526e-05 -23.9682 13904.2
3.9541 1.9852 -0.000120753 -23.9681 13907.4
3.9561 1.9852 -0.00010368 -23.9679 13910.6
3.9581 1.98521 -0.000107062 -23.9677 13913.9
3.9601 1.98521 -0.000141024 -23.9678 13917.1
3.9621 1.98522 -9.18349e-05 -23.9676 13920.3
3.9641 1.98522 -0.000139014 -23.9675 13923.5
3.9661 1.98523 -8.48704e-05 -23.9674 13926.7
3.9681 1.98523 -0.000101603 -23.967 13930
3.9701 1.98524 -0.000107768 -23.9668 13933.2
3.9721 1.98524 -8.18712e-05 -23.9665 13936.4
3.9741 1.98525 -0.00010166 -23.9663 13939.6
3.9761 1.98525 -0.000102737 -23.966 13942.8
3.9781 1.98526 -0.000133448 -23.9661 13946
3.9801 1.98526 -8.83532e-05 -23.9659 13949.2
3.9821 1.98527 -0.000141439 -23.9658 13952.4
3.9841 1.98527 -0.000110117 -23.9659 13955.6
3.9861 1.98528 -0.000106426 -23.9655 13958.7
3.9881 1.98528 -0.000110504 -23.9654 13961.9
3.9901 1.98529 -7.39991e-05 -23.9651 13965.1
3.9921 1.98529 -0.000115104 -23.9647 13968.3
3.9941 1.9853 -7.42822e-05 -23.9645 13971.5
3.9961 1.9853 -0.00011192 -23.9644 13974.7
3.9981 1.98531 -9.69352e-05 -23.9641 13977.8
