0 -7 7.02567 0 202.8 0 400
0.02 -6.89591 6.96153 0 202.8 -422.389 400
0.0400001 -6.88978 6.98513 -139.111 202.8 210.224 400
0.0600001 -6.88699 6.98532 -130.862 202.8 79.6755 400
0.0800001 -6.88565 6.98547 -81.3744 202.8 110.528 400
0.1 -6.88549 6.98551 0 202.8 -36.7738 400
0.12 -6.8719 7.0046 0 202.8 132.438 400
0.14 -6.86865 7.00626 -97.1966 202.8 142.448 400
0.16 -6.87203 7.00577 -291.127 202.8 -125.926 400
0.18 -6.86395 6.97151 -415.485 202.8 0 400
0.2 -6.86197 6.8798 -645.945 202.8 -738.037 400
0.22 -6.83757 6.76375 -668.276 202.8 -387.052 400
0.24 -6.85591 6.71348 -929.532 202.8 -449.509 400
0.26 -6.88231 6.58725 -1122.25 202.8 -308.537 400
0.28 -6.92411 6.45839 -1231.06 202.8 -302.011 400
0.3 -6.97372 6.34591 -1303.51 202.8 -305.555 400
0.32 -7.02085 6.26231 -1343.62 202.8 -276.37 400
0.34 -7.04114 6.22612 -1357.49 202.8 -292.472 400
0.36 -7.04468 6.21996 -1340.57 202.8 -265.963 400
0.38 -7.04459 6.21993 -1316.21 202.8 -259.636 400
0.4 -7.04459 6.21992 -1302.92 202.8 -130.374 400
0.420001 -7.04467 6.21991 -1208.91 202.8 0 400
0.440001 -7.04478 6.21992 -1111.67 202.8 -70.7755 400
0.460001 -7.04493 6.21993 -980.883 202.8 2.25 400
0.480001 -7.04507 6.21996 -891.053 202.8 -26.5783 400
0.500001 -7.04522 6.22001 -736.458 202.8 0 400
0.520001 -7.04536 6.22005 -574.762 202.8 0 400
0.540001 -7.04549 6.22009 -422.717 202.8 0 400
